<TICKER>,<PER>,<DATE>,<TIME>,<OPEN>,<HIGH>,<LOW>,<CLOSE>,<VOL>,<OPENINT>
SXTP.US,D,20230713,000000,82.8,103.8,52.8,54.36,1834122.3325997,0
SXTP.US,D,20230714,000000,47.52,50.88,43.8,45.84,135583.16661243,0
SXTP.US,D,20230717,000000,42.48,45.6,36,36.84,115980.91662027,0
SXTP.US,D,20230718,000000,34.2,35.64,28.5,29.04,69277.999972289,0
SXTP.US,D,20230719,000000,38.52,42.36,33.96,39.6,1451486.2494194,0
SXTP.US,D,20230720,000000,36.48,36.8616,32.76,35.04,77487.666635672,0
SXTP.US,D,20230721,000000,32.76,33.36,30.48,32.04,51286.999979485,0
SXTP.US,D,20230724,000000,31.8,31.8,27.78,28.2,35323.916652537,0
SXTP.US,D,20230725,000000,27,27.36,25.3212,25.56,34464.999986214,0
SXTP.US,D,20230726,000000,24.96,26.88,24.1212,26.76,23413.333323968,0
SXTP.US,D,20230727,000000,27.48,27.48,24.84,26.28,15310.083327209,0
SXTP.US,D,20230728,000000,25.62,26.28,24.9588,25.32,17206.833326451,0
SXTP.US,D,20230731,000000,25.68,27.36,24.72,26.88,83823.583299804,0
SXTP.US,D,20230801,000000,25.44,25.806,24.372,25.8,20095.249991962,0
SXTP.US,D,20230802,000000,24.84,25.8,24,25.56,20223.083325244,0
SXTP.US,D,20230803,000000,25.56,25.56,24,24.36,15265.499993894,0
SXTP.US,D,20230804,000000,24.36,24.96,21.96,22.32,19916.083325367,0
SXTP.US,D,20230807,000000,22.2,23.16,18.2412,20.4,13289.583328018,0
SXTP.US,D,20230808,000000,19.44,20.1252,18.2412,18.84,7944.999996822,0
SXTP.US,D,20230809,000000,18.48,19.02,17.7612,18.6012,5208.0833312501,0
SXTP.US,D,20230810,000000,18.6,19.3284,18.24,18.36,2239.8333324374,0
SXTP.US,D,20230811,000000,19.1988,21.48,18.72,19.44,24005.083323731,0
SXTP.US,D,20230814,000000,20.76,20.76,19.68,19.92,2807.3333322104,0
SXTP.US,D,20230815,000000,19.92,22.068,19.92,21.36,12384.833328379,0
SXTP.US,D,20230816,000000,21.84,23.76,21.36,21.72,24069.999990372,0
SXTP.US,D,20230817,000000,21.24,22.32,18.72,19.2,10365.249995854,0
SXTP.US,D,20230818,000000,18.84,19.8,18.72,19.44,2265.5833324271,0
SXTP.US,D,20230821,000000,18.72,19.8,18.24,18.24,4311.5833316087,0
SXTP.US,D,20230822,000000,18.72,19.68,16.572,17.16,14234.749994306,0
SXTP.US,D,20230823,000000,16.68,17.28,16.56,16.8,2999.4166654669,0
SXTP.US,D,20230824,000000,17.04,18.24,16.32,18.24,7995.1666634686,0
SXTP.US,D,20230825,000000,17.76,18.7104,17.28,17.52,5802.9999976788,0
SXTP.US,D,20230828,000000,17.64,18.6,16.44,16.56,6954.2499972183,0
SXTP.US,D,20230829,000000,16.2,17.28,16.2,16.68,1779.0833326217,0
SXTP.US,D,20230830,000000,16.8,17.8536,16.464,17.8536,2621.9999989512,0
SXTP.US,D,20230831,000000,18.12,18.48,16.32,16.7988,2902.499998839,0
SXTP.US,D,20230901,000000,17.04,17.04,16.2024,16.896,6123.2499975507,0
SXTP.US,D,20230905,000000,16.56,17.028,15.84,16.2,3954.6666650848,0
SXTP.US,D,20230906,000000,15.96,16.56,15.2412,15.9,6053.7499975785,0
SXTP.US,D,20230907,000000,15.6,15.6,14.16,14.52,8394.2499966423,0
SXTP.US,D,20230908,000000,14.04,14.88,13.56,13.68,4592.3333314964,0
SXTP.US,D,20230911,000000,13.44,14.52,12.9612,14.4,6608.0833306901,0
SXTP.US,D,20230912,000000,14.4,15.12,14.04,14.76,4531.0833315209,0
SXTP.US,D,20230913,000000,14.424,15,13.938,14.3988,3105.6666654244,0
SXTP.US,D,20230914,000000,13.32,14.4,12.6,13.68,3059.6666654428,0
SXTP.US,D,20230915,000000,13.68,13.68,12.84,13.32,2283.33333242,0
SXTP.US,D,20230918,000000,13.56,14.28,13.32,13.8576,4627.1666648158,0
SXTP.US,D,20230919,000000,10.2,11.16,10.08,10.326,12898.499994841,0
SXTP.US,D,20230920,000000,10.0164,10.56,9.864,10.08,3259.3333320296,0
SXTP.US,D,20230921,000000,9.732,9.96,9.48,9.6,2811.5833322087,0
SXTP.US,D,20230922,000000,9.36,9.6,8.52,8.5788,4206.8333316506,0
SXTP.US,D,20230925,000000,8.34,9,8.04,8.04,2516.4166656601,0
SXTP.US,D,20230926,000000,8.37,9.36,8.04,9.1068,5717.7499977129,0
SXTP.US,D,20230927,000000,9.348,9.96,9.0312,9.36,2274.6666657568,0
SXTP.US,D,20230928,000000,9,9.336,8.64,8.88,1261.3333328288,0
SXTP.US,D,20230929,000000,8.88,9.912,8.88,8.88,1771.5833326247,0
SXTP.US,D,20231002,000000,9.84,9.84,8.52,8.76,2771.4999988914,0
SXTP.US,D,20231003,000000,8.64,9.36,8.4,8.88,2203.5833324519,0
SXTP.US,D,20231004,000000,8.88,8.88,8.16,8.64,854.166666325,0
SXTP.US,D,20231005,000000,8.4,9.35879,8.04,8.04,1381.8333327806,0
SXTP.US,D,20231006,000000,8.88,9.192,8.04,8.496,5519.4999977922,0
SXTP.US,D,20231009,000000,9,10.3308,8.1612,9.948,6340.1666641306,0
SXTP.US,D,20231010,000000,9.96,10.5144,9.2628,9.48,8536.9999965852,0
SXTP.US,D,20231011,000000,9.06,9.48,8.88,8.916,3434.166665293,0
SXTP.US,D,20231012,000000,8.916,9.8376,8.2512,8.4324,5589.0833310977,0
SXTP.US,D,20231013,000000,9.2052,9.588,8.64,9,7601.0833302929,0
SXTP.US,D,20231016,000000,9,9.5808,8.88,8.892,1293.4166661493,0
SXTP.US,D,20231017,000000,9.5304,9.96,9.12,9.3312,2183.9999991264,0
SXTP.US,D,20231018,000000,9.7968,9.93787,8.8812,9.0984,1149.8333328734,0
SXTP.US,D,20231019,000000,9.4668,9.96,9.1212,9.84,5479.9166644747,0
SXTP.US,D,20231020,000000,9.546,9.972,8.8776,8.91,2835.6666655324,0
SXTP.US,D,20231023,000000,9.18,9.21361,8.64,8.76,961.4999996154,0
SXTP.US,D,20231024,000000,8.82,9,8.2812,8.5056,2174.7499991301,0
SXTP.US,D,20231025,000000,8.8812,9,7.92,7.9212,1308.2499994767,0
SXTP.US,D,20231026,000000,7.9212,8.76,7.92,7.932,1671.3333326648,0
SXTP.US,D,20231027,000000,7.932,8.5416,7.8,7.8,905.9166663043,0
SXTP.US,D,20231030,000000,8.04,8.04,6.606,7.1832,4850.9166647263,0
SXTP.US,D,20231031,000000,7.1832,7.4076,6.6048,6.876,607.499999757,0
SXTP.US,D,20231101,000000,7.6128,7.6128,6.6036,7.332,5666.0833310669,0
SXTP.US,D,20231102,000000,6.96,8.04,6.7872,7.08,1939.0833325577,0
SXTP.US,D,20231103,000000,7.512,8.484,7.08,7.92,4333.7499982665,0
SXTP.US,D,20231106,000000,7.2,7.6788,7.2,7.2,2291.5833324167,0
SXTP.US,D,20231107,000000,7.2,7.5576,6.96,7.2,925.7499996297,0
SXTP.US,D,20231108,000000,7.3674,7.3674,7.2,7.2,2385.5833323791,0
SXTP.US,D,20231109,000000,7.2,7.41,6.84,7.2,429.0833331617,0
SXTP.US,D,20231110,000000,7.2,7.41,6.8412,6.8412,3296.3333320148,0
SXTP.US,D,20231113,000000,6.8412,7.56,6.8412,7.1616,736.5833330387,0
SXTP.US,D,20231114,000000,7.23414,8.2788,7.2,7.8156,4037.4166650517,0
SXTP.US,D,20231115,000000,8.6184,9.84,8.28,9.2172,55051.166644646,0
SXTP.US,D,20231116,000000,8.52,9.24,8.04,8.16,10644.916662409,0
SXTP.US,D,20231117,000000,8.196,8.64,7.22521,8.3412,8563.0833299081,0
SXTP.US,D,20231120,000000,7.836,7.8732,6.1332,7.6164,3698.333331854,0
SXTP.US,D,20231121,000000,7.5612,7.68,7.212,7.3752,3380.833331981,0
SXTP.US,D,20231122,000000,7.3764,7.56,6.72,6.792,2284.6666657528,0
SXTP.US,D,20231124,000000,6.9084,8.16,6.792,6.792,1288.9999994844,0
SXTP.US,D,20231127,000000,6.8436,7.44,6.7932,7.08,4402.1666649058,0
SXTP.US,D,20231128,000000,7.2,7.2,6.9612,7.08,2670.833332265,0
SXTP.US,D,20231129,000000,7.0572,7.9632,7.056,7.626,2121.9166658179,0
SXTP.US,D,20231130,000000,7.68,7.68,7.128,7.44,889.4166663109,0
SXTP.US,D,20231201,000000,7.2,8.226,7.2,8.226,3429.5833319615,0
SXTP.US,D,20231204,000000,7.8828,8.376,7.8,8.376,1241.0833328369,0
SXTP.US,D,20231205,000000,8.34,8.364,7.8012,8.1588,1751.3333326328,0
SXTP.US,D,20231206,000000,8.04,8.2836,7.8012,7.836,3060.1666654426,0
SXTP.US,D,20231207,000000,7.89,8.16,7.89,7.992,1798.5833326139,0
SXTP.US,D,20231208,000000,7.872,8.2668,7.872,8.2656,1408.7499994365,0
SXTP.US,D,20231211,000000,8.256,9.2844,8.0736,9.2844,5506.3333311308,0
SXTP.US,D,20231212,000000,8.81401,8.81401,8.4,8.4732,2690.2499989239,0
SXTP.US,D,20231213,000000,8.4012,8.64,7.8,8.052,3617.9166652195,0
SXTP.US,D,20231214,000000,7.908,8.88,7.908,8.58,2010.7499991957,0
SXTP.US,D,20231215,000000,8.88,8.88,7.9428,8.388,2402.2499990391,0
SXTP.US,D,20231218,000000,9.4788,10.0488,8.3892,9.492,22605.749990958,0
SXTP.US,D,20231219,000000,9.2076,11.04,9.2076,10.308,19653.666658805,0
SXTP.US,D,20231220,000000,10.56,16.68,9.6828,14.04,163868.08326779,0
SXTP.US,D,20231221,000000,16.44,17.28,12.48,13.2,356866.24985725,0
SXTP.US,D,20231222,000000,10.92,12.96,10.3212,10.8204,40669.916650399,0
SXTP.US,D,20231226,000000,14.4,18.36,12.84,13.86,1967004.5825465,0
SXTP.US,D,20231227,000000,12.36,14.4,12,14.16,89693.499964123,0
SXTP.US,D,20231228,000000,14.4,15,12.96,13.32,39688.249984125,0
SXTP.US,D,20231229,000000,13.08,13.32,11.76,12.24,23583.916657233,0
SXTP.US,D,20240102,000000,12.48,12.6,11.16,12.36,8020.9999967916,0
SXTP.US,D,20240103,000000,11.742,12.48,11.52,12.48,6793.2499972827,0
SXTP.US,D,20240104,000000,12.48,13.2,12.12,13.08,7047.6666638476,0
SXTP.US,D,20240105,000000,13.32,13.32,12.57,13.32,7684.0833302597,0
SXTP.US,D,20240108,000000,13.32,13.5588,12.72,13.08,7238.2499971047,0
SXTP.US,D,20240109,000000,13.32,13.32,12.84,12.96,3598.8333318938,0
SXTP.US,D,20240110,000000,12.96,13.4388,12.12,12.72,8305.9166633443,0
SXTP.US,D,20240111,000000,12.48,13.2,11.6775,11.9526,3714.5833318475,0
SXTP.US,D,20240112,000000,12,12.24,11.64,11.82,4918.0833313661,0
SXTP.US,D,20240116,000000,11.952,12.24,11.556,11.9418,5857.3333309904,0
SXTP.US,D,20240117,000000,11.52,11.88,10.8348,11.1996,5547.7499977809,0
SXTP.US,D,20240118,000000,10.68,11.0058,8.4888,8.796,13178.416661395,0
SXTP.US,D,20240119,000000,8.52,8.52,7.374,7.512,5973.0833309441,0
SXTP.US,D,20240122,000000,7.896,10.668,7.8576,9.012,38296.833318015,0
SXTP.US,D,20240123,000000,9.72,10.5576,9.18,9.6,11995.916661868,0
SXTP.US,D,20240124,000000,9.3,9.3,7.2,7.2,40167.9166506,0
SXTP.US,D,20240125,000000,7.2132,7.2132,5.88,5.8812,34719.166652779,0
SXTP.US,D,20240126,000000,6.0132,6.5184,6,6.0012,17390.91665971,0
SXTP.US,D,20240129,000000,6.042,6.9516,6.0156,6.2064,26797.249989281,0
SXTP.US,D,20240130,000000,3.72,3.918,3.6,3.6876,215290.33324722,0
SXTP.US,D,20240131,000000,3.672,3.78,3.24372,3.3648,75276.24996989,0
SXTP.US,D,20240201,000000,3.36,3.588,3.36,3.438,51524.916646057,0
SXTP.US,D,20240202,000000,3.48,3.5976,3.24,3.4548,157195.41660379,0
SXTP.US,D,20240205,000000,3.8244,3.84,3.3612,3.7068,124712.99995011,0
SXTP.US,D,20240206,000000,3.72,3.7788,3.4212,3.4452,66899.833306573,0
SXTP.US,D,20240207,000000,3.36,3.5976,3.3,3.3408,75002.666636666,0
SXTP.US,D,20240208,000000,3.3,3.48,3.1524,3.384,47520.166647659,0
SXTP.US,D,20240209,000000,3.204,3.4788,3.204,3.468,12111.083328489,0
SXTP.US,D,20240212,000000,3.42,3.672,3.42,3.54,39042.083317717,0
SXTP.US,D,20240213,000000,3.552,3.9,3.4884,3.9,37666.4166516,0
SXTP.US,D,20240214,000000,3.7824,4.284,3.6372,3.96,40383.166650513,0
SXTP.US,D,20240215,000000,3.8232,3.95999,3.6132,3.8352,16207.166660184,0
SXTP.US,D,20240216,000000,3.84,3.96,3.744,3.876,9242.0833296365,0
SXTP.US,D,20240220,000000,3.81,3.84,3.552,3.7332,32801.583320213,0
SXTP.US,D,20240221,000000,3.432,3.7332,3.432,3.72,18681.999992527,0
SXTP.US,D,20240222,000000,3.654,3.72,3.12,3.54,46604.166648025,0
SXTP.US,D,20240223,000000,3.4776,3.924,3.2412,3.468,13013.499994795,0
SXTP.US,D,20240226,000000,3.3612,3.6,3.24,3.336,13769.499994492,0
SXTP.US,D,20240227,000000,3.096,3.36,3.096,3.216,25858.08332299,0
SXTP.US,D,20240228,000000,3.18,3.48,3.138,3.402,9127.3333296824,0
SXTP.US,D,20240229,000000,3.402,3.48,3.2436,3.2436,7290.0833304173,0
SXTP.US,D,20240301,000000,3.24,3.54,3.24,3.5028,15203.666660585,0
SXTP.US,D,20240304,000000,3.3972,3.6,3.36,3.48,8752.4166631657,0
SXTP.US,D,20240305,000000,3.42,3.8376,3.42,3.66,35793.083319016,0
SXTP.US,D,20240306,000000,3.7188,3.72,3.492,3.5658,8300.3333300132,0
SXTP.US,D,20240307,000000,3.48,3.576,3.432,3.57,5298.333331214,0
SXTP.US,D,20240308,000000,3.48,3.6,3.456,3.462,8571.1666632382,0
SXTP.US,D,20240311,000000,3.48,3.516,3.144,3.24,18159.416659403,0
SXTP.US,D,20240312,000000,3.2412,3.3,3.0024,3.1224,19974.583325344,0
SXTP.US,D,20240313,000000,3.2064,3.24,3.1248,3.1716,14613.416660821,0
SXTP.US,D,20240314,000000,3.1608,3.30601,2.664,2.94,68707.58330585,0
SXTP.US,D,20240315,000000,2.94,3.06,2.7,2.85,18960.166659083,0
SXTP.US,D,20240318,000000,3,3.12,2.88,3.012,4700.1666647866,0
SXTP.US,D,20240319,000000,3.0012,3.1164,3.0012,3.0276,5503.333331132,0
SXTP.US,D,20240320,000000,3.276,3.528,3,3.42,31103.666654225,0
SXTP.US,D,20240321,000000,3.5592,3.7176,3.24,3.4044,14543.916660849,0
SXTP.US,D,20240322,000000,3.3,3.474,3.024,3.228,38881.083317781,0
SXTP.US,D,20240325,000000,3.258,3.258,2.87879,2.8944,24715.249990114,0
SXTP.US,D,20240326,000000,3.18,3.192,2.928,3.0384,24983.999990006,0
SXTP.US,D,20240327,000000,3.048,3.1776,2.88001,3.1776,13608.249994557,0
SXTP.US,D,20240328,000000,3.12,3.348,3.0144,3.132,21680.833324661,0
SXTP.US,D,20240401,000000,3.2388,3.3792,3.132,3.264,13742.66666117,0
SXTP.US,D,20240402,000000,3.264,3.42,3.23999,3.3792,6286.4999974854,0
SXTP.US,D,20240403,000000,3.3084,3.468,3.3,3.3312,15147.833327274,0
SXTP.US,D,20240404,000000,3.3492,3.552,3.3312,3.468,9642.8333294762,0
SXTP.US,D,20240405,000000,3.36,3.516,3.18,3.3,14591.583327497,0
SXTP.US,D,20240408,000000,3.2412,3.4644,3.21,3.282,5641.8333310766,0
SXTP.US,D,20240409,000000,3.408,3.42,3.12,3.156,8551.666663246,0
SXTP.US,D,20240410,000000,3.2184,3.336,3.1392,3.1836,2645.2499989419,0
SXTP.US,D,20240411,000000,3.1812,3.2196,3.12,3.1884,1429.6666660948,0
SXTP.US,D,20240412,000000,3.3384,3.3396,3.00001,3.1608,2980.1666654746,0
SXTP.US,D,20240415,000000,3.1764,3.6,3,3.12,8246.8333300346,0
SXTP.US,D,20240416,000000,3.1392,3.47879,2.89321,3.12,6018.4999975926,0
SXTP.US,D,20240417,000000,2.9448,3.12,2.856,3.0216,11320.499995472,0
SXTP.US,D,20240418,000000,3.0216,3.0654,2.9196,2.9574,3758.4999984966,0
SXTP.US,D,20240419,000000,2.958,3.06,2.868,2.94,7637.9166636115,0
SXTP.US,D,20240422,000000,3,3.1068,2.892,3.0144,12624.666661617,0
SXTP.US,D,20240423,000000,3.024,3.1164,2.8932,3.0072,8466.8333299466,0
SXTP.US,D,20240424,000000,2.8824,3.0318,2.79,2.9076,11295.666662148,0
SXTP.US,D,20240425,000000,2.9076,2.9604,2.7792,2.8032,6668.9999973324,0
SXTP.US,D,20240426,000000,2.904,2.904,2.76,2.8512,7864.6666635208,0
SXTP.US,D,20240429,000000,2.87449,2.88,2.772,2.856,1868.0833325861,0
SXTP.US,D,20240430,000000,2.8584,2.9304,2.73268,2.7576,6341.5833307967,0
SXTP.US,D,20240501,000000,2.8464,2.928,2.712,2.892,2980.2499988079,0
SXTP.US,D,20240502,000000,2.832,2.94,2.4972,2.784,141391.58327678,0
SXTP.US,D,20240503,000000,2.76,2.76,2.4132,2.52,17005.916659864,0
SXTP.US,D,20240506,000000,2.496,2.7,2.448,2.5044,22483.249991007,0
SXTP.US,D,20240507,000000,2.5032,2.5908,2.4156,2.418,11126.833328883,0
SXTP.US,D,20240508,000000,2.49,2.8224,2.424,2.6244,65427.916640496,0
SXTP.US,D,20240509,000000,2.772,2.8764,2.64,2.76,10097.083329295,0
SXTP.US,D,20240510,000000,2.796,2.796,2.6424,2.7,3092.2499987631,0
SXTP.US,D,20240513,000000,2.64,2.6868,2.5212,2.64,4967.4166646797,0
SXTP.US,D,20240514,000000,2.58,2.76,2.5224,2.64,6238.2499975047,0
SXTP.US,D,20240515,000000,2.76,3,2.484,2.5572,44800.333315413,0
SXTP.US,D,20240516,000000,2.67,2.6964,2.52,2.676,15534.416660453,0
SXTP.US,D,20240517,000000,2.784,3.054,2.64,2.6988,106364.91662412,0
SXTP.US,D,20240520,000000,2.808,3.4164,2.706,3.348,101985.33329254,0
SXTP.US,D,20240521,000000,3.48,3.48,2.94,3.3492,51819.583312606,0
SXTP.US,D,20240522,000000,3.48,3.606,3.2412,3.4452,109198.33328965,0
SXTP.US,D,20240523,000000,3.48,3.588,3.2508,3.42724,122030.91661785,0
SXTP.US,D,20240524,000000,3.564,4.098,3.3612,3.7788,196026.49992159,0
SXTP.US,D,20240528,000000,3.72,3.72,3.12,3.2748,81530.249967388,0
SXTP.US,D,20240529,000000,3.3156,3.4092,3.1224,3.3,40267.66665056,0
SXTP.US,D,20240530,000000,3.48,3.576,3.18,3.4776,47969.749980812,0
SXTP.US,D,20240531,000000,3.528,3.5736,3.282,3.504,31807.33332061,0
SXTP.US,D,20240603,000000,3.534,3.5976,3.4296,3.54,20287.583325218,0
SXTP.US,D,20240604,000000,3.648,3.672,3.42,3.57,21286.916658152,0
SXTP.US,D,20240605,000000,3.5964,3.5964,3.312,3.4308,128785.58328182,0
SXTP.US,D,20240606,000000,3.96,4.3056,3.4824,4.14,176968.91659588,0
SXTP.US,D,20240607,000000,4.1508,4.776,3.96,4.212,144302.83327561,0
SXTP.US,D,20240610,000000,4.2012,4.788,3.6,4.188,62962.583308148,0
SXTP.US,D,20240611,000000,4.02,4.17,3.732,4.0272,329385.83320158,0
SXTP.US,D,20240612,000000,3.8928,4.008,3.528,3.624,47765.333314227,0
SXTP.US,D,20240613,000000,3.5604,3.6252,3.36,3.3816,28101.24998876,0
SXTP.US,D,20240614,000000,3.2796,3.468,3.1212,3.2772,19728.916658775,0
SXTP.US,D,20240617,000000,3.36,3.45479,3.24,3.3228,8836.7499964653,0
SXTP.US,D,20240618,000000,3.432,3.432,3.1308,3.21,11432.916662094,0
SXTP.US,D,20240620,000000,3.24,3.324,3.18,3.3,7833.8333301998,0
SXTP.US,D,20240621,000000,3.216,3.384,3.204,3.384,16158.416660203,0
SXTP.US,D,20240624,000000,3.3,3.42,3.186,3.3636,8718.6666631792,0
SXTP.US,D,20240625,000000,3.3396,3.3396,3.0012,3.1788,25057.249989977,0
SXTP.US,D,20240626,000000,3.1212,3.3504,3.0204,3.1992,9175.0833296633,0
SXTP.US,D,20240627,000000,3.24,3.3516,3.1332,3.2232,6152.8333308722,0
SXTP.US,D,20240628,000000,3.2232,3.36,3,3.0348,19869.666658719,0
SXTP.US,D,20240701,000000,3,3.1068,2.88,3.096,15649.833327073,0
SXTP.US,D,20240702,000000,2.9316,3.09359,2.88,2.8812,12260.666661762,0
SXTP.US,D,20240703,000000,2.88,3,2.76,2.7816,6636.1666640122,0
SXTP.US,D,20240705,000000,2.76,2.8272,2.73,2.808,14727.999994109,0
SXTP.US,D,20240708,000000,2.652,2.8668,2.652,2.7744,4315.9166649403,0
SXTP.US,D,20240709,000000,3.1008,3.384,2.778,2.9232,1038089.6662514,0
SXTP.US,D,20240710,000000,2.688,2.88,2.58,2.7252,99668.833293466,0
SXTP.US,D,20240711,000000,2.7,3.18,2.646,2.952,126376.83328278,0
SXTP.US,D,20240712,000000,2.9868,3.0072,2.8332,2.946,23244.749990702,0
SXTP.US,D,20240715,000000,2.7012,2.88,2.7012,2.7552,13556.166661244,0
SXTP.US,D,20240716,000000,2.7576,2.8764,2.7438,2.808,12748.749994901,0
SXTP.US,D,20240717,000000,2.76,2.8728,2.76,2.8068,9821.4166627381,0
SXTP.US,D,20240718,000000,2.76,3.108,2.64,2.952,162037.33326852,0
SXTP.US,D,20240719,000000,5.904,7.1988,3.12,3.252,18902830.492439,0
SXTP.US,D,20240722,000000,2.886,2.916,2.532,2.544,608883.41642311,0
SXTP.US,D,20240723,000000,2.4024,2.508,2.0532,2.2128,391456.41651008,0
SXTP.US,D,20240724,000000,2.2128,2.2152,2.0352,2.1204,247198.16656779,0
SXTP.US,D,20240725,000000,2.5908,2.5908,2.076,2.256,2129782.8324814,0
SXTP.US,D,20240726,000000,2.184,2.3604,2.1732,2.2584,293375.66654932,0
SXTP.US,D,20240729,000000,2.2524,2.2872,2.166,2.1924,129495.16661487,0
SXTP.US,D,20240730,000000,2.1876,2.1888,1.92,1.9794,193073.41658944,0
SXTP.US,D,20240731,000000,2.0328,2.0328,1.668,1.77,202188.91658579,0
SXTP.US,D,20240801,000000,1.7556,1.7568,1.572,1.65,121326.5832848,0
SXTP.US,D,20240802,000000,1.656,1.6596,1.5648,1.6308,81080.749967568,0
SXTP.US,D,20240805,000000,1.332,1.524,1.2336,1.4904,96703.999961318,0
SXTP.US,D,20240806,000000,1.524,1.524,1.1016,1.242,335745.08319904,0
SXTP.US,D,20240807,000000,1.2,1.2492,1.116,1.1268,129282.41661495,0
SXTP.US,D,20240808,000000,1.0932,1.1748,1.0332,1.1088,173460.66659728,0
SXTP.US,D,20240809,000000,1.1124,1.194,1.104,1.1196,204933.41658469,0
SXTP.US,D,20240812,000000,1.39,2.2,1.18,1.62,13169177,0
SXTP.US,D,20240813,000000,1.49,1.6,1.31,1.35,516319,0
SXTP.US,D,20240814,000000,1.29,1.35,1.18,1.33,345281,0
SXTP.US,D,20240815,000000,1.28,1.911,1.28,1.65,1914179,0
SXTP.US,D,20240816,000000,1.63,1.6598,1.51,1.56,333357,0
SXTP.US,D,20240819,000000,1.57,1.78,1.57,1.58,560399,0
SXTP.US,D,20240820,000000,1.63,1.678,1.4818,1.56,212452,0
SXTP.US,D,20240821,000000,1.57,1.99,1.57,1.91,833902,0
SXTP.US,D,20240822,000000,1.86,2.06,1.75,1.92,240379,0
SXTP.US,D,20240823,000000,1.94,2.54,1.75,1.81,957213,0
SXTP.US,D,20240826,000000,1.81,1.88,1.74,1.86,138866,0
SXTP.US,D,20240827,000000,1.85,1.87,1.68,1.68,172422,0
SXTP.US,D,20240828,000000,1.65,1.86,1.53,1.54,295690,0
SXTP.US,D,20240829,000000,1.54,1.6399,1.5,1.52,204095,0
SXTP.US,D,20240830,000000,1.46,1.5,1.33,1.34,121707,0
SXTP.US,D,20240903,000000,1.39,1.4456,1.341,1.38,83952,0
SXTP.US,D,20240904,000000,1.3,1.44,1.3,1.37,110132,0
SXTP.US,D,20240905,000000,1.35,1.45,1.3301,1.44,80480,0
SXTP.US,D,20240906,000000,1.45,1.51,1.35,1.36,93756,0
SXTP.US,D,20240909,000000,1.32,1.4,1.2601,1.3,98359,0
SXTP.US,D,20240910,000000,1.3,1.3,1.22,1.26,40343,0
SXTP.US,D,20240911,000000,1.26,1.3,1.215,1.3,48398,0
SXTP.US,D,20240912,000000,1.34,1.4,1.26,1.36,81081,0
SXTP.US,D,20240913,000000,1.41,1.47,1.3701,1.3804,101211,0
SXTP.US,D,20240916,000000,1.37,1.43,1.31,1.39,28336,0
SXTP.US,D,20240917,000000,1.41,1.45,1.375,1.44,24889,0
SXTP.US,D,20240918,000000,1.44,1.5,1.373,1.41,57366,0
SXTP.US,D,20240919,000000,1.42,1.44,1.33,1.352,43702,0
SXTP.US,D,20240920,000000,1.32,1.408,1.32,1.37,36625,0
SXTP.US,D,20240923,000000,1.37,1.385,1.33,1.368,16107,0
SXTP.US,D,20240924,000000,1.37,1.43,1.35,1.36,24032,0
SXTP.US,D,20240925,000000,1.41,1.41,1.32,1.33,12478,0
SXTP.US,D,20240926,000000,1.3458,1.38,1.2,1.2396,82467,0
SXTP.US,D,20240927,000000,1.25,1.2799,1.25,1.27,13812,0
SXTP.US,D,20240930,000000,1.2701,1.31,1.25,1.25,29105,0
SXTP.US,D,20241001,000000,1.22,1.29,1.12,1.165,205400,0
SXTP.US,D,20241002,000000,1.16,1.18,1.1,1.15,22380,0
SXTP.US,D,20241003,000000,1.19,1.2159,1.01,1.06,71012,0
SXTP.US,D,20241004,000000,1.03,1.08,1.01,1.04,29698,0
SXTP.US,D,20241007,000000,1.04,1.09,1.03,1.03,52026,0
SXTP.US,D,20241008,000000,1.03,1.09,1.03,1.0363,42697,0
SXTP.US,D,20241009,000000,1.03,1.0651,1.03,1.0651,13670,0
SXTP.US,D,20241010,000000,1.04,1.059233,1.02,1.05,9682,0
SXTP.US,D,20241011,000000,1.05,1.05,1.02,1.02,17663,0
SXTP.US,D,20241014,000000,1.02,1.022,0.9161,0.96,49603,0
SXTP.US,D,20241015,000000,0.98,0.98,0.93,0.95,23420,0
SXTP.US,D,20241016,000000,0.93,1.38,0.93,1.116,489477,0
SXTP.US,D,20241017,000000,1.04,1.11,1,1.04,566944,0
SXTP.US,D,20241018,000000,1.04,1.09,1.01,1.09,126001,0
SXTP.US,D,20241021,000000,1.1,1.1,1.04,1.07,86347,0
SXTP.US,D,20241022,000000,1.08,1.0899,0.9523,0.98,132007,0
SXTP.US,D,20241023,000000,0.985,1.01,0.8303,0.8907,182754,0
SXTP.US,D,20241024,000000,0.8744,0.91,0.8301,0.858,91041,0
SXTP.US,D,20241025,000000,0.88,0.88,0.8003,0.812,45946,0
SXTP.US,D,20241028,000000,0.819,0.82355,0.76,0.7811,59363,0
SXTP.US,D,20241029,000000,0.772,0.781,0.722,0.722,34903,0
SXTP.US,D,20241030,000000,0.7015,0.89,0.7015,0.823,172770,0
SXTP.US,D,20241031,000000,0.8051,0.8809,0.76,0.771,105443,0
SXTP.US,D,20241101,000000,0.7896,0.819,0.741,0.7828,40813,0
SXTP.US,D,20241104,000000,0.78,0.891,0.78,0.891,123020,0
SXTP.US,D,20241105,000000,0.88,0.92,0.85,0.9021,63606,0
SXTP.US,D,20241106,000000,0.8777,1.05,0.8611,0.9766,141940,0
SXTP.US,D,20241107,000000,1,1.14,1,1.07,204375,0
SXTP.US,D,20241108,000000,1.07,1.0759,0.9401,0.9523,93227,0
SXTP.US,D,20241111,000000,1.07,1.07,0.95,0.99,61492,0
SXTP.US,D,20241112,000000,1.02,1.05,0.95,1.01,29289,0
SXTP.US,D,20241113,000000,1.01,1.0464,0.92,0.98,23874,0
SXTP.US,D,20241114,000000,0.9399,1.0399,0.9201,0.95,16949,0
SXTP.US,D,20241115,000000,0.89,0.98,0.865,0.897,49447,0
SXTP.US,D,20241118,000000,0.87,0.938,0.86,0.87,23593,0
SXTP.US,D,20241119,000000,0.86,0.922735,0.86,0.92,19343,0
SXTP.US,D,20241120,000000,0.94,0.94,0.865,0.92,13102,0
SXTP.US,D,20241121,000000,0.95,0.95,0.8724,0.874,34839,0
SXTP.US,D,20241122,000000,0.95,0.95,0.861,0.9,34693,0
SXTP.US,D,20241125,000000,0.92,1.2,0.92,1.17,330462,0
SXTP.US,D,20241126,000000,1.14,1.16,0.95,1.01,141333,0
SXTP.US,D,20241127,000000,1.03,1.19,1.03,1.09,263660,0
SXTP.US,D,20241129,000000,1.09,1.12,1.04,1.06,22842,0
SXTP.US,D,20241202,000000,1.08,1.08,1.03,1.07,25239,0
SXTP.US,D,20241203,000000,1.18,1.18,1.03,1.08,34484,0
SXTP.US,D,20241204,000000,1.08,1.0863,0.99,1.01,30660,0
SXTP.US,D,20241205,000000,1.13,1.19,1.07,1.19,116716,0
SXTP.US,D,20241206,000000,1.18,1.2871,1.0999,1.15,143347,0
SXTP.US,D,20241209,000000,1.26,1.47,1.16,1.45,507345,0
SXTP.US,D,20241210,000000,1.55,1.98,1.36,1.95,7246453,0
SXTP.US,D,20241211,000000,2,2.49,1.98,2.21,3427282,0
SXTP.US,D,20241212,000000,2.23,2.27,1.6,1.65,808470,0
SXTP.US,D,20241213,000000,1.63,1.65,1.355,1.41,293746,0
SXTP.US,D,20241216,000000,1.38,1.74,1.35,1.51,454220,0
SXTP.US,D,20241217,000000,1.5,1.59,1.37,1.48,161616,0
SXTP.US,D,20241218,000000,1.49,1.5399,1.37,1.38,187887,0
SXTP.US,D,20241219,000000,1.46,1.4778,1.33,1.41,81982,0
SXTP.US,D,20241220,000000,1.38,1.47,1.26,1.26,147323,0
SXTP.US,D,20241223,000000,1.27,1.27,1.15,1.16,1552390,0
SXTP.US,D,20241224,000000,1.2,1.39,1.15,1.32,233125,0
SXTP.US,D,20241226,000000,1.32,1.3899,1.25,1.34,145449,0
SXTP.US,D,20241227,000000,1.33,1.36,1.26,1.29,140230,0
SXTP.US,D,20241230,000000,1.28,1.3505,1.26,1.27,58014,0
SXTP.US,D,20241231,000000,1.27,1.36,1.27,1.29,70387,0
SXTP.US,D,20250102,000000,1.29,1.3544,1.2601,1.31,63753,0
SXTP.US,D,20250103,000000,1.32,1.38,1.27,1.36,104142,0
SXTP.US,D,20250106,000000,1.39,1.394,1.255,1.27,80045,0
SXTP.US,D,20250107,000000,1.28,1.41,1.27,1.4,172788,0
SXTP.US,D,20250108,000000,1.49,1.6,1.06,1.09,14581272,0
SXTP.US,D,20250110,000000,1.11,1.1347,0.9383,1.05,549478,0
SXTP.US,D,20250113,000000,0.9775,1.04,0.9064,0.9202,261082,0
SXTP.US,D,20250114,000000,0.902,0.935,0.87,0.930899,216561,0
SXTP.US,D,20250115,000000,0.8903,0.9479,0.8801,0.905,138295,0
SXTP.US,D,20250116,000000,0.8779,0.9138,0.8254,0.8254,251316,0
SXTP.US,D,20250117,000000,0.798,0.86,0.77,0.828,322501,0
SXTP.US,D,20250121,000000,0.829,0.8499,0.7904,0.848,115292,0
SXTP.US,D,20250122,000000,0.86,0.877999,0.77,0.8201,327440,0
SXTP.US,D,20250123,000000,0.8,0.91,0.8,0.8789,327561,0
SXTP.US,D,20250124,000000,0.87,0.9566,0.8664,0.8942,240151,0
SXTP.US,D,20250127,000000,0.89,0.8942,0.8207,0.8662,206406,0
SXTP.US,D,20250128,000000,0.885,0.885,0.75,0.7708,6893520,0
SXTP.US,D,20250129,000000,0.9906,1.2,0.9211,1.06,56045670,0
SXTP.US,D,20250130,000000,0.9656,0.9899,0.77,0.8,2729399,0
SXTP.US,D,20250131,000000,0.7801,0.799999,0.7,0.7263,1361384,0
SXTP.US,D,20250203,000000,0.7,0.7102,0.5254,0.6199,1013838,0
SXTP.US,D,20250204,000000,0.6199,0.63,0.5757,0.59699,691555,0
SXTP.US,D,20250205,000000,0.59995,0.6,0.451,0.5117,38301907,0
SXTP.US,D,20250206,000000,0.5003,0.5795,0.4807,0.529,1683567,0
SXTP.US,D,20250207,000000,0.51,0.5874,0.4701,0.5541,1128080,0
SXTP.US,D,20250210,000000,0.55,0.650474,0.531,0.6057,1226699,0
SXTP.US,D,20250211,000000,0.562,0.689,0.56,0.6243,861151,0
SXTP.US,D,20250212,000000,0.601,0.66,0.6001,0.6455,334047,0
SXTP.US,D,20250213,000000,0.6669,0.6669,0.5727,0.6261,444485,0
