<TICKER>,<PER>,<DATE>,<TIME>,<OPEN>,<HIGH>,<LOW>,<CLOSE>,<VOL>,<OPENINT>
SYTA.US,D,20200925,000000,630000,680400,491400,565740,4.6475793701917,0
SYTA.US,D,20200928,000000,573300,573300,510300,569520,0.42696825443792,0
SYTA.US,D,20200929,000000,535513,626220,535513,595980,0.61071428638607,0
SYTA.US,D,20200930,000000,582120,617400,574560,593460,0.66832539756055,0
SYTA.US,D,20201001,000000,603540,603540,556920,570780,0.4809126989417,0
SYTA.US,D,20201002,000000,554400,565740,553140,565740,0.1411746033299,0
SYTA.US,D,20201005,000000,548100,579600,546840,570780,0.30000000033,0
SYTA.US,D,20201006,000000,598500,636300,569520,592200,0.78366666752871,0
SYTA.US,D,20201007,000000,603540,636300,599760,636300,0.39959523853479,0
SYTA.US,D,20201008,000000,653940,661500,611100,614880,0.48599206402665,0
SYTA.US,D,20201009,000000,640080,642600,579600,617753,0.11734920647829,0
SYTA.US,D,20201012,000000,650160,650160,585900,594720,0.085341269935145,0
SYTA.US,D,20201013,000000,604800,630000,599911,630000,0.56202381014206,0
SYTA.US,D,20201014,000000,636300,693000,630000,662760,1.2803174617258,0
SYTA.US,D,20201015,000000,686700,686700,655200,661500,0.4175079369672,0
SYTA.US,D,20201016,000000,676620,676620,619933,641340,0.16109523827244,0
SYTA.US,D,20201019,000000,642600,642600,624292,640080,0.12280158743667,0
SYTA.US,D,20201020,000000,631260,655200,631260,642600,0.26038095266737,0
SYTA.US,D,20201021,000000,642600,675360,640080,674100,0.15846825414257,0
SYTA.US,D,20201022,000000,641340,685427,641340,669060,0.65419841341803,0
SYTA.US,D,20201023,000000,669060,674100,655200,674100,0.26178571457368,0
SYTA.US,D,20201026,000000,686700,724500,674100,709380,1.2336746045317,0
SYTA.US,D,20201027,000000,718200,768600,680400,762300,2.7682063522514,0
SYTA.US,D,20201028,000000,774900,774900,693000,750960,1.7254127003107,0
SYTA.US,D,20201029,000000,740880,763560,718200,742140,0.65562698484817,0
SYTA.US,D,20201030,000000,743400,743400,699300,730800,0.46290476241396,0
SYTA.US,D,20201102,000000,737100,756000,717179,739620,0.73268254048848,0
SYTA.US,D,20201103,000000,756000,757260,730800,739620,0.52496031803777,0
SYTA.US,D,20201104,000000,754740,758520,723240,723240,0.55702381013656,0
SYTA.US,D,20201105,000000,738360,762300,706860,716310,0.23756349232481,0
SYTA.US,D,20201106,000000,711900,743400,711900,735840,0.16216666684505,0
SYTA.US,D,20201109,000000,749700,749700,737100,737100,0.33050000036355,0
SYTA.US,D,20201110,000000,756000,756000,718200,740880,0.23369047644754,0
SYTA.US,D,20201111,000000,748440,756000,724500,748440,0.39790476234246,0
SYTA.US,D,20201112,000000,730800,749700,724500,737100,0.25557142885256,0
SYTA.US,D,20201113,000000,748440,748440,718200,721980,0.1420000001562,0
SYTA.US,D,20201116,000000,730800,739620,728280,733320,0.38422222264487,0
SYTA.US,D,20201117,000000,725760,743400,725760,733950,0.18827777798488,0
SYTA.US,D,20201118,000000,743400,756000,740880,742140,0.60412698479152,0
SYTA.US,D,20201119,000000,737100,749700,734580,743400,0.21322222245677,0
SYTA.US,D,20201120,000000,739620,743400,729540,729540,0.17825396845005,0
SYTA.US,D,20201123,000000,754740,768600,742140,762300,0.5766269847613,0
SYTA.US,D,20201124,000000,774900,982800,774900,923580,2.2212539706973,0
SYTA.US,D,20201125,000000,987840,1028590,884520,924840,1.3405714300461,0
SYTA.US,D,20201127,000000,927360,950040,897120,897133,0.28725396856995,0
SYTA.US,D,20201130,000000,917280,918540,821520,844200,0.4352460322248,0
SYTA.US,D,20201201,000000,844200,898380,844200,898380,0.16393650811684,0
SYTA.US,D,20201202,000000,893340,913500,869400,878220,0.19161111132188,0
SYTA.US,D,20201203,000000,897120,897120,863730,880740,0.16211111128943,0
SYTA.US,D,20201204,000000,887040,899640,869400,871920,0.16000793668395,0
SYTA.US,D,20201207,000000,866880,875700,829080,839160,0.25203174630898,0
SYTA.US,D,20201208,000000,827820,882000,827820,882000,0.16380158748177,0
SYTA.US,D,20201209,000000,882000,970200,882000,964530,0.73045238175586,0
SYTA.US,D,20201210,000000,957600,1000150,916020,952560,0.19839682561506,0
SYTA.US,D,20201211,000000,1018260,1029420,928620,946260,0.13601587316549,0
SYTA.US,D,20201214,000000,1207080,1234800,1008000,1045800,0.7400555563696,0
SYTA.US,D,20201215,000000,1045800,1132740,1045800,1101240,0.50745238151058,0
SYTA.US,D,20201216,000000,1122660,1499400,1122660,1323000,2.0151111133278,0
SYTA.US,D,20201217,000000,1343160,1362060,1202100,1261260,0.64479365150295,0
SYTA.US,D,20201218,000000,1271340,1411200,1232280,1364580,0.59551587367097,0
SYTA.US,D,20201221,000000,1346940,1393560,1287720,1297800,0.68440476265763,0
SYTA.US,D,20201222,000000,1310400,1384740,1296540,1355760,0.40263492107782,0
SYTA.US,D,20201223,000000,1370880,1447740,1349460,1367100,0.36232539722395,0
SYTA.US,D,20201224,000000,1367100,1421270,1348200,1362060,0.08215079374116,0
SYTA.US,D,20201228,000000,1367100,1411200,1344420,1354500,0.48663492117022,0
SYTA.US,D,20201229,000000,1372140,1372140,1247400,1279530,0.3437539686321,0
SYTA.US,D,20201230,000000,1309140,1334340,1292760,1334340,0.14270634936333,0
SYTA.US,D,20201231,000000,1357020,1377610,1335600,1357020,0.11669841282678,0
SYTA.US,D,20210104,000000,1386000,1408680,1323000,1373400,0.74387301669127,0
SYTA.US,D,20210105,000000,1389780,1413720,1360800,1379700,0.35207936546665,0
SYTA.US,D,20210106,000000,1365840,1373400,1336860,1353240,0.22785714310779,0
SYTA.US,D,20210107,000000,1353240,1361430,1260000,1262520,0.33069047655424,0
SYTA.US,D,20210108,000000,1262520,1343160,1262520,1333080,0.1416666668225,0
SYTA.US,D,20210111,000000,1343160,1411170,1343160,1378440,0.23529365105247,0
SYTA.US,D,20210112,000000,1404900,1411190,1324260,1329300,0.38045238137088,0
SYTA.US,D,20210113,000000,1385990,1404900,1362060,1377180,0.13004761919067,0
SYTA.US,D,20210114,000000,1404900,1408680,1360800,1360800,0.15180158746857,0
SYTA.US,D,20210115,000000,1373400,1404890,1338120,1338120,0.12786507950573,0
SYTA.US,D,20210119,000000,1369620,1394810,1342530,1367100,0.26428571457643,0
SYTA.US,D,20210120,000000,1384740,1411200,1340640,1340640,0.14596825412882,0
SYTA.US,D,20210121,000000,1368360,1379700,1304100,1316700,0.20796031768907,0
SYTA.US,D,20210122,000000,1323000,1323000,1266300,1288980,0.1954920637071,0
SYTA.US,D,20210125,000000,1310400,1360800,1278900,1335600,0.34651587339704,0
SYTA.US,D,20210126,000000,1362060,1362060,1272600,1324260,0.15298412715241,0
SYTA.US,D,20210127,000000,1330560,1330560,1228500,1302840,0.31945238130378,0
SYTA.US,D,20210128,000000,1260000,1385370,1247400,1251180,0.15143650810309,0
SYTA.US,D,20210129,000000,1239840,1363320,1168020,1260000,0.2547539685342,0
SYTA.US,D,20210201,000000,1283940,1340640,1278900,1323000,0.31976984162159,0
SYTA.US,D,20210202,000000,1324260,1377180,1297800,1360800,0.31618254003034,0
SYTA.US,D,20210203,000000,1374660,1379700,1358280,1377180,0.20865079388031,0
SYTA.US,D,20210204,000000,1360800,1368040,1299070,1349460,0.11069047631224,0
SYTA.US,D,20210205,000000,1338120,1360800,1336860,1349460,0.036706349246726,0
SYTA.US,D,20210208,000000,1364580,1391040,1346940,1386000,0.40309523853864,0
SYTA.US,D,20210209,000000,1391040,1915200,1370880,1622880,1.8901746052538,0
SYTA.US,D,20210210,000000,1723680,1890000,1638010,1789200,0.79697619135286,0
SYTA.US,D,20210211,000000,1756440,1883700,1656900,1775340,0.38590476232926,0
SYTA.US,D,20210212,000000,1701000,1814400,1669500,1789200,0.13850000015235,0
SYTA.US,D,20210216,000000,1789200,1984500,1740060,1852200,1.20521428704,0
SYTA.US,D,20210217,000000,1821960,1944180,1764000,1866060,0.49432539736915,0
SYTA.US,D,20210218,000000,1852200,1900080,1804320,1821960,0.22528571453353,0
SYTA.US,D,20210219,000000,1825740,1890000,1727460,1755180,0.25430952408926,0
SYTA.US,D,20210222,000000,1764000,1764000,1667570,1699740,0.21383333356855,0
SYTA.US,D,20210223,000000,1475460,1575000,1475460,1475460,0.63805555625744,0
SYTA.US,D,20210224,000000,1475460,1504440,1393560,1454040,0.2720000002992,0
SYTA.US,D,20210225,000000,1524600,1607760,1435140,1467900,0.17784920654484,0
SYTA.US,D,20210226,000000,1491840,1615700,1406160,1461600,0.17730952400456,0
SYTA.US,D,20210301,000000,1459080,1461980,1323000,1403640,0.26138095266847,0
SYTA.US,D,20210302,000000,1401120,1438890,1331820,1336860,0.081555555645267,0
SYTA.US,D,20210303,000000,1339380,1426320,1336860,1344420,0.23780158756317,0
SYTA.US,D,20210304,000000,1386000,1446230,1197000,1310400,0.48742857196474,0
SYTA.US,D,20210305,000000,1291660,1329300,1231020,1329300,0.12394444458078,0
SYTA.US,D,20210308,000000,1359540,1442700,1348200,1348200,0.036746031786452,0
SYTA.US,D,20210309,000000,1348200,1396520,1348200,1362060,0.074079365160852,0
SYTA.US,D,20210310,000000,1372140,1372140,1171800,1257480,0.63730158800262,0
SYTA.US,D,20210311,000000,1309140,1309140,1260000,1285200,0.15394444461378,0
SYTA.US,D,20210312,000000,1276380,1277640,1199520,1199520,0.40822222267127,0
SYTA.US,D,20210315,000000,1208340,1227240,1140300,1180620,0.68862698488446,0
SYTA.US,D,20210316,000000,1198260,1198260,1127700,1130850,0.73719047700136,0
SYTA.US,D,20210317,000000,1146600,1176840,1131480,1161720,0.1704206351081,0
SYTA.US,D,20210318,000000,1155420,1181880,1108800,1113840,0.32823015909121,0
SYTA.US,D,20210319,000000,1158990,1159200,1108800,1120140,0.11804761917747,0
SYTA.US,D,20210322,000000,1122660,1156680,1072260,1126440,0.34800793689075,0
SYTA.US,D,20210323,000000,1147860,1157940,990360,1025640,0.86534127079316,0
SYTA.US,D,20210324,000000,1053360,1249920,1053360,1193220,0.54110317519839,0
SYTA.US,D,20210325,000000,1171800,1253700,1125260,1176840,0.31058730192895,0
SYTA.US,D,20210326,000000,1105030,1218420,1077300,1197000,0.39337301630573,0
SYTA.US,D,20210329,000000,1197000,1197000,1114970,1159200,0.11573015885746,0
SYTA.US,D,20210330,000000,1136520,1179360,1108800,1164240,0.026238095266957,0
SYTA.US,D,20210331,000000,1179360,1446480,1179360,1310400,0.50984920691004,0
SYTA.US,D,20210401,000000,1338120,1423800,1300740,1335600,0.2189126986535,0
SYTA.US,D,20210405,000000,1341900,1449000,1338120,1341270,0.12571428585257,0
SYTA.US,D,20210406,000000,1340640,1378440,1340640,1358280,0.016888888907467,0
SYTA.US,D,20210407,000000,1365840,1406160,1345680,1380960,0.15316666683515,0
SYTA.US,D,20210408,000000,1380960,1436400,1349460,1349460,0.077174603259495,0
SYTA.US,D,20210409,000000,1368360,1428840,1352610,1423800,0.12265079378571,0
SYTA.US,D,20210412,000000,1445220,1572470,1422540,1467900,0.53390476249206,0
SYTA.US,D,20210413,000000,1488060,1598940,1486800,1517040,0.39299206392435,0
SYTA.US,D,20210414,000000,1551060,1587590,1421280,1453410,0.23023015898341,0
SYTA.US,D,20210415,000000,1483020,1510740,1471680,1481760,0.11171428583717,0
SYTA.US,D,20210416,000000,1514520,1568220,1096200,1122660,2.4470079391997,0
SYTA.US,D,20210419,000000,1256220,1386000,1210860,1278900,0.83073809615192,0
SYTA.US,D,20210420,000000,1280160,1372140,1200780,1283940,0.16750000018425,0
SYTA.US,D,20210421,000000,1273860,1299060,1204560,1292760,0.13820634935838,0
SYTA.US,D,20210422,000000,1296540,1310400,1278900,1286460,0.085301587395419,0
SYTA.US,D,20210423,000000,1320480,1348200,1299060,1340640,0.061230158797512,0
SYTA.US,D,20210426,000000,1310400,1341900,1260000,1341900,0.12450000013695,0
SYTA.US,D,20210427,000000,1270090,1338120,1270090,1317960,0.030198412731631,0
SYTA.US,D,20210428,000000,1314180,1316700,1272600,1316700,0.035722222261517,0
SYTA.US,D,20210429,000000,1292760,1316700,1272600,1275120,0.05301587307419,0
SYTA.US,D,20210430,000000,1261260,1310400,1261260,1304100,0.046158730209505,0
SYTA.US,D,20210503,000000,1335600,1335600,1208350,1208350,0.13061111125478,0
SYTA.US,D,20210504,000000,1215900,1343880,1198260,1200780,0.103912698527,0
SYTA.US,D,20210505,000000,1220940,1222200,1169910,1169910,0.12581746045586,0
SYTA.US,D,20210506,000000,1190700,1222200,1190700,1222200,0.075158730241405,0
SYTA.US,D,20210507,000000,1204560,1222200,1190700,1222200,0.032865079401231,0
SYTA.US,D,20210510,000000,1212120,1222200,1146600,1178100,0.12613492077367,0
SYTA.US,D,20210511,000000,1149120,1184400,1118880,1171800,0.16514285732451,0
SYTA.US,D,20210512,000000,1165500,1165500,1132740,1134000,0.0087619047715429,0
SYTA.US,D,20210513,000000,1135260,1159200,1135260,1146600,0.018111111131033,0
SYTA.US,D,20210514,000000,1146600,1146600,1121400,1128960,0.14815079381376,0
SYTA.US,D,20210517,000000,1134000,1134000,947520,1033200,0.32328571464133,0
SYTA.US,D,20210518,000000,1011780,1079820,982876,1033200,0.13351587316274,0
SYTA.US,D,20210519,000000,1020600,1031940,970200,995387,0.19036507957448,0
SYTA.US,D,20210520,000000,995400,1008000,946260,990360,0.32656349242271,0
SYTA.US,D,20210521,000000,989100,989100,938700,945000,0.24631746058841,0
SYTA.US,D,20210524,000000,945000,987840,882000,887040,0.3724920639018,0
SYTA.US,D,20210525,000000,943740,970200,897133,958860,0.11498412711061,0
SYTA.US,D,20210526,000000,982800,1008000,973980,999180,0.10938888900922,0
SYTA.US,D,20210527,000000,982800,1020600,968940,973993,0.23390476216206,0
SYTA.US,D,20210528,000000,968940,1083590,968940,1001700,0.07751587310114,0
SYTA.US,D,20210601,000000,1011780,1018080,995400,1018080,0.1225079366427,0
SYTA.US,D,20210602,000000,1079820,1079820,1009270,1068480,0.044746031795252,0
SYTA.US,D,20210603,000000,1048320,1173060,1048320,1166760,0.22056349230611,0
SYTA.US,D,20210604,000000,1258740,1258740,1135260,1159200,0.088428571525843,0
SYTA.US,D,20210607,000000,1135260,1161720,1135260,1154160,0.027674603205045,0
SYTA.US,D,20210608,000000,1134000,1134000,1073520,1098090,0.12135714299064,0
SYTA.US,D,20210609,000000,1073520,1088640,1072260,1077300,0.025222222249967,0
SYTA.US,D,20210610,000000,1078560,1078560,995400,1044540,0.082277777868283,0
SYTA.US,D,20210611,000000,1052100,1052100,999180,1029730,0.018277777797883,0
SYTA.US,D,20210614,000000,1045800,1071000,1008000,1023120,0.12379365092982,0
SYTA.US,D,20210615,000000,1045800,1045800,1016820,1019340,0.04501587306539,0
SYTA.US,D,20210616,000000,1019340,1035850,1010770,1035850,0.041007936553045,0
SYTA.US,D,20210617,000000,1020600,1057130,1020600,1033200,0.043896825445112,0
SYTA.US,D,20210618,000000,1033200,1034710,1008000,1020600,0.035071428610007,0
SYTA.US,D,20210621,000000,982800,1020600,977760,999180,0.077476190561414,0
SYTA.US,D,20210622,000000,1020600,1021860,1006400,1006740,0.057730158793662,0
SYTA.US,D,20210623,000000,1008000,1021860,982800,994140,0.10576984138619,0
SYTA.US,D,20210624,000000,992880,1026950,992880,996660,0.046111111161833,0
SYTA.US,D,20210625,000000,996660,1002960,996660,1002960,0.014126984142524,0
SYTA.US,D,20210628,000000,1023120,1023120,997920,1006740,0.13206349220876,0
SYTA.US,D,20210629,000000,1009260,1009260,975895,1002960,0.039714285757971,0
SYTA.US,D,20210630,000000,1026900,1083590,1025290,1082340,0.15919841287353,0
SYTA.US,D,20210701,000000,1083600,1199050,1083600,1120140,0.3697539686607,0
SYTA.US,D,20210702,000000,1134000,1197000,1121900,1159200,0.11893650806734,0
SYTA.US,D,20210706,000000,1126440,1156680,1084860,1126440,0.10593650805304,0
SYTA.US,D,20210707,000000,1082340,1125180,1033210,1058400,0.087634920731319,0
SYTA.US,D,20210708,000000,1034460,1043270,991620,1033200,0.071007936586045,0
SYTA.US,D,20210709,000000,1034460,1074780,1034460,1054620,0.14573015889046,0
SYTA.US,D,20210712,000000,1092020,1092020,1009260,1029420,0.053222222280767,0
SYTA.US,D,20210713,000000,1020600,1020600,976500,977760,0.10556349217961,0
SYTA.US,D,20210714,000000,1089890,1089890,945000,945000,0.13750000015125,0
SYTA.US,D,20210715,000000,914760,931140,888905,907200,0.13438888903672,0
SYTA.US,D,20210716,000000,910766,943589,910766,943589,0.044738095287307,0
SYTA.US,D,20210719,000000,932400,933660,826560,897511,0.19673809545451,0
SYTA.US,D,20210720,000000,856120,945013,855338,900900,0.15065873032445,0
SYTA.US,D,20210721,000000,923580,923580,907200,908473,0.016587301605548,0
SYTA.US,D,20210722,000000,908460,934151,908460,926100,0.022603174628038,0
SYTA.US,D,20210723,000000,929880,929880,878081,878081,0.033920634957948,0
SYTA.US,D,20210726,000000,878220,924840,878220,908460,0.025904761933257,0
SYTA.US,D,20210727,000000,883260,939960,827820,845460,1.0066984138058,0
SYTA.US,D,20210728,000000,864360,873369,819076,819076,0.12976984141259,0
SYTA.US,D,20210729,000000,856800,931140,837900,854280,0.49399206403545,0
SYTA.US,D,20210730,000000,849240,886788,823410,850500,0.05615079371256,0
SYTA.US,D,20210802,000000,850500,870660,822150,826484,0.098873015981776,0
SYTA.US,D,20210803,000000,844200,864360,781200,793800,0.23399206374945,0
SYTA.US,D,20210804,000000,776160,865620,763560,793800,0.31107142891361,0
SYTA.US,D,20210805,000000,778680,806400,764820,764820,0.3514206353072,0
SYTA.US,D,20210806,000000,837484,837484,691740,768600,0.38012698454512,0
SYTA.US,D,20210809,000000,732060,754740,706986,730800,0.123333333469,0
SYTA.US,D,20210810,000000,730800,740880,693000,718200,0.14919047635459,0
SYTA.US,D,20210811,000000,718200,718200,647640,652680,0.35416666705625,0
SYTA.US,D,20210812,000000,645120,708120,643860,696730,0.053039682598026,0
SYTA.US,D,20210813,000000,728280,757260,721980,737100,0.10268253979549,0
SYTA.US,D,20210816,000000,737100,737100,693000,714420,0.061134920702169,0
SYTA.US,D,20210817,000000,704340,704340,693000,693000,0.037634920676319,0
SYTA.US,D,20210818,000000,693000,704340,645120,655313,0.16605555573822,0
SYTA.US,D,20210819,000000,661500,693000,648900,665280,0.068896825472612,0
SYTA.US,D,20210820,000000,648358,648358,599760,616140,0.30463492097002,0
SYTA.US,D,20210823,000000,632520,937440,583380,619920,8.9273254066452,0
SYTA.US,D,20210824,000000,646380,648900,590940,627480,1.8292380972503,0
SYTA.US,D,20210825,000000,612360,627480,539280,577634,1.5075555572139,0
SYTA.US,D,20210826,000000,588420,589138,515340,525420,1.4965952397415,0
SYTA.US,D,20210827,000000,543060,558180,448560,463680,2.9357698444992,0
SYTA.US,D,20210830,000000,504000,516600,462420,476280,3.4548015911019,0
SYTA.US,D,20210831,000000,617400,624960,507780,561960,48.773714339366,0
SYTA.US,D,20210901,000000,522900,548100,514080,540540,3.2846031782162,0
SYTA.US,D,20210902,000000,531720,540540,513450,521640,2.1894285738369,0
SYTA.US,D,20210903,000000,517860,521640,492660,497700,1.5751111128438,0
SYTA.US,D,20210907,000000,506520,511560,475020,492660,1.305650795087,0
SYTA.US,D,20210908,000000,486360,501379,467460,477540,0.81315873105319,0
SYTA.US,D,20210909,000000,478800,490140,467460,482580,0.94583333437378,0
SYTA.US,D,20210910,000000,488880,502740,476280,502740,0.72532539762326,0
SYTA.US,D,20210913,000000,493920,500220,475020,485100,0.97125396932234,0
SYTA.US,D,20210914,000000,472500,483890,459900,462420,0.7984761913545,0
SYTA.US,D,20210915,000000,459900,476280,437220,439740,0.70547619125221,0
SYTA.US,D,20210916,000000,444780,448560,421470,437220,0.63338095307765,0
SYTA.US,D,20210917,000000,438480,481219,432180,480060,1.9653412720032,0
SYTA.US,D,20210920,000000,476280,480060,443533,458640,0.64716666737857,0
SYTA.US,D,20210921,000000,453600,504000,452340,481320,1.3416428586186,0
SYTA.US,D,20210922,000000,475020,482580,461160,478800,0.6465079372191,0
SYTA.US,D,20210923,000000,488880,498960,467460,482580,0.79409523896872,0
SYTA.US,D,20210924,000000,478800,481320,462420,477540,0.33192063528575,0
SYTA.US,D,20210927,000000,475020,481320,461160,463680,0.3584206353149,0
SYTA.US,D,20210928,000000,463680,463680,435960,451080,0.72553174682981,0
SYTA.US,D,20210929,000000,451080,451080,418320,434700,0.89777777876533,0
SYTA.US,D,20210930,000000,433440,439740,423486,434700,0.25548412726516,0
SYTA.US,D,20211001,000000,435960,447300,418320,443520,0.25626190504379,0
SYTA.US,D,20211004,000000,435960,437220,405720,414540,0.55088888949487,0
SYTA.US,D,20211005,000000,418320,438480,414540,430920,0.54827777838088,0
SYTA.US,D,20211006,000000,430920,430920,396900,408240,0.4714920640107,0
SYTA.US,D,20211007,000000,409500,419580,405430,413280,0.30714285748071,0
SYTA.US,D,20211008,000000,412020,420840,396900,410760,0.27704761935237,0
SYTA.US,D,20211011,000000,415800,422100,404460,417060,0.25284920662734,0
SYTA.US,D,20211012,000000,432180,446040,410760,430920,0.44572222271252,0
SYTA.US,D,20211013,000000,424620,462407,409500,452340,1.9821904783709,0
SYTA.US,D,20211014,000000,451080,476267,428400,437220,1.1444761917351,0
SYTA.US,D,20211015,000000,340200,378000,340200,360360,6.1441269908853,0
SYTA.US,D,20211018,000000,356580,480060,354060,383040,29.665825429458,0
SYTA.US,D,20211019,000000,375480,375480,349020,352800,3.4852777816116,0
SYTA.US,D,20211020,000000,359100,399420,354060,390600,11.847841282874,0
SYTA.US,D,20211021,000000,379260,381780,356580,365400,2.5354047646937,0
SYTA.US,D,20211022,000000,354060,359100,327600,333900,2.2076031770315,0
SYTA.US,D,20211025,000000,333900,378000,333900,355320,3.8646746074257,0
SYTA.US,D,20211026,000000,376740,383040,348327,364140,2.3655476216497,0
SYTA.US,D,20211027,000000,362880,1219680,356580,667800,1166.6855409659,0
SYTA.US,D,20211028,000000,504000,680400,478800,539280,91.2427302591,0
SYTA.US,D,20211029,000000,538020,597240,491400,532980,19.63387303747,0
SYTA.US,D,20211101,000000,497700,529200,480060,488880,6.2868809592967,0
SYTA.US,D,20211102,000000,490140,514067,454860,476280,5.6483650855781,0
SYTA.US,D,20211103,000000,472500,510300,469980,495180,4.4442539731426,0
SYTA.US,D,20211104,000000,487620,529200,478699,506520,3.9899841313731,0
SYTA.US,D,20211105,000000,506520,550620,473760,478800,5.3683095297146,0
SYTA.US,D,20211108,000000,458640,483840,445990,452340,2.9977857175833,0
SYTA.US,D,20211109,000000,458640,540540,441000,514080,18.548738115642,0
SYTA.US,D,20211110,000000,482580,515340,444780,463680,7.7308174688213,0
SYTA.US,D,20211111,000000,461160,482580,443520,452340,3.2909127020327,0
SYTA.US,D,20211112,000000,456120,472500,415800,429660,3.8735396868006,0
SYTA.US,D,20211115,000000,434700,710640,417060,520380,124.43122235909,0
SYTA.US,D,20211116,000000,469980,530460,463680,522900,9.5395555660489,0
SYTA.US,D,20211117,000000,528683,579600,511560,561960,11.042658742306,0
SYTA.US,D,20211118,000000,567000,585900,502740,512820,5.2268809581305,0
SYTA.US,D,20211119,000000,505260,512618,486360,495180,2.485801590036,0
SYTA.US,D,20211122,000000,524160,524160,466200,493920,2.2614285739161,0
SYTA.US,D,20211123,000000,490140,502740,454860,477540,2.462182542391,0
SYTA.US,D,20211124,000000,482580,494336,429660,447300,2.1949682563827,0
SYTA.US,D,20211126,000000,434700,446040,429660,430920,1.0886031758007,0
SYTA.US,D,20211129,000000,447300,469980,419580,430920,2.1634127007925,0
SYTA.US,D,20211130,000000,428400,430920,396913,423360,2.0943809546848,0
SYTA.US,D,20211201,000000,420840,426359,367920,370440,1.6087460335157,0
SYTA.US,D,20211202,000000,371700,396900,326340,371700,3.0415714319171,0
SYTA.US,D,20211203,000000,375480,394367,336420,350280,1.0226666677916,0
SYTA.US,D,20211206,000000,350280,364140,315000,347760,2.6410000029051,0
SYTA.US,D,20211207,000000,592200,907200,569520,579600,1274.8073267991,0
SYTA.US,D,20211208,000000,505096,545580,481320,539280,50.659896881123,0
SYTA.US,D,20211209,000000,655200,690014,502740,514080,127.90984141054,0
SYTA.US,D,20211210,000000,504000,584640,464940,472500,24.182333359934,0
SYTA.US,D,20211213,000000,466200,509040,430920,438480,21.06211113428,0
SYTA.US,D,20211214,000000,417060,470522,409500,452340,8.2518492154265,0
SYTA.US,D,20211215,000000,448321,477540,409500,457380,4.9226904816054,0
SYTA.US,D,20211216,000000,452340,472500,422100,428400,3.5685793690048,0
SYTA.US,D,20211217,000000,427140,433440,413280,422100,2.2920634945848,0
SYTA.US,D,20211220,000000,415800,419580,395640,403200,3.2705952416929,0
SYTA.US,D,20211221,000000,409500,414540,398160,403200,2.03507143081,0
SYTA.US,D,20211222,000000,408240,452340,393120,441000,7.0853492141433,0
SYTA.US,D,20211223,000000,447300,447300,396900,405720,2.5962539711098,0
SYTA.US,D,20211227,000000,405720,409487,384300,388080,2.6841349235875,0
SYTA.US,D,20211228,000000,385560,388332,365400,370440,2.5312380980224,0
SYTA.US,D,20211229,000000,400680,497700,375480,405720,73.529635001518,0
SYTA.US,D,20211230,000000,401940,409500,375480,388080,8.4747063585287,0
SYTA.US,D,20211231,000000,417060,573313,413280,466200,265.31796854582,0
SYTA.US,D,20220103,000000,478800,540540,438480,469980,49.805039737325,0
SYTA.US,D,20220104,000000,482580,486360,428400,446040,10.823325408731,0
SYTA.US,D,20220105,000000,415624,483840,396900,404460,20.975960340534,0
SYTA.US,D,20220106,000000,447300,447300,403931,406980,16.386182557707,0
SYTA.US,D,20220107,000000,226800,245700,224280,235620,150.9800160391,0
SYTA.US,D,20220110,000000,224280,224280,211680,217980,23.242761930329,0
SYTA.US,D,20220111,000000,212940,221760,205380,215460,27.628873046265,0
SYTA.US,D,20220112,000000,215460,216720,201600,210420,26.103365108079,0
SYTA.US,D,20220113,000000,209160,209160,183960,187740,22.551896850204,0
SYTA.US,D,20220114,000000,183960,190260,177660,183960,14.73734922256,0
SYTA.US,D,20220118,000000,182700,185220,173880,182700,12.033444457681,0
SYTA.US,D,20220119,000000,183960,219240,182700,194040,22.805984152071,0
SYTA.US,D,20220120,000000,187740,192780,175140,176400,11.310674615616,0
SYTA.US,D,20220121,000000,171360,175153,160020,161280,12.814087315683,0
SYTA.US,D,20220124,000000,157500,167580,143640,162540,15.280214302523,0
SYTA.US,D,20220125,000000,160020,175140,154980,168840,9.5286349311162,0
SYTA.US,D,20220126,000000,171360,173981,158760,160020,5.3255476249057,0
SYTA.US,D,20220127,000000,162540,162540,152460,153720,2.9959603207559,0
SYTA.US,D,20220128,000000,147420,156240,144900,152460,3.2426904797574,0
SYTA.US,D,20220131,000000,151200,173250,148680,162540,8.6774603270053,0
SYTA.US,D,20220201,000000,161280,175140,153720,171360,10.878912710379,0
SYTA.US,D,20220202,000000,170100,175127,158760,165060,6.7721508010999,0
SYTA.US,D,20220203,000000,156240,163800,154980,157500,2.7309127014167,0
SYTA.US,D,20220204,000000,159012,166320,157500,165060,2.7445714315904,0
SYTA.US,D,20220207,000000,166307,183960,162540,176400,10.67937302762,0
SYTA.US,D,20220208,000000,170100,176400,162540,163800,4.1626746077535,0
SYTA.US,D,20220209,000000,168840,170100,161280,163800,5.7374603237716,0
SYTA.US,D,20220210,000000,161280,166320,158760,158760,5.4051111170568,0
SYTA.US,D,20220211,000000,158760,161280,148680,149940,6.1498015940665,0
SYTA.US,D,20220214,000000,149940,154980,146286,154980,3.3891111148391,0
SYTA.US,D,20220215,000000,156240,157500,152460,154980,2.3534682565571,0
SYTA.US,D,20220216,000000,156240,157500,151200,156240,2.8396666697903,0
SYTA.US,D,20220217,000000,158760,158760,151200,156240,3.71884921044,0
SYTA.US,D,20220218,000000,153720,157500,144900,151200,3.2610396861268,0
SYTA.US,D,20220222,000000,147420,147420,135450,136080,5.4447619107511,0
SYTA.US,D,20220223,000000,138600,138827,127260,131040,5.3290634979255,0
SYTA.US,D,20220224,000000,118440,136080,118440,134820,4.3642381000388,0
SYTA.US,D,20220225,000000,138600,138600,124740,132300,4.5132777827424,0
SYTA.US,D,20220228,000000,132300,132930,126000,127260,5.0870952436911,0
SYTA.US,D,20220301,000000,126000,157500,123480,151200,56.361127046122,0
SYTA.US,D,20220302,000000,151200,170100,142380,168840,28.770857174505,0
SYTA.US,D,20220303,000000,168840,173867,139860,163800,20.832746054662,0
SYTA.US,D,20220304,000000,157500,163800,142380,142380,10.666230170463,0
SYTA.US,D,20220307,000000,131040,134820,115996,123543,20.959888911945,0
SYTA.US,D,20220308,000000,118440,134820,113463,128520,13.911000015302,0
SYTA.US,D,20220309,000000,127260,132300,126000,129780,7.1016269919385,0
SYTA.US,D,20220310,000000,126000,143640,124173,139860,12.004738108443,0
SYTA.US,D,20220311,000000,136080,141120,131040,139860,8.2369603265212,0
SYTA.US,D,20220314,000000,138600,138613,127260,129780,4.2568015919841,0
SYTA.US,D,20220315,000000,129780,160020,119700,147420,39.16426988435,0
SYTA.US,D,20220316,000000,143640,152460,132300,138600,13.178103189099,0
SYTA.US,D,20220317,000000,136080,157500,132300,152460,27.545174633474,0
SYTA.US,D,20220318,000000,152460,157500,147420,148680,10.375198424111,0
SYTA.US,D,20220321,000000,156240,162540,148680,153720,15.741777795094,0
SYTA.US,D,20220322,000000,157500,175140,154980,162540,20.29760319693,0
SYTA.US,D,20220323,000000,167580,181440,163800,173880,14.451269857166,0
SYTA.US,D,20220324,000000,176400,189000,160020,185220,22.388611135739,0
SYTA.US,D,20220325,000000,183960,185220,165060,173880,7.5737142940456,0
SYTA.US,D,20220328,000000,173880,173880,156240,165060,7.087960325257,0
SYTA.US,D,20220329,000000,161280,167580,156240,163800,6.3097698482106,0
SYTA.US,D,20220330,000000,163800,183960,160020,163800,16.109571446292,0
SYTA.US,D,20220331,000000,165060,171360,153720,157500,7.7664047704476,0
SYTA.US,D,20220401,000000,157500,158760,144900,147420,8.0950555644599,0
SYTA.US,D,20220404,000000,146160,151187,136080,143640,11.613174615949,0
SYTA.US,D,20220405,000000,141120,161280,138600,154980,16.823301605807,0
SYTA.US,D,20220406,000000,147420,153720,142380,148680,5.0328412753774,0
SYTA.US,D,20220407,000000,144900,148680,141120,142380,3.4371904799714,0
SYTA.US,D,20220408,000000,141120,152384,136080,138600,11.631301600096,0
SYTA.US,D,20220411,000000,134820,137390,129780,134820,4.8812936561631,0
SYTA.US,D,20220412,000000,138600,139847,129780,131040,3.1096746065952,0
SYTA.US,D,20220413,000000,132300,141120,129780,138600,3.2985634956919,0
SYTA.US,D,20220414,000000,136080,163800,133560,156240,16.916095256703,0
SYTA.US,D,20220418,000000,156240,156240,139860,144900,6.1949523877671,0
SYTA.US,D,20220419,000000,147420,149310,140490,144900,2.6054365108025,0
SYTA.US,D,20220420,000000,142380,151200,133560,138600,3.7339603215677,0
SYTA.US,D,20220421,000000,142380,144900,131040,134820,3.4533809561796,0
SYTA.US,D,20220422,000000,136080,139684,131040,132300,1.7575238114571,0
SYTA.US,D,20220425,000000,132300,139860,128520,136080,4.0778650838507,0
SYTA.US,D,20220426,000000,146160,149940,136080,141120,13.290222236842,0
SYTA.US,D,20220427,000000,137340,139860,129780,132300,3.5022142895667,0
SYTA.US,D,20220428,000000,132300,141120,130410,138600,3.0009206382216,0
SYTA.US,D,20220429,000000,138600,143640,132300,134820,2.9830952413766,0
SYTA.US,D,20220502,000000,133560,148680,132300,143640,7.6378571512586,0
SYTA.US,D,20220503,000000,143640,160020,139230,156870,28.876777809542,0
SYTA.US,D,20220504,000000,163800,186984,148680,156240,58.340666730839,0
SYTA.US,D,20220505,000000,153720,156240,137340,146160,18.809015893706,0
SYTA.US,D,20220506,000000,141120,144900,135450,142380,7.5419047702007,0
SYTA.US,D,20220509,000000,137340,139847,129780,134820,6.435817467397,0
SYTA.US,D,20220510,000000,132300,135954,120973,133560,10.564214297335,0
SYTA.US,D,20220511,000000,128520,136080,123543,126000,5.7153650856517,0
SYTA.US,D,20220512,000000,126000,138600,123606,134820,4.7679285766733,0
SYTA.US,D,20220513,000000,137340,138600,126000,131040,4.7905952433649,0
SYTA.US,D,20220516,000000,134820,135034,128520,132300,3.0634127017825,0
SYTA.US,D,20220517,000000,129780,143640,129780,141120,7.0407857220304,0
SYTA.US,D,20220518,000000,136080,141120,132300,136080,2.9064841301812,0
SYTA.US,D,20220519,000000,129780,133560,129780,131040,12.683936521889,0
SYTA.US,D,20220520,000000,144900,146160,129780,137340,18.941777798614,0
SYTA.US,D,20220523,000000,133560,133623,127260,129780,6.3378254037969,0
SYTA.US,D,20220524,000000,128520,131027,122233,127260,4.5311507986351,0
SYTA.US,D,20220525,000000,126000,131040,123493,129780,3.4785714323979,0
SYTA.US,D,20220526,000000,131040,134820,127260,132300,5.3795555614731,0
SYTA.US,D,20220527,000000,132300,141120,131166,138600,8.0126508024646,0
SYTA.US,D,20220531,000000,143640,146160,137353,142380,7.1007460395567,0
SYTA.US,D,20220601,000000,144900,144900,136080,138449,2.3356428597121,0
SYTA.US,D,20220602,000000,136080,149940,135614,143640,5.1369365135872,0
SYTA.US,D,20220603,000000,143640,144900,137340,141120,2.2069761929039,0
SYTA.US,D,20220606,000000,141120,142380,133560,139860,3.7512063533327,0
SYTA.US,D,20220607,000000,137340,161280,134820,151200,33.205976227003,0
SYTA.US,D,20220608,000000,166320,186480,146160,175140,40.411746076199,0
SYTA.US,D,20220609,000000,163800,172620,148680,151200,15.488388905926,0
SYTA.US,D,20220610,000000,146160,168840,139860,153720,7.3958333414689,0
SYTA.US,D,20220613,000000,149940,151200,141120,151200,4.9725238149936,0
SYTA.US,D,20220614,000000,143640,152460,143640,147420,3.7542301628598,0
SYTA.US,D,20220615,000000,147420,154980,144900,152460,3.8347539724722,0
SYTA.US,D,20220616,000000,148680,166320,147420,161280,10.90575398025,0
SYTA.US,D,20220617,000000,161280,165060,154980,157500,3.8912460360264,0
SYTA.US,D,20220621,000000,157500,170100,151200,165060,7.612039690913,0
SYTA.US,D,20220622,000000,162540,204120,157500,186480,37.031460358195,0
SYTA.US,D,20220623,000000,186480,195300,168853,178920,15.933976208003,0
SYTA.US,D,20220624,000000,183960,191520,170100,180180,6.0171587367776,0
SYTA.US,D,20220627,000000,172620,176400,161280,165060,29.001825428728,0
SYTA.US,D,20220628,000000,160020,166320,143640,146160,10.399539693979,0
SYTA.US,D,20220629,000000,142380,148680,142380,148680,3.084785717679,0
SYTA.US,D,20220630,000000,146160,147470,136080,137340,4.0147063536225,0
SYTA.US,D,20220701,000000,136080,142380,132300,133560,4.8781746085406,0
SYTA.US,D,20220705,000000,120960,131040,120103,128520,8.085936516831,0
SYTA.US,D,20220706,000000,127260,138600,126000,137340,5.5729841331145,0
SYTA.US,D,20220707,000000,132300,136080,131040,133560,2.2605714310581,0
SYTA.US,D,20220708,000000,129780,137340,127260,131040,2.5161269868947,0
SYTA.US,D,20220711,000000,128520,131040,126000,127260,1.9466111132524,0
SYTA.US,D,20220712,000000,127260,129780,123480,126000,1.5651666683884,0
SYTA.US,D,20220713,000000,124123,129780,123669,124765,2.4400476217316,0
SYTA.US,D,20220714,000000,126000,129780,123480,129780,3.6403888928933,0
SYTA.US,D,20220715,000000,127260,128520,123858,124904,2.1564841293562,0
SYTA.US,D,20220718,000000,126000,128520,119700,121048,3.1178968288265,0
SYTA.US,D,20220719,000000,121804,122220,114660,116550,5.4661984187112,0
SYTA.US,D,20220720,000000,119700,120821,113526,116928,6.0892460384442,0
SYTA.US,D,20220721,000000,115920,117180,103509,114635,3.7260158771145,0
SYTA.US,D,20220722,000000,114660,114660,108360,109431,1.9713730180415,0
SYTA.US,D,20220725,000000,110880,111510,103320,107024,2.897968257156,0
SYTA.US,D,20220726,000000,104580,108360,103320,105210,2.098119049927,0
SYTA.US,D,20220727,000000,104832,107100,100800,102047,2.1967936532101,0
SYTA.US,D,20220728,000000,102337,103320,97158.6,100170,3.6863492104042,0
SYTA.US,D,20220729,000000,100800,102060,90720,93240,3.8650238137754,0
SYTA.US,D,20220801,000000,90720,95760,88212.6,89705.7,2.2652539707458,0
SYTA.US,D,20220802,000000,90720,96868.8,88200,93504.6,1.6932301605927,0
SYTA.US,D,20220803,000000,92610,98267.2,90090,95747.4,2.3050317485673,0
SYTA.US,D,20220804,000000,94500,105840,90720,95898.6,8.5525317554398,0
SYTA.US,D,20220805,000000,98040.6,101808,95949,99892.8,2.4960079392535,0
SYTA.US,D,20220808,000000,98280,99552.6,97020,98595,1.5053888905448,0
SYTA.US,D,20220809,000000,94500,98280,94500,97977.6,1.4638412714515,0
SYTA.US,D,20220810,000000,97360.2,101556,95558.4,101115,1.5189285730994,0
SYTA.US,D,20220811,000000,100800,106571,97284.6,105424,2.4420476217339,0
SYTA.US,D,20220812,000000,105840,107100,100863,106457,1.685071430425,0
SYTA.US,D,20220815,000000,104580,105575,100800,102060,0.79142063579119,0
SYTA.US,D,20220816,000000,103333,104580,100800,103723,1.127976191717,0
SYTA.US,D,20220817,000000,101644,104567,94525.2,99552.6,1.4874127000489,0
SYTA.US,D,20220818,000000,100787,103320,97020,103320,2.8196428602445,0
SYTA.US,D,20220819,000000,104580,105840,94512.6,101783,3.4980952419431,0
SYTA.US,D,20220822,000000,103320,103320,97020,97196.4,1.1116746043975,0
SYTA.US,D,20220823,000000,97864.2,98910,90720,91740.6,2.0423730181196,0
SYTA.US,D,20220824,000000,90720,95495.4,89460,89636.4,2.0496984149531,0
SYTA.US,D,20220825,000000,92118.6,94033.8,85680,86940,2.4072142883622,0
SYTA.US,D,20220826,000000,88200,89460,79417.8,85339.8,6.6272936580835,0
SYTA.US,D,20220829,000000,80640,84294,79632,80892,4.3235317507876,0
SYTA.US,D,20220830,000000,83172.6,93240,83172.6,90720,6.8815952456647,0
SYTA.US,D,20220831,000000,90720,90720,85680,87229.8,1.4799127000406,0
SYTA.US,D,20220901,000000,86940,86940,79380,81900,1.2142301600658,0
SYTA.US,D,20220902,000000,84420,87885,76482,81900,1.622603176388,0
SYTA.US,D,20220906,000000,79002,84420,79002,81068.4,0.74253968335648,0
SYTA.US,D,20220907,000000,81900,83109.6,79002,80010,1.0958888900944,0
SYTA.US,D,20220908,000000,80010,80010,75726,79997.4,2.2578571453408,0
SYTA.US,D,20220909,000000,78120,81900,78120,81874.8,1.4415476206333,0
SYTA.US,D,20220912,000000,81799.2,83046.6,78120,79367.4,1.0572301598931,0
SYTA.US,D,20220913,000000,76230,79380,73710,74554.2,1.8341349226525,0
SYTA.US,D,20220914,000000,75600,75852,70560,71820,1.5087460334057,0
SYTA.US,D,20220915,000000,67032,71316,66162.6,67914,2.1047222245374,0
SYTA.US,D,20220916,000000,66654,67032,59220,61866,2.8804285745971,0
SYTA.US,D,20220919,000000,62874,64260,56826,59220,2.0128174625316,0
SYTA.US,D,20220920,000000,57733.2,59094,50400,52920,3.0497619081166,0
SYTA.US,D,20220921,000000,51030,52920,46620,47628,4.6056031796693,0
SYTA.US,D,20220922,000000,60480,61740,50412.6,53701.2,31.412277812331,0
SYTA.US,D,20220923,000000,50589,56687.2,46683,47628,7.4038254049697,0
SYTA.US,D,20220926,000000,46746,47187,40950,41580,3.2799444480524,0
SYTA.US,D,20220927,000000,44100,44100,39753,40181.4,1.757825398759,0
SYTA.US,D,20220928,000000,39060,42840,37800,41958,2.904642860338,0
SYTA.US,D,20220929,000000,40698,42840,36540,37976.4,1.7549127003431,0
SYTA.US,D,20220930,000000,36540,40068,36099,38430,1.1242777790145,0
SYTA.US,D,20221003,000000,40345.2,40817.5,36653.4,40042.8,1.374785715798,0
SYTA.US,D,20221004,000000,41580,45675,40320,44087.4,4.3608809571779,0
SYTA.US,D,20221005,000000,44982,46620,42210,45360,2.522611113886,0
SYTA.US,D,20221006,000000,46305,46305,38808,40647.6,1.178119048915,0
SYTA.US,D,20221007,000000,40572,40824,37812.6,38568.6,1.9574047640579,0
SYTA.US,D,20221010,000000,17564.4,18270,15309,15687,157.8316906498,0
SYTA.US,D,20221011,000000,15586.2,17262,15422.4,16266.6,80.960444533502,0
SYTA.US,D,20221012,000000,17904.6,19832.4,16493.4,17627.4,137.23583348429,0
SYTA.US,D,20221013,000000,19593,20701.8,17073,18900,93.367031848738,0
SYTA.US,D,20221014,000000,19782,21420,18081,21092.4,116.27315885806,0
SYTA.US,D,20221017,000000,20097,21092.4,19000.8,20160,65.026190547721,0
SYTA.US,D,20221018,000000,19404,19769.4,17098.2,17652.6,58.634246096246,0
SYTA.US,D,20221019,000000,18270,19530,17010,18887.4,69.76723817198,0
SYTA.US,D,20221020,000000,18169.2,19265.4,17640,18118.8,36.246015912886,0
SYTA.US,D,20221021,000000,18093.6,18900,17640,18509.4,36.714539722926,0
SYTA.US,D,20221024,000000,18144,18837,17640,17816.4,28.6422936823,0
SYTA.US,D,20221025,000000,17640,18723.6,17337.6,17955,33.639254005257,0
SYTA.US,D,20221026,000000,18005.4,20097,17829,18307.8,80.953412787463,0
SYTA.US,D,20221027,000000,18270,18887.4,15523.2,16682.4,51.227119103969,0
SYTA.US,D,20221028,000000,16380,17022.6,15750,16304.4,31.512285748949,0
SYTA.US,D,20221031,000000,15750,16984.8,14716.8,16770.6,69.497912774859,0
SYTA.US,D,20221101,000000,18572.4,18572.4,15397.2,16254,43.897031794319,0
SYTA.US,D,20221102,000000,16380,16380,15397.2,15510.6,25.982920663502,0
SYTA.US,D,20221103,000000,15397.2,15926.4,14805,15235.7,18.21857938512,0
SYTA.US,D,20221104,000000,15976.8,16770.6,15246,16632,27.334206379274,0
SYTA.US,D,20221107,000000,16959.6,16959.6,15346.8,16178.4,13.548269856173,0
SYTA.US,D,20221108,000000,16052.4,16052.4,14137.2,14868,37.212484167918,0
SYTA.US,D,20221109,000000,14490,15120,13242.6,13608,21.043722245371,0
SYTA.US,D,20221110,000000,14175,15712.2,13973.4,15712.2,32.41425400391,0
SYTA.US,D,20221111,000000,17010,17010,15372,16380,41.917833379443,0
SYTA.US,D,20221114,000000,17325,22541.4,16027.2,20790,243.53839709329,0
SYTA.US,D,20221115,000000,31311,32886,22806,23612.4,575.31156412492,0
SYTA.US,D,20221116,000000,22680,23020.2,19933.2,20878.2,72.872555635715,0
SYTA.US,D,20221117,000000,19630.8,20412,17803.8,20399.4,47.821381004984,0
SYTA.US,D,20221118,000000,20399.4,21042,19202.4,19404,33.107761941181,0
SYTA.US,D,20221121,000000,18900,26208,18270,24469.2,118.61554774953,0
SYTA.US,D,20221122,000000,23814,24129,21443.8,23297.4,43.32267465083,0
SYTA.US,D,20221123,000000,22680,23814,20790,21999.6,37.479769882498,0
SYTA.US,D,20221125,000000,22050,24507,22050,23486.4,13.049928585783,0
SYTA.US,D,20221128,000000,23247,26825.4,23058,24280.2,32.141254003609,0
SYTA.US,D,20221129,000000,24318,24633,22138.2,23171.4,20.293428593751,0
SYTA.US,D,20221130,000000,23385.6,23385.6,21117.6,22617,25.107055583173,0
SYTA.US,D,20221201,000000,21848.4,22680,21067.2,21231,12.975373030146,0
SYTA.US,D,20221202,000000,19719,21268.8,18925.2,20714.4,14.609603190674,0
SYTA.US,D,20221205,000000,20273.4,21168,19530,19756.8,10.613468265643,0
SYTA.US,D,20221206,000000,20160,20160,18270,18900,15.084111127703,0
SYTA.US,D,20221207,000000,17110.8,18396,17110.8,17299.8,8.5404761998707,0
SYTA.US,D,20221208,000000,17388,18433.8,17388,17854.2,5.7882063555733,0
SYTA.US,D,20221209,000000,19177.2,19278,17640,18900,5.9969127050092,0
SYTA.US,D,20221212,000000,18887.4,20412,17136,19794.6,19.852007958345,0
SYTA.US,D,20221213,000000,20916,23020.2,20437.2,22176,19.956761926714,0
SYTA.US,D,20221214,000000,21394.8,24658.2,20802.6,22478.4,18.530531766416,0
SYTA.US,D,20221215,000000,22680,22932,20147.4,21168,8.6924285809901,0
SYTA.US,D,20221216,000000,20197.8,20386.8,18900,20023.9,12.949650807895,0
SYTA.US,D,20221219,000000,19315.8,20134.8,18018,19013.6,9.6187222328028,0
SYTA.US,D,20221220,000000,18786.6,19530,17829,19189.8,4.5357539732433,0
SYTA.US,D,20221221,000000,19189.8,20021.4,18396,18433.8,9.2900238197426,0
SYTA.US,D,20221222,000000,18900,19895.4,17136,19139.4,11.576666679401,0
SYTA.US,D,20221223,000000,19290.6,20853,18900,20160,5.1979920692098,0
SYTA.US,D,20221227,000000,20160,20790,19025.8,19517.4,3.8821031788735,0
SYTA.US,D,20221228,000000,18937.8,20462.4,18874.8,19542.6,7.1915079444188,0
SYTA.US,D,20221229,000000,19530,20424.6,19026,20008.8,6.1388254035783,0
SYTA.US,D,20221230,000000,18900,19782,18900,19278,7.3561587382505,0
SYTA.US,D,20230103,000000,18270,20412,18270,20160,7.9002936594841,0
SYTA.US,D,20230104,000000,27090,28035,21042,22680,145.90488111287,0
SYTA.US,D,20230105,000000,21432.6,22049.8,20034,20777.4,32.305000035536,0
SYTA.US,D,20230106,000000,20046.6,21987,19656,21634.2,22.611674628048,0
SYTA.US,D,20230109,000000,25200,27090,23373,25830,66.338865152338,0
SYTA.US,D,20230110,000000,25943.4,26812.8,22176,25779.6,26.875912727976,0
SYTA.US,D,20230111,000000,24305.4,25074,23499,25074,9.4673968358111,0
SYTA.US,D,20230112,000000,24343.2,27720,23952.6,27090,17.620642876525,0
SYTA.US,D,20230113,000000,27379.8,27505.8,25263,26838,12.096111124417,0
SYTA.US,D,20230117,000000,27090,29610,26334,28980,31.075015907198,0
SYTA.US,D,20230118,000000,35280,36792,31500,32130,199.02435736179,0
SYTA.US,D,20230119,000000,22289.4,23851.8,16380,23625,342.52988926567,0
SYTA.US,D,20230120,000000,22680,23045.4,20538,21558.6,53.738698471811,0
SYTA.US,D,20230123,000000,21420,22680,20626.2,22024.8,32.505984162741,0
SYTA.US,D,20230124,000000,22667.4,23058,21861,22428,35.772555594905,0
SYTA.US,D,20230125,000000,22428,22680,20815.2,21861,27.281039712549,0
SYTA.US,D,20230126,000000,21861,21861,20827.8,20890.8,24.776642884397,0
SYTA.US,D,20230127,000000,21168,21420,20248.2,20991.6,21.73213494454,0
SYTA.US,D,20230130,000000,21004.2,21798,20361.6,21105,18.997357163754,0
SYTA.US,D,20230131,000000,21142.8,21294,20046.6,21168,19.059738116204,0
SYTA.US,D,20230201,000000,20160,21105,20160,20979,21.526404785584,0
SYTA.US,D,20230202,000000,20575.8,22995,20575.8,22075.2,40.614285758961,0
SYTA.US,D,20230203,000000,21420,22604.4,20790,21319.2,19.684579386733,0
SYTA.US,D,20230206,000000,21672,21672,20790,21331.8,13.817349221548,0
SYTA.US,D,20230207,000000,21798,22036.1,20916,21407.4,15.422896842362,0
SYTA.US,D,20230208,000000,21697.2,21785.4,20701.8,21281.4,8.4114920727447,0
SYTA.US,D,20230209,000000,21281.4,21394.6,20412,20525.4,15.617634937814,0
SYTA.US,D,20230210,000000,20626.2,20638.8,18900,19252.8,16.110682557404,0
SYTA.US,D,20230213,000000,20160,20160,18270,19063.8,9.9173650902744,0
SYTA.US,D,20230214,000000,18900,20424.6,18900,19467,11.212460329794,0
SYTA.US,D,20230215,000000,19467,19870.2,19026,19454.4,10.701880964153,0
SYTA.US,D,20230216,000000,19479.6,19845,19026,19290.6,9.8953492172341,0
SYTA.US,D,20230217,000000,19139.4,19782,18131.4,19152,12.816658744257,0
SYTA.US,D,20230221,000000,20147.4,23851.8,19593,21306.6,66.307198485635,0
SYTA.US,D,20230222,000000,20487.6,20827.8,19026,19719,15.826555572965,0
SYTA.US,D,20230223,000000,21911.4,23310,20790,22680,56.479261966889,0
SYTA.US,D,20230224,000000,23360.4,23549.4,20916,22289.4,25.677849234595,0
SYTA.US,D,20230227,000000,22428,24544.8,22302,24507,42.763031793071,0
SYTA.US,D,20230228,000000,24544.8,26334,22806,23940,46.699555606925,0
SYTA.US,D,20230301,000000,23940,25137,22680,23297.4,15.096595254702,0
SYTA.US,D,20230302,000000,22680,22692.6,21130.2,21898.8,14.099190491699,0
SYTA.US,D,20230303,000000,22579.2,23940,22491,23814,21.309595261536,0
SYTA.US,D,20230306,000000,23940,26447.4,23310,24746.4,46.0115873522,0
SYTA.US,D,20230307,000000,25200,33642,24696,32760,129.8032144285,0
SYTA.US,D,20230308,000000,31248,32130,24570,26422.2,80.214841358077,0
SYTA.US,D,20230309,000000,26460,33390,25578,29887.2,101.67646836581,0
SYTA.US,D,20230310,000000,30492,33591.6,26586,30227.4,79.278539769745,0
SYTA.US,D,20230313,000000,30051,30139.2,24607.8,26787.6,48.012444497258,0
SYTA.US,D,20230314,000000,26271,26271,22680,24066,45.867452431407,0
SYTA.US,D,20230315,000000,22869,23058,21798,22667.4,26.196928600245,0
SYTA.US,D,20230316,000000,22012.2,23058,20916,21672,22.804968279054,0
SYTA.US,D,20230317,000000,21583.8,22024.8,20160,20890.8,21.43823811882,0
SYTA.US,D,20230320,000000,20575.8,21798,20286,20399.4,15.401301604243,0
SYTA.US,D,20230321,000000,20664,22667.4,20664,22289.4,12.132206362552,0
SYTA.US,D,20230322,000000,21672,22579.4,20916,21407.4,8.6365714380715,0
SYTA.US,D,20230323,000000,22428,22428,20790,21344.4,6.9176746107841,0
SYTA.US,D,20230324,000000,20840.4,22428,20815.2,21898.8,6.0597063558722,0
SYTA.US,D,20230327,000000,22680,22932,21634.2,22705.2,8.0023412786441,0
SYTA.US,D,20230328,000000,22680,24998.4,22289.4,24192,18.153214305683,0
SYTA.US,D,20230329,000000,25200,26460,23322.6,25326,13.95882541218,0
SYTA.US,D,20230330,000000,24091.2,25754.4,22743,23826.6,6.8837301663025,0
SYTA.US,D,20230331,000000,21420,22680,18055.8,19215,97.311650900694,0
SYTA.US,D,20230403,000000,19971,20601,18900,19719,33.13182543327,0
SYTA.US,D,20230404,000000,20034,20538,18963,19391.4,18.017492083311,0
SYTA.US,D,20230405,000000,19189.8,19845,12738.6,17010,37.740039724054,0
SYTA.US,D,20230406,000000,17010,17602.2,16380,16569,19.789579386848,0
SYTA.US,D,20230410,000000,17362.8,17362.8,14805,16052.4,31.423373050439,0
SYTA.US,D,20230411,000000,15750,16317,15750,16090.2,10.948825408869,0
SYTA.US,D,20230412,000000,15372,15372,14490,15145.2,18.388777798005,0
SYTA.US,D,20230413,000000,15372,17640,15120,16317,20.965309546871,0
SYTA.US,D,20230414,000000,16392.6,16518.6,14565.6,15372,29.659523842149,0
SYTA.US,D,20230417,000000,15750,15750,15120,15359.4,12.017603187822,0
SYTA.US,D,20230418,000000,15246,15838.2,13860,14464.8,40.010333377345,0
SYTA.US,D,20230419,000000,14439.6,18887.4,13923,17136,75.456817543321,0
SYTA.US,D,20230420,000000,17136,17136,15120,16380,16.847015891548,0
SYTA.US,D,20230421,000000,15888.6,16695,15120,15120,18.035412718252,0
SYTA.US,D,20230424,000000,14490,15120,13658.4,13960.8,23.368452406658,0
SYTA.US,D,20230425,000000,13545,14691.6,12814.2,13608,24.506238122195,0
SYTA.US,D,20230426,000000,13860,14590.8,13280.4,13683.6,10.541396836993,0
SYTA.US,D,20230427,000000,14679,14679,13746.6,14036.4,11.316063504511,0
SYTA.US,D,20230428,000000,14364,14805,12915,13872.6,13.389777792506,0
SYTA.US,D,20230501,000000,13872.6,13986,13015.8,13683.6,12.959325411081,0
SYTA.US,D,20230502,000000,13129.2,13860,13129.2,13746.6,8.4244603267273,0
SYTA.US,D,20230503,000000,13734,14704.2,13255.2,13998.6,19.249404783079,0
SYTA.US,D,20230504,000000,13860,14338.8,13255.2,13872.6,8.1018571517693,0
SYTA.US,D,20230505,000000,13734,14464.8,13545,14238,9.9691904871565,0
SYTA.US,D,20230508,000000,14175,14691.6,14112,14187.6,7.8451269927567,0
SYTA.US,D,20230509,000000,14149.8,16380,14149.8,15939,36.912150834254,0
SYTA.US,D,20230510,000000,16178.4,16884,15120,15624,17.154793669664,0
SYTA.US,D,20230511,000000,15649.2,16279.2,14868,15737.4,10.330603185967,0
SYTA.US,D,20230512,000000,16380,18887.4,15775.2,17640,32.196642892559,0
SYTA.US,D,20230515,000000,18522,18887.4,16405.2,16405.2,21.691817484178,0
SYTA.US,D,20230516,000000,17640,17942.4,13860,14490,35.676849245594,0
SYTA.US,D,20230517,000000,14994,16115.4,14490,15082.2,23.856404788147,0
SYTA.US,D,20230518,000000,15750,15750,14805,15498,10.408857154307,0
SYTA.US,D,20230519,000000,15699.6,15989.4,15132.6,15939,10.171777788967,0
SYTA.US,D,20230522,000000,16002,16783.2,15258.6,16317,12.709746045727,0
SYTA.US,D,20230523,000000,15989.4,16506,15624,16329.5,6.7379444518559,0
SYTA.US,D,20230524,000000,16682.4,17199,15624,16821,22.991714311005,0
SYTA.US,D,20230525,000000,17123.4,18270,14086.8,14175,249.45277011567,0
SYTA.US,D,20230526,000000,14464.8,14464.8,10080,11718,114.90223822163,0
SYTA.US,D,20230530,000000,12247.2,12348,10836,11516.4,40.365103219005,0
SYTA.US,D,20230531,000000,11907,11907,11088,11340,17.948753987997,0
SYTA.US,D,20230601,000000,12335.4,14364,11667.6,13582.8,129.07684141183,0
SYTA.US,D,20230602,000000,13582.8,13708.8,12096,12600,30.512698446262,0
SYTA.US,D,20230605,000000,13582.8,14868,13167,14326.2,85.106254061868,0
SYTA.US,D,20230606,000000,14288.4,14288.4,12978,13532.4,23.139555581009,0
SYTA.US,D,20230607,000000,13532.4,13860,13230,13853.6,14.044349221798,0
SYTA.US,D,20230608,000000,13431.6,13721.4,12726,13230,16.269182557579,0
SYTA.US,D,20230609,000000,12839.4,13154.4,12159,12612.6,16.958119066273,0
SYTA.US,D,20230612,000000,13860,14490,12726,13028.4,58.447492127786,0
SYTA.US,D,20230613,000000,13431.6,13444.2,12159,12839.4,27.958103205357,0
SYTA.US,D,20230614,000000,12927.6,12927.6,12222,12713.4,18.902349227142,0
SYTA.US,D,20230615,000000,12360.6,13860,11970,12600,48.134468306916,0
SYTA.US,D,20230616,000000,12726,13381.2,11957.4,12228.2,44.305865128101,0
SYTA.US,D,20230620,000000,12600,12826.8,11340,11995.2,32.81193654403,0
SYTA.US,D,20230621,000000,11844,11970,11088,11491.2,23.223277803324,0
SYTA.US,D,20230622,000000,12978,12978,11743.2,12159,89.753817559048,0
SYTA.US,D,20230623,000000,12600,12600,11403,11718,28.91715082546,0
SYTA.US,D,20230626,000000,11340,11793.6,10584,11188.8,44.26172227091,0
SYTA.US,D,20230627,000000,6930,7295.4,6211.8,7295.4,273.2310479196,0
SYTA.US,D,20230628,000000,6753.6,7295.4,6451.2,6993,106.99429376849,0
SYTA.US,D,20230629,000000,6804,8190,6703.2,7282.8,90.395484226416,0
SYTA.US,D,20230630,000000,6804,7282.8,6615,6854.4,62.025373084104,0
SYTA.US,D,20230703,000000,7119,7308,6867,7005.6,48.484857196191,0
SYTA.US,D,20230705,000000,6942.6,7056,6665.4,7005.6,61.909881020483,0
SYTA.US,D,20230706,000000,7018.2,7182,6766.2,7005.6,160.90435731985,0
SYTA.US,D,20230707,000000,7169.4,8164.8,6804,7812,259.55656377757,0
SYTA.US,D,20230710,000000,8820,9954,8190,9122.4,696.76309600452,0
SYTA.US,D,20230711,000000,7497,7497,6804,6904.8,500.0048973754,0
SYTA.US,D,20230712,000000,6917.4,7194.6,6514.2,6930,253.31723043738,0
SYTA.US,D,20230713,000000,6804,7182,6552,6678,193.87088910215,0
SYTA.US,D,20230714,000000,6426,6665.4,6300,6476.4,186.84584147537,0
SYTA.US,D,20230717,000000,6489,6501.6,6035.4,6174,175.56103193915,0
SYTA.US,D,20230718,000000,6148.8,6489,6048,6174,109.02835726279,0
SYTA.US,D,20230719,000000,6552,6552,6060.6,6237,114.03171441115,0
SYTA.US,D,20230720,000000,6350.4,6463.8,5922,5972.4,112.42989694907,0
SYTA.US,D,20230721,000000,5972.4,6048,5556.6,5758.2,144.16804777763,0
SYTA.US,D,20230724,000000,5644.8,5644.8,5254.2,5342.4,89.51804771752,0
SYTA.US,D,20230725,000000,5670,5670,5380.2,5493.6,65.016555627074,0
SYTA.US,D,20230726,000000,5418,6010.2,5392.8,5720.4,81.855428661468,0
SYTA.US,D,20230727,000000,5657.4,5770.8,5418,5544,95.950769946816,0
SYTA.US,D,20230728,000000,5644.8,5644.8,5090.4,5481,136.04306364171,0
SYTA.US,D,20230731,000000,5544,5544,5216.4,5342.4,107.42656361023,0
SYTA.US,D,20230801,000000,5531.4,5531.4,5229,5355,127.78300014056,0
SYTA.US,D,20230802,000000,5405.4,5884.2,5166,5796,337.04111941837,0
SYTA.US,D,20230803,000000,7232.4,7786.8,5922,6552,1065.6559535532,0
SYTA.US,D,20230804,000000,6148.8,6400.8,5695.2,6111,294.81899238779,0
SYTA.US,D,20230807,000000,5985,5985,5266.8,5770.8,144.24665095232,0
SYTA.US,D,20230808,000000,6300,6300,5166,5481,258.226452665,0
SYTA.US,D,20230809,000000,4951.8,5142.82,3936.24,4536,639.0603181633,0
SYTA.US,D,20230810,000000,4372.2,4397.4,3906,3969,184.63412718722,0
SYTA.US,D,20230811,000000,4246.2,4792.66,3969,4536,385.4642861383,0
SYTA.US,D,20230814,000000,4460.4,4472.12,4072.32,4183.2,221.47301611663,0
SYTA.US,D,20230815,000000,5430.6,6413.4,4825.8,5203.8,5507.2896885977,0
SYTA.US,D,20230816,000000,4863.6,4964.4,4548.6,4649.4,342.29603212256,0
SYTA.US,D,20230817,000000,4586.4,4649.02,4019.4,4057.2,224.59206373911,0
SYTA.US,D,20230818,000000,3931.2,4032,3780,3792.6,77.684920720376,0
SYTA.US,D,20230821,000000,3805.2,3805.2,3427.2,3452.4,124.58968267673,0
SYTA.US,D,20230822,000000,3414.6,3427.2,3162.6,3250.8,84.144444537004,0
SYTA.US,D,20230823,000000,3376.8,3641.4,3219.93,3477.6,130.63571442941,0
SYTA.US,D,20230824,000000,3490.2,3502.8,3285.7,3339,59.32063498589,0
SYTA.US,D,20230825,000000,3288.6,3414.6,3187.8,3263.4,58.050793714652,0
SYTA.US,D,20230828,000000,3213,3402,3200.4,3326.4,66.577777851012,0
SYTA.US,D,20230829,000000,3276,3742.07,3213.38,3616.2,125.03174616928,0
SYTA.US,D,20230830,000000,3565.8,3893.4,3528,3893.4,57.125396888234,0
SYTA.US,D,20230831,000000,3918.6,4372.2,3906,4158,76.945238179878,0
SYTA.US,D,20230901,000000,4158,4322.3,4095.13,4107.6,27.934920665649,0
SYTA.US,D,20230905,000000,4132.8,4157.62,3868.2,3868.2,41.89126988735,0
SYTA.US,D,20230906,000000,3792.6,3880.93,3654,3691.8,35.653968293188,0
SYTA.US,D,20230907,000000,3654,3654,3288.6,3339,47.415079417236,0
SYTA.US,D,20230908,000000,3339,3496.37,3283.56,3351.6,36.294444484368,0
SYTA.US,D,20230911,000000,3313.8,3402,3250.8,3263.4,32.213492098927,0
SYTA.US,D,20230912,000000,3276,3288.6,3143.7,3150,37.306349247386,0
SYTA.US,D,20230913,000000,3162.6,3225.6,2964.78,2989.73,46.538095289287,0
SYTA.US,D,20230914,000000,2986.2,3023.87,2709,2841.3,93.780158833319,0
SYTA.US,D,20230915,000000,2658.6,2824.79,2658.6,2696.4,92.633333435229,0
SYTA.US,D,20230918,000000,2545.2,2696.4,2494.8,2545.2,80.718254057047,0
SYTA.US,D,20230919,000000,2520,2709,2520,2583,31.679365114212,0
SYTA.US,D,20230920,000000,2633.4,2658.6,2545.2,2583,35.414285753241,0
SYTA.US,D,20230921,000000,2557.8,2784.6,2520,2696.4,36.996031786727,0
SYTA.US,D,20230922,000000,2721.6,3074.4,2721.6,3061.8,62.922222291438,0
SYTA.US,D,20230925,000000,3061.8,3339,2935.8,3276,64.49126991221,0
SYTA.US,D,20230926,000000,3326.4,3767.4,3326.4,3704.4,91.580952481693,0
SYTA.US,D,20230927,000000,3843,4095,3566.93,3654,94.453174707074,0
SYTA.US,D,20230928,000000,3679.2,3704.4,3477.6,3641.4,24.846031773362,0
SYTA.US,D,20230929,000000,3578.4,3717,3490.2,3553.2,48.08412703702,0
SYTA.US,D,20231002,000000,3540.6,3679.2,3360.92,3465,27.023809553536,0
SYTA.US,D,20231003,000000,3704.4,3704.4,3402,3591,27.602380982744,0
SYTA.US,D,20231004,000000,3956.4,4211.42,3540.6,3704.4,234.02380978124,0
SYTA.US,D,20231005,000000,3767.4,4032,3654,4019.4,91.068254068427,0
SYTA.US,D,20231006,000000,4069.8,4271.27,3918.6,4221,100.68968265044,0
SYTA.US,D,20231009,000000,4233.6,4372.2,3918.6,3918.6,66.643650866959,0
SYTA.US,D,20231010,000000,3918.6,4057.2,3780,3943.8,30.284920668234,0
SYTA.US,D,20231011,000000,3528,3565.8,3288.6,3288.6,75.385714368636,0
SYTA.US,D,20231012,000000,3276,3276,2835.13,2847.6,60.292857209179,0
SYTA.US,D,20231013,000000,2822.4,3046.3,2772,3008,32.073015908296,0
SYTA.US,D,20231016,000000,3011.4,3124.8,2923.33,3087,23.203968279493,0
SYTA.US,D,20231017,000000,3061.8,3074.4,2872.8,2872.8,39.29126988449,0
SYTA.US,D,20231018,000000,2835,3040,2696.4,2721.6,30.728571462373,0
SYTA.US,D,20231019,000000,2721.6,2734.2,2583,2646,25.865079393531,0
SYTA.US,D,20231020,000000,2583,2709,2532.73,2633.4,27.950000030745,0
SYTA.US,D,20231023,000000,2532.6,2658.6,2230.2,2268,98.214285822321,0
SYTA.US,D,20231024,000000,2217.6,2331,2041.2,2053.67,77.580952466293,0
SYTA.US,D,20231025,000000,2028.6,2132.42,1789.2,1809.49,85.017460410981,0
SYTA.US,D,20231026,000000,1827,1965.6,1619.1,1619.1,162.7103176393,0
SYTA.US,D,20231027,000000,806.4,894.6,756,846.342,1341.9682554444,0
SYTA.US,D,20231030,000000,863.1,863.1,725.004,823.914,336.96349243415,0
SYTA.US,D,20231031,000000,819,856.674,758.646,819,71.052381030536,0
SYTA.US,D,20231101,000000,831.6,877.086,783.09,825.3,2051.0690498752,0
SYTA.US,D,20231102,000000,781.578,819,730.8,796.194,279.08015903715,0
SYTA.US,D,20231103,000000,812.7,869.4,781.2,824.04,257.7539685375,0
SYTA.US,D,20231106,000000,831.6,842.94,787.5,787.752,65.144444516104,0
SYTA.US,D,20231107,000000,774.9,819,758.142,758.52,76.700793735166,0
SYTA.US,D,20231108,000000,774.774,784.98,743.4,756,59.338095303365,0
SYTA.US,D,20231109,000000,768.6,793.674,734.58,734.58,46.009523860134,0
SYTA.US,D,20231110,000000,768.6,768.6,631.386,712.656,116.78968266815,0
SYTA.US,D,20231113,000000,691.236,955.08,691.236,747.18,1582.4849223757,0
SYTA.US,D,20231114,000000,695.52,781.2,695.52,777.924,169.0873017733,0
SYTA.US,D,20231115,000000,812.826,837.144,756,806.4,178.56984146627,0
SYTA.US,D,20231116,000000,774.396,774.396,680.904,682.92,177.13650813136,0
SYTA.US,D,20231117,000000,706.986,714.418,418.572,517.86,336.70634957673,0
SYTA.US,D,20231120,000000,614.88,614.88,510.426,544.194,129.58888903144,0
SYTA.US,D,20231121,000000,561.834,590.94,541.8,554.4,114.71349218968,0
SYTA.US,D,20231122,000000,567,592.2,543.06,554.4,109.35952392982,0
SYTA.US,D,20231124,000000,582.12,592.2,516.6,529.2,140.40317475762,0
SYTA.US,D,20231127,000000,530.712,560.07,522.9,541.8,627.80555624613,0
SYTA.US,D,20231128,000000,541.8,554.4,505.26,544.194,140.74206364688,0
SYTA.US,D,20231129,000000,530.208,541.8,516.6,521.262,73.465873096684,0
SYTA.US,D,20231130,000000,519.624,555.786,485.352,517.86,333.62222258921,0
SYTA.US,D,20231201,000000,516.6,559.818,491.652,540.54,233.31587327252,0
SYTA.US,D,20231204,000000,577.8,611.298,513,558,708.15555612208,0
SYTA.US,D,20231205,000000,556.2,887.4,549,644.4,5559.533337781,0
SYTA.US,D,20231206,000000,631.8,641.142,567.018,594,500.28888928912,0
SYTA.US,D,20231207,000000,608.4,714.6,572.4,588.6,1084.9388897568,0
SYTA.US,D,20231208,000000,586.8,618.894,532.8,543.762,309.82777802564,0
SYTA.US,D,20231211,000000,532.8,568.782,513,518.4,167.06111124476,0
SYTA.US,D,20231212,000000,522,538.2,504,527.184,123.43333343208,0
SYTA.US,D,20231213,000000,525.6,536.4,505.8,523.8,163.36666679736,0
SYTA.US,D,20231214,000000,523.8,633.6,518.382,628.2,453.81111147416,0
SYTA.US,D,20231215,000000,642.6,685.8,613.8,678.6,171.06111124796,0
SYTA.US,D,20231218,000000,619.2,675,604.8,639.432,328.61666692956,0
SYTA.US,D,20231219,000000,639,695.25,628.2,652.014,76.6388889502,0
SYTA.US,D,20231220,000000,660.6,676.782,563.4,617.4,249.2777779772,0
SYTA.US,D,20231221,000000,603,644.112,558,608.4,235.16111129924,0
SYTA.US,D,20231222,000000,619.2,619.2,583.2,594,35.82222225088,0
SYTA.US,D,20231226,000000,576,594,576,576.9,65.66111116364,0
SYTA.US,D,20231227,000000,579.6,594,568.512,585,216.70555572892,0
SYTA.US,D,20231228,000000,644.4,684,600.138,626.4,200.48333349372,0
SYTA.US,D,20231229,000000,684,838.8,649.8,757.8,949.51666742628,0
SYTA.US,D,20240102,000000,748.8,810,702,810,238.72777796876,0
SYTA.US,D,20240103,000000,806.4,821.808,783.684,818.262,73.3611111698,0
SYTA.US,D,20240104,000000,822.6,842.4,792.018,822.564,83.73333340032,0
SYTA.US,D,20240105,000000,821.088,909,808.146,873,346.50555583276,0
SYTA.US,D,20240108,000000,862.2,873,786.6,794.07,188.57777792864,0
SYTA.US,D,20240109,000000,779.4,856.782,763.2,815.4,50.0833333734,0
SYTA.US,D,20240110,000000,813.6,853.2,792.09,828,117.3333334272,0
SYTA.US,D,20240111,000000,799.2,851.382,765.792,822.6,63.6388889398,0
SYTA.US,D,20240112,000000,786.6,839.844,786.6,804.6,62.15555560528,0
SYTA.US,D,20240116,000000,804.6,808.668,747,792,110.73333342192,0
SYTA.US,D,20240117,000000,772.2,794.7,648,666,195.82777793444,0
SYTA.US,D,20240118,000000,653.4,691.182,631.8,648,70.68333338988,0
SYTA.US,D,20240119,000000,682.2,682.2,594,604.8,69.60000005568,0
SYTA.US,D,20240122,000000,655.2,687.006,604.8,637.2,116.81111120456,0
SYTA.US,D,20240123,000000,626.4,669.6,612,646.2,29.77222224604,0
SYTA.US,D,20240124,000000,658.8,658.8,621.306,625.428,29.46666669024,0
SYTA.US,D,20240125,000000,639,674.1,639,639,131.35000010508,0
SYTA.US,D,20240126,000000,660.6,671.886,621,653.4,45.7222222588,0
SYTA.US,D,20240129,000000,653.4,739.476,640.8,722.7,263.42777798852,0
SYTA.US,D,20240130,000000,675,731.7,673.812,684,63.9444444956,0
SYTA.US,D,20240131,000000,693,693,660.6,660.6,39.65000003172,0
SYTA.US,D,20240201,000000,684,703.026,653.4,683.1,13.67777778872,0
SYTA.US,D,20240202,000000,680.4,695.142,651.42,679.5,29.40555557908,0
SYTA.US,D,20240205,000000,679.5,691.2,664.2,673.38,48.0277778162,0
SYTA.US,D,20240206,000000,693,706.482,631.8,640.8,124.52222232184,0
SYTA.US,D,20240207,000000,626.4,680.4,626.4,633.6,14.31111112256,0
SYTA.US,D,20240208,000000,666,666,593.1,599.4,67.42777783172,0
SYTA.US,D,20240209,000000,579.6,608.4,540,576,68.70555561052,0
SYTA.US,D,20240212,000000,561.6,592.182,534.6,556.2,76.28888894992,0
SYTA.US,D,20240213,000000,554.562,576.684,540,558,36.32777780684,0
SYTA.US,D,20240214,000000,558,567,540,561.6,35.73888891748,0
SYTA.US,D,20240215,000000,567,584.982,558,558,28.96666668984,0
SYTA.US,D,20240216,000000,558,594,558,576,71.95000005756,0
SYTA.US,D,20240220,000000,576,601.2,576,599.4,64.8055556074,0
SYTA.US,D,20240221,000000,599.4,599.4,567,595.782,28.9166666898,0
SYTA.US,D,20240222,000000,577.8,680.4,577.8,590.4,357.14444473016,0
SYTA.US,D,20240223,000000,642.6,642.6,583.2,597.6,123.28333343196,0
SYTA.US,D,20240226,000000,612,653.634,596.07,635.382,66.8333333868,0
SYTA.US,D,20240227,000000,615.366,655.2,613.818,635.418,64.583333385,0
SYTA.US,D,20240228,000000,630,633.6,612,628.2,55.416666711,0
SYTA.US,D,20240229,000000,612,655.2,612,623.7,47.76666670488,0
SYTA.US,D,20240301,000000,595.818,648,595.818,648,23.02222224064,0
SYTA.US,D,20240304,000000,637.2,637.2,594,594,55.67222226676,0
SYTA.US,D,20240305,000000,585,634.446,585,594,33.888888916,0
SYTA.US,D,20240306,000000,610.83,610.974,561.6,573.462,34.90000002792,0
SYTA.US,D,20240307,000000,579.6,601.2,579.6,599.4,102.5555556376,0
SYTA.US,D,20240308,000000,594,610.2,585,599.418,52.01666670828,0
SYTA.US,D,20240311,000000,579.294,610.2,570.6,604.8,43.54444447928,0
SYTA.US,D,20240312,000000,576,608.04,547.2,583.2,41.48888892208,0
SYTA.US,D,20240313,000000,563.4,606.186,562.5,574.2,36.5833333626,0
SYTA.US,D,20240314,000000,574.2,576,543.6,543.87,47.96111114948,0
SYTA.US,D,20240315,000000,565.2,590.4,547.236,547.236,9.06666667392,0
SYTA.US,D,20240318,000000,549,572.4,543.6,543.942,60.67777782632,0
SYTA.US,D,20240319,000000,543.6,573.804,522,522,76.6388889502,0
SYTA.US,D,20240320,000000,513,541.8,506.52,514.8,134.81111121896,0
SYTA.US,D,20240321,000000,516.438,574.182,504,567,173.472222361,0
SYTA.US,D,20240322,000000,570.6,574.182,534.6,542.7,50.30000004024,0
SYTA.US,D,20240325,000000,514.8,563.4,514.8,540.018,21.944444462,0
SYTA.US,D,20240326,000000,558,612,516.618,612,92.70000007416,0
SYTA.US,D,20240327,000000,597.6,610.2,549,556.2,49.1944444838,0
SYTA.US,D,20240328,000000,550.8,718.182,550.8,648,459.53888925652,0
SYTA.US,D,20240401,000000,682.2,755.982,644.4,684,258.64444465136,0
SYTA.US,D,20240402,000000,720,720,612,635.4,118.75555565056,0
SYTA.US,D,20240403,000000,575.19,664.2,575.19,633.6,37.42222225216,0
SYTA.US,D,20240404,000000,657,700.632,590.4,590.4,49.05000003924,0
SYTA.US,D,20240405,000000,619.182,662.4,594,631.8,38.22777780836,0
SYTA.US,D,20240408,000000,664.2,669.6,595.8,606.6,105.35555563984,0
SYTA.US,D,20240409,000000,606.6,630,561.6,574.2,54.43888893244,0
SYTA.US,D,20240410,000000,601.2,633.6,565.2,628.2,76.6944445058,0
SYTA.US,D,20240411,000000,651.6,660.6,581.4,581.4,66.4166667198,0
SYTA.US,D,20240412,000000,585,622.188,579.6,610.2,22.21111112888,0
SYTA.US,D,20240415,000000,599.4,610.2,576,597.6,24.68333335308,0
SYTA.US,D,20240416,000000,561.6,561.654,419.4,442.8,444.43333368888,0
SYTA.US,D,20240417,000000,442.8,558,381.6,522,1693.6444457994,0
SYTA.US,D,20240418,000000,504,520.2,473.4,487.8,188.73333348432,0
SYTA.US,D,20240419,000000,487.8,513,441,466.2,198.31666682532,0
SYTA.US,D,20240422,000000,466.2,522,452.862,513.9,273.8611113302,0
SYTA.US,D,20240423,000000,509.4,594,503.388,547.2,533.1111115376,0
SYTA.US,D,20240424,000000,532.8,585,504,513,184.96666681464,0
SYTA.US,D,20240425,000000,495,546.84,487.8,505.8,204.05000016324,0
SYTA.US,D,20240426,000000,525.6,563.562,502.2,522.9,169.60000013568,0
SYTA.US,D,20240429,000000,540,540,486,523.62,126.5833334346,0
SYTA.US,D,20240430,000000,522.9,586.62,514.638,544.5,456.40555592068,0
SYTA.US,D,20240501,000000,550.8,559.8,493.2,523.692,229.01666684988,0
SYTA.US,D,20240502,000000,525.6,568.8,511.2,553.5,205.1666668308,0
SYTA.US,D,20240503,000000,534.6,619.2,531,555.3,1203.8666676298,0
SYTA.US,D,20240506,000000,545.4,589.248,479.7,498.924,2551.2777798188,0
SYTA.US,D,20240507,000000,532.8,532.8,369.018,380.952,2849.1277800571,0
SYTA.US,D,20240508,000000,345.6,483.57,334.8,439.2,3495.2555583518,0
SYTA.US,D,20240509,000000,417.6,478.8,417.6,453.6,568.70000045496,0
SYTA.US,D,20240510,000000,471.6,502.2,455.418,469.8,681.03888943372,0
SYTA.US,D,20240513,000000,540,594,513,536.4,8749.9166736666,0
SYTA.US,D,20240514,000000,567,630,540,561.6,3514.2055583669,0
SYTA.US,D,20240515,000000,615.6,639,567,626.4,4687.2388926387,0
SYTA.US,D,20240516,000000,630,631.8,450,457.2,3459.0000027672,0
SYTA.US,D,20240517,000000,433.8,439.2,367.2,374.4,1865.5777792702,0
SYTA.US,D,20240520,000000,387,397.8,354.6,369,975.5833341138,0
SYTA.US,D,20240521,000000,376.2,477,367.2,432,5238.2111153017,0
SYTA.US,D,20240522,000000,702,885.582,381.6,408.6,251097.85020088,0
SYTA.US,D,20240523,000000,405,414,326.736,347.4,8967.3166738405,0
SYTA.US,D,20240524,000000,342,342,264.6,302.4,7457.4166726326,0
SYTA.US,D,20240528,000000,297,315,253.8,270,2986.8611135006,0
SYTA.US,D,20240529,000000,360,423,289.8,315,180379.53347764,0
SYTA.US,D,20240530,000000,306,329.4,279,302.4,6641.6944497578,0
SYTA.US,D,20240531,000000,280.8,300.6,273.6,284.4,2989.394446836,0
SYTA.US,D,20240603,000000,271.8,288,266.4,266.4,2529.2333353567,0
SYTA.US,D,20240604,000000,266.4,268.2,237.6,250.2,2470.0833353094,0
SYTA.US,D,20240605,000000,351,414,291.6,300.6,189209.75570692,0
SYTA.US,D,20240606,000000,273.6,304.146,264.6,277.2,8580.5722290867,0
SYTA.US,D,20240607,000000,253.8,261,243,252,4446.4555591127,0
SYTA.US,D,20240610,000000,264.6,264.6,235.8,252,1595.3944457208,0
SYTA.US,D,20240611,000000,250.2,255.6,235.8,248.4,1632.3388901948,0
SYTA.US,D,20240612,000000,243,250.2,239.4,244.8,1591.4444457176,0
SYTA.US,D,20240613,000000,239.4,255.6,239.4,252,1351.894445526,0
SYTA.US,D,20240614,000000,252,259.2,248.4,253.8,900.41111183144,0
SYTA.US,D,20240617,000000,243,250.2,237.6,239.4,1101.7333342147,0
SYTA.US,D,20240618,000000,250.2,250.2,234,239.4,850.03333401336,0
SYTA.US,D,20240620,000000,241.2,241.2,209.7,217.8,1855.0333348174,0
SYTA.US,D,20240621,000000,221.4,223.2,199.8,207,1319.7111121669,0
SYTA.US,D,20240624,000000,210.6,214.182,201.6,207,1017.6166674808,0
SYTA.US,D,20240625,000000,205.2,205.2,185.4,195.3,1297.2944454823,0
SYTA.US,D,20240626,000000,194.4,194.4,171.002,174.618,1481.0500011848,0
SYTA.US,D,20240627,000000,145.044,149.382,135.522,142.02,5819.8722268781,0
SYTA.US,D,20240628,000000,147.6,149.4,139.95,144,1497.1000011977,0
SYTA.US,D,20240701,000000,140.598,145.71,128.106,133.02,1373.5055566544,0
SYTA.US,D,20240702,000000,151.2,153.306,111.6,123.66,73921.122281359,0
SYTA.US,D,20240703,000000,118.44,125.1,111.636,115.38,3729.1888918722,0
SYTA.US,D,20240705,000000,113.4,126,113.4,120.24,2019.8666682826,0
SYTA.US,D,20240708,000000,120.15,131.4,117.596,131.22,4967.033337307,0
SYTA.US,D,20240709,000000,124.38,131.184,124.254,129.204,1301.6944454858,0
SYTA.US,D,20240710,000000,131.274,140.418,129.6,135.378,2792.222224456,0
SYTA.US,D,20240711,000000,138.6,142.47,136.8,138.6,1548.0333345718,0
SYTA.US,D,20240712,000000,138.6,141.822,129.222,137.16,950.95000076076,0
SYTA.US,D,20240715,000000,137.97,137.97,126.774,131.004,797.56111174916,0
SYTA.US,D,20240716,000000,128.88,131.004,126,129.528,1099.5444453241,0
SYTA.US,D,20240717,000000,129.6,132.48,113.508,123.174,2270.416668483,0
SYTA.US,D,20240718,000000,156.276,162.9,117,122.184,256632.17798308,0
SYTA.US,D,20240719,000000,118.8,123.3,99.09,104.04,17812.488903139,0
SYTA.US,D,20240722,000000,118.944,122.742,90.198,90.45,48027.111149533,0
SYTA.US,D,20240723,000000,89.946,90,73.62,77.184,16927.850013542,0
SYTA.US,D,20240724,000000,86.94,88.56,73.998,86.04,28016.572244635,0
SYTA.US,D,20240725,000000,80.928,86.4,75.834,84.24,9247.9333407317,0
SYTA.US,D,20240726,000000,88.2,93.6,69.156,74.16,88321.72229288,0
SYTA.US,D,20240729,000000,79.2,80.46,75.492,77.832,14581.294456109,0
SYTA.US,D,20240730,000000,76.896,76.896,68.4,70.38,13254.044455048,0
SYTA.US,D,20240731,000000,54.306,58.32,45.486,51.318,28022.305577973,0
SYTA.US,D,20240801,000000,50.4,53.64,47.43,47.628,11331.044453509,0
SYTA.US,D,20240802,000000,45.1,52.7,40.8,45,28280,0
SYTA.US,D,20240805,000000,41.2,43.1,35.7,37.4,16099.8,0
SYTA.US,D,20240806,000000,38,39.199,36.001,36.5,5093.2,0
SYTA.US,D,20240807,000000,36.8,42,36.8,38.9,18114.7,0
SYTA.US,D,20240808,000000,38.1,41.683,30.1,31.2,30310.5,0
SYTA.US,D,20240809,000000,30.5,33.1,29.7,31.5,7114.1,0
SYTA.US,D,20240812,000000,31.8,35,30.5,31.5,18462.6,0
SYTA.US,D,20240813,000000,32,32.1,27.5,28.3,9612.2,0
SYTA.US,D,20240814,000000,21.6,25.9,20.9,22.6,45700.5,0
SYTA.US,D,20240815,000000,22.8,27.4,20.425,23.9,51906.2,0
SYTA.US,D,20240816,000000,26.8,28.8,18,20,448881.8,0
SYTA.US,D,20240819,000000,18.8,19.3,16.7,17.8,56140.2,0
SYTA.US,D,20240820,000000,17.5,17.9,16.5,17,28366.8,0
SYTA.US,D,20240821,000000,17,17.6,16.4,17.5,19875.1,0
SYTA.US,D,20240822,000000,17.1,17.399,16.4,16.5,24814,0
SYTA.US,D,20240823,000000,19.3,20.9,16.5,17.2,1025726.8,0
SYTA.US,D,20240826,000000,17.1,17.201,16.2,16.9,42104.1,0
SYTA.US,D,20240827,000000,16.9,16.955,16.001,16.2,16826.7,0
SYTA.US,D,20240828,000000,16.1,16.5,15.1,15.2,30431,0
SYTA.US,D,20240829,000000,15.3,15.598,13,14,41597.5,0
SYTA.US,D,20240830,000000,13.4,14,12.6,13.1,19921.8,0
SYTA.US,D,20240903,000000,15.8,16.9,12.4,14.1,255031.6,0
SYTA.US,D,20240904,000000,14.1,14.6,11.3,12.1,66560.6,0
SYTA.US,D,20240905,000000,11.9,12.072,10.4,11.7,169159,0
SYTA.US,D,20240906,000000,14.9,15.9,12.2,12.6,1994511.3,0
SYTA.US,D,20240909,000000,12.2,12.6,11,11.9,138177.7,0
SYTA.US,D,20240910,000000,11.2,11.85,11.097,11.5,62979.3,0
SYTA.US,D,20240911,000000,11.1,11.3,10.8,11.1,47301,0
SYTA.US,D,20240912,000000,11.5,12.6,11.1,11.5,390754.1,0
SYTA.US,D,20240913,000000,11.1,12,11.1,11.8,56134.1,0
SYTA.US,D,20240916,000000,11.7,12.07,11.299,11.8,111968.8,0
SYTA.US,D,20240917,000000,11.5,12.4,11.4,11.8,70565.1,0
SYTA.US,D,20240918,000000,11.6,11.8,10.8,11,47507.5,0
SYTA.US,D,20240919,000000,10.8,11.2,10.6,10.8,60383.1,0
SYTA.US,D,20240920,000000,10.9,10.9,10.1,10.4,41254.3,0
SYTA.US,D,20240923,000000,10.3,10.4,9.5,9.698,41189.6,0
SYTA.US,D,20240924,000000,9.7,9.996,9.5,9.729,14817.6,0
SYTA.US,D,20240925,000000,9.562,10.2,9.562,9.72,14152.2,0
SYTA.US,D,20240926,000000,9.7,10,9.3,9.62,19395,0
SYTA.US,D,20240927,000000,9.303,9.7,9.2,9.344,18570,0
SYTA.US,D,20240930,000000,9.326,10.5,8.369,9.2,87670.9,0
SYTA.US,D,20241001,000000,9,10.3,8.3,10.117,142904.5,0
SYTA.US,D,20241002,000000,10,10,8.9,9.142,49119.2,0
SYTA.US,D,20241003,000000,9.05,9.2,8.615,8.684,21274.7,0
SYTA.US,D,20241004,000000,8.6,8.889,8.4,8.55,19022.4,0
SYTA.US,D,20241007,000000,8.6,9,8.501,8.813,10435.3,0
SYTA.US,D,20241008,000000,8.549,8.999,8.5,8.556,15326.1,0
SYTA.US,D,20241009,000000,8.91,8.91,8,8.492,17456.2,0
SYTA.US,D,20241010,000000,8.476,8.7,8.301,8.34,6770.8,0
SYTA.US,D,20241011,000000,8.311,8.499,8.198,8.356,5961.4,0
SYTA.US,D,20241014,000000,8.359,8.499,8.2061,8.4,8083.7,0
SYTA.US,D,20241015,000000,8.499,8.499,7.615,7.79,21293.1,0
SYTA.US,D,20241016,000000,8,8.699,7.63,8.589,39294.5,0
SYTA.US,D,20241017,000000,8.694,9.88,8.589,9.79,49610.1,0
SYTA.US,D,20241018,000000,9.699,10.6,9.3,10.1,35308.4,0
SYTA.US,D,20241021,000000,26.5,29.2,16.8,18.4,12082481.4,0
SYTA.US,D,20241022,000000,17.9,18,12.1,12.5,452675.6,0
SYTA.US,D,20241023,000000,11.5,13.5,10.6,11.9,188241,0
SYTA.US,D,20241024,000000,11.7,12.3,11.1,11.1,55494.4,0
SYTA.US,D,20241025,000000,11.3,13.6,11.2,12.5,157135.6,0
SYTA.US,D,20241028,000000,11.9,13.699,11.9,13,48919.4,0
SYTA.US,D,20241029,000000,13.2,13.8,12.6,12.7,27805.1,0
SYTA.US,D,20241030,000000,12.9,13.1,11.1,12.1,57151.6,0
SYTA.US,D,20241031,000000,11.9,12.5,11.5,11.6,29713.2,0
SYTA.US,D,20241101,000000,11.7,12.196,11.4,11.5,17844.7,0
SYTA.US,D,20241104,000000,11.4,13.3,10.8,12.2,490571.7,0
SYTA.US,D,20241105,000000,12.5,13.3,12.004,12.7,47248.7,0
SYTA.US,D,20241106,000000,12.4,12.6,11.65,11.7,22823.7,0
SYTA.US,D,20241107,000000,11.6,12.6,11.5,12.1,21226.4,0
SYTA.US,D,20241108,000000,12.3,12.3,11.5,11.8,18605.5,0
SYTA.US,D,20241111,000000,12.2,12.8,11.5,12.7,49618.6,0
SYTA.US,D,20241112,000000,12.3,12.9,12,12.3,26127.4,0
SYTA.US,D,20241113,000000,12.5,12.7,11.9,12.1,31779.9,0
SYTA.US,D,20241114,000000,12,13.128,11.7,12.8,342739.4,0
SYTA.US,D,20241115,000000,15,15.1,12.1,12.7,592997.3,0
SYTA.US,D,20241118,000000,10.5,11.11,10,10.4,123471.9,0
SYTA.US,D,20241119,000000,10.6,10.799,10.1,10.4,45801.2,0
SYTA.US,D,20241120,000000,10.3,11.085,10,10.6,46788.2,0
SYTA.US,D,20241121,000000,10.4,10.8,10,10.5,57746.8,0
SYTA.US,D,20241122,000000,10.5,10.5,9.533,9.8,41124.9,0
SYTA.US,D,20241125,000000,9.9,9.98,8.812,9.3,50284.4,0
SYTA.US,D,20241126,000000,9.2,9.5,8.7,8.753,47727.4,0
SYTA.US,D,20241127,000000,8.72,9.299,8.7,8.863,21307.6,0
SYTA.US,D,20241129,000000,8.837,9.4,8.163,8.527,39083.4,0
SYTA.US,D,20241202,000000,8.8,8.98599,8.011,8.252,29916.8,0
SYTA.US,D,20241203,000000,8.252,8.39999,7.33001,7.566,37723.3,0
SYTA.US,D,20241204,000000,7.758,7.799,7.2,7.31,22763,0
SYTA.US,D,20241205,000000,7.367,7.568,6.4,6.861,32272.2,0
SYTA.US,D,20241206,000000,6.71,6.95,6.5,6.5,23606.9,0
SYTA.US,D,20241209,000000,6.5,8.419,6.5,7.53,85720.8,0
SYTA.US,D,20241210,000000,7.5,7.799,7,7.4,23377.8,0
SYTA.US,D,20241211,000000,7.18,7.5,7,7.48,17445.5,0
SYTA.US,D,20241212,000000,9.1,9.35,7.801,8.2,2926716.4,0
SYTA.US,D,20241213,000000,7.92,9.2,7.913,8.599,179711.2,0
SYTA.US,D,20241216,000000,8.216,8.499,7.129,7.471,177307.4,0
SYTA.US,D,20241217,000000,7.21,7.5,6.2,6.7,136624.6,0
SYTA.US,D,20241218,000000,6.8,7.738,6.7,7.44,62713.1,0
SYTA.US,D,20241219,000000,7.44,7.59237,6.654,6.999,77725.6,0
SYTA.US,D,20241220,000000,6.901,7.168,6.6,6.85,70534.2,0
SYTA.US,D,20241223,000000,7,8.35,6.6,7.486,345528.6,0
SYTA.US,D,20241224,000000,6.4,6.699,5.039,5.178,263180.1,0
SYTA.US,D,20241226,000000,5.198,5.37999,4.5,5.2,165796,0
SYTA.US,D,20241227,000000,4.98,7.0665,4.82,6.75,744524,0
SYTA.US,D,20241230,000000,6.06,6.4071,5.7501,5.92,173232,0
SYTA.US,D,20241231,000000,6.09,6.265,5.69,6.08,131368,0
SYTA.US,D,20250102,000000,6,6.3,5.7,5.95,173037,0
SYTA.US,D,20250103,000000,5.88,6.89,5.81,6.79,524392,0
SYTA.US,D,20250106,000000,6.25,7.2482,6.25,6.88,176409,0
SYTA.US,D,20250107,000000,6.95,9.85,6.9,8.78,804471,0
SYTA.US,D,20250108,000000,8.3,8.83,7.2101,8.73,497721,0
SYTA.US,D,20250110,000000,7.2,7.86,7.02,7.42,156569,0
SYTA.US,D,20250113,000000,7.4,7.64,6.49,6.78,163611,0
SYTA.US,D,20250114,000000,6.67,6.89,6.25,6.48,63848,0
SYTA.US,D,20250115,000000,6.41,7.5857,6.41,6.85,144396,0
SYTA.US,D,20250116,000000,6.86,7.1855,6.8,7.02,32984,0
SYTA.US,D,20250117,000000,7.02,7.34,6.71,6.82,73182,0
SYTA.US,D,20250121,000000,6.96,7.4,5.99,6.07,149505,0
SYTA.US,D,20250122,000000,6.31,6.3836,5.6,5.64,90875,0
SYTA.US,D,20250123,000000,5.67,6.0114,5.5,5.79,43135,0
SYTA.US,D,20250124,000000,5.7,5.97,5.66,5.81,38773,0
SYTA.US,D,20250127,000000,5.76,5.9207,4.76,4.91,134137,0
SYTA.US,D,20250128,000000,5.22,6.3641,5.05,5.14,342363,0
SYTA.US,D,20250129,000000,5.47,6.89,5.31,6.15,714570,0
SYTA.US,D,20250130,000000,6.15,6.24,5.61,5.99,275579,0
SYTA.US,D,20250131,000000,5.84,5.84,5.02,5.13,301351,0
SYTA.US,D,20250203,000000,4.81,4.97,4.49,4.65,244816,0
SYTA.US,D,20250204,000000,4.93,5.4,4.75,4.97,226826,0
SYTA.US,D,20250205,000000,4.97,5.1002,4.6,4.73,125645,0
SYTA.US,D,20250206,000000,4.95,4.95,4.4,4.63,175848,0
SYTA.US,D,20250207,000000,4.62,4.79,4.4006,4.65,162873,0
SYTA.US,D,20250210,000000,4.65,4.74,4,4.15,335335,0
SYTA.US,D,20250211,000000,4.26,4.4456,4.19,4.24,119613,0
SYTA.US,D,20250212,000000,4.25,4.29,4.03,4.06,100306,0
SYTA.US,D,20250213,000000,4.11,4.23,3.7,3.78,219709,0
