<TICKER>,<PER>,<DATE>,<TIME>,<OPEN>,<HIGH>,<LOW>,<CLOSE>,<VOL>,<OPENINT>
TETEF.US,D,20220310,000000,9.92,9.92,9.92,9.92,75110,0
TETEF.US,D,20220311,000000,9.96,9.96,9.93,9.93,257,0
TETEF.US,D,20220315,000000,9.9,9.92,9.9,9.92,152044,0
TETEF.US,D,20220316,000000,9.93,9.94,9.93,9.93,35076,0
TETEF.US,D,20220317,000000,9.89,9.9399,9.89,9.9314,237882,0
TETEF.US,D,20220318,000000,9.91,9.94,9.9,9.91,7173,0
TETEF.US,D,20220321,000000,9.91,9.91,9.9,9.9,156571,0
TETEF.US,D,20220322,000000,9.91,9.93,9.91,9.93,5038,0
TETEF.US,D,20220323,000000,9.93,9.93,9.93,9.93,1366,0
TETEF.US,D,20220324,000000,9.93,9.93,9.93,9.93,593,0
TETEF.US,D,20220325,000000,9.93,9.935,9.92,9.93,162684,0
TETEF.US,D,20220328,000000,9.94,9.94,9.92,9.93,13101,0
TETEF.US,D,20220329,000000,9.94,9.94,9.93,9.93,60246,0
TETEF.US,D,20220330,000000,9.925,9.94,9.925,9.94,5499,0
TETEF.US,D,20220331,000000,9.9399,9.98,9.9399,9.96,138457,0
TETEF.US,D,20220401,000000,9.98,9.98,9.98,9.98,107,0
TETEF.US,D,20220404,000000,9.9799,9.9799,9.9799,9.9799,108,0
TETEF.US,D,20220405,000000,9.98,9.98,9.95,9.96,190495,0
TETEF.US,D,20220406,000000,9.98,9.98,9.98,9.98,874,0
TETEF.US,D,20220407,000000,9.9799,9.9799,9.96,9.96,20100,0
TETEF.US,D,20220408,000000,9.95,9.97,9.95,9.97,21202,0
TETEF.US,D,20220411,000000,9.9699,9.9699,9.9699,9.9699,100,0
TETEF.US,D,20220412,000000,9.97,9.98,9.97,9.97,356270,0
TETEF.US,D,20220413,000000,9.98,9.98,9.98,9.98,10100,0
TETEF.US,D,20220414,000000,9.98,9.98,9.98,9.98,10000,0
TETEF.US,D,20220418,000000,9.98,9.99,9.98,9.99,71109,0
TETEF.US,D,20220419,000000,9.9888,9.99,9.98,9.98,1067,0
TETEF.US,D,20220420,000000,9.99,9.99,9.9896,9.99,300,0
TETEF.US,D,20220421,000000,9.99,9.99,9.9888,9.9888,11406,0
TETEF.US,D,20220422,000000,9.99,9.99,9.99,9.99,304,0
TETEF.US,D,20220425,000000,9.9801,9.9899,9.98,9.98,1448,0
TETEF.US,D,20220426,000000,9.99,9.99,9.98,9.9801,21526,0
TETEF.US,D,20220427,000000,9.99,9.99,9.98,9.99,10301,0
TETEF.US,D,20220428,000000,9.99,9.99,9.9896,9.99,13646,0
TETEF.US,D,20220429,000000,9.99,9.99,9.9884,9.989,10569,0
TETEF.US,D,20220502,000000,9.99,9.99,9.99,9.99,10402,0
TETEF.US,D,20220504,000000,9.99,10.01,9.99,10.01,111927,0
TETEF.US,D,20220505,000000,10.01,10.01,10.01,10.01,102,0
TETEF.US,D,20220509,000000,9.99,9.99,9.99,9.99,10000,0
TETEF.US,D,20220510,000000,10.0052,10.0052,9.98,9.98,13099,0
TETEF.US,D,20220511,000000,9.99,9.99,9.97,9.98,158525,0
TETEF.US,D,20220512,000000,9.99,9.99,9.96,9.98,400,0
TETEF.US,D,20220513,000000,9.98,9.98,9.98,9.98,100,0
TETEF.US,D,20220516,000000,9.96,9.9799,9.96,9.97,500,0
TETEF.US,D,20220517,000000,9.98,9.98,9.98,9.98,100,0
TETEF.US,D,20220518,000000,9.98,9.98,9.96,9.98,1402,0
TETEF.US,D,20220519,000000,9.98,9.98,9.98,9.98,200,0
TETEF.US,D,20220520,000000,9.9799,9.98,9.9799,9.98,251,0
TETEF.US,D,20220523,000000,9.98,9.98,9.98,9.98,150,0
TETEF.US,D,20220524,000000,9.98,9.98,9.94,9.94,500,0
TETEF.US,D,20220525,000000,9.98,9.98,9.98,9.98,342,0
TETEF.US,D,20220526,000000,9.98,9.98,9.96,9.98,700,0
TETEF.US,D,20220527,000000,9.98,9.98,9.98,9.98,200,0
TETEF.US,D,20220531,000000,9.98,9.98,9.9799,9.98,502,0
TETEF.US,D,20220601,000000,9.98,9.98,9.98,9.98,300,0
TETEF.US,D,20220602,000000,9.98,9.98,9.98,9.98,199897,0
TETEF.US,D,20220603,000000,9.98,9.98,9.98,9.98,154,0
TETEF.US,D,20220606,000000,9.98,9.98,9.98,9.98,353,0
TETEF.US,D,20220607,000000,9.9799,9.98,9.9799,9.98,401,0
TETEF.US,D,20220608,000000,9.98,9.99,9.97,9.99,20403,0
TETEF.US,D,20220609,000000,9.99,9.99,9.99,9.99,6465,0
TETEF.US,D,20220610,000000,10.05,10.05,9.98,9.98,12085,0
TETEF.US,D,20220613,000000,9.98,10,9.98,10,1812,0
TETEF.US,D,20220614,000000,10.1,10.1,9.96,9.97,55243,0
TETEF.US,D,20220615,000000,10.1,10.1,10.1,10.1,171,0
TETEF.US,D,20220616,000000,10.05,10.05,10.05,10.05,301,0
TETEF.US,D,20220617,000000,9.96,9.99,9.95,9.95,76691,0
TETEF.US,D,20220621,000000,10.05,10.05,9.99,9.99,402,0
TETEF.US,D,20220623,000000,10.0407,10.0407,10.0407,10.0407,104,0
TETEF.US,D,20220624,000000,9.96,9.96,9.96,9.96,5200,0
TETEF.US,D,20220627,000000,10,10,9.95,9.96,80658,0
TETEF.US,D,20220628,000000,10,10,9.98,9.9894,370068,0
TETEF.US,D,20220629,000000,9.9999,9.9999,9.9999,9.9999,115,0
TETEF.US,D,20220630,000000,10,10,9.99,10,2605,0
TETEF.US,D,20220701,000000,10,10,9.98,10,19002,0
TETEF.US,D,20220705,000000,10,10,9.99,9.99,2179,0
TETEF.US,D,20220706,000000,9.99,10,9.99,10,308334,0
TETEF.US,D,20220707,000000,10,10,9.99,9.99,50315,0
TETEF.US,D,20220708,000000,10,10,9.99,9.99,22311,0
TETEF.US,D,20220711,000000,10,10,10,10,658,0
TETEF.US,D,20220712,000000,10,10,10,10,147,0
TETEF.US,D,20220713,000000,10,10,10,10,135,0
TETEF.US,D,20220714,000000,10,10,10,10,135,0
TETEF.US,D,20220726,000000,10.0249,10.0249,10.0249,10.0249,100,0
TETEF.US,D,20220727,000000,10.03,10.03,10.03,10.03,502,0
TETEF.US,D,20220728,000000,10.05,10.05,10.03,10.03,602,0
TETEF.US,D,20220729,000000,10.033,10.033,10.02,10.02,15101,0
TETEF.US,D,20220801,000000,10.0499,10.0499,10.0499,10.0499,100,0
TETEF.US,D,20220802,000000,10.0451,10.0451,10.02,10.02,1469,0
TETEF.US,D,20220803,000000,10.05,10.05,10.04,10.04,53421,0
TETEF.US,D,20220804,000000,10.04,10.05,10.04,10.04,51542,0
TETEF.US,D,20220805,000000,10.0494,10.0494,10.0491,10.0491,252,0
TETEF.US,D,20220808,000000,10.0599,10.0599,10.035,10.04,13443,0
TETEF.US,D,20220809,000000,10.09,10.09,10.09,10.09,183,0
TETEF.US,D,20220810,000000,10.0491,10.0491,10.04,10.04,50100,0
TETEF.US,D,20220811,000000,10.05,10.05,10.04,10.04,200,0
TETEF.US,D,20220815,000000,10.04,10.05,10.04,10.05,707,0
TETEF.US,D,20220816,000000,10.1,10.1,10.1,10.1,100,0
TETEF.US,D,20220817,000000,10.045,10.045,10.045,10.045,104,0
TETEF.US,D,20220818,000000,10.1,10.1,10.1,10.1,100,0
TETEF.US,D,20220824,000000,10.04,10.0425,10.04,10.04,2203,0
TETEF.US,D,20220826,000000,10.04,10.05,10.04,10.05,6700,0
TETEF.US,D,20220830,000000,10.06,10.06,10.05,10.05,5765,0
TETEF.US,D,20220831,000000,10.05,10.055,10.05,10.055,1828,0
TETEF.US,D,20220902,000000,10.08,10.08,10.08,10.08,1873,0
TETEF.US,D,20220906,000000,10.07,10.07,10.06,10.07,53849,0
TETEF.US,D,20220907,000000,10.08,10.08,10.075,10.075,801,0
TETEF.US,D,20220908,000000,10.08,10.09,10.08,10.09,3280,0
TETEF.US,D,20220912,000000,10.09,10.09,10.0896,10.0896,725,0
TETEF.US,D,20220913,000000,10.15,10.15,10.15,10.15,262,0
TETEF.US,D,20220914,000000,10.1225,10.14,10.1225,10.1225,402,0
TETEF.US,D,20220915,000000,10.14,10.14,10.1,10.14,104850,0
TETEF.US,D,20220916,000000,10.14,10.14,10.14,10.14,301,0
TETEF.US,D,20220919,000000,10.1399,10.1399,10.1399,10.1399,251,0
TETEF.US,D,20220920,000000,10.14,10.14,10.1,10.14,400,0
TETEF.US,D,20220921,000000,10.1499,10.1499,10.1499,10.1499,100,0
TETEF.US,D,20220922,000000,10.14,10.14,10.14,10.14,250,0
TETEF.US,D,20220926,000000,10.1699,10.1699,10.1699,10.1699,101,0
TETEF.US,D,20220928,000000,10.1407,10.1407,10.1,10.1,25219,0
TETEF.US,D,20221003,000000,10.1999,10.1999,10.1999,10.1999,207,0
TETEF.US,D,20221004,000000,10.2,10.2,10.2,10.2,109,0
TETEF.US,D,20221005,000000,10.1142,10.18,10.1142,10.18,502,0
TETEF.US,D,20221011,000000,10.1799,10.1799,10.1799,10.1799,100,0
TETEF.US,D,20221012,000000,10.1799,10.1799,10.1799,10.1799,100,0
TETEF.US,D,20221014,000000,10.15,10.15,10.15,10.15,188326,0
TETEF.US,D,20221017,000000,10.18,10.218,10.18,10.2025,518876,0
TETEF.US,D,20221019,000000,10.2,10.2,10.15,10.15,77593,0
TETEF.US,D,20221020,000000,10.175,10.18,10.165,10.17,2314,0
TETEF.US,D,20221021,000000,10.17,10.17,10.16,10.16,7026,0
TETEF.US,D,20221024,000000,10.1699,10.1699,10.1699,10.1699,100,0
TETEF.US,D,20221025,000000,10.17,10.17,10.1699,10.1699,203,0
TETEF.US,D,20221026,000000,10.165,10.165,10.16,10.16,2107,0
TETEF.US,D,20221027,000000,10.18,10.18,10.175,10.175,250,0
TETEF.US,D,20221028,000000,10.19,10.19,10.19,10.19,202,0
TETEF.US,D,20221031,000000,10.19,10.19,10.16,10.16,1081,0
TETEF.US,D,20221101,000000,10.2,10.2,10.1999,10.1999,249,0
TETEF.US,D,20221102,000000,10.2,10.2,10.18,10.18,2186,0
TETEF.US,D,20221103,000000,10.2,10.2,10.15,10.17,66606,0
TETEF.US,D,20221107,000000,10.18,10.18,10.175,10.18,9514,0
TETEF.US,D,20221108,000000,10.21,10.21,10.2,10.2,7044,0
TETEF.US,D,20221109,000000,10.21,10.21,10.2025,10.2025,301,0
TETEF.US,D,20221110,000000,10.21,10.21,10.21,10.21,300,0
TETEF.US,D,20221114,000000,10.2025,10.2025,10.2025,10.2025,102,0
TETEF.US,D,20221115,000000,10.2099,10.2099,10.2099,10.2099,112,0
TETEF.US,D,20221116,000000,10.21,10.21,10.18,10.18,605,0
TETEF.US,D,20221117,000000,10.21,10.21,10.21,10.21,131,0
TETEF.US,D,20221118,000000,10.21,10.21,10.21,10.21,200,0
TETEF.US,D,20221121,000000,10.1893,10.195,10.1893,10.19,14959,0
TETEF.US,D,20221122,000000,10.21,10.22,10.21,10.22,200,0
TETEF.US,D,20221123,000000,10.2125,10.22,10.19,10.2125,1501,0
TETEF.US,D,20221128,000000,10.22,10.22,10.2199,10.2199,226,0
TETEF.US,D,20221129,000000,10.22,10.24,10.22,10.24,207,0
TETEF.US,D,20221130,000000,10.24,10.24,10.24,10.24,1233,0
TETEF.US,D,20221201,000000,10.23,10.2399,10.23,10.2399,773,0
TETEF.US,D,20221202,000000,10.24,10.24,10.24,10.24,225,0
TETEF.US,D,20221205,000000,10.24,10.24,10.24,10.24,110,0
TETEF.US,D,20221206,000000,10.24,10.24,10.24,10.24,200,0
TETEF.US,D,20221207,000000,10.24,10.24,10.24,10.24,112,0
TETEF.US,D,20221208,000000,10.24,10.24,10.24,10.24,110,0
TETEF.US,D,20221209,000000,10.23,10.2399,10.22,10.22,401,0
TETEF.US,D,20221212,000000,10.25,10.25,10.25,10.25,200,0
TETEF.US,D,20221213,000000,10.25,10.25,10.25,10.25,351,0
TETEF.US,D,20221214,000000,10.26,10.26,10.26,10.26,202,0
TETEF.US,D,20221215,000000,10.27,10.27,10.27,10.27,430,0
TETEF.US,D,20221216,000000,10.27,10.27,10.27,10.27,309,0
TETEF.US,D,20221219,000000,10.21,10.21,10.21,10.21,200,0
TETEF.US,D,20221220,000000,10.28,10.29,10.22,10.22,39900,0
TETEF.US,D,20221221,000000,10.2896,10.2896,10.2896,10.2896,151,0
TETEF.US,D,20221222,000000,10.2893,10.29,10.2893,10.29,5555,0
TETEF.US,D,20221223,000000,10.29,10.29,10.2725,10.2725,401,0
TETEF.US,D,20221227,000000,10.3,10.3,10.3,10.3,203,0
TETEF.US,D,20221228,000000,10.3,10.32,10.295,10.295,20295,0
TETEF.US,D,20221230,000000,10.3,10.96,10.295,10.295,25266,0
TETEF.US,D,20230103,000000,10.31,10.31,10.295,10.3,148628,0
TETEF.US,D,20230104,000000,10.31,10.31,10.305,10.305,641,0
TETEF.US,D,20230105,000000,10.31,10.35,10.3,10.31,38900,0
TETEF.US,D,20230106,000000,10.31,10.31,10.31,10.31,735,0
TETEF.US,D,20230109,000000,10.31,10.31,10.29,10.31,202769,0
TETEF.US,D,20230110,000000,10.32,10.32,10.31,10.31,3411,0
TETEF.US,D,20230111,000000,10.32,10.34,10.29,10.34,354698,0
TETEF.US,D,20230112,000000,10.41,10.48,10.33,10.33,748,0
TETEF.US,D,20230113,000000,10.7,10.7,10.32,10.67,9420,0
TETEF.US,D,20230117,000000,10.6499,10.6499,10.6499,10.6499,165,0
TETEF.US,D,20230118,000000,10.65,10.65,10.33,10.33,4650,0
TETEF.US,D,20230119,000000,10.38,10.6,10.3,10.3499,607,0
TETEF.US,D,20230120,000000,10.49,10.5282,10.31,10.31,4600,0
TETEF.US,D,20230123,000000,10.49,10.49,10.49,10.49,301,0
TETEF.US,D,20230125,000000,10.45,10.4699,10.4375,10.4375,1198,0
TETEF.US,D,20230126,000000,10.45,10.5199,10.3999,10.45,3072,0
TETEF.US,D,20230127,000000,10.45,10.5,10.38,10.39,5474,0
TETEF.US,D,20230130,000000,10.44,10.44,10.4,10.4001,4223,0
TETEF.US,D,20230131,000000,10.43,10.43,10.4299,10.4299,202,0
TETEF.US,D,20230201,000000,10.43,10.43,10.42,10.425,945,0
TETEF.US,D,20230202,000000,10.43,10.43,10.4075,10.4075,613,0
TETEF.US,D,20230203,000000,10.43,10.43,10.43,10.43,502,0
TETEF.US,D,20230206,000000,10.43,10.43,10.4,10.4,331,0
TETEF.US,D,20230207,000000,10.4299,10.4299,10.415,10.415,396,0
TETEF.US,D,20230208,000000,10.43,10.43,10.43,10.43,434,0
TETEF.US,D,20230209,000000,10.4297,10.43,10.4297,10.43,200,0
TETEF.US,D,20230210,000000,10.43,10.43,10.4,10.43,301,0
TETEF.US,D,20230213,000000,10.43,10.43,10.43,10.43,226,0
TETEF.US,D,20230214,000000,10.4299,10.4299,10.4299,10.4299,190,0
TETEF.US,D,20230215,000000,10.43,10.43,10.43,10.43,141,0
TETEF.US,D,20230216,000000,10.4298,10.4298,10.4298,10.4298,297,0
TETEF.US,D,20230221,000000,10.43,10.43,10.43,10.43,137,0
TETEF.US,D,20230222,000000,10.43,10.43,10.43,10.43,129,0
TETEF.US,D,20230223,000000,10.4299,10.43,10.4299,10.43,268,0
TETEF.US,D,20230224,000000,10.43,10.45,10.43,10.45,25933,0
TETEF.US,D,20230227,000000,10.47,10.49,10.47,10.49,6215,0
TETEF.US,D,20230228,000000,10.4894,10.5005,10.4894,10.5,19323,0
TETEF.US,D,20230301,000000,10.5,10.52,10.5,10.52,4671,0
TETEF.US,D,20230302,000000,10.52,11.145,10.52,10.56,7722,0
TETEF.US,D,20230303,000000,10.7,10.7,10.6,10.6,500,0
TETEF.US,D,20230306,000000,10.665,10.665,10.665,10.665,252,0
TETEF.US,D,20230307,000000,10.7,10.7,10.7,10.7,2250,0
TETEF.US,D,20230308,000000,10.6999,10.6999,10.6999,10.6999,212,0
TETEF.US,D,20230309,000000,10.6899,10.6899,10.6899,10.6899,192,0
TETEF.US,D,20230313,000000,10.68,10.68,10.68,10.68,102,0
TETEF.US,D,20230314,000000,10.6479,10.6479,10.6479,10.6479,107,0
TETEF.US,D,20230315,000000,10.64,10.64,10.64,10.64,102,0
TETEF.US,D,20230316,000000,10.64,10.64,10.64,10.64,172,0
TETEF.US,D,20230317,000000,10.63,10.63,10.63,10.63,106,0
TETEF.US,D,20230320,000000,10.6299,10.6299,10.6299,10.6299,167,0
TETEF.US,D,20230321,000000,10.74,10.74,10.74,10.74,252,0
TETEF.US,D,20230324,000000,10.72,10.72,10.72,10.72,204,0
TETEF.US,D,20230327,000000,10.71,10.71,10.71,10.71,113,0
TETEF.US,D,20230329,000000,10.7,10.7,10.7,10.7,160,0
TETEF.US,D,20230331,000000,10.69,10.69,10.69,10.69,702,0
TETEF.US,D,20230403,000000,10.7,10.7,10.7,10.7,200,0
TETEF.US,D,20230404,000000,10.72,10.72,10.72,10.72,200,0
TETEF.US,D,20230405,000000,10.7,10.7,10.7,10.7,257,0
TETEF.US,D,20230406,000000,10.7,10.7,10.7,10.7,210,0
TETEF.US,D,20230410,000000,10.7,10.7,10.7,10.7,150,0
TETEF.US,D,20230411,000000,10.7,10.7,10.53,10.53,15687,0
TETEF.US,D,20230412,000000,10.58,10.58,10.55,10.55,426,0
TETEF.US,D,20230413,000000,10.7,10.7,10.7,10.7,438,0
TETEF.US,D,20230417,000000,10.7,10.7,10.7,10.7,301,0
TETEF.US,D,20230418,000000,10.7,10.7,10.7,10.7,200,0
TETEF.US,D,20230419,000000,10.7,10.7,10.7,10.7,305,0
TETEF.US,D,20230420,000000,10.7,10.7,10.62,10.63,822,0
TETEF.US,D,20230421,000000,10.69,10.69,10.69,10.69,102,0
TETEF.US,D,20230424,000000,10.7,10.7,10.7,10.7,201,0
TETEF.US,D,20230425,000000,10.7,10.7,10.7,10.7,303,0
TETEF.US,D,20230426,000000,10.7,10.7,10.7,10.7,110,0
TETEF.US,D,20230427,000000,10.59,10.62,10.59,10.615,27917,0
TETEF.US,D,20230428,000000,10.61,10.615,10.61,10.615,13506,0
TETEF.US,D,20230501,000000,10.615,10.615,10.615,10.615,226,0
TETEF.US,D,20230502,000000,10.61,10.67,10.61,10.66,43683,0
TETEF.US,D,20230510,000000,10.7,10.7,10.7,10.7,12057,0
TETEF.US,D,20230512,000000,10.7,10.7,10.7,10.7,3445,0
TETEF.US,D,20230515,000000,10.63,10.63,10.63,10.63,305,0
TETEF.US,D,20230516,000000,10.66,10.66,10.66,10.66,429,0
TETEF.US,D,20230522,000000,10.68,10.68,10.67,10.67,1685,0
TETEF.US,D,20230523,000000,10.7,10.7,10.695,10.7,1519,0
TETEF.US,D,20230525,000000,10.7,10.74,10.7,10.725,8686,0
TETEF.US,D,20230601,000000,10.72,10.72,10.72,10.72,1403,0
TETEF.US,D,20230605,000000,10.72,10.72,10.72,10.72,20081,0
TETEF.US,D,20230608,000000,10.72,10.72,10.72,10.72,2250,0
TETEF.US,D,20230616,000000,10.73,10.73,10.73,10.73,102,0
TETEF.US,D,20230622,000000,10.8,10.8,10.7999,10.7999,4061,0
TETEF.US,D,20230626,000000,10.865,10.9199,10.83,10.9199,531743,0
TETEF.US,D,20230627,000000,10.92,10.92,10.92,10.92,232,0
TETEF.US,D,20230628,000000,10.9493,10.9493,10.9493,10.9493,107,0
TETEF.US,D,20230629,000000,10.94,10.9999,10.94,10.95,164211,0
TETEF.US,D,20230630,000000,11.05,11.05,10.95,10.95,400212,0
TETEF.US,D,20230703,000000,10.98,11.0399,10.98,11.0399,270,0
TETEF.US,D,20230705,000000,10.89,11.02,10.89,10.95,27290,0
TETEF.US,D,20230706,000000,11.05,11.05,11.05,11.05,611,0
TETEF.US,D,20230707,000000,11.04,11.04,11.04,11.04,136,0
TETEF.US,D,20230710,000000,11.05,11.05,10.95,10.95,10085,0
TETEF.US,D,20230711,000000,11.05,11.05,10.95,11.0198,12601,0
TETEF.US,D,20230712,000000,11.05,11.05,11.05,11.05,250,0
TETEF.US,D,20230713,000000,11.15,12.25,10.96,11.025,43552,0
TETEF.US,D,20230714,000000,11.09,11.29,11.09,11.29,418,0
TETEF.US,D,20230717,000000,11.3,11.3,11.3,11.3,416,0
TETEF.US,D,20230718,000000,11.29,11.29,11.05,11.27,7310,0
TETEF.US,D,20230719,000000,11.28,11.2899,11.07,11.07,1382,0
TETEF.US,D,20230720,000000,11.2,11.2,11.06,11.08,4420,0
TETEF.US,D,20230721,000000,11.14,11.19,11.06,11.07,6427,0
TETEF.US,D,20230724,000000,11.16,11.1887,11.1,11.1,2535,0
TETEF.US,D,20230725,000000,11.16,11.16,11.1,11.16,10030,0
TETEF.US,D,20230726,000000,11.17,11.17,11.05,11.05,2860,0
TETEF.US,D,20230727,000000,11.17,11.17,11.06,11.1689,1571,0
TETEF.US,D,20230728,000000,11.17,11.17,11.17,11.17,252,0
TETEF.US,D,20230731,000000,11.17,11.17,11.1,11.11,637,0
TETEF.US,D,20230801,000000,11.17,11.17,11.12,11.1695,27031,0
TETEF.US,D,20230802,000000,11.12,11.17,11.12,11.17,3089,0
TETEF.US,D,20230803,000000,11.18,11.18,11.12,11.12,9923,0
TETEF.US,D,20230804,000000,11.17,11.17,11.17,11.17,352,0
TETEF.US,D,20230807,000000,11.17,11.17,11.15,11.15,754,0
TETEF.US,D,20230808,000000,11.15,11.17,11.15,11.17,1865,0
TETEF.US,D,20230809,000000,11.17,11.17,11.1689,11.17,402,0
TETEF.US,D,20230810,000000,11.2,11.2,11.2,11.2,360,0
TETEF.US,D,20230811,000000,11.07,11.1694,11.07,11.1694,600,0
TETEF.US,D,20230814,000000,11.17,11.17,11.17,11.17,350,0
TETEF.US,D,20230815,000000,11.2,11.2,11.07,11.1887,850,0
TETEF.US,D,20230816,000000,11.19,11.25,11.16,11.17,6330,0
TETEF.US,D,20230817,000000,11.25,11.25,11.22,11.24,3329,0
TETEF.US,D,20230818,000000,11.29,11.29,11.21,11.215,2378,0
TETEF.US,D,20230821,000000,11.2194,11.22,11.2194,11.22,234,0
TETEF.US,D,20230822,000000,11.2,11.2,11.195,11.195,647,0
TETEF.US,D,20230823,000000,11.22,11.22,11.2,11.2,260,0
TETEF.US,D,20230824,000000,11.22,11.22,11.22,11.22,200,0
TETEF.US,D,20230828,000000,11.22,11.22,11.22,11.22,155,0
TETEF.US,D,20230829,000000,11.25,11.25,11.25,11.25,1519,0
TETEF.US,D,20230830,000000,11.3,11.3,11.3,11.3,358,0
TETEF.US,D,20230831,000000,11.35,11.35,11.3499,11.3499,630,0
TETEF.US,D,20230901,000000,11.35,11.35,11.35,11.35,215,0
TETEF.US,D,20230905,000000,11.35,11.35,11.35,11.35,200,0
TETEF.US,D,20230906,000000,11.35,11.35,11.27,11.3379,10723,0
TETEF.US,D,20230907,000000,11.35,11.35,11.35,11.35,400,0
TETEF.US,D,20230908,000000,11.4,11.4,11.4,11.4,211,0
TETEF.US,D,20230911,000000,11.4,11.4,11.4,11.4,101,0
TETEF.US,D,20230912,000000,11.4,11.4,11.4,11.4,171,0
TETEF.US,D,20230913,000000,11.4,11.4,11.4,11.4,102,0
TETEF.US,D,20230914,000000,11.4,11.4,11.27,11.27,221,0
TETEF.US,D,20230915,000000,11.4,11.4,11.35,11.35,401,0
TETEF.US,D,20230918,000000,11.39,11.39,11.31,11.37,818,0
TETEF.US,D,20230919,000000,11.4,11.4,11.4,11.4,106,0
TETEF.US,D,20230920,000000,11.4,11.4,11.4,11.4,106,0
TETEF.US,D,20230921,000000,11.4,11.4,11.4,11.4,102,0
TETEF.US,D,20230922,000000,11.4,11.4,11.36,11.36,10170,0
TETEF.US,D,20230925,000000,11.3703,11.38,11.37,11.37,111003,0
TETEF.US,D,20230926,000000,11.3899,11.3899,11.3899,11.3899,149,0
TETEF.US,D,20230927,000000,11.3888,11.3888,11.3888,11.3888,103,0
TETEF.US,D,20230928,000000,11.4,11.4,11.38,11.38,402,0
TETEF.US,D,20230929,000000,11.3506,11.351,11.35,11.35,17021,0
TETEF.US,D,20231002,000000,11.35,11.35,11.35,11.35,234,0
TETEF.US,D,20231003,000000,11.35,11.35,11.35,11.35,100,0
TETEF.US,D,20231004,000000,11.35,11.35,11.35,11.35,91344,0
TETEF.US,D,20231005,000000,11.3501,11.3501,11.3,11.3,8001,0
TETEF.US,D,20231006,000000,11.3206,11.321,11.3206,11.321,500,0
TETEF.US,D,20231009,000000,11.32,11.34,11.32,11.34,402,0
TETEF.US,D,20231010,000000,11.3401,11.3401,11.32,11.33,87598,0
TETEF.US,D,20231011,000000,11.3201,11.3201,11.3201,11.3201,100,0
TETEF.US,D,20231012,000000,11.32,11.32,11.32,11.32,102,0
TETEF.US,D,20231016,000000,11.4,11.4,11.4,11.4,100,0
TETEF.US,D,20231017,000000,11.4,11.4,11.4,11.4,102,0
TETEF.US,D,20231018,000000,11.4,11.4,11.4,11.4,200,0
TETEF.US,D,20231019,000000,11.4,11.4,11.4,11.4,100,0
TETEF.US,D,20231020,000000,11.4,11.4,11.4,11.4,5200,0
TETEF.US,D,20231023,000000,11.4,11.439,11.4,11.4312,10565,0
TETEF.US,D,20231024,000000,11.45,11.45,11.4499,11.4499,200,0
TETEF.US,D,20231025,000000,11.1,11.47,11.1,11.47,7488,0
TETEF.US,D,20231026,000000,11.41,11.46,11.41,11.41,1065,0
TETEF.US,D,20231027,000000,11.45,11.45,11.45,11.45,300,0
TETEF.US,D,20231030,000000,11.47,11.47,11.47,11.47,113,0
TETEF.US,D,20231031,000000,11.46,11.47,11.46,11.4693,8416,0
TETEF.US,D,20231101,000000,11.48,11.48,11.48,11.48,101,0
TETEF.US,D,20231102,000000,11.5,11.5,11.5,11.5,200,0
TETEF.US,D,20231103,000000,11.46,11.46,11.46,11.46,202,0
TETEF.US,D,20231106,000000,11.46,11.46,11.45,11.4599,4618,0
TETEF.US,D,20231107,000000,11.46,11.46,11.45,11.4501,6804,0
TETEF.US,D,20231108,000000,11.46,11.46,11.46,11.46,305,0
TETEF.US,D,20231109,000000,11.48,11.49,11.48,11.49,626,0
TETEF.US,D,20231110,000000,11.49,11.49,11.48,11.48,6808,0
TETEF.US,D,20231113,000000,11.49,11.49,11.49,11.49,359,0
TETEF.US,D,20231114,000000,11.49,11.49,11.49,11.49,179,0
TETEF.US,D,20231115,000000,11.49,11.49,11.49,11.49,103,0
TETEF.US,D,20231116,000000,11.49,11.49,11.49,11.49,174,0
TETEF.US,D,20231117,000000,11.45,11.45,11.44,11.44,1451,0
TETEF.US,D,20231120,000000,11.48,11.4995,11.44,11.44,1992,0
TETEF.US,D,20231121,000000,11.44,11.45,11.38,11.41,6513,0
TETEF.US,D,20231122,000000,11.48,11.4891,11.425,11.48,616,0
TETEF.US,D,20231124,000000,11.5,11.5,11.5,11.5,137,0
TETEF.US,D,20231127,000000,11.5,11.5,11.07,11.5,4959,0
TETEF.US,D,20231128,000000,11.48,11.48,11.48,11.48,112,0
TETEF.US,D,20231129,000000,11.5,11.5,11.5,11.5,273,0
TETEF.US,D,20231130,000000,11.5,11.5,11.35,11.35,32077,0
TETEF.US,D,20231201,000000,11.43,11.4499,11.31,11.4499,392,0
TETEF.US,D,20231204,000000,11.49,11.49,11.49,11.49,284,0
TETEF.US,D,20231205,000000,11.5,11.5,11.5,11.5,134,0
TETEF.US,D,20231206,000000,11.45,11.45,11.45,11.45,359,0
TETEF.US,D,20231207,000000,11.45,11.45,11.45,11.45,123,0
TETEF.US,D,20231211,000000,11.45,11.45,11.32,11.32,287,0
TETEF.US,D,20231212,000000,11.4265,11.45,11.32,11.32,480,0
TETEF.US,D,20231213,000000,11.429,11.429,11.4,11.4,68501,0
TETEF.US,D,20231214,000000,11.45,11.45,11.45,11.45,100,0
TETEF.US,D,20231215,000000,11.45,11.45,11.42,11.449,569,0
TETEF.US,D,20231218,000000,11.49,11.49,11.44,11.44,9995,0
TETEF.US,D,20231219,000000,11.48,11.48,11.455,11.455,302,0
TETEF.US,D,20231220,000000,11.5,11.5,11.455,11.455,906,0
TETEF.US,D,20231221,000000,11.49,11.49,11.37,11.49,4831,0
TETEF.US,D,20231222,000000,11.5,11.5,11.445,11.445,200,0
TETEF.US,D,20231226,000000,11.5,11.5,11.5,11.5,120,0
TETEF.US,D,20231227,000000,11.53,11.53,11.465,11.48,886,0
TETEF.US,D,20231228,000000,11.51,11.51,11.465,11.465,200,0
TETEF.US,D,20231229,000000,11.51,11.51,11.51,11.51,142,0
TETEF.US,D,20240102,000000,11.53,11.53,11.47,11.47,275,0
TETEF.US,D,20240103,000000,11.51,11.51,11.48,11.48,282,0
TETEF.US,D,20240104,000000,11.55,11.55,11.55,11.55,122,0
TETEF.US,D,20240105,000000,11.58,11.58,11.49,11.49,295,0
TETEF.US,D,20240108,000000,11.49,11.56,11.49,11.56,15201,0
TETEF.US,D,20240111,000000,11.41,11.42,11.4,11.4,9942,0
TETEF.US,D,20240116,000000,11.44,11.45,11.44,11.44,4524,0
TETEF.US,D,20240118,000000,11.5189,11.5189,11.5189,11.5189,166,0
TETEF.US,D,20240119,000000,11.55,11.55,11.42,11.49,1611,0
TETEF.US,D,20240122,000000,11.54,11.54,11.54,11.54,102,0
TETEF.US,D,20240123,000000,11.5191,11.52,11.45,11.52,1984,0
TETEF.US,D,20240124,000000,11.509,11.51,11.5053,11.51,866,0
TETEF.US,D,20240125,000000,11.51,11.51,11.509,11.5092,400,0
TETEF.US,D,20240126,000000,11.54,11.55,11.51,11.53,11056,0
TETEF.US,D,20240129,000000,11.54,11.54,11.53,11.54,683,0
TETEF.US,D,20240130,000000,11.54,11.54,11.54,11.54,100,0
TETEF.US,D,20240131,000000,11.53,11.57,11.53,11.57,901,0
TETEF.US,D,20240201,000000,11.57,11.62,11.45,11.45,3071,0
TETEF.US,D,20240202,000000,11.55,11.6,11.55,11.56,337,0
TETEF.US,D,20240205,000000,11.56,11.56,11.559,11.56,417,0
TETEF.US,D,20240206,000000,11.56,11.569,11.46,11.46,184156,0
TETEF.US,D,20240207,000000,11.51,11.5612,11.51,11.5592,408,0
TETEF.US,D,20240208,000000,11.55,11.55,11.54,11.54,363,0
TETEF.US,D,20240209,000000,11.549,11.549,11.5,11.5,222,0
TETEF.US,D,20240212,000000,11.54,11.549,11.53,11.53,500,0
TETEF.US,D,20240213,000000,11.54,11.55,11.54,11.55,81392,0
TETEF.US,D,20240214,000000,11.46,11.55,11.46,11.53,19585,0
TETEF.US,D,20240215,000000,11.55,11.5597,11.53,11.54,143524,0
TETEF.US,D,20240216,000000,11.5467,11.56,11.5467,11.56,25282,0
TETEF.US,D,20240220,000000,11.5402,11.5402,11.54,11.54,4172,0
TETEF.US,D,20240221,000000,11.546,11.55,11.51,11.51,2772,0
TETEF.US,D,20240222,000000,11.55,11.56,11.55,11.55,30746,0
TETEF.US,D,20240223,000000,11.5501,11.6,11.55,11.6,236618,0
TETEF.US,D,20240226,000000,11.6,11.6493,11.6,11.6493,2409,0
TETEF.US,D,20240227,000000,11.63,11.639,11.6283,11.639,522,0
TETEF.US,D,20240228,000000,11.65,11.65,11.65,11.65,700,0
TETEF.US,D,20240229,000000,11.65,11.65,11.6484,11.65,603,0
TETEF.US,D,20240301,000000,11.68,11.68,11.68,11.68,205,0
TETEF.US,D,20240304,000000,11.55,11.7,11.55,11.65,20386,0
TETEF.US,D,20240305,000000,11.68,11.69,11.57,11.69,1233,0
TETEF.US,D,20240306,000000,11.65,11.6799,11.65,11.6799,357,0
TETEF.US,D,20240307,000000,11.66,11.69,11.66,11.69,306,0
TETEF.US,D,20240308,000000,11.68,11.68,11.68,11.68,134,0
TETEF.US,D,20240311,000000,11.68,11.6893,11.68,11.68,402,0
TETEF.US,D,20240312,000000,11.68,11.68,11.68,11.68,258,0
TETEF.US,D,20240313,000000,11.68,11.6893,11.6799,11.6799,609,0
TETEF.US,D,20240314,000000,11.6899,11.69,11.6899,11.69,1582,0
TETEF.US,D,20240315,000000,11.68,11.6895,11.65,11.68,1079,0
TETEF.US,D,20240318,000000,11.63,11.67,11.63,11.645,7599,0
TETEF.US,D,20240319,000000,11.6301,11.66,11.6301,11.66,6934,0
TETEF.US,D,20240320,000000,11.68,11.6999,11.68,11.6999,200,0
TETEF.US,D,20240321,000000,11.7,11.7,11.67,11.69,57723,0
TETEF.US,D,20240322,000000,11.69,11.6999,11.69,11.6999,420,0
TETEF.US,D,20240325,000000,11.69,11.6999,11.68,11.68,6355,0
TETEF.US,D,20240326,000000,11.6999,11.6999,11.6999,11.6999,125,0
TETEF.US,D,20240327,000000,11.6601,11.68,11.6601,11.68,1748,0
TETEF.US,D,20240328,000000,11.68,11.7,11.68,11.69,62100,0
TETEF.US,D,20240401,000000,11.7,11.7,11.7,11.7,303,0
TETEF.US,D,20240402,000000,11.7,11.7195,11.7,11.7195,539,0
TETEF.US,D,20240403,000000,11.7199,11.7199,11.71,11.71,255,0
TETEF.US,D,20240404,000000,11.72,11.72,11.72,11.72,224,0
TETEF.US,D,20240405,000000,11.71,11.74,11.71,11.74,123353,0
TETEF.US,D,20240408,000000,11.73,11.73,11.73,11.73,34418,0
TETEF.US,D,20240409,000000,11.76,11.76,11.76,11.76,102,0
TETEF.US,D,20240410,000000,11.77,11.77,11.75,11.75,1497,0
TETEF.US,D,20240411,000000,11.78,11.78,11.76,11.76,200,0
TETEF.US,D,20240412,000000,11.79,11.79,11.7398,11.78,7814,0
TETEF.US,D,20240415,000000,11.76,11.8,11.76,11.8,35066,0
TETEF.US,D,20240416,000000,11.8,11.8,11.78,11.8,409,0
TETEF.US,D,20240417,000000,11.82,11.82,11.78,11.8,38512,0
TETEF.US,D,20240418,000000,11.83,11.83,11.78,11.78,76498,0
TETEF.US,D,20240419,000000,11.82,11.82,11.82,11.82,100,0
TETEF.US,D,20240422,000000,11.82,11.82,11.8,11.8,12003,0
TETEF.US,D,20240423,000000,11.83,11.9,11.8,11.9,14677,0
TETEF.US,D,20240424,000000,11.9,11.9,11.9,11.9,106,0
TETEF.US,D,20240425,000000,11.82,11.88,11.82,11.88,2960,0
TETEF.US,D,20240426,000000,11.91,11.91,11.87,11.87,27193,0
TETEF.US,D,20240429,000000,11.9,11.9,11.9,11.9,139,0
TETEF.US,D,20240430,000000,11.9,11.9,11.9,11.9,210,0
TETEF.US,D,20240501,000000,11.8,11.87,11.8,11.87,2692,0
TETEF.US,D,20240503,000000,11.88,11.88,11.88,11.88,109,0
TETEF.US,D,20240506,000000,11.89,11.89,11.89,11.89,105,0
TETEF.US,D,20240507,000000,11.92,12.25,11.83,11.83,329840,0
TETEF.US,D,20240508,000000,11.9,11.9,11.83,11.83,5219,0
TETEF.US,D,20240509,000000,11.88,11.88,11.79,11.82,14004,0
TETEF.US,D,20240510,000000,11.85,11.85,11.85,11.85,459,0
TETEF.US,D,20240513,000000,11.9,11.9,11.83,11.9,1879,0
TETEF.US,D,20240514,000000,11.9,11.9,11.9,11.9,105,0
TETEF.US,D,20240515,000000,11.92,11.92,11.85,11.89,377,0
TETEF.US,D,20240516,000000,11.9,11.9,11.9,11.9,100,0
TETEF.US,D,20240517,000000,11.9,11.9,11.9,11.9,152,0
TETEF.US,D,20240520,000000,11.9,11.9,11.9,11.9,105,0
TETEF.US,D,20240521,000000,11.9,11.9,11.9,11.9,257,0
TETEF.US,D,20240522,000000,11.91,11.91,11.91,11.91,110,0
TETEF.US,D,20240529,000000,11.92,11.95,11.88,11.89,297605,0
TETEF.US,D,20240530,000000,11.9,11.9,11.88,11.9,141332,0
TETEF.US,D,20240531,000000,11.94,11.94,11.94,11.94,300,0
TETEF.US,D,20240605,000000,11.94,11.94,11.94,11.94,201,0
TETEF.US,D,20240606,000000,11.95,11.95,11.95,11.95,200,0
TETEF.US,D,20240607,000000,11.95,11.95,11.92,11.92,26624,0
TETEF.US,D,20240610,000000,11.95,11.97,11.94,11.94,5031,0
TETEF.US,D,20240611,000000,11.97,11.97,11.97,11.97,120,0
TETEF.US,D,20240612,000000,12,12,12,12,211,0
TETEF.US,D,20240613,000000,12.03,12.03,11.89,11.94,95823,0
TETEF.US,D,20240614,000000,11.94,11.96,11.94,11.96,4726,0
TETEF.US,D,20240617,000000,11.98,11.98,11.98,11.98,100,0
TETEF.US,D,20240618,000000,12,12,12,12,100,0
TETEF.US,D,20240620,000000,12,12,12,12,100,0
TETEF.US,D,20240624,000000,11.9,11.9,11.9,11.9,1712,0
TETEF.US,D,20240625,000000,11.8901,11.8901,11.8901,11.8901,100,0
TETEF.US,D,20240628,000000,11.95,11.95,11.95,11.95,260,0
TETEF.US,D,20240701,000000,11.89,11.9,11.89,11.9,101695,0
TETEF.US,D,20240703,000000,11.94,11.94,11.94,11.94,300,0
TETEF.US,D,20240709,000000,11.98,11.98,11.98,11.98,614,0
TETEF.US,D,20240710,000000,11.98,11.98,11.95,11.95,1127,0
TETEF.US,D,20240711,000000,11.98,11.98,11.96,11.97,1420,0
TETEF.US,D,20240712,000000,11.99,11.99,11.99,11.99,201,0
TETEF.US,D,20240715,000000,12,12.01,12,12,5300,0
TETEF.US,D,20240716,000000,12.02,12.02,12.02,12.02,4501,0
TETEF.US,D,20240717,000000,12.03,12.03,12.03,12.03,304,0
TETEF.US,D,20240718,000000,12.03,12.03,12.03,12.03,301,0
TETEF.US,D,20240719,000000,12.03,12.04,12,12.02,28304,0
TETEF.US,D,20240722,000000,12.04,12.05,12.0176,12.04,57325,0
TETEF.US,D,20240723,000000,12.05,12.05,12.05,12.05,202,0
TETEF.US,D,20240724,000000,12.04,12.05,12.04,12.05,10599,0
TETEF.US,D,20240725,000000,12.05,12.05,12.05,12.05,1599,0
TETEF.US,D,20240729,000000,12.1,12.1,12.05,12.05,2234,0
TETEF.US,D,20240730,000000,12.09,12.09,12.09,12.09,212,0
TETEF.US,D,20240731,000000,12.09,12.09,12.09,12.09,109,0
TETEF.US,D,20240802,000000,12.08,12.08,12.08,12.08,142,0
TETEF.US,D,20240805,000000,12.08,12.08,12.05,12.05,125122,0
TETEF.US,D,20240806,000000,12.08,12.08,12.07,12.0799,618,0
TETEF.US,D,20240807,000000,12.1,12.1,12.05,12.05,100100,0
TETEF.US,D,20240812,000000,12.07,12.07,12.07,12.07,240,0
TETEF.US,D,20240814,000000,12.02,12.02,12.02,12.02,1400,0
TETEF.US,D,20240815,000000,12.02,12.02,12.02,12.02,100,0
TETEF.US,D,20240819,000000,12.05,12.05,12.05,12.05,150,0
TETEF.US,D,20240820,000000,12.07,12.07,12.05,12.05,99996,0
TETEF.US,D,20240821,000000,12.07,12.07,12.04,12.0598,12716,0
TETEF.US,D,20240823,000000,12.02,12.02,12.02,12.02,280,0
TETEF.US,D,20240826,000000,12.08,12.08,12.08,12.08,200,0
TETEF.US,D,20240827,000000,12.09,12.09,12.09,12.09,192,0
TETEF.US,D,20240829,000000,12.08,12.08,12.02,12.02,5499,0
TETEF.US,D,20240830,000000,12.09,12.09,12.08,12.08,317,0
TETEF.US,D,20240903,000000,12.09,12.09,12.0898,12.09,418,0
TETEF.US,D,20240904,000000,12.09,12.09,12.09,12.09,109,0
TETEF.US,D,20240905,000000,12.1,12.1,12.1,12.1,102,0
TETEF.US,D,20240910,000000,12.09,12.09,12.09,12.09,207,0
TETEF.US,D,20240911,000000,12.09,12.09,12.09,12.09,203,0
TETEF.US,D,20240912,000000,12.09,12.09,12.06,12.06,1103,0
TETEF.US,D,20240913,000000,12.08,12.09,12.08,12.09,201,0
TETEF.US,D,20240916,000000,12.1,12.1,12.1,12.1,102,0
TETEF.US,D,20240917,000000,12.09,12.12,12.09,12.12,179201,0
TETEF.US,D,20240918,000000,12.12,12.12,12.12,12.12,289834,0
TETEF.US,D,20240919,000000,12.15,12.15,12.15,12.15,101,0
TETEF.US,D,20240920,000000,12.16,12.16,12.16,12.16,103,0
TETEF.US,D,20240924,000000,12.17,12.17,12.17,12.17,104,0
TETEF.US,D,20240926,000000,12.17,12.17,12.17,12.17,201,0
TETEF.US,D,20240927,000000,12.18,12.18,12.16,12.17,1200,0
TETEF.US,D,20240930,000000,12.18,12.18,12.18,12.18,106,0
TETEF.US,D,20241001,000000,12.19,12.19,12.11,12.17,711,0
TETEF.US,D,20241002,000000,12.19,12.19,12.19,12.19,100,0
TETEF.US,D,20241003,000000,12.18,12.18,12.18,12.18,100,0
TETEF.US,D,20241007,000000,12.11,12.12,12.11,12.12,3800,0
TETEF.US,D,20241008,000000,12.11,12.12,12.11,12.12,200,0
TETEF.US,D,20241009,000000,12.12,12.15,12.12,12.15,9546,0
TETEF.US,D,20241011,000000,12.18,12.2,12.18,12.185,8886,0
TETEF.US,D,20241014,000000,12.2,12.2,12.2,12.2,200,0
TETEF.US,D,20241015,000000,12.18,12.18,12.12,12.1201,3203,0
TETEF.US,D,20241016,000000,12.18,12.18,12.12,12.12,2323,0
TETEF.US,D,20241017,000000,12.18,12.18,12.18,12.18,316,0
TETEF.US,D,20241018,000000,12.18,12.18,12.18,12.18,250,0
TETEF.US,D,20241021,000000,12.19,12.19,12.19,12.19,108,0
TETEF.US,D,20241022,000000,12.2,12.2,12.11,12.18,15558,0
TETEF.US,D,20241023,000000,12.18,12.18,12.15,12.18,849,0
TETEF.US,D,20241024,000000,12.2,12.2,12.14,12.18,771,0
TETEF.US,D,20241025,000000,12.18,12.18,12.14,12.18,400,0
TETEF.US,D,20241028,000000,12.2,12.2,12.15,12.19,484,0
TETEF.US,D,20241029,000000,12.18,12.19,12.14,12.15,19537,0
TETEF.US,D,20241030,000000,12.19,12.2,12.19,12.2,300,0
TETEF.US,D,20241031,000000,11.585,12.16,11.585,12.16,302,0
TETEF.US,D,20241101,000000,12.18,12.2,12.17,12.19,410,0
TETEF.US,D,20241104,000000,12.15,12.16,12.15,12.15,4350,0
TETEF.US,D,20241105,000000,12.15,12.15,12.15,12.15,2000,0
TETEF.US,D,20241106,000000,12.19,12.2,12.15,12.15,637,0
TETEF.US,D,20241107,000000,12.15,12.15,12.15,12.15,100,0
TETEF.US,D,20241108,000000,12.15,12.15,12.15,12.15,131,0
TETEF.US,D,20241111,000000,12.19,12.2,11.5637,12.13,21096,0
TETEF.US,D,20241112,000000,12.2,12.21,11.4929,12.18,29172,0
TETEF.US,D,20241113,000000,12.16,12.19,12.16,12.19,200,0
TETEF.US,D,20241114,000000,12.16,12.21,12.16,12.21,437,0
TETEF.US,D,20241115,000000,12.185,12.21,12.185,12.21,1378,0
TETEF.US,D,20241119,000000,12.16,12.16,12.16,12.16,1065,0
TETEF.US,D,20241121,000000,11.89,12.21,11.89,12.21,46346,0
TETEF.US,D,20241125,000000,12.22,12.22,12.21,12.21,10442,0
TETEF.US,D,20241126,000000,12.22,12.22,12.22,12.22,25812,0
TETEF.US,D,20241127,000000,12.23,12.23,12.23,12.23,366,0
TETEF.US,D,20241129,000000,12.23,12.23,12.19,12.23,2750,0
TETEF.US,D,20241202,000000,12.23,12.23,12.23,12.23,15540,0
TETEF.US,D,20241203,000000,12.23,12.23,12.23,12.23,104,0
TETEF.US,D,20241204,000000,12.23,12.23,12.23,12.23,37794,0
TETEF.US,D,20241205,000000,12.23,12.24,12.23,12.24,20210,0
TETEF.US,D,20241206,000000,12.27,12.28,12.23,12.25,11911,0
TETEF.US,D,20241209,000000,12.29,12.29,12.29,12.29,334,0
TETEF.US,D,20241211,000000,12.24,12.29,12.24,12.29,3862,0
TETEF.US,D,20241212,000000,12.21,12.3,12.21,12.3,694,0
TETEF.US,D,20241216,000000,12.32,12.32,12.32,12.32,307,0
TETEF.US,D,20241217,000000,12.3,12.3,12.3,12.3,76679,0
TETEF.US,D,20241218,000000,12.33,12.33,12.33,12.33,319,0
TETEF.US,D,20241226,000000,12.33,12.33,12.33,12.33,101,0
TETEF.US,D,20241227,000000,12.33,12.45,12.24,12.32,7121,0
TETEF.US,D,20250102,000000,12.3,12.35,12.3,12.35,907,0
TETEF.US,D,20250106,000000,12.39,12.39,12.35,12.3501,361,0
TETEF.US,D,20250107,000000,12.39,12.39,12.39,12.39,101,0
TETEF.US,D,20250108,000000,12.35,12.37,12.35,12.36,2927,0
TETEF.US,D,20250110,000000,12.37,12.37,12.37,12.37,238,0
TETEF.US,D,20250113,000000,12.36,12.36,12.36,12.36,622,0
TETEF.US,D,20250114,000000,12.354,12.354,12.24,12.35,23345,0
TETEF.US,D,20250116,000000,12.07,12.07,12.03,12.03,406,0
TETEF.US,D,20250117,000000,12.28,12.28,12.28,12.28,100,0
TETEF.US,D,20250121,000000,12.12,12.12,12.12,12.12,557,0
TETEF.US,D,20250122,000000,12.32,14.45,12.04,12.5,82270,0
