<TICKER>,<PER>,<DATE>,<TIME>,<OPEN>,<HIGH>,<LOW>,<CLOSE>,<VOL>,<OPENINT>
TIVC.US,D,20211111,000000,600,650,450,519,26003,0
TIVC.US,D,20211112,000000,502,569,502,550,26849.99,0
TIVC.US,D,20211115,000000,543,577,535,547,20177.47,0
TIVC.US,D,20211116,000000,550,590,550,558,11935.91,0
TIVC.US,D,20211117,000000,544,559,504,517,17894.43,0
TIVC.US,D,20211118,000000,518,557,442,456,46186.29,0
TIVC.US,D,20211119,000000,455,508,422,461,24155.89,0
TIVC.US,D,20211122,000000,442,448,331.01,370,22222.63,0
TIVC.US,D,20211123,000000,373,424,334.01,382,11631.09,0
TIVC.US,D,20211124,000000,361,379,343,367,3161.9700000000003,0
TIVC.US,D,20211126,000000,348,372,338,349,2212.78,0
TIVC.US,D,20211129,000000,345,380,345,377,5061.08,0
TIVC.US,D,20211130,000000,372,394.51,333,356,10693.59,0
TIVC.US,D,20211201,000000,366,413.99,346.5,355,12598.74,0
TIVC.US,D,20211202,000000,354,415,351,404.5,11006.24,0
TIVC.US,D,20211203,000000,425,454,401,418,13334.11,0
TIVC.US,D,20211206,000000,406,448.99,386,436,14127.69,0
TIVC.US,D,20211207,000000,448,492,440,468,22658.68,0
TIVC.US,D,20211208,000000,481,490,455.01,470,13009.84,0
TIVC.US,D,20211209,000000,460,509,430,458,21613.79,0
TIVC.US,D,20211210,000000,454.72,480,432,440,6892.93,0
TIVC.US,D,20211213,000000,436,465,425,448,9698.62,0
TIVC.US,D,20211214,000000,444,467.5,433,459,5310.6900000000005,0
TIVC.US,D,20211215,000000,451,456,433.01,447,2501.71,0
TIVC.US,D,20211216,000000,444,453.43,435,444,1358.3700000000001,0
TIVC.US,D,20211217,000000,437,454,427.99,428,3389.46,0
TIVC.US,D,20211220,000000,430,445,421,437,4652.72,0
TIVC.US,D,20211221,000000,440,447,421.01,426,6635.53,0
TIVC.US,D,20211222,000000,428,442.99,412,422,6025.09,0
TIVC.US,D,20211223,000000,416,430,395,401,6275.2300000000005,0
TIVC.US,D,20211227,000000,414,414,375,382,4046.69,0
TIVC.US,D,20211228,000000,381,402,370.04,394,5786.06,0
TIVC.US,D,20211229,000000,390,391,378,385,1484.99,0
TIVC.US,D,20211230,000000,381,394,379,381,1378.65,0
TIVC.US,D,20211231,000000,378,397,365,388,5151.76,0
TIVC.US,D,20220103,000000,387,407,380,405,4932.95,0
TIVC.US,D,20220104,000000,407,407,396,400,1260.1000000000001,0
TIVC.US,D,20220105,000000,401,406,378,383,2606.82,0
TIVC.US,D,20220106,000000,383,383.72,341,349,4614.32,0
TIVC.US,D,20220107,000000,349,349,316,321,3384.4500000000003,0
TIVC.US,D,20220110,000000,319,319,263,283,10590.24,0
TIVC.US,D,20220111,000000,286,350,286,311,7579.4800000000005,0
TIVC.US,D,20220112,000000,306,319,295,317,7045,0
TIVC.US,D,20220113,000000,325,328,300,305,3346.19,0
TIVC.US,D,20220114,000000,300,304,290,297,1407.5,0
TIVC.US,D,20220118,000000,311,318,280,290,10433.25,0
TIVC.US,D,20220119,000000,292,306,276.01,288,7809.96,0
TIVC.US,D,20220120,000000,294,304,285,288,9394.85,0
TIVC.US,D,20220121,000000,276,289.99,251,255,6174.64,0
TIVC.US,D,20220124,000000,253,253,201,222,6218.93,0
TIVC.US,D,20220125,000000,214,223,209.43,217,1457.8700000000001,0
TIVC.US,D,20220126,000000,224,224,186,188,5362.650000000001,0
TIVC.US,D,20220127,000000,188,211,151,157,15210.45,0
TIVC.US,D,20220128,000000,151,157,146,152,4307.49,0
TIVC.US,D,20220131,000000,155,175,153,167,6677.71,0
TIVC.US,D,20220201,000000,169,180.72,165,171,1756.31,0
TIVC.US,D,20220202,000000,173,178,160,165,2449.4,0
TIVC.US,D,20220203,000000,160,166,154.5,157,1687,0
TIVC.US,D,20220204,000000,157,170.73,156,167,1023.6700000000001,0
TIVC.US,D,20220207,000000,160,173.36,156,159,4035.34,0
TIVC.US,D,20220208,000000,156,163.99,153,156,1023.01,0
TIVC.US,D,20220209,000000,155,164,153,163,1410.84,0
TIVC.US,D,20220210,000000,156,165,153,156,1380.54,0
TIVC.US,D,20220211,000000,158,160,137,141,2352.13,0
TIVC.US,D,20220214,000000,139,141,132,136,999.24,0
TIVC.US,D,20220215,000000,137,147,137,143,521.89,0
TIVC.US,D,20220216,000000,144,145,136.5,142,1495.52,0
TIVC.US,D,20220217,000000,136.01,146,135,135,1599.16,0
TIVC.US,D,20220218,000000,137.5,138,127,138,2660.35,0
TIVC.US,D,20220222,000000,130,137,130,131,1233.76,0
TIVC.US,D,20220223,000000,136,137,132,132.5,781.98,0
TIVC.US,D,20220224,000000,124,136,123,134,599.96,0
TIVC.US,D,20220225,000000,132,135,131,134,584.38,0
TIVC.US,D,20220228,000000,131,141.99,131,138,349.94,0
TIVC.US,D,20220301,000000,137,140,135,136,870.47,0
TIVC.US,D,20220302,000000,136.15,144.07,136.01,143,618.16,0
TIVC.US,D,20220303,000000,139.01,141.5,136,136.89,343.23,0
TIVC.US,D,20220304,000000,131,139.98,131,138.99,889.84,0
TIVC.US,D,20220307,000000,136,138,134,135,892.15,0
TIVC.US,D,20220308,000000,131,136.99,130.01,133,436.86,0
TIVC.US,D,20220309,000000,138.5,154.81,134,148.66,1257.49,0
TIVC.US,D,20220310,000000,144,168,138,159,2820.71,0
TIVC.US,D,20220311,000000,163,163,141,148.5,1411.04,0
TIVC.US,D,20220314,000000,147,166,142,155,1360.19,0
TIVC.US,D,20220315,000000,150,167,148,151.83,548.5600000000001,0
TIVC.US,D,20220316,000000,153,153.99,145,152,492.95,0
TIVC.US,D,20220317,000000,148,166.99,145,163.62,3287.27,0
TIVC.US,D,20220318,000000,166,200,162,164,7876.01,0
TIVC.US,D,20220321,000000,164,172,157,165.52,1605.24,0
TIVC.US,D,20220322,000000,171,178.76,161.01,167.99,595.35,0
TIVC.US,D,20220323,000000,161,167.41,156,158.98,549.19,0
TIVC.US,D,20220324,000000,156,166.99,147,154,1185.64,0
TIVC.US,D,20220325,000000,153.4,164.19,148,154.55,387.41,0
TIVC.US,D,20220328,000000,156,175.93,154,167.29,2379.44,0
TIVC.US,D,20220329,000000,165,165.99,157,162,479.69,0
TIVC.US,D,20220330,000000,161.33,164,156,164,226.81,0
TIVC.US,D,20220331,000000,163,165,155.29,160.99,468.12,0
TIVC.US,D,20220401,000000,160,170,155.7,168,657.53,0
TIVC.US,D,20220404,000000,156,166.99,155,162,233.61,0
TIVC.US,D,20220405,000000,158,167,155,158,1098.57,0
TIVC.US,D,20220406,000000,155,162,153,160,530.24,0
TIVC.US,D,20220407,000000,158.5,162,155,158,292.99,0
TIVC.US,D,20220408,000000,157.1,157.99,155,156,402.58,0
TIVC.US,D,20220411,000000,155.01,167,154,156.99,480.23,0
TIVC.US,D,20220412,000000,157,163,150,157,1726.39,0
TIVC.US,D,20220413,000000,155,167,154,162,877.11,0
TIVC.US,D,20220414,000000,159.2,164.91,155.5,158.5,841.3100000000001,0
TIVC.US,D,20220418,000000,155,166.99,141,151.99,3395.67,0
TIVC.US,D,20220419,000000,148,155.01,147,149,570.09,0
TIVC.US,D,20220420,000000,145.01,151,142,148.62,639.23,0
TIVC.US,D,20220421,000000,147,161,140,144.99,1634.44,0
TIVC.US,D,20220422,000000,143,146,140,145,505.15000000000003,0
TIVC.US,D,20220425,000000,142,157.99,138,140,357.40000000000003,0
TIVC.US,D,20220426,000000,137,148.99,137,143,561,0
TIVC.US,D,20220427,000000,142.39,185,142.39,148.5,5103.3,0
TIVC.US,D,20220428,000000,143.9,155,143.9,154,414.01,0
TIVC.US,D,20220429,000000,151,155.85,149,153,408.51,0
TIVC.US,D,20220502,000000,150,152,142,149,839.28,0
TIVC.US,D,20220503,000000,145,160,144,160,702.14,0
TIVC.US,D,20220504,000000,156,175,156,170,1857.02,0
TIVC.US,D,20220505,000000,170,177.5,162,171,963.6,0
TIVC.US,D,20220506,000000,166.52,174,164.75,172,301.34000000000003,0
TIVC.US,D,20220509,000000,170.62,174.96,163.42,169,1104.92,0
TIVC.US,D,20220510,000000,176.95,197.5,169,191,1833.25,0
TIVC.US,D,20220511,000000,195,208,153,158,2091.61,0
TIVC.US,D,20220512,000000,151,167,151,160,463.01,0
TIVC.US,D,20220513,000000,160,166.99,152,163.99,377.26,0
TIVC.US,D,20220516,000000,160,170,155.52,163,735.12,0
TIVC.US,D,20220517,000000,171,172,160.2,164,367.74,0
TIVC.US,D,20220518,000000,168.99,168.99,149,161,730.25,0
TIVC.US,D,20220519,000000,157,178,157,171,303.25,0
TIVC.US,D,20220520,000000,167,167.99,164.27,165,88.53,0
TIVC.US,D,20220523,000000,168,175,160,174.98,313.91,0
TIVC.US,D,20220524,000000,181,187,166.72,180,120.41,0
TIVC.US,D,20220525,000000,190,190,169,169,167.83,0
TIVC.US,D,20220526,000000,177.75,181,163,170,656.17,0
TIVC.US,D,20220527,000000,165,172,162,167,236.26,0
TIVC.US,D,20220531,000000,180,180,161,170,142.42000000000002,0
TIVC.US,D,20220601,000000,178,178,163,171,91.85000000000001,0
TIVC.US,D,20220602,000000,171,186,161,183,519.12,0
TIVC.US,D,20220603,000000,190,190,167,179,1164.54,0
TIVC.US,D,20220606,000000,176,182,160,181,387.13,0
TIVC.US,D,20220607,000000,179,188.54,166.01,188,398.76,0
TIVC.US,D,20220608,000000,188,188,182,184,74.77,0
TIVC.US,D,20220609,000000,175,184.45,174,184,229.93,0
TIVC.US,D,20220610,000000,187.99,187.99,168,170,332.22,0
TIVC.US,D,20220613,000000,191,191,164.62,171.99,648.14,0
TIVC.US,D,20220614,000000,168,179,166.12,175,96.73,0
TIVC.US,D,20220615,000000,174,197,174,185,424.92,0
TIVC.US,D,20220616,000000,194,214.72,185,190,1133.76,0
TIVC.US,D,20220617,000000,195,247,188,240,3347.27,0
TIVC.US,D,20220621,000000,275,282,230,232,3096.31,0
TIVC.US,D,20220622,000000,216,231.99,205,209,1135.55,0
TIVC.US,D,20220623,000000,228.47,232,205,218,943.45,0
TIVC.US,D,20220624,000000,227,239.57,215,215,697.26,0
TIVC.US,D,20220627,000000,207,224.99,205,216,531.78,0
TIVC.US,D,20220628,000000,214,226.99,205,216,232.94,0
TIVC.US,D,20220629,000000,207,220.33,200,201,385.25,0
TIVC.US,D,20220630,000000,200,202,179,195,659.94,0
TIVC.US,D,20220701,000000,194.99,205.99,184,192,425.55,0
TIVC.US,D,20220705,000000,185,195,184.01,191,133.07,0
TIVC.US,D,20220706,000000,191.01,196.01,184.01,185,204.21,0
TIVC.US,D,20220707,000000,189,203,180.01,193,888.44,0
TIVC.US,D,20220708,000000,203,207,191,194,178.92000000000002,0
TIVC.US,D,20220711,000000,191,207.99,190,206,515.52,0
TIVC.US,D,20220712,000000,197,197,185,192,366.77,0
TIVC.US,D,20220713,000000,194,209,188,198,811.48,0
TIVC.US,D,20220714,000000,202,226.99,191,225,2044,0
TIVC.US,D,20220715,000000,232,232,216.01,224,272.46,0
TIVC.US,D,20220718,000000,217,229.9,204.5,209.93,643.24,0
TIVC.US,D,20220719,000000,224,224,201,208,431.06,0
TIVC.US,D,20220720,000000,205,219.99,205,215,284.57,0
TIVC.US,D,20220721,000000,213,225,211,218,444.39,0
TIVC.US,D,20220722,000000,214.5,220,202,220,607.86,0
TIVC.US,D,20220725,000000,224.84,224.84,214,215,151.41,0
TIVC.US,D,20220726,000000,202,214,186,199.5,1047.41,0
TIVC.US,D,20220727,000000,190,215,190,206,443.45,0
TIVC.US,D,20220728,000000,197.6,219.99,197.6,216,303.25,0
TIVC.US,D,20220729,000000,214,247,212.01,225,1791.78,0
TIVC.US,D,20220801,000000,223.11,234.99,215,223.1,238.48000000000002,0
TIVC.US,D,20220802,000000,224,277.84,224,273,2168.52,0
TIVC.US,D,20220803,000000,286,287,254,275,1773.93,0
TIVC.US,D,20220804,000000,282,287,261,280,1634.75,0
TIVC.US,D,20220805,000000,270.5,276,261,263,239.04,0
TIVC.US,D,20220808,000000,263,268,228,237,1317.15,0
TIVC.US,D,20220809,000000,234,258,226.13,236,2669.03,0
TIVC.US,D,20220810,000000,249,249,195,207,1561.18,0
TIVC.US,D,20220811,000000,204,221,204,213,390.99,0
TIVC.US,D,20220812,000000,230,233.99,200,204,639.02,0
TIVC.US,D,20220815,000000,212,232.7,191,203,6069.96,0
TIVC.US,D,20220816,000000,199,208.99,190.01,195,1314.79,0
TIVC.US,D,20220817,000000,194.01,210,194.01,210,349.26,0
TIVC.US,D,20220818,000000,200,206,192,193,1207.27,0
TIVC.US,D,20220819,000000,193,195.99,184.5,189,846.8100000000001,0
TIVC.US,D,20220822,000000,184.53,194,184.53,190,162.51,0
TIVC.US,D,20220823,000000,185,202,185,198,366.07,0
TIVC.US,D,20220824,000000,192,208,187,204,333.12,0
TIVC.US,D,20220825,000000,202,202,197,197.01,143.21,0
TIVC.US,D,20220826,000000,199,201,193,193.01,95.37,0
TIVC.US,D,20220829,000000,195,198,188.47,193,293.99,0
TIVC.US,D,20220830,000000,194,202,184.75,198,228.13,0
TIVC.US,D,20220831,000000,194,199.65,185.01,190.99,550.69,0
TIVC.US,D,20220901,000000,191.68,205,185,194,693.6,0
TIVC.US,D,20220902,000000,202,202,185,190,320.64,0
TIVC.US,D,20220906,000000,199,199,186.87,193,164.44,0
TIVC.US,D,20220907,000000,199,199,190,196,220.34,0
TIVC.US,D,20220908,000000,200,200,189,200,286.43,0
TIVC.US,D,20220909,000000,202,202,192,193,168.58,0
TIVC.US,D,20220912,000000,190,200,190,195,127.94,0
TIVC.US,D,20220913,000000,190,200,187,197,254.49,0
TIVC.US,D,20220914,000000,190,198.08,184,189,277.13,0
TIVC.US,D,20220915,000000,193.45,193.45,187,188,217.13,0
TIVC.US,D,20220916,000000,184,190.93,164,170,1020.07,0
TIVC.US,D,20220919,000000,171,180,164,170,464.62,0
TIVC.US,D,20220920,000000,179,181.73,164,175,482.48,0
TIVC.US,D,20220921,000000,171,171,156,159,173.6,0
TIVC.US,D,20220922,000000,172,173,156,166,425.90000000000003,0
TIVC.US,D,20220923,000000,159,177.99,143.01,149,529.55,0
TIVC.US,D,20220926,000000,150,159.99,144,145,441.16,0
TIVC.US,D,20220927,000000,142,149.99,121,136,1024.45,0
TIVC.US,D,20220928,000000,139.47,145.99,138,141,91.63,0
TIVC.US,D,20220929,000000,139,145,136.48,145,67.49,0
TIVC.US,D,20220930,000000,143,156,143,145,276.14,0
TIVC.US,D,20221003,000000,151,152.62,141,148,217.95000000000002,0
TIVC.US,D,20221004,000000,141,178,141,151.5,92.22,0
TIVC.US,D,20221005,000000,152,186.01,144,157.5,207.6,0
TIVC.US,D,20221006,000000,165.51,175.99,146,154,126.29,0
TIVC.US,D,20221007,000000,154,159,140,141,239.37,0
TIVC.US,D,20221010,000000,158.99,158.99,140,145,101.89,0
TIVC.US,D,20221011,000000,142,147.64,141,144,243.23000000000002,0
TIVC.US,D,20221012,000000,144,155.82,141.01,153,395.22,0
TIVC.US,D,20221013,000000,145,154,145,152,79.95,0
TIVC.US,D,20221014,000000,150.01,157,150,156.23,40.1,0
TIVC.US,D,20221017,000000,170,176.99,155,169,814.1,0
TIVC.US,D,20221018,000000,156,185,155,171,1084.16,0
TIVC.US,D,20221019,000000,168,198,159,159,942.16,0
TIVC.US,D,20221020,000000,186.99,186.99,152.49,175.5,512.85,0
TIVC.US,D,20221021,000000,167,171.99,158,166,118.88,0
TIVC.US,D,20221024,000000,159,171,158.5,171,128.81,0
TIVC.US,D,20221025,000000,168.5,176,168.5,175,117.19,0
TIVC.US,D,20221026,000000,165,171.88,160,163,704.35,0
TIVC.US,D,20221027,000000,163,169,153,156,216.24,0
TIVC.US,D,20221028,000000,149,169,149,154,352.59000000000003,0
TIVC.US,D,20221031,000000,151,168,150,158,343.28000000000003,0
TIVC.US,D,20221101,000000,155,159,150,155,642.19,0
TIVC.US,D,20221102,000000,173,173,144.01,148,362.55,0
TIVC.US,D,20221103,000000,159,159,144.5,146,310.94,0
TIVC.US,D,20221104,000000,150,161,145,156,379.99,0
TIVC.US,D,20221107,000000,154,159,153,157.84,302.7,0
TIVC.US,D,20221108,000000,166,168,158,161,344.23,0
TIVC.US,D,20221109,000000,170,170.01,150,154.83,217.88,0
TIVC.US,D,20221110,000000,157,177.04,156,161,457.57,0
TIVC.US,D,20221111,000000,170.01,172.51,157,166,278.92,0
TIVC.US,D,20221114,000000,162,174,160,166,543.79,0
TIVC.US,D,20221115,000000,160,169.91,159,162.99,178.34,0
TIVC.US,D,20221116,000000,165,165,140.48,152,683.87,0
TIVC.US,D,20221117,000000,159,159,148,151,190.25,0
TIVC.US,D,20221118,000000,154.42,154.84,147.01,153,328.79,0
TIVC.US,D,20221121,000000,147,153,142,146.99,311.76,0
TIVC.US,D,20221122,000000,145,147,141,143,212.18,0
TIVC.US,D,20221123,000000,147,147,135,140,380.07,0
TIVC.US,D,20221125,000000,141,143,135.17,139.99,508.03000000000003,0
TIVC.US,D,20221128,000000,138,142,131,137.5,369.85,0
TIVC.US,D,20221129,000000,144,144,132,134.16,284.88,0
TIVC.US,D,20221130,000000,137,140,128,132,283.1,0
TIVC.US,D,20221201,000000,138,139,129,135.01,749.53,0
TIVC.US,D,20221202,000000,131.37,135,103.01,120,1866.1200000000001,0
TIVC.US,D,20221205,000000,121,122,111,116,496.92,0
TIVC.US,D,20221206,000000,115,120,110,114.9,510.31,0
TIVC.US,D,20221207,000000,112,124,108,115,673.25,0
TIVC.US,D,20221208,000000,110,118,108,110.82,756.0500000000001,0
TIVC.US,D,20221209,000000,108,108,83,93.42,1918.4,0
TIVC.US,D,20221212,000000,93.5,93.5,83,91.5099,476.41,0
TIVC.US,D,20221213,000000,86,95.64,86,90,323.26,0
TIVC.US,D,20221214,000000,92.72,98.3699,70,81,1938.98,0
TIVC.US,D,20221215,000000,81,81,77.3651,79.51,306.08,0
TIVC.US,D,20221216,000000,79.55,85,79.55,82,142.91,0
TIVC.US,D,20221219,000000,82,89.98,75,82.5,319.5,0
TIVC.US,D,20221220,000000,78,89.99,78,82.98,240.58,0
TIVC.US,D,20221221,000000,73.23,78.9999,62.0101,64.5,1812.5900000000001,0
TIVC.US,D,20221222,000000,62.57,64,62,62.9,390.71000000000004,0
TIVC.US,D,20221223,000000,61,65.9799,55.152,62,445.01,0
TIVC.US,D,20221227,000000,61.06,64.9899,51,61.06,274.25,0
TIVC.US,D,20221228,000000,60.0101,62,57.0101,62,133.89000000000001,0
TIVC.US,D,20221229,000000,60.5049,61.99,55,61.99,629.36,0
TIVC.US,D,20221230,000000,56,68.98,56,63.99,667.79,0
TIVC.US,D,20230103,000000,66.92,67.5,62,65.4999,181.19,0
TIVC.US,D,20230104,000000,65.5,73.7416,65.21,72.4,945.35,0
TIVC.US,D,20230105,000000,66,74.9999,65,74.9899,171.06,0
TIVC.US,D,20230106,000000,71.5,74,68.0101,71.7749,121.25,0
TIVC.US,D,20230109,000000,73.61,74,69.02,69.02,214.94,0
TIVC.US,D,20230110,000000,69,74.9899,53.38,61.9999,2015.51,0
TIVC.US,D,20230111,000000,66.2,66.2,58,60.01,662,0
TIVC.US,D,20230112,000000,65,75,57,71.3501,1377.15,0
TIVC.US,D,20230113,000000,72,74.9899,61,68.9899,960.45,0
TIVC.US,D,20230117,000000,67,70.4799,64,67.83,144.84,0
TIVC.US,D,20230118,000000,66.88,73.775,60,72.9299,659.28,0
TIVC.US,D,20230119,000000,72.76,72.93,69,72.93,143.51,0
TIVC.US,D,20230120,000000,72.9,83,72.8,77.5,634.63,0
TIVC.US,D,20230123,000000,77.5001,85,66.61,68.5,541.64,0
TIVC.US,D,20230124,000000,75.2799,75.2799,65,68.04,602.34,0
TIVC.US,D,20230125,000000,71.0101,72.0916,65,68.03,399.05,0
TIVC.US,D,20230126,000000,70,73.78,68.0401,73.78,474.63,0
TIVC.US,D,20230127,000000,75.26,78,70.01,74,748.54,0
TIVC.US,D,20230130,000000,72.78,79,72.78,75,116.13,0
TIVC.US,D,20230131,000000,71.01,84.99,71.01,83.17,662.9,0
TIVC.US,D,20230201,000000,78,83,76.07,78.01,544.22,0
TIVC.US,D,20230202,000000,75.0101,81,71.5,71.5,366.82,0
TIVC.US,D,20230203,000000,77.42,80,68.66,78,1260.68,0
TIVC.US,D,20230206,000000,80.99,83.53,78.52,80.72,265.06,0
TIVC.US,D,20230207,000000,78,78.99,65.0101,67.01,2121.06,0
TIVC.US,D,20230208,000000,66.94,66.94,45,50,17890.55,0
TIVC.US,D,20230209,000000,24.15,25,21.51,23.17,108216.28,0
TIVC.US,D,20230210,000000,22.89,23.4,22.02,22.02,23303.18,0
TIVC.US,D,20230213,000000,21.5,22.82,21.1,21.9,18537.600000000002,0
TIVC.US,D,20230214,000000,22.5,22.88,21.56,22.38,7959.7300000000005,0
TIVC.US,D,20230215,000000,21.83,22.47,21.02,21.1,13654.73,0
TIVC.US,D,20230216,000000,21.5,21.8,20,21.8,12978.550000000001,0
TIVC.US,D,20230217,000000,21.15,21.79,20,20.8,5011.3,0
TIVC.US,D,20230221,000000,20.18,21,19.06,19.38,6922.43,0
TIVC.US,D,20230222,000000,19.22,24.7,19.21,21.9,72445.37,0
TIVC.US,D,20230223,000000,21.9,22.17,20,20.78,20152.170000000002,0
TIVC.US,D,20230224,000000,20.4,20.69,19.07,20,15159.25,0
TIVC.US,D,20230227,000000,21,22,19,19.84,5828.72,0
TIVC.US,D,20230228,000000,19.77,19.84,18.11,19.14,14110.93,0
TIVC.US,D,20230301,000000,19.14,21.63,18.19,19.96,34385.47,0
TIVC.US,D,20230302,000000,20.4,23.1,19.4,22.77,45691.17,0
TIVC.US,D,20230303,000000,22.96,23.5,21.25,21.79,13315.970000000001,0
TIVC.US,D,20230306,000000,21.31,22,19.55,21.95,7356.59,0
TIVC.US,D,20230307,000000,21.79,21.79,20.15,21,4112.56,0
TIVC.US,D,20230308,000000,20.63,22,20.61,21.87,4052.9900000000002,0
TIVC.US,D,20230309,000000,21.21,23.45,21.21,22.09,11777.710000000001,0
TIVC.US,D,20230310,000000,21.79,22.09,20,21,6947.18,0
TIVC.US,D,20230313,000000,19.4,20.99,19.06,19.75,11835.24,0
TIVC.US,D,20230314,000000,19.99,20.5,18.54,18.78,9145.37,0
TIVC.US,D,20230315,000000,18.9,18.91,17.03,18.8,9595.19,0
TIVC.US,D,20230316,000000,18.24,18.86,17.5,18.78,2760.91,0
TIVC.US,D,20230317,000000,18.6,18.85,17.5,18.51,2670.17,0
TIVC.US,D,20230320,000000,18.51,18.77,17.06,17.84,3180.16,0
TIVC.US,D,20230321,000000,18,19.43,17.5,18.52,4555.87,0
TIVC.US,D,20230322,000000,18.17,18.51,17.3,17.94,2062.71,0
TIVC.US,D,20230323,000000,17.25,17.9899,17.09,17.2,1342.99,0
TIVC.US,D,20230324,000000,17.9,17.9,17.03,17.6,2675.11,0
TIVC.US,D,20230327,000000,17.45,17.79,17.03,17.58,628.3100000000001,0
TIVC.US,D,20230328,000000,17.6,18.9,17.4,17.6,4322.6,0
TIVC.US,D,20230329,000000,17.56,23.4,16,17.3,82231.18000000001,0
TIVC.US,D,20230330,000000,16.06,17.58,16.06,17.38,11887.93,0
TIVC.US,D,20230331,000000,15.22,16.7,14.47,15.06,21422.45,0
TIVC.US,D,20230403,000000,14.21,15,13,13.24,20444.43,0
TIVC.US,D,20230404,000000,13.53,14.32,13.01,13.02,5829.68,0
TIVC.US,D,20230405,000000,13.15,13.47,12.7,13.1,2788.39,0
TIVC.US,D,20230406,000000,13.48,14.8,13.11,13.61,13116.33,0
TIVC.US,D,20230410,000000,14.7,14.84,13.34,13.5,3667.28,0
TIVC.US,D,20230411,000000,14.07,16,13.36,15.1,26131.7,0
TIVC.US,D,20230412,000000,15.5,15.5,13.87,14.3,7398.58,0
TIVC.US,D,20230413,000000,15.56,18,14.8499,16.5,42876.79,0
TIVC.US,D,20230414,000000,15.67,16.21,14.11,14.32,14202.35,0
TIVC.US,D,20230417,000000,13.89,15.01,13.45,14.64,6534.610000000001,0
TIVC.US,D,20230418,000000,15.16,22,14,15.2,156323.75,0
TIVC.US,D,20230419,000000,15.9,15.98,14.35,15.04,36951.88,0
TIVC.US,D,20230420,000000,14.99,16.2,13.8,14.58,10796,0
TIVC.US,D,20230421,000000,14.77,15.5,13.47,14.04,7513.35,0
TIVC.US,D,20230424,000000,14.33,14.6432,13.2,13.7,3403.23,0
TIVC.US,D,20230425,000000,13.28,13.9,13.1,13.11,4629.62,0
TIVC.US,D,20230426,000000,13.43,15.78,13,13.6,20326.36,0
TIVC.US,D,20230427,000000,13.22,14.49,13.22,14.05,7561.52,0
TIVC.US,D,20230428,000000,13.745,14.91,13.0575,13.89,5081.76,0
TIVC.US,D,20230501,000000,14.24,14.4,13.06,13.18,3999.39,0
TIVC.US,D,20230502,000000,13.88,13.88,12.5,13.22,2673.03,0
TIVC.US,D,20230503,000000,12.51,13.43,12.51,13.21,2716.46,0
TIVC.US,D,20230504,000000,12.57,13.21,12.57,12.88,5328.4400000000005,0
TIVC.US,D,20230505,000000,13.38,13.38,12.03,12.64,4145.61,0
TIVC.US,D,20230508,000000,13,13.2351,12.25,13,15200.26,0
TIVC.US,D,20230509,000000,14.96,17.5,14.02,15.4,77208.3,0
TIVC.US,D,20230510,000000,18.83,19,15.16,16.48,83191.33,0
TIVC.US,D,20230511,000000,20,23.79,17.05,17.4,269571.84,0
TIVC.US,D,20230512,000000,18.34,21,15.5,17.78,108271.89,0
TIVC.US,D,20230515,000000,20.47,20.47,17.9,19,182904.15,0
TIVC.US,D,20230516,000000,13.3,14.59,12.7,13.05,77401.17,0
TIVC.US,D,20230517,000000,12.55,12.9,11.68,12.75,45763.31,0
TIVC.US,D,20230518,000000,12.82,13,12.35,13,14521.380000000001,0
TIVC.US,D,20230519,000000,12.64,13.59,12.4,12.93,19507.22,0
TIVC.US,D,20230522,000000,12.6,12.7,11.64,11.74,19696.46,0
TIVC.US,D,20230523,000000,12.25,12.6,11.75,12.05,52238.97,0
TIVC.US,D,20230524,000000,12.95,12.95,12,12.05,56943.49,0
TIVC.US,D,20230525,000000,11.7,12.08,11.12,12,29568.18,0
TIVC.US,D,20230526,000000,11.16,11.59,10.62,11,22498.47,0
TIVC.US,D,20230530,000000,11,11.4,10.51,10.7,19594.97,0
TIVC.US,D,20230531,000000,11.39,11.39,10.11,10.79,11208.85,0
TIVC.US,D,20230601,000000,10.3,10.62,10.11,10.22,10098.82,0
TIVC.US,D,20230602,000000,10.6,11,10.2,10.93,13670.93,0
TIVC.US,D,20230605,000000,11,11.58,10.35,10.7428,12850.86,0
TIVC.US,D,20230606,000000,10.74,10.74,9.48,9.81,19450.18,0
TIVC.US,D,20230607,000000,9.91,9.98,9,9.74,9600.5,0
TIVC.US,D,20230608,000000,10,10,9.32,9.61,5937.4400000000005,0
TIVC.US,D,20230609,000000,10,10,8.8,9.39,11218.97,0
TIVC.US,D,20230612,000000,9.69,10.55,8.7,10.35,42434.4,0
TIVC.US,D,20230613,000000,9.5,9.8,9.05,9.26,25710.68,0
TIVC.US,D,20230614,000000,9.25,9.4999,9.02,9.3,7410.57,0
TIVC.US,D,20230615,000000,9.65,9.65,8.8,9.28,15779.99,0
TIVC.US,D,20230616,000000,9.77,13.21,9.3,9.85,228879.03,0
TIVC.US,D,20230620,000000,12,12,9.5,10.87,65553.04000000001,0
TIVC.US,D,20230621,000000,9.93,10.69,9.27,9.84,25524.440000000002,0
TIVC.US,D,20230622,000000,10.28,10.92,9.5,10.1,17352.49,0
TIVC.US,D,20230623,000000,10.6,10.9,10,10.2,9988.95,0
TIVC.US,D,20230626,000000,10.27,10.9,10,10.01,4829.92,0
TIVC.US,D,20230627,000000,14.5,21.75,13.3,13.91,1615512.92,0
TIVC.US,D,20230628,000000,12,12.65,11.13,11.4,73054.8,0
TIVC.US,D,20230629,000000,11.13,11.89,10.665,11.22,29216.37,0
TIVC.US,D,20230630,000000,11.28,11.36,10.26,10.59,28649.510000000002,0
TIVC.US,D,20230703,000000,10.3,10.78,10.09,10.3,13692.36,0
TIVC.US,D,20230705,000000,10.4,11.94,10.15,11.3,46306.53,0
TIVC.US,D,20230706,000000,11.17,11.3,10.41,10.98,23887.95,0
TIVC.US,D,20230707,000000,10.7,11.2,10.67,10.96,60805.11,0
TIVC.US,D,20230710,000000,6.08,7.5,5.9,7.1,553722.11,0
TIVC.US,D,20230711,000000,7.86,8,6.61,7.38,229988.45,0
TIVC.US,D,20230712,000000,6.96,7.1,6.62,6.9,89047.85,0
TIVC.US,D,20230713,000000,6.67,6.95,6.58,6.64,78362.66,0
TIVC.US,D,20230714,000000,6.53,6.68,6.11,6.33,87049.85,0
TIVC.US,D,20230717,000000,4.7,4.7,4.18,4.5,449556.45,0
TIVC.US,D,20230718,000000,4.48,4.7,4.33,4.7,314148.64,0
TIVC.US,D,20230719,000000,4.6,4.78,4.33,4.55,344794.34,0
TIVC.US,D,20230720,000000,4.65,4.69,4.42,4.53,288169.32,0
TIVC.US,D,20230721,000000,4.52,4.6,4.25,4.5,187064.72,0
TIVC.US,D,20230724,000000,4.31,4.4299,4.19,4.27,138702.23,0
TIVC.US,D,20230725,000000,4.45,4.97,4.27,4.7,273992.77,0
TIVC.US,D,20230726,000000,4.58,5.06,4.3,4.84,243833.31,0
TIVC.US,D,20230727,000000,4.8,5.02,4.61,4.84,147043.32,0
TIVC.US,D,20230728,000000,4.99,5.08,4.7,4.99,189289.57,0
TIVC.US,D,20230731,000000,5.16,5.16,4.7,4.9,160160.78,0
TIVC.US,D,20230801,000000,4.71,4.9,4.51,4.6,141397.22,0
TIVC.US,D,20230802,000000,4.45,5.25,4.3,5.21,422263.46,0
TIVC.US,D,20230803,000000,5.12,5.83,4.76,5.77,646615.3,0
TIVC.US,D,20230804,000000,6.9,7.3,5.82,7.17,1729870.37,0
TIVC.US,D,20230807,000000,4.26,4.65,4.19,4.5,532619.23,0
TIVC.US,D,20230808,000000,4.32,4.33,3.88,4.1,397954.14,0
TIVC.US,D,20230809,000000,4.05,4.75,4.05,4.37,571881.3,0
TIVC.US,D,20230810,000000,4.1,4.27,4,4.09,258324.38,0
TIVC.US,D,20230811,000000,3.9,3.99,3.71,3.74,268181.95,0
TIVC.US,D,20230814,000000,3.7,4.18,3.64,3.98,210201.88,0
TIVC.US,D,20230815,000000,3.8,3.92,3.52,3.72,238042.18,0
TIVC.US,D,20230816,000000,4.3,6.74,4.21,6.7,3492541.5,0
TIVC.US,D,20230817,000000,9,11.46,5.97,6.43,5937105.600000001,0
TIVC.US,D,20230818,000000,5.8,6.2,5.01,5.98,971300.54,0
TIVC.US,D,20230821,000000,5.5,6.73,5.25,5.9,641629.1900000001,0
TIVC.US,D,20230822,000000,5.6,6.2,3.7,3.94,1371877.01,0
TIVC.US,D,20230823,000000,3.9,4,2.7707,2.88,1429104,0
TIVC.US,D,20230824,000000,2.71,3.2,2.55,2.61,1044152,0
TIVC.US,D,20230825,000000,2.49,2.54,2,2.18,567853,0
TIVC.US,D,20230828,000000,2.31,2.39,1.9008,1.94,992655,0
TIVC.US,D,20230829,000000,3.96,4.01,2.78,2.98,25336995,0
TIVC.US,D,20230830,000000,2.6,2.7499,2.34,2.66,1185669,0
TIVC.US,D,20230831,000000,2.51,2.75,2.3901,2.43,552040,0
TIVC.US,D,20230901,000000,2.41,3.49,2.41,3.09,2543744,0
TIVC.US,D,20230905,000000,3.09,3.1,2.6952,2.87,557875,0
TIVC.US,D,20230906,000000,2.8,3.0899,2.68,2.87,243242,0
TIVC.US,D,20230907,000000,2.85,2.9845,2.71,2.84,169744,0
TIVC.US,D,20230908,000000,2.78,2.8799,2.51,2.55,208042,0
TIVC.US,D,20230911,000000,2.61,2.74,2.45,2.67,151374,0
TIVC.US,D,20230912,000000,2.69,2.713,2.5335,2.57,74789,0
TIVC.US,D,20230913,000000,2.6,2.6443,2.46,2.5,64470,0
TIVC.US,D,20230914,000000,2.51,2.65,2.38,2.38,123630,0
TIVC.US,D,20230915,000000,2.4,2.49,2.3,2.34,96070,0
TIVC.US,D,20230918,000000,2.32,2.44,2.26,2.26,147550,0
TIVC.US,D,20230919,000000,2.25,2.2582,2.15,2.18,54812,0
TIVC.US,D,20230920,000000,2.2,2.3,2.13,2.15,55059,0
TIVC.US,D,20230921,000000,2.13,2.2299,2.05,2.15,58251,0
TIVC.US,D,20230922,000000,2.13,2.1463,1.91,1.99,71614,0
TIVC.US,D,20230925,000000,1.95,2.04,1.9,2.01,47299,0
TIVC.US,D,20230926,000000,2.06,2.06,1.93,1.98,125333,0
TIVC.US,D,20230927,000000,2,2.1,1.92,1.93,142875,0
TIVC.US,D,20230928,000000,1.94,2,1.7408,1.79,95450,0
TIVC.US,D,20230929,000000,1.76,1.85,1.72,1.73,51052,0
TIVC.US,D,20231002,000000,1.81,1.8799,1.78,1.84,90956,0
TIVC.US,D,20231003,000000,1.78,1.8064,1.71,1.71,52320,0
TIVC.US,D,20231004,000000,1.7,1.7,1.6,1.7,53138,0
TIVC.US,D,20231005,000000,1.62,1.67,1.58,1.67,52664,0
TIVC.US,D,20231006,000000,1.68,1.68,1.48,1.52,97189,0
TIVC.US,D,20231009,000000,1.53,1.54,1.4401,1.45,36005,0
TIVC.US,D,20231010,000000,1.5,1.75,1.46,1.7,114979,0
TIVC.US,D,20231011,000000,1.75,1.75,1.57,1.61,48914,0
TIVC.US,D,20231012,000000,1.66,1.66,1.5447,1.59,33255,0
TIVC.US,D,20231013,000000,1.71,1.71,1.52,1.54,26332,0
TIVC.US,D,20231016,000000,1.51,1.55,1.47,1.52,26051,0
TIVC.US,D,20231017,000000,1.52,1.56,1.5,1.5,17977,0
TIVC.US,D,20231018,000000,1.46,1.53,1.4088,1.42,22373,0
TIVC.US,D,20231019,000000,1.52,1.52,1.2,1.2701,63494,0
TIVC.US,D,20231020,000000,1.24,1.2801,1.21,1.22,22859,0
TIVC.US,D,20231023,000000,1.31,1.35,1.21,1.34,34841,0
TIVC.US,D,20231024,000000,1.35,1.39,1.31,1.34,49581,0
TIVC.US,D,20231025,000000,1.3,1.33,1.27,1.3,12831,0
TIVC.US,D,20231026,000000,1.32,1.38,1.2677,1.36,28522,0
TIVC.US,D,20231027,000000,1.34,1.37,1.29,1.29,25393,0
TIVC.US,D,20231030,000000,1.27,1.29,1.2485,1.29,13684,0
TIVC.US,D,20231031,000000,1.26,1.29,1.26,1.27,5206,0
TIVC.US,D,20231101,000000,1.22,1.3,1.22,1.29,19402,0
TIVC.US,D,20231102,000000,1.27,1.34,1.25,1.26,21719,0
TIVC.US,D,20231103,000000,1.3261,1.37,1.15,1.17,120919,0
TIVC.US,D,20231106,000000,1.26,1.26,1.1806,1.19,16992,0
TIVC.US,D,20231107,000000,1.25,1.25,1.1914,1.22,9133,0
TIVC.US,D,20231108,000000,1.2,1.22,1.18,1.2,19346,0
TIVC.US,D,20231109,000000,1.2,1.25,1.17,1.18,23471,0
TIVC.US,D,20231110,000000,1.29,1.29,1.18,1.19,26940,0
TIVC.US,D,20231113,000000,2.28,2.52,1.77,2.14,49685563,0
TIVC.US,D,20231114,000000,2.2,2.5799,2.03,2.18,3969248,0
TIVC.US,D,20231115,000000,1.8,1.99,1.71,1.88,725285,0
TIVC.US,D,20231116,000000,1.77,1.95,1.63,1.91,373720,0
TIVC.US,D,20231117,000000,1.86,1.92,1.72,1.77,161779,0
TIVC.US,D,20231120,000000,1.73,1.83,1.68,1.76,211494,0
TIVC.US,D,20231121,000000,1.72,2.39,1.72,2.29,1383292,0
TIVC.US,D,20231122,000000,2.1,2.24,2.05,2.09,238304,0
TIVC.US,D,20231124,000000,2.09,2.3,2.0655,2.19,89521,0
TIVC.US,D,20231127,000000,2.26,2.36,2.1501,2.3,214062,0
TIVC.US,D,20231128,000000,2.26,2.26,1.86,1.9,119328,0
TIVC.US,D,20231129,000000,2.18,2.4,2,2.32,485621,0
TIVC.US,D,20231130,000000,2.59,3.2099,2.0318,2.17,1411287,0
TIVC.US,D,20231201,000000,2.17,2.21,1.93,2.02,228071,0
TIVC.US,D,20231204,000000,2.17,2.3,2.02,2.17,170670,0
TIVC.US,D,20231205,000000,2.16,2.2,2,2.02,108202,0
TIVC.US,D,20231206,000000,1.99,2,1.78,1.8196,155203,0
TIVC.US,D,20231207,000000,1.83,2.1776,1.8,2.05,324864,0
TIVC.US,D,20231208,000000,2.09,2.1884,1.9408,2.01,125491,0
TIVC.US,D,20231211,000000,2.06,2.1,1.91,1.94,104575,0
TIVC.US,D,20231212,000000,1.93,2,1.86,1.87,56461,0
TIVC.US,D,20231213,000000,1.86,1.87,1.61,1.76,99146,0
TIVC.US,D,20231214,000000,1.77,1.85,1.69,1.82,131658,0
TIVC.US,D,20231215,000000,1.82,1.8866,1.76,1.79,32135,0
TIVC.US,D,20231218,000000,1.75,1.78,1.7006,1.73,32094,0
TIVC.US,D,20231219,000000,1.7,1.75,1.64,1.75,41541,0
TIVC.US,D,20231220,000000,1.69,1.8,1.66,1.66,34356,0
TIVC.US,D,20231221,000000,1.73,1.9699,1.7,1.85,196128,0
TIVC.US,D,20231222,000000,1.85,1.94,1.79,1.86,98889,0
TIVC.US,D,20231226,000000,1.85,2.05,1.8,1.86,372109,0
TIVC.US,D,20231227,000000,1.8,1.89,1.77,1.85,90179,0
TIVC.US,D,20231228,000000,1.82,1.88,1.79,1.87,38269,0
TIVC.US,D,20231229,000000,1.89,1.89,1.77,1.8,20532,0
TIVC.US,D,20240102,000000,1.77,1.8535,1.72,1.81,20884,0
TIVC.US,D,20240103,000000,1.81,1.83,1.74,1.81,20908,0
TIVC.US,D,20240104,000000,1.77,1.85,1.75,1.76,34216,0
TIVC.US,D,20240105,000000,1.76,1.8417,1.74,1.7701,8338,0
TIVC.US,D,20240108,000000,1.8,1.9437,1.73,1.84,199380,0
TIVC.US,D,20240109,000000,1.84,1.84,1.7414,1.77,29145,0
TIVC.US,D,20240110,000000,1.73,1.8,1.7,1.7147,48628,0
TIVC.US,D,20240111,000000,1.7101,1.74,1.58,1.58,57977,0
TIVC.US,D,20240112,000000,1.63,1.6409,1.5812,1.6137,10733,0
TIVC.US,D,20240116,000000,1.58,1.59,1.33,1.39,81600,0
TIVC.US,D,20240117,000000,1.45,1.544,1.375,1.39,50805,0
TIVC.US,D,20240118,000000,1.35,1.43,1.3,1.36,47936,0
TIVC.US,D,20240119,000000,1.31,1.37,1.3,1.34,25793,0
TIVC.US,D,20240122,000000,1.28,1.3799,1.17,1.3,50431,0
TIVC.US,D,20240123,000000,1.27,1.39,1.27,1.38,9250,0
TIVC.US,D,20240124,000000,1.352,1.391,1.3014,1.31,13459,0
TIVC.US,D,20240125,000000,1.29,1.33,1.2284,1.28,12325,0
TIVC.US,D,20240126,000000,1.2999,1.35,1.25,1.34,36097,0
TIVC.US,D,20240129,000000,1.38,1.38,1.27,1.37,15590,0
TIVC.US,D,20240130,000000,1.48,1.82,1.18,1.25,393724,0
TIVC.US,D,20240131,000000,1.21,1.34,1.19,1.28,37759,0
TIVC.US,D,20240201,000000,1.25,1.31,1.1701,1.3,18224,0
TIVC.US,D,20240202,000000,1.298,1.3,1.2,1.25,10699,0
TIVC.US,D,20240205,000000,1.21,1.28,1.13,1.23,37029,0
TIVC.US,D,20240206,000000,1.245,1.29,1.2027,1.29,23403,0
TIVC.US,D,20240207,000000,1.29,1.29,1.1807,1.23,22504,0
TIVC.US,D,20240208,000000,1.18,1.23,1.1501,1.2,16945,0
TIVC.US,D,20240209,000000,1.18,1.24,1.17,1.24,19574,0
TIVC.US,D,20240212,000000,1.22,1.272,1.2014,1.25,19754,0
TIVC.US,D,20240213,000000,1.23,1.23,1.17,1.19,9693,0
TIVC.US,D,20240214,000000,1.2002,1.3,1.13,1.25,43643,0
TIVC.US,D,20240215,000000,1.27,1.27,1,1.1193,67235,0
TIVC.US,D,20240216,000000,1.09,1.2483,1.09,1.24,31179,0
TIVC.US,D,20240220,000000,1.2,1.28,1.2,1.28,19358,0
TIVC.US,D,20240221,000000,1.24,1.27,1.2003,1.27,12328,0
TIVC.US,D,20240222,000000,1.27,1.27,1.21,1.27,16069,0
TIVC.US,D,20240223,000000,1.22,1.27,1.2,1.24,19974,0
TIVC.US,D,20240226,000000,1.25,1.275,1.2,1.21,11541,0
TIVC.US,D,20240227,000000,1.21,1.265,1.2,1.22,8911,0
TIVC.US,D,20240228,000000,1.21,1.2948,1.21,1.25,6799,0
TIVC.US,D,20240229,000000,1.25,2.24,1.2201,1.7,4524753,0
TIVC.US,D,20240301,000000,1.77,1.77,1.4041,1.41,402809,0
TIVC.US,D,20240304,000000,1.31,1.34,1.25,1.3,97628,0
TIVC.US,D,20240305,000000,1.26,1.3198,1.25,1.25,47974,0
TIVC.US,D,20240306,000000,1.2,1.32,1.2,1.32,12512,0
TIVC.US,D,20240307,000000,1.295,1.3,1.27,1.27,17429,0
TIVC.US,D,20240308,000000,1.27,1.39,1.27,1.39,35672,0
TIVC.US,D,20240311,000000,1.32,1.39,1.3,1.35,11814,0
TIVC.US,D,20240312,000000,1.32,1.397,1.3,1.34,17053,0
TIVC.US,D,20240313,000000,1.32,1.3464,1.3001,1.31,6767,0
TIVC.US,D,20240314,000000,1.28,1.325,1.22,1.2301,22865,0
TIVC.US,D,20240315,000000,1.23,1.31,1.23,1.26,17094,0
TIVC.US,D,20240318,000000,1.34,1.34,1.24,1.25,8118,0
TIVC.US,D,20240319,000000,1.2656,1.2984,1.26,1.26,8448,0
TIVC.US,D,20240320,000000,1.29,1.29,1.24,1.25,8942,0
TIVC.US,D,20240321,000000,1.28,1.29,1.23,1.2899,20276,0
TIVC.US,D,20240322,000000,1.25,1.55,1.25,1.37,112000,0
TIVC.US,D,20240325,000000,1.43,1.4799,1.3701,1.45,460451,0
TIVC.US,D,20240326,000000,1.28,1.29,1.2,1.2,90733,0
TIVC.US,D,20240327,000000,1.2,1.2461,1.18,1.19,39120,0
TIVC.US,D,20240328,000000,1.21,1.38,1.15,1.25,94781,0
TIVC.US,D,20240401,000000,1.24,1.36,1.2,1.22,174224,0
TIVC.US,D,20240402,000000,1.27,1.28,1.17,1.19,65736,0
TIVC.US,D,20240403,000000,1.17,1.23,1.15,1.2,45796,0
TIVC.US,D,20240404,000000,1.2039,1.22,1.1701,1.175,19796,0
TIVC.US,D,20240405,000000,1.15,1.2146,1.15,1.19,27298,0
TIVC.US,D,20240408,000000,1.18,1.27,1.15,1.18,20519,0
TIVC.US,D,20240409,000000,1.1542,1.2096,1.15,1.2,7621,0
TIVC.US,D,20240410,000000,1.17,1.19,1.16,1.16,6020,0
TIVC.US,D,20240411,000000,1.16,1.21,1.16,1.17,12656,0
TIVC.US,D,20240412,000000,1.15,1.2,1.14,1.16,14721,0
TIVC.US,D,20240415,000000,1.14,1.1632,1.08,1.0999,22739,0
TIVC.US,D,20240416,000000,1.15,1.15,1.08,1.0951,11411,0
TIVC.US,D,20240417,000000,1.08,1.13,1.08,1.115,13880,0
TIVC.US,D,20240418,000000,1.11,1.16,1.11,1.157,4792,0
TIVC.US,D,20240419,000000,1.19,1.2189,1.11,1.11,18002,0
TIVC.US,D,20240422,000000,1.16,1.17,1.1201,1.17,5165,0
TIVC.US,D,20240423,000000,1.1444,1.16,1.1201,1.1293,6321,0
TIVC.US,D,20240424,000000,1.18,1.18,1.1006,1.11,26801,0
TIVC.US,D,20240425,000000,1.14,1.14,0.99,1.07,45989,0
TIVC.US,D,20240426,000000,1.05,1.065,1.02,1.04,13979,0
TIVC.US,D,20240429,000000,1.03,1.06,1.02,1.05,10433,0
TIVC.US,D,20240430,000000,0.98,1.07,0.98,1.04,18379,0
TIVC.US,D,20240501,000000,1.0591,1.09,1.03,1.07,36110,0
TIVC.US,D,20240502,000000,1.08,1.08,1.03,1.0702,14440,0
TIVC.US,D,20240503,000000,1.075,1.09,1.04,1.0456,14393,0
TIVC.US,D,20240506,000000,1.07,1.0713,1.05,1.05,5598,0
TIVC.US,D,20240507,000000,1.03,1.0945,1.03,1.05,6418,0
TIVC.US,D,20240508,000000,1.55,1.85,1.06,1.34,23695682,0
TIVC.US,D,20240509,000000,0.61,0.61,0.5176,0.59,8838798,0
TIVC.US,D,20240510,000000,0.5311,0.5489,0.4964,0.5051,1175247,0
TIVC.US,D,20240513,000000,0.4864,0.511199,0.46,0.4838,712987,0
TIVC.US,D,20240514,000000,0.4611,0.5149,0.4611,0.5,612122,0
TIVC.US,D,20240515,000000,0.5086,0.5183,0.47,0.5033,679969,0
TIVC.US,D,20240516,000000,0.53,0.54,0.4513,0.485,1211473,0
TIVC.US,D,20240517,000000,0.5,0.5,0.4669,0.471,486847,0
TIVC.US,D,20240520,000000,0.4701,0.5088,0.47,0.48,450463,0
TIVC.US,D,20240521,000000,0.48,0.48,0.45,0.4597,385941,0
TIVC.US,D,20240522,000000,0.451,0.4725,0.442,0.4599,578026,0
TIVC.US,D,20240523,000000,0.4558,0.46,0.3485,0.41,397965,0
TIVC.US,D,20240524,000000,0.4,0.414,0.395,0.4049,215830,0
TIVC.US,D,20240528,000000,0.4109,0.4109,0.3901,0.4097,157984,0
TIVC.US,D,20240529,000000,0.3921,0.4299,0.3903,0.4149,232326,0
TIVC.US,D,20240530,000000,0.4164,0.42,0.41,0.411,109917,0
TIVC.US,D,20240531,000000,0.4175,0.4234,0.4,0.4118,101784,0
TIVC.US,D,20240603,000000,0.4143,0.418,0.38,0.4,155143,0
TIVC.US,D,20240604,000000,0.388,0.4,0.3801,0.3951,108710,0
TIVC.US,D,20240605,000000,0.3978,0.3978,0.380101,0.383,90383,0
TIVC.US,D,20240606,000000,0.383,0.3983,0.38,0.386,96569,0
TIVC.US,D,20240607,000000,0.4,0.409,0.3841,0.4078,622137,0
TIVC.US,D,20240610,000000,0.39,0.4099,0.39,0.4,281951,0
TIVC.US,D,20240611,000000,0.391,0.41,0.38,0.4008,110651,0
TIVC.US,D,20240612,000000,0.3992,0.415,0.396,0.397,213915,0
TIVC.US,D,20240613,000000,0.4067,0.4385,0.3978,0.4251,156188,0
TIVC.US,D,20240614,000000,0.4239,0.4252,0.4042,0.4042,54671,0
TIVC.US,D,20240617,000000,0.4165,0.4165,0.385,0.4092,219713,0
TIVC.US,D,20240618,000000,0.4,0.4,0.388,0.3894,93970,0
TIVC.US,D,20240620,000000,0.4,0.4,0.3896,0.3898,50375,0
TIVC.US,D,20240621,000000,0.3999,0.417,0.39,0.3918,196101,0
TIVC.US,D,20240624,000000,0.392,0.42,0.3918,0.409899,100756,0
TIVC.US,D,20240625,000000,0.4055,0.411,0.3921,0.398,56989,0
TIVC.US,D,20240626,000000,0.39,0.4123,0.3863,0.4,117849,0
TIVC.US,D,20240627,000000,0.4,0.4,0.3885,0.394,66617,0
TIVC.US,D,20240628,000000,0.383,0.4003,0.3815,0.39,67784,0
TIVC.US,D,20240701,000000,0.3855,0.3889,0.375,0.3822,53839,0
TIVC.US,D,20240702,000000,0.3762,0.3889,0.372,0.373,126297,0
TIVC.US,D,20240703,000000,0.373,0.38,0.362101,0.3698,97324,0
TIVC.US,D,20240705,000000,0.3697,0.38,0.351,0.3682,63385,0
TIVC.US,D,20240708,000000,0.3681,0.3681,0.3416,0.345,112790,0
TIVC.US,D,20240709,000000,0.3449,0.355,0.32,0.3446,132268,0
TIVC.US,D,20240710,000000,0.3445,0.352699,0.3307,0.3498,96362,0
TIVC.US,D,20240711,000000,0.343,0.36,0.3379,0.3585,127510,0
TIVC.US,D,20240712,000000,0.355,0.3551,0.3313,0.343,124655,0
TIVC.US,D,20240715,000000,0.3439,0.357,0.3322,0.3457,75585,0
TIVC.US,D,20240716,000000,0.35,0.387125,0.3441,0.3651,403897,0
TIVC.US,D,20240717,000000,0.37,0.4313,0.352,0.3733,1558422,0
TIVC.US,D,20240718,000000,0.3502,0.3733,0.35,0.359501,212208,0
TIVC.US,D,20240719,000000,0.3615,0.365651,0.3482,0.351,117809,0
TIVC.US,D,20240722,000000,0.358,0.358,0.3216,0.3447,101321,0
TIVC.US,D,20240723,000000,0.33,0.44999,0.2813,0.3068,3148392,0
TIVC.US,D,20240724,000000,0.2979,0.306,0.29,0.30599,249943,0
TIVC.US,D,20240725,000000,0.4551,0.4571,0.3253,0.4072,66364047,0
TIVC.US,D,20240726,000000,0.399,0.85,0.3756,0.452,58482719,0
TIVC.US,D,20240729,000000,0.5895,0.808299,0.5638,0.702,106151355,0
TIVC.US,D,20240730,000000,0.7967,0.9457,0.5615,0.577,49948394,0
TIVC.US,D,20240731,000000,0.5088,0.6249,0.4758,0.5551,4088343,0
TIVC.US,D,20240801,000000,0.5518,0.73,0.5518,0.6617,8880374,0
TIVC.US,D,20240802,000000,0.6617,0.6889,0.505053,0.5116,2258233,0
TIVC.US,D,20240805,000000,0.4951,0.5102,0.4262,0.4985,1292371,0
TIVC.US,D,20240806,000000,0.4828,0.49,0.415,0.4228,812631,0
TIVC.US,D,20240807,000000,0.4216,0.435,0.3635,0.3815,700026,0
TIVC.US,D,20240808,000000,0.3967,0.4242,0.39,0.412,426303,0
TIVC.US,D,20240809,000000,0.415,0.415,0.388,0.405,255090,0
TIVC.US,D,20240812,000000,0.4096,0.4266,0.38,0.38015,345130,0
TIVC.US,D,20240813,000000,0.3854,0.3885,0.3143,0.3305,413528,0
TIVC.US,D,20240814,000000,0.3437,0.3437,0.3073,0.312,374450,0
TIVC.US,D,20240815,000000,0.3088,0.3243,0.2851,0.29,741391,0
TIVC.US,D,20240816,000000,0.295,0.3445,0.295,0.3311,474917,0
TIVC.US,D,20240819,000000,0.331,0.3498,0.3178,0.332616,381563,0
TIVC.US,D,20240820,000000,0.321,0.3342,0.31,0.325,174844,0
TIVC.US,D,20240821,000000,0.3199,0.36,0.3101,0.34,505801,0
TIVC.US,D,20240822,000000,0.3356,0.36,0.33,0.345,364152,0
TIVC.US,D,20240823,000000,0.36,0.37,0.3421,0.3421,384603,0
TIVC.US,D,20240826,000000,0.367,0.37,0.33,0.3569,299666,0
TIVC.US,D,20240827,000000,0.3523,0.3523,0.3325,0.346,90893,0
TIVC.US,D,20240828,000000,0.3406,0.36,0.3308,0.332,181506,0
TIVC.US,D,20240829,000000,0.3301,0.3399,0.3072,0.3223,112002,0
TIVC.US,D,20240830,000000,0.322,0.3338,0.31,0.3324,199537,0
TIVC.US,D,20240903,000000,0.335,0.3586,0.3211,0.3422,229557,0
TIVC.US,D,20240904,000000,0.342,0.342,0.3306,0.334956,72490,0
TIVC.US,D,20240905,000000,0.33,0.3305,0.31,0.321,93665,0
TIVC.US,D,20240906,000000,0.319,0.3338,0.31,0.3279,82567,0
TIVC.US,D,20240909,000000,0.3211,0.3278,0.305,0.3177,152264,0
TIVC.US,D,20240910,000000,0.32,0.328,0.2957,0.3,80090,0
TIVC.US,D,20240911,000000,0.2915,0.31,0.285,0.286,180704,0
TIVC.US,D,20240912,000000,0.2974,0.309,0.2901,0.2952,123384,0
TIVC.US,D,20240913,000000,0.2952,0.2972,0.28,0.2862,202136,0
TIVC.US,D,20240916,000000,0.29,0.2971,0.2325,0.276,265550,0
TIVC.US,D,20240917,000000,0.3251,0.3251,0.2523,0.275,1506754,0
TIVC.US,D,20240918,000000,0.294,0.294,0.255,0.275,684945,0
TIVC.US,D,20240919,000000,0.2689,0.286,0.2601,0.28,152545,0
TIVC.US,D,20240920,000000,0.28,0.2921,0.2605,0.2697,104352,0
TIVC.US,D,20240923,000000,0.267,0.275,0.26,0.27,221351,0
TIVC.US,D,20240924,000000,0.27005,0.279,0.2412,0.2599,339618,0
TIVC.US,D,20240925,000000,0.2617,0.2697,0.25,0.2571,45846,0
TIVC.US,D,20240926,000000,0.254,0.2573,0.2415,0.2561,159777,0
TIVC.US,D,20240927,000000,0.2561,0.262,0.25,0.262,52542,0
TIVC.US,D,20240930,000000,0.262,0.265043,0.2457,0.2496,92848,0
TIVC.US,D,20241001,000000,0.2496,0.2516,0.2354,0.246,92743,0
TIVC.US,D,20241002,000000,0.246,0.25,0.2351,0.2489,116718,0
TIVC.US,D,20241003,000000,0.25,0.2598,0.24,0.251,142350,0
TIVC.US,D,20241004,000000,0.251,0.27,0.2453,0.2569,116788,0
TIVC.US,D,20241007,000000,0.2562,0.27,0.245,0.2511,88321,0
TIVC.US,D,20241008,000000,0.2511,0.2639,0.25,0.2611,4733120,0
TIVC.US,D,20241009,000000,0.2307,0.245,0.2202,0.235,629554,0
TIVC.US,D,20241010,000000,0.24,0.2561,0.2394,0.2535,282728,0
TIVC.US,D,20241011,000000,0.249,0.25,0.2281,0.238,152766,0
TIVC.US,D,20241014,000000,0.231,0.2335,0.2253,0.2301,52745,0
TIVC.US,D,20241015,000000,0.239,0.239,0.222,0.228,188022,0
TIVC.US,D,20241016,000000,0.234,0.37,0.2281,0.2751,6785662,0
TIVC.US,D,20241017,000000,0.2421,0.34,0.23,0.28,3684585,0
TIVC.US,D,20241018,000000,0.29,0.29,0.259,0.2658,660641,0
TIVC.US,D,20241021,000000,0.265,0.3263,0.255,0.3103,936142,0
TIVC.US,D,20241022,000000,0.293,0.3188,0.2669,0.3,616912,0
TIVC.US,D,20241023,000000,0.3,0.315,0.2717,0.2873,464857,0
TIVC.US,D,20241024,000000,0.2873,0.301,0.2633,0.2999,356504,0
TIVC.US,D,20241025,000000,0.3093,0.3479,0.285,0.31,601404,0
TIVC.US,D,20241028,000000,0.31,0.3162,0.285,0.295,186273,0
TIVC.US,D,20241029,000000,0.295,0.3079,0.2867,0.2925,138730,0
TIVC.US,D,20241030,000000,0.2899,0.3036,0.28,0.293,151700,0
TIVC.US,D,20241031,000000,0.287,0.3,0.2788,0.291,154467,0
TIVC.US,D,20241101,000000,0.287,0.309,0.2825,0.3,67035,0
TIVC.US,D,20241104,000000,0.281,0.307,0.2803,0.29,108947,0
TIVC.US,D,20241105,000000,0.283,0.2852,0.261,0.27,237866,0
TIVC.US,D,20241106,000000,0.27,0.2737,0.26,0.2736,81390,0
TIVC.US,D,20241107,000000,0.27,0.2756,0.24,0.2605,2679606,0
TIVC.US,D,20241108,000000,0.4547,0.65,0.3353,0.4059,293135819,0
TIVC.US,D,20241111,000000,0.3438,0.4057,0.335,0.388,5575230,0
TIVC.US,D,20241112,000000,0.3915,0.3983,0.357,0.3867,2275206,0
TIVC.US,D,20241113,000000,0.354,0.3602,0.303,0.331,1210863,0
TIVC.US,D,20241114,000000,0.3876,0.4477,0.2814,0.3671,12183159,0
TIVC.US,D,20241115,000000,0.3015,0.31125,0.2537,0.2897,2159292,0
TIVC.US,D,20241118,000000,0.28,0.28,0.2616,0.265,634455,0
TIVC.US,D,20241119,000000,0.265,0.274,0.2438,0.258,490378,0
TIVC.US,D,20241120,000000,0.258,0.279,0.2442,0.2489,843883,0
TIVC.US,D,20241121,000000,0.255,0.2599,0.2415,0.2422,509979,0
TIVC.US,D,20241122,000000,0.241,0.2597,0.241,0.2475,311209,0
TIVC.US,D,20241125,000000,0.2475,0.2603,0.2475,0.2551,123196,0
TIVC.US,D,20241126,000000,0.2551,0.265,0.2525,0.256,362662,0
TIVC.US,D,20241127,000000,0.2505,0.2594,0.24,0.2465,168864,0
TIVC.US,D,20241129,000000,0.241,0.2599,0.241,0.255,250537,0
TIVC.US,D,20241202,000000,0.255,0.3,0.2502,0.267,3551103,0
TIVC.US,D,20241203,000000,0.259,0.2749,0.2584,0.2698,1284238,0
TIVC.US,D,20241204,000000,0.2751,0.287,0.2612,0.2646,821885,0
TIVC.US,D,20241205,000000,0.2649,0.2707,0.2416,0.25,588449,0
TIVC.US,D,20241206,000000,0.255,0.2612,0.2478,0.2521,240845,0
TIVC.US,D,20241209,000000,0.254,0.2755,0.25,0.26,452224,0
TIVC.US,D,20241210,000000,0.265,0.2663,0.2457,0.251,147679,0
TIVC.US,D,20241211,000000,0.2501,0.2539,0.241,0.2494,249367,0
TIVC.US,D,20241212,000000,0.242,0.248,0.2222,0.2267,519591,0
TIVC.US,D,20241213,000000,0.244,0.244,0.2058,0.219,528580,0
TIVC.US,D,20241216,000000,0.2075,0.218104,0.2075,0.2176,249736,0
TIVC.US,D,20241217,000000,0.22,0.2362,0.22,0.2258,231836,0
TIVC.US,D,20241218,000000,0.2258,0.235,0.212,0.2135,379015,0
TIVC.US,D,20241219,000000,0.216,0.225,0.201,0.2012,589535,0
TIVC.US,D,20241220,000000,0.2012,0.2382,0.2012,0.2146,1814475,0
TIVC.US,D,20241223,000000,0.213,0.233,0.2086,0.2244,7861997,0
TIVC.US,D,20241224,000000,0.3803,0.4376,0.265,0.3699,73865709,0
TIVC.US,D,20241226,000000,0.3,0.36,0.3,0.3497,5623446,0
TIVC.US,D,20241227,000000,0.33,0.3383,0.2974,0.2974,1547280,0
TIVC.US,D,20241230,000000,0.2866,0.335,0.2611,0.3063,1303126,0
TIVC.US,D,20241231,000000,0.3041,0.3463,0.3,0.3462,1683951,0
TIVC.US,D,20250102,000000,0.3185,0.368,0.31,0.343,738492,0
TIVC.US,D,20250103,000000,0.349,0.365,0.3256,0.3525,3509233,0
TIVC.US,D,20250106,000000,0.3434,0.3499,0.3,0.3175,839790,0
TIVC.US,D,20250107,000000,0.308,0.33,0.3069,0.3118,443750,0
TIVC.US,D,20250108,000000,0.3108,0.3118,0.28,0.291,373681,0
TIVC.US,D,20250110,000000,0.296,0.325,0.2841,0.3088,455336,0
TIVC.US,D,20250113,000000,0.316,0.316,0.255,0.2778,418177,0
TIVC.US,D,20250114,000000,0.276,0.3,0.2615,0.2648,209837,0
TIVC.US,D,20250115,000000,0.266,0.2798,0.26,0.2665,209229,0
TIVC.US,D,20250116,000000,0.2715,0.28,0.263,0.273,167892,0
TIVC.US,D,20250117,000000,0.2802,0.295,0.275,0.2937,253603,0
TIVC.US,D,20250121,000000,0.2849,0.295,0.2733,0.285,190876,0
TIVC.US,D,20250122,000000,0.2919,0.2919,0.2707,0.2816,174297,0
TIVC.US,D,20250123,000000,0.271,0.28,0.2702,0.2749,134230,0
TIVC.US,D,20250124,000000,0.271,0.2813,0.271,0.2758,52763,0
TIVC.US,D,20250127,000000,0.271,0.2821,0.25,0.2597,311785,0
TIVC.US,D,20250128,000000,0.26,0.269799,0.2301,0.2486,281699,0
TIVC.US,D,20250129,000000,0.2505,0.269,0.2401,0.255,198124,0
TIVC.US,D,20250130,000000,0.25,0.2597,0.2261,0.24,249190,0
TIVC.US,D,20250131,000000,0.238,0.257922,0.235,0.2357,209125,0
TIVC.US,D,20250203,000000,0.2385,0.25,0.23,0.248,130613,0
TIVC.US,D,20250204,000000,0.241,0.2522,0.24,0.241,147157,0
TIVC.US,D,20250205,000000,0.251,0.251,0.2359,0.2405,95848,0
TIVC.US,D,20250206,000000,0.25,0.2736,0.24,0.2429,1073914,0
TIVC.US,D,20250207,000000,0.241,0.26,0.2333,0.239,483625,0
TIVC.US,D,20250210,000000,0.234,0.2435,0.23,0.2325,267987,0
TIVC.US,D,20250211,000000,0.2302,0.2399,0.23,0.235,140562,0
TIVC.US,D,20250212,000000,0.3854,0.7016,0.35081,0.7,516268699,0
TIVC.US,D,20250213,000000,0.8057,0.92,0.6221,0.7537,80154204,0
