<TICKER>,<PER>,<DATE>,<TIME>,<OPEN>,<HIGH>,<LOW>,<CLOSE>,<VOL>,<OPENINT>
TLGYF.US,D,20220126,000000,10.05,10.05,9.8,9.8,100110,0
TLGYF.US,D,20220127,000000,9.96,9.96,9.96,9.96,503,0
TLGYF.US,D,20220201,000000,9.96,9.96,9.96,9.96,146,0
TLGYF.US,D,20220203,000000,9.81,9.81,9.81,9.81,106,0
TLGYF.US,D,20220211,000000,9.96,9.96,9.96,9.96,100,0
TLGYF.US,D,20220214,000000,9.885,9.885,9.885,9.885,101,0
TLGYF.US,D,20220215,000000,9.93,9.93,9.92,9.92,476246,0
TLGYF.US,D,20220216,000000,9.92,9.92,9.92,9.92,5100,0
TLGYF.US,D,20220217,000000,9.9,9.9,9.9,9.9,2709,0
TLGYF.US,D,20220218,000000,9.93,9.93,9.93,9.93,2509,0
TLGYF.US,D,20220222,000000,9.92,9.92,9.91,9.91,11000,0
TLGYF.US,D,20220223,000000,9.91,9.91,9.91,9.91,39150,0
TLGYF.US,D,20220224,000000,9.91,9.92,9.9,9.9,252999,0
TLGYF.US,D,20220225,000000,9.91,9.91,9.91,9.91,80300,0
TLGYF.US,D,20220302,000000,9.92,9.94,9.92,9.94,305251,0
TLGYF.US,D,20220303,000000,9.92,9.92,9.915,9.915,7250,0
TLGYF.US,D,20220311,000000,9.94,9.94,9.93,9.94,13701,0
TLGYF.US,D,20220318,000000,9.95,9.95,9.95,9.95,89603,0
TLGYF.US,D,20220321,000000,9.97,9.97,9.95,9.95,10137,0
TLGYF.US,D,20220322,000000,9.91,9.95,9.91,9.94,3042,0
TLGYF.US,D,20220324,000000,9.95,9.95,9.94,9.95,142620,0
TLGYF.US,D,20220325,000000,9.98,9.98,9.95,9.95,150600,0
TLGYF.US,D,20220328,000000,9.95,9.95,9.95,9.95,327,0
TLGYF.US,D,20220331,000000,9.97,9.98,9.955,9.96,429160,0
TLGYF.US,D,20220401,000000,9.96,9.98,9.96,9.98,198785,0
TLGYF.US,D,20220405,000000,9.97,9.97,9.97,9.97,3700,0
TLGYF.US,D,20220406,000000,9.98,10,9.96,10,18931,0
TLGYF.US,D,20220408,000000,9.98,9.98,9.98,9.98,700,0
TLGYF.US,D,20220411,000000,9.98,9.99,9.98,9.98,2730,0
TLGYF.US,D,20220412,000000,10,10,9.98,10,106510,0
TLGYF.US,D,20220413,000000,10,10,10,10,900,0
TLGYF.US,D,20220419,000000,10,10,10,10,642588,0
TLGYF.US,D,20220420,000000,9.99,9.99,9.99,9.99,1324,0
TLGYF.US,D,20220421,000000,10,10,10,10,2000,0
TLGYF.US,D,20220427,000000,10.0046,10.01,10.0046,10.01,5101,0
TLGYF.US,D,20220502,000000,10,10,10,10,4700,0
TLGYF.US,D,20220504,000000,9.99,9.99,9.99,9.99,2648,0
TLGYF.US,D,20220505,000000,9.99,10,9.98,9.98,91794,0
TLGYF.US,D,20220509,000000,9.99,9.99,9.99,9.99,100,0
TLGYF.US,D,20220510,000000,9.98,9.98,9.98,9.98,153500,0
TLGYF.US,D,20220511,000000,9.975,9.98,9.975,9.98,2501,0
TLGYF.US,D,20220512,000000,9.975,9.98,9.97,9.98,1327,0
TLGYF.US,D,20220517,000000,9.97,9.97,9.96,9.97,207650,0
TLGYF.US,D,20220518,000000,9.97,9.97,9.965,9.97,25167,0
TLGYF.US,D,20220520,000000,9.965,9.965,9.965,9.965,100028,0
TLGYF.US,D,20220523,000000,9.97,9.98,9.97,9.97,20490,0
TLGYF.US,D,20220524,000000,9.97,9.975,9.97,9.975,55500,0
TLGYF.US,D,20220525,000000,9.97,9.97,9.97,9.97,114701,0
TLGYF.US,D,20220526,000000,9.967,9.967,9.95,9.95,22134,0
TLGYF.US,D,20220527,000000,9.96,9.965,9.9599,9.965,269011,0
TLGYF.US,D,20220531,000000,9.9599,9.965,9.9599,9.96,13200,0
TLGYF.US,D,20220601,000000,9.95,9.97,9.95,9.96,127770,0
TLGYF.US,D,20220602,000000,9.9501,9.97,9.9501,9.97,26857,0
TLGYF.US,D,20220603,000000,9.9616,9.98,9.9616,9.97,4490,0
TLGYF.US,D,20220606,000000,9.98,10.45,9.96,9.98,800,0
TLGYF.US,D,20220607,000000,9.97,10.45,9.96,9.98,11277,0
TLGYF.US,D,20220608,000000,10.25,10.25,9.98,9.99,20334,0
TLGYF.US,D,20220609,000000,9.99,10.2,9.975,9.98,8541,0
TLGYF.US,D,20220610,000000,9.9798,10,9.9798,9.98,30972,0
TLGYF.US,D,20220613,000000,9.98,9.98,9.98,9.98,7203,0
TLGYF.US,D,20220614,000000,9.98,9.98,9.97,9.97,48203,0
TLGYF.US,D,20220615,000000,9.98,9.99,9.98,9.99,531,0
TLGYF.US,D,20220616,000000,9.98,9.99,9.98,9.99,41143,0
TLGYF.US,D,20220621,000000,9.99,9.99,9.99,9.99,153,0
TLGYF.US,D,20220624,000000,9.97,9.975,9.9699,9.97,53715,0
TLGYF.US,D,20220627,000000,10.45,10.45,9.99,9.99,313,0
TLGYF.US,D,20220629,000000,10,10,10,10,200,0
TLGYF.US,D,20220630,000000,9.97,9.985,9.97,9.98,62235,0
TLGYF.US,D,20220705,000000,9.98,9.98,9.975,9.98,134473,0
TLGYF.US,D,20220706,000000,9.98,10,9.98,9.99,1068224,0
TLGYF.US,D,20220707,000000,9.99,10,9.98,9.98,16332,0
TLGYF.US,D,20220708,000000,9.98,9.99,9.98,9.99,5306,0
TLGYF.US,D,20220711,000000,9.99,10,9.99,10,22511,0
TLGYF.US,D,20220713,000000,9.98,9.98,9.98,9.98,618,0
TLGYF.US,D,20220714,000000,9.98,10,9.98,10,10100,0
TLGYF.US,D,20220718,000000,10,10,10,10,7594,0
TLGYF.US,D,20220720,000000,10,10.01,10,10.005,75905,0
TLGYF.US,D,20220721,000000,10.01,10.01,10.01,10.01,3362,0
TLGYF.US,D,20220722,000000,10.01,10.01,10.01,10.01,100,0
TLGYF.US,D,20220725,000000,10.02,10.04,10.02,10.04,4167,0
TLGYF.US,D,20220726,000000,10.5,10.5,10.06,10.06,400,0
TLGYF.US,D,20220727,000000,10.06,10.06,10.06,10.06,113,0
TLGYF.US,D,20220728,000000,10.06,10.06,10.03,10.03,14237,0
TLGYF.US,D,20220801,000000,10.04,10.04,10.03,10.03,8212,0
TLGYF.US,D,20220802,000000,10.04,10.05,10.03,10.03,178470,0
TLGYF.US,D,20220803,000000,10.03,10.03,10.03,10.03,11719,0
TLGYF.US,D,20220805,000000,10.03,10.05,10.03,10.04,137287,0
TLGYF.US,D,20220808,000000,10.025,10.025,10.025,10.025,126,0
TLGYF.US,D,20220810,000000,10.005,10.005,10.005,10.005,23429,0
TLGYF.US,D,20220815,000000,10.015,10.015,10.015,10.015,1552,0
TLGYF.US,D,20220819,000000,10.05,10.08,10.025,10.05,108733,0
TLGYF.US,D,20220823,000000,10.05,10.07,10.05,10.07,75607,0
TLGYF.US,D,20220824,000000,10.05,10.05,10.04,10.04,100859,0
TLGYF.US,D,20220825,000000,10.045,10.07,10.045,10.06,51463,0
TLGYF.US,D,20220830,000000,10.06,10.06,10.06,10.06,220,0
TLGYF.US,D,20220831,000000,10.05,10.05,10.05,10.05,2400,0
TLGYF.US,D,20220901,000000,10.04,10.05,10.04,10.05,3359,0
TLGYF.US,D,20220906,000000,10.06,10.06,10.06,10.06,503,0
TLGYF.US,D,20220908,000000,10.07,10.07,10.04,10.052,106069,0
TLGYF.US,D,20220909,000000,10.07,10.07,10.07,10.07,41273,0
TLGYF.US,D,20220912,000000,10.06,10.06,10.06,10.06,150100,0
TLGYF.US,D,20220913,000000,10.06,10.06,10.06,10.06,132579,0
TLGYF.US,D,20220914,000000,10.07,10.07,10.06,10.06,499316,0
TLGYF.US,D,20220915,000000,10.07,10.07,10.07,10.07,44432,0
TLGYF.US,D,20220916,000000,10.07,10.08,10.06,10.0701,942089,0
TLGYF.US,D,20220920,000000,10.08,10.085,10.08,10.085,30359,0
TLGYF.US,D,20220922,000000,10.08,10.09,10.08,10.08,54475,0
TLGYF.US,D,20220926,000000,10.09,10.13,10.085,10.09,51658,0
TLGYF.US,D,20220928,000000,10.1,10.1,10.09,10.1,33550,0
TLGYF.US,D,20220930,000000,10.11,10.12,10.11,10.11,109054,0
TLGYF.US,D,20221003,000000,10.11,10.11,10.11,10.11,1605,0
TLGYF.US,D,20221004,000000,10.0886,10.0886,10.0886,10.0886,392,0
TLGYF.US,D,20221007,000000,10.09,10.115,10.08,10.115,13065,0
TLGYF.US,D,20221011,000000,10.1036,10.1036,10.1036,10.1036,5000,0
TLGYF.US,D,20221013,000000,10.05,10.05,10.05,10.05,159,0
TLGYF.US,D,20221019,000000,10.11,10.11,10.07,10.07,200158,0
TLGYF.US,D,20221027,000000,10.115,10.115,10.11,10.11,7707,0
TLGYF.US,D,20221028,000000,10.11,10.11,10.11,10.11,7607,0
TLGYF.US,D,20221101,000000,10.12,10.125,10.12,10.12,14919,0
TLGYF.US,D,20221102,000000,10.18,10.18,10.18,10.18,146,0
TLGYF.US,D,20221108,000000,10.15,10.15,10.12,10.12,979,0
TLGYF.US,D,20221110,000000,10.12,10.12,10.12,10.12,10209,0
TLGYF.US,D,20221114,000000,10.12,10.12,10.12,10.12,6962,0
TLGYF.US,D,20221115,000000,10.12,10.12,10.12,10.12,10473,0
TLGYF.US,D,20221118,000000,10.13,10.13,10.13,10.13,1295,0
TLGYF.US,D,20221122,000000,10.1493,10.16,10.1493,10.16,11590,0
TLGYF.US,D,20221128,000000,10.17,10.18,10.17,10.18,3201,0
TLGYF.US,D,20221129,000000,10.18,10.19,10.1793,10.19,22780,0
TLGYF.US,D,20221201,000000,10.2,10.2,10.2,10.2,2340,0
TLGYF.US,D,20221202,000000,10.205,10.21,10.2,10.21,5209,0
TLGYF.US,D,20221205,000000,10.24,10.24,10.24,10.24,364,0
TLGYF.US,D,20221207,000000,10.21,10.21,10.21,10.21,8106,0
TLGYF.US,D,20221209,000000,10.22,10.22,10.22,10.22,103,0
TLGYF.US,D,20221212,000000,10.21,10.21,10.21,10.21,1945,0
TLGYF.US,D,20221213,000000,10.21,10.22,10.21,10.22,620,0
TLGYF.US,D,20221215,000000,10.22,10.22,10.22,10.22,8796,0
TLGYF.US,D,20221216,000000,10.22,10.23,10.22,10.23,6431,0
TLGYF.US,D,20221220,000000,10.23,10.23,10.22,10.22,13386,0
TLGYF.US,D,20221222,000000,10.24,10.26,10.235,10.26,22368,0
TLGYF.US,D,20221227,000000,10.25,10.25,10.25,10.25,3250,0
TLGYF.US,D,20221229,000000,10.26,10.26,10.26,10.26,136,0
TLGYF.US,D,20230103,000000,10.28,10.28,10.28,10.28,100,0
TLGYF.US,D,20230105,000000,10.285,10.3,10.285,10.3,15312,0
TLGYF.US,D,20230106,000000,10.3,10.3,10.3,10.3,485688,0
TLGYF.US,D,20230109,000000,10.32,10.32,10.32,10.32,958,0
TLGYF.US,D,20230110,000000,10.34,10.34,10.31,10.31,228,0
TLGYF.US,D,20230111,000000,10.31,10.325,10.31,10.3225,510820,0
TLGYF.US,D,20230112,000000,10.33,10.33,10.33,10.33,350001,0
TLGYF.US,D,20230113,000000,10.33,10.36,10.33,10.33,136300,0
TLGYF.US,D,20230117,000000,10.33,10.35,10.33,10.34,200498,0
TLGYF.US,D,20230123,000000,10.33,10.33,10.33,10.33,148,0
TLGYF.US,D,20230124,000000,10.34,10.34,10.33,10.34,8462,0
TLGYF.US,D,20230125,000000,10.34,10.34,10.34,10.34,107220,0
TLGYF.US,D,20230126,000000,10.34,10.34,10.34,10.34,1100,0
TLGYF.US,D,20230127,000000,10.365,10.365,10.36,10.36,500202,0
TLGYF.US,D,20230130,000000,10.35,10.37,10.35,10.365,87085,0
TLGYF.US,D,20230201,000000,10.37,10.37,10.37,10.37,26418,0
TLGYF.US,D,20230202,000000,10.37,10.38,10.37,10.37,3211,0
TLGYF.US,D,20230203,000000,10.38,10.5,10.35,10.36,246303,0
TLGYF.US,D,20230206,000000,10.34,10.34,10.34,10.34,1297,0
TLGYF.US,D,20230207,000000,10.34,10.34,10.34,10.34,821967,0
TLGYF.US,D,20230209,000000,10.35,10.35,10.34,10.34,21961,0
TLGYF.US,D,20230210,000000,10.35,10.39,10.35,10.36,29997,0
TLGYF.US,D,20230213,000000,10.34,10.44,10.34,10.4,31905,0
TLGYF.US,D,20230214,000000,10.5608,10.8,10.35,10.38,21982,0
TLGYF.US,D,20230215,000000,10.6605,11.35,10.37,10.37,134753,0
TLGYF.US,D,20230216,000000,10.37,10.405,10.37,10.37,2219,0
TLGYF.US,D,20230217,000000,10.43,10.43,10.37,10.37,5085,0
TLGYF.US,D,20230221,000000,10.6496,10.84,10.37,10.395,23960,0
TLGYF.US,D,20230222,000000,10.835,10.835,10.36,10.36,23189,0
TLGYF.US,D,20230223,000000,10.36,10.87,10.35,10.39,36991,0
TLGYF.US,D,20230224,000000,10.37,10.39,10.35,10.35,8882,0
TLGYF.US,D,20230227,000000,10.4016,10.4142,10.4,10.41,10927,0
TLGYF.US,D,20230228,000000,10.41,10.424,10.41,10.42,8655,0
TLGYF.US,D,20230301,000000,10.42,10.43,10.42,10.43,3757,0
TLGYF.US,D,20230302,000000,10.425,10.425,10.425,10.425,238,0
TLGYF.US,D,20230303,000000,10.4201,10.44,10.42,10.42,3385,0
TLGYF.US,D,20230306,000000,10.44,10.45,10.43,10.45,8751,0
TLGYF.US,D,20230307,000000,10.46,10.46,10.445,10.46,1246,0
TLGYF.US,D,20230308,000000,10.46,10.46,10.46,10.46,985,0
TLGYF.US,D,20230310,000000,10.44,10.46,10.44,10.44,2964,0
TLGYF.US,D,20230314,000000,10.44,10.46,10.44,10.44,1852,0
TLGYF.US,D,20230315,000000,10.44,10.45,10.44,10.45,201,0
TLGYF.US,D,20230320,000000,10.46,10.46,10.45,10.45,1817,0
TLGYF.US,D,20230321,000000,10.47,10.47,10.47,10.47,273,0
TLGYF.US,D,20230322,000000,10.5,10.54,10.45,10.45,11570,0
TLGYF.US,D,20230323,000000,10.46,10.46,10.46,10.46,166,0
TLGYF.US,D,20230324,000000,10.47,10.47,10.47,10.47,102,0
TLGYF.US,D,20230331,000000,10.48,10.48,10.48,10.48,102,0
TLGYF.US,D,20230404,000000,10.48,10.48,10.48,10.48,2840,0
TLGYF.US,D,20230406,000000,10.48,10.48,10.48,10.48,445,0
TLGYF.US,D,20230411,000000,10.48,10.49,10.48,10.48,1935,0
TLGYF.US,D,20230412,000000,10.48,10.48,10.48,10.48,703,0
TLGYF.US,D,20230417,000000,10.49,10.49,10.49,10.49,662,0
TLGYF.US,D,20230418,000000,10.51,10.51,10.505,10.51,7302,0
TLGYF.US,D,20230420,000000,10.51,10.51,10.51,10.51,606,0
TLGYF.US,D,20230425,000000,10.53,10.53,10.53,10.53,5627,0
TLGYF.US,D,20230426,000000,10.54,10.54,10.53,10.53,21664,0
TLGYF.US,D,20230427,000000,10.55,10.55,10.55,10.55,100,0
TLGYF.US,D,20230428,000000,10.55,10.56,10.55,10.56,159391,0
TLGYF.US,D,20230501,000000,10.56,10.57,10.56,10.57,10218,0
TLGYF.US,D,20230502,000000,10.56,10.565,10.56,10.56,3171,0
TLGYF.US,D,20230504,000000,10.57,10.57,10.57,10.57,312,0
TLGYF.US,D,20230505,000000,10.57,10.57,10.57,10.57,309,0
TLGYF.US,D,20230509,000000,10.57,10.57,10.5696,10.5696,3846,0
TLGYF.US,D,20230510,000000,10.56,10.56,10.56,10.56,122,0
TLGYF.US,D,20230511,000000,10.59,10.59,10.59,10.59,104,0
TLGYF.US,D,20230512,000000,10.66,10.66,10.56,10.56,1050,0
TLGYF.US,D,20230516,000000,10.59,10.61,10.59,10.61,7204,0
TLGYF.US,D,20230524,000000,10.61,10.61,10.61,10.61,100,0
TLGYF.US,D,20230525,000000,10.62,10.62,10.61,10.61,1609,0
TLGYF.US,D,20230526,000000,10.42,11.03,10.42,10.61,936,0
TLGYF.US,D,20230601,000000,10.62,10.62,10.62,10.62,101,0
TLGYF.US,D,20230605,000000,10.67,10.67,10.67,10.67,4443,0
TLGYF.US,D,20230606,000000,10.68,10.7,10.68,10.7,34017,0
TLGYF.US,D,20230608,000000,10.74,10.74,10.74,10.74,415,0
TLGYF.US,D,20230616,000000,10.68,10.68,10.68,10.68,100,0
TLGYF.US,D,20230620,000000,10.72,10.72,10.72,10.72,100,0
TLGYF.US,D,20230621,000000,10.64,10.735,10.64,10.71,36005,0
TLGYF.US,D,20230622,000000,10.8,10.8,10.8,10.8,252,0
TLGYF.US,D,20230626,000000,10.75,10.75,10.75,10.75,216,0
TLGYF.US,D,20230627,000000,10.75,10.75,10.75,10.75,202,0
TLGYF.US,D,20230629,000000,10.8,10.8,10.781,10.781,1835,0
TLGYF.US,D,20230630,000000,10.76,10.76,10.76,10.76,100,0
TLGYF.US,D,20230703,000000,10.76,10.76,10.76,10.76,104,0
TLGYF.US,D,20230707,000000,10.7899,10.7899,10.7899,10.7899,102,0
TLGYF.US,D,20230718,000000,10.79,10.79,10.79,10.79,2205,0
TLGYF.US,D,20230719,000000,10.795,10.81,10.795,10.8,15000,0
TLGYF.US,D,20230720,000000,10.81,10.81,10.81,10.81,100001,0
TLGYF.US,D,20230725,000000,10.83,10.83,10.83,10.83,837,0
TLGYF.US,D,20230727,000000,10.85,10.85,10.84,10.84,3935,0
TLGYF.US,D,20230728,000000,10.85,10.85,10.84,10.84,695,0
TLGYF.US,D,20230731,000000,10.83,10.83,10.83,10.83,1320,0
TLGYF.US,D,20230801,000000,10.8,10.8,10.8,10.8,313,0
TLGYF.US,D,20230803,000000,10.86,10.86,10.86,10.86,106,0
TLGYF.US,D,20230810,000000,10.8699,10.8699,10.8699,10.8699,300,0
TLGYF.US,D,20230811,000000,10.8697,10.8697,10.865,10.865,602,0
TLGYF.US,D,20230815,000000,10.81,10.81,10.81,10.81,2803,0
TLGYF.US,D,20230816,000000,10.825,10.825,10.825,10.825,69452,0
TLGYF.US,D,20230817,000000,10.86,10.86,10.86,10.86,57487,0
TLGYF.US,D,20230818,000000,10.91,10.96,10.8929,10.91,7545,0
TLGYF.US,D,20230822,000000,10.865,10.865,10.865,10.865,1289,0
TLGYF.US,D,20230823,000000,10.86,10.86,10.86,10.86,2018,0
TLGYF.US,D,20230825,000000,10.91,10.91,10.89,10.89,3102,0
TLGYF.US,D,20230905,000000,10.91,10.91,10.91,10.91,6205,0
TLGYF.US,D,20230906,000000,10.92,10.92,10.92,10.92,35200,0
TLGYF.US,D,20230914,000000,10.94,10.94,10.94,10.94,411178,0
TLGYF.US,D,20230915,000000,10.96,11.04,10.95,10.95,376219,0
TLGYF.US,D,20230918,000000,10.96,11,10.955,10.96,13795,0
TLGYF.US,D,20230922,000000,10.96,10.96,10.96,10.96,1239,0
TLGYF.US,D,20230925,000000,10.97,11.01,10.97,11.01,134816,0
TLGYF.US,D,20230926,000000,10.97,10.97,10.97,10.97,126710,0
TLGYF.US,D,20230927,000000,11.01,11.01,10.97,10.97,1708,0
TLGYF.US,D,20231009,000000,10.98,10.98,10.98,10.98,302,0
TLGYF.US,D,20231010,000000,10.95,10.97,10.95,10.95,21445,0
TLGYF.US,D,20231012,000000,10.96,10.97,10.96,10.97,20546,0
TLGYF.US,D,20231018,000000,10.97,10.98,10.97,10.98,20433,0
TLGYF.US,D,20231019,000000,10.98,10.9801,10.9798,10.98,14076,0
TLGYF.US,D,20231020,000000,10.98,10.98,10.98,10.98,2000,0
TLGYF.US,D,20231023,000000,10.99,11,10.99,11,325248,0
TLGYF.US,D,20231025,000000,11.02,11.02,11.02,11.02,312,0
TLGYF.US,D,20231026,000000,11.02,11.02,11.02,11.02,11983,0
TLGYF.US,D,20231030,000000,11.02,11.02,11.01,11.0145,9535,0
TLGYF.US,D,20231102,000000,10.99,10.99,10.99,10.99,362,0
TLGYF.US,D,20231103,000000,11.05,11.05,11.05,11.05,317,0
TLGYF.US,D,20231106,000000,11.02,11.02,11.02,11.02,9196,0
TLGYF.US,D,20231108,000000,11.02,11.03,11.02,11.03,26704,0
TLGYF.US,D,20231113,000000,11.03,11.04,11.03,11.03,125129,0
TLGYF.US,D,20231114,000000,11.05,11.05,11.05,11.05,725,0
TLGYF.US,D,20231115,000000,11.04,11.04,11.04,11.04,17963,0
TLGYF.US,D,20231116,000000,11.04,11.08,11.0302,11.04,4979,0
TLGYF.US,D,20231121,000000,11.04,11.04,11.04,11.04,74343,0
TLGYF.US,D,20231201,000000,11.06,11.08,11.06,11.0666,2900,0
TLGYF.US,D,20231205,000000,11.0457,11.0457,11.0457,11.0457,2000,0
TLGYF.US,D,20231207,000000,11.1,11.1,11.1,11.1,2945,0
TLGYF.US,D,20231208,000000,11.05,11.07,11.05,11.07,956,0
TLGYF.US,D,20231211,000000,11.08,11.08,11.08,11.08,138,0
TLGYF.US,D,20231213,000000,11.08,11.08,11.08,11.08,53735,0
TLGYF.US,D,20231214,000000,11.1,11.1,11.08,11.08,23112,0
TLGYF.US,D,20231215,000000,11.07,11.08,11.07,11.08,1948,0
TLGYF.US,D,20231221,000000,11.08,11.08,11.08,11.08,6056,0
TLGYF.US,D,20231226,000000,11.12,11.12,11.08,11.08,37653,0
TLGYF.US,D,20240108,000000,11.1,11.1,11.09,11.09,1902,0
TLGYF.US,D,20240110,000000,11.11,11.13,11.11,11.13,21241,0
TLGYF.US,D,20240116,000000,11.14,11.14,11.14,11.14,1001,0
TLGYF.US,D,20240119,000000,11.16,11.17,11.16,11.17,3082,0
TLGYF.US,D,20240122,000000,11.1979,11.1979,11.1979,11.1979,601,0
TLGYF.US,D,20240124,000000,11.17,11.17,11.17,11.17,101,0
TLGYF.US,D,20240205,000000,11.2,11.2,11.2,11.2,1002,0
TLGYF.US,D,20240212,000000,11.2,11.2,11.2,11.2,309324,0
TLGYF.US,D,20240214,000000,11.22,11.22,11.22,11.22,50019,0
TLGYF.US,D,20240215,000000,11.24,11.24,11.23,11.23,27738,0
TLGYF.US,D,20240220,000000,11.23,11.23,11.23,11.23,362,0
TLGYF.US,D,20240221,000000,11.22,11.22,11.22,11.22,2696,0
TLGYF.US,D,20240222,000000,11.22,11.22,11.22,11.22,193306,0
TLGYF.US,D,20240226,000000,11.25,11.25,11.23,11.23,4442,0
TLGYF.US,D,20240228,000000,11.25,11.25,11.23,11.23,414,0
TLGYF.US,D,20240304,000000,11.27,11.27,11.26,11.26,1067,0
TLGYF.US,D,20240305,000000,11.26,11.27,11.26,11.27,839,0
TLGYF.US,D,20240308,000000,11.26,11.26,11.26,11.26,113,0
TLGYF.US,D,20240311,000000,11.25,11.25,11.25,11.25,525,0
TLGYF.US,D,20240312,000000,11.26,11.2686,11.26,11.26,29670,0
TLGYF.US,D,20240313,000000,11.27,11.27,11.27,11.27,36008,0
TLGYF.US,D,20240319,000000,11.27,11.27,11.27,11.27,25243,0
TLGYF.US,D,20240321,000000,11.275,11.28,11.275,11.28,20473,0
TLGYF.US,D,20240322,000000,11.275,11.275,11.27,11.27,7293,0
TLGYF.US,D,20240326,000000,11.28,11.28,11.28,11.28,43362,0
TLGYF.US,D,20240328,000000,11.3,11.3,11.3,11.3,2700,0
TLGYF.US,D,20240401,000000,11.31,11.32,11.31,11.32,2301,0
TLGYF.US,D,20240402,000000,11.31,11.31,11.31,11.31,170,0
TLGYF.US,D,20240404,000000,11.32,11.32,11.32,11.32,300103,0
TLGYF.US,D,20240405,000000,11.33,11.35,11.33,11.34,263262,0
TLGYF.US,D,20240408,000000,11.3301,11.3301,11.3301,11.3301,625,0
TLGYF.US,D,20240410,000000,11.34,11.34,11.34,11.34,987,0
TLGYF.US,D,20240415,000000,11.33,11.35,11.33,11.35,25753,0
TLGYF.US,D,20240416,000000,11.33,11.33,11.33,11.33,467,0
TLGYF.US,D,20240422,000000,11.33,11.33,11.33,11.33,436,0
TLGYF.US,D,20240423,000000,11.36,11.36,11.36,11.36,1224,0
TLGYF.US,D,20240501,000000,11.37,11.37,11.37,11.37,1609,0
TLGYF.US,D,20240502,000000,11.38,11.4,11.37,11.4,63127,0
TLGYF.US,D,20240503,000000,11.4,11.41,11.381,11.381,36214,0
TLGYF.US,D,20240506,000000,11.4,11.4,11.39,11.39,18162,0
TLGYF.US,D,20240507,000000,11.4,11.41,11.4,11.405,20299,0
TLGYF.US,D,20240508,000000,11.42,11.43,11.4,11.4,32587,0
TLGYF.US,D,20240509,000000,11.42,11.42,11.42,11.42,15040,0
TLGYF.US,D,20240510,000000,11.42,11.43,11.42,11.43,1603,0
TLGYF.US,D,20240513,000000,11.4,11.43,11.4,11.43,25594,0
TLGYF.US,D,20240514,000000,11.43,11.43,11.43,11.43,5471,0
TLGYF.US,D,20240515,000000,11.43,11.43,11.43,11.43,55178,0
TLGYF.US,D,20240516,000000,11.41,11.41,11.41,11.41,103,0
TLGYF.US,D,20240520,000000,11.41,11.41,11.41,11.41,183,0
TLGYF.US,D,20240523,000000,11.47,11.49,11.47,11.484,6254,0
TLGYF.US,D,20240524,000000,11.49,11.49,11.49,11.49,1334,0
TLGYF.US,D,20240531,000000,11.43,11.43,11.39,11.39,8552,0
TLGYF.US,D,20240605,000000,11.43,11.43,11.43,11.43,1203,0
TLGYF.US,D,20240606,000000,11.43,11.44,11.43,11.435,55570,0
TLGYF.US,D,20240607,000000,11.43,11.44,11.43,11.43,15229,0
TLGYF.US,D,20240610,000000,11.43,11.45,11.43,11.45,2569,0
TLGYF.US,D,20240611,000000,11.41,11.41,11.41,11.41,1103,0
TLGYF.US,D,20240613,000000,11.43,11.43,11.43,11.43,4103,0
TLGYF.US,D,20240624,000000,11.45,11.45,11.445,11.445,2304,0
TLGYF.US,D,20240625,000000,11.45,11.45,11.445,11.45,6001,0
TLGYF.US,D,20240626,000000,11.45,11.45,11.45,11.45,6109,0
TLGYF.US,D,20240702,000000,11.46,11.46,11.46,11.46,500,0
TLGYF.US,D,20240705,000000,11.47,11.47,11.47,11.47,36603,0
TLGYF.US,D,20240708,000000,11.47,11.47,11.47,11.47,65565,0
TLGYF.US,D,20240709,000000,11.47,11.47,11.47,11.47,2144,0
TLGYF.US,D,20240710,000000,11.46,11.47,11.46,11.47,5333,0
TLGYF.US,D,20240711,000000,11.46,11.47,11.45,11.45,145168,0
TLGYF.US,D,20240712,000000,11.47,11.47,11.47,11.47,200003,0
TLGYF.US,D,20240717,000000,11.46,11.46,11.45,11.46,2202,0
TLGYF.US,D,20240718,000000,11.46,11.46,11.46,11.46,1100,0
TLGYF.US,D,20240726,000000,11.49,11.49,11.49,11.49,32000,0
TLGYF.US,D,20240805,000000,11.49,11.49,11.49,11.49,8308,0
TLGYF.US,D,20240820,000000,11.52,11.54,11.52,11.54,131226,0
TLGYF.US,D,20240821,000000,11.41,11.54,11.41,11.54,90210,0
TLGYF.US,D,20240822,000000,11.51,11.51,11.51,11.51,774,0
TLGYF.US,D,20240826,000000,11.5,11.5,11.49,11.49,5235,0
TLGYF.US,D,20240905,000000,11.51,11.51,11.51,11.51,148604,0
TLGYF.US,D,20240911,000000,11.5,11.5,11.4998,11.4999,7302,0
TLGYF.US,D,20240912,000000,11.5,11.5,11.49,11.49,5000,0
TLGYF.US,D,20240917,000000,11.51,11.51,11.51,11.51,516,0
TLGYF.US,D,20240918,000000,11.5,11.5,11.5,11.5,1934,0
TLGYF.US,D,20240919,000000,11.52,11.52,11.51,11.51,225327,0
TLGYF.US,D,20240930,000000,11.53,11.54,11.53,11.54,845,0
TLGYF.US,D,20241008,000000,11.53,11.57,11.53,11.57,1788,0
TLGYF.US,D,20241009,000000,11.57,11.59,11.55,11.57,32801,0
TLGYF.US,D,20241011,000000,11.56,11.56,11.56,11.56,500,0
TLGYF.US,D,20241017,000000,11.56,11.56,11.56,11.56,411,0
TLGYF.US,D,20241023,000000,11.58,11.58,11.58,11.58,49901,0
TLGYF.US,D,20241024,000000,11.58,11.58,11.58,11.58,616,0
TLGYF.US,D,20241025,000000,11.58,11.58,11.57,11.58,8912,0
TLGYF.US,D,20241028,000000,11.54,11.59,11.54,11.58,55433,0
TLGYF.US,D,20241101,000000,11.58,11.59,11.58,11.59,25501,0
TLGYF.US,D,20241104,000000,11.58,11.59,11.58,11.59,7304,0
TLGYF.US,D,20241105,000000,11.59,11.6,11.59,11.6,171750,0
TLGYF.US,D,20241119,000000,11.61,11.61,11.61,11.61,1663,0
TLGYF.US,D,20241120,000000,11.64,11.65,11.64,11.65,5504,0
TLGYF.US,D,20241121,000000,11.64,11.64,11.64,11.64,56042,0
TLGYF.US,D,20241122,000000,11.64,11.64,11.64,11.64,16940,0
TLGYF.US,D,20241125,000000,11.65,11.65,11.64,11.64,3882,0
TLGYF.US,D,20241127,000000,11.6448,11.6448,11.6448,11.6448,396,0
TLGYF.US,D,20241129,000000,11.64,11.64,11.64,11.64,104,0
TLGYF.US,D,20241205,000000,11.64,11.64,11.64,11.64,101,0
TLGYF.US,D,20241206,000000,11.641,11.641,11.64,11.64,1324,0
