<TICKER>,<PER>,<DATE>,<TIME>,<OPEN>,<HIGH>,<LOW>,<CLOSE>,<VOL>,<OPENINT>
TLIS.US,D,20210212,000000,434.978,508.475,379.781,416.979,210526.92582,0
TLIS.US,D,20210216,000000,401.98,416.829,345.133,367.482,51836.65837,0
TLIS.US,D,20210217,000000,364.932,375.581,344.983,363.132,27272.56356,0
TLIS.US,D,20210218,000000,352.932,372.056,348.434,367.332,16227.27799,0
TLIS.US,D,20210219,000000,359.982,362.682,332.983,333.733,29339.40023,0
TLIS.US,D,20210222,000000,354.732,367.182,315.434,316.484,24712.5689,0
TLIS.US,D,20210223,000000,311.534,311.534,243.888,271.636,34567.46162,0
TLIS.US,D,20210224,000000,276.886,289.934,275.236,279.436,30870.07676,0
TLIS.US,D,20210225,000000,281.086,281.234,249.738,252.737,21897.36148,0
TLIS.US,D,20210226,000000,253.337,268.637,248.988,258.887,14336.38345,0
TLIS.US,D,20210301,000000,288.736,288.736,254.987,259.187,22457.7895,0
TLIS.US,D,20210302,000000,263.387,269.085,251.837,254.687,10817.47418,0
TLIS.US,D,20210303,000000,251.987,259.544,229.939,233.088,20053.13594,0
TLIS.US,D,20210304,000000,233.538,242.929,213.739,223.339,21498.14152,0
TLIS.US,D,20210305,000000,223.639,236.988,200.54,219.739,28704.90184,0
TLIS.US,D,20210308,000000,217.339,217.339,188.991,192.74,19520.04262,0
TLIS.US,D,20210309,000000,195.89,201.74,189.516,191.39,17288.39771,0
TLIS.US,D,20210310,000000,193.04,262.487,192.74,221.839,103059.41938,0
TLIS.US,D,20210311,000000,228.139,239.538,221.239,238.188,33061.51966,0
TLIS.US,D,20210312,000000,231.888,239.988,227.69,236.988,13094.78804,0
TLIS.US,D,20210315,000000,242.988,272.386,240.813,261.737,20870.3768,0
TLIS.US,D,20210316,000000,262.487,268.487,247.638,263.987,11101.2217,0
TLIS.US,D,20210317,000000,256.637,262.524,232.488,249.138,20507.49199,0
TLIS.US,D,20210318,000000,242.838,252.737,239.238,249.588,11311.49888,0
TLIS.US,D,20210319,000000,248.988,258.137,232.788,234.438,142573.66166,0
TLIS.US,D,20210322,000000,234.438,242.688,210.514,217.339,22662.86642,0
TLIS.US,D,20210323,000000,213.739,219.138,194.99,196.49,11945.66392,0
TLIS.US,D,20210324,000000,199.49,204.89,180.141,180.891,14823.07445,0
TLIS.US,D,20210325,000000,180.141,184.491,165.292,173.091,16543.76048,0
TLIS.US,D,20210326,000000,172.791,187.941,167.992,172.641,12653.2993,0
TLIS.US,D,20210329,000000,173.241,178.023,159.742,167.992,5859.35962,0
TLIS.US,D,20210330,000000,167.692,171.291,160.192,170.991,7710.31883,0
TLIS.US,D,20210331,000000,176.991,196.48,172.791,192.74,51692.85118,0
TLIS.US,D,20210401,000000,199.49,203.667,188.616,193.79,11111.02219,0
TLIS.US,D,20210405,000000,194.84,203.69,194.24,199.34,7364.90156,0
TLIS.US,D,20210406,000000,201.14,203.99,197.092,199.79,7712.45227,0
TLIS.US,D,20210407,000000,197.99,203.838,191.54,197.24,11598.64657,0
TLIS.US,D,20210408,000000,198.44,200.24,189.591,194.24,3808.8571,0
TLIS.US,D,20210409,000000,193.94,196.49,190.64,192.29,2382.91914,0
TLIS.US,D,20210412,000000,190.19,192.365,184.491,191.09,4215.47743,0
TLIS.US,D,20210413,000000,191.84,195.89,187.941,192.44,3696.65149,0
TLIS.US,D,20210414,000000,191.24,203.99,189.891,198.59,5741.42039,0
TLIS.US,D,20210415,000000,200.39,229.189,195.44,218.389,13186.45929,0
TLIS.US,D,20210416,000000,215.689,215.689,200.091,209.24,4836.9085,0
TLIS.US,D,20210419,000000,207.74,207.74,192.74,194.39,4038.53525,0
TLIS.US,D,20210420,000000,191.39,196.189,181.041,182.541,4821.5744,0
TLIS.US,D,20210421,000000,183.591,189.591,180.741,181.941,6484.05752,0
TLIS.US,D,20210422,000000,182.091,189.441,180.741,183.141,5282.13076,0
TLIS.US,D,20210423,000000,185.391,196.34,180.741,186.891,6130.9732,0
TLIS.US,D,20210426,000000,184.191,191.09,181.491,183.441,8268.01338,0
TLIS.US,D,20210427,000000,184.041,185.991,179.841,180.891,8213.34398,0
TLIS.US,D,20210428,000000,181.491,185.991,179.841,181.041,4369.35179,0
TLIS.US,D,20210429,000000,182.241,185.241,178.641,181.641,3449.23912,0
TLIS.US,D,20210430,000000,181.341,185.091,175.341,179.991,7333.0333,0
TLIS.US,D,20210503,000000,181.041,183.291,172.941,173.541,2890.01116,0
TLIS.US,D,20210504,000000,172.491,173.091,165.442,172.191,3974.73206,0
TLIS.US,D,20210505,000000,172.041,179.991,165.742,168.742,3986.39931,0
TLIS.US,D,20210506,000000,169.492,180.216,164.692,174.741,8004.80022,0
TLIS.US,D,20210507,000000,175.641,177.891,170.241,173.841,1899.22829,0
TLIS.US,D,20210510,000000,173.841,175.941,153.892,157.192,5671.21688,0
TLIS.US,D,20210511,000000,152.992,166.334,150.742,152.092,4504.62522,0
TLIS.US,D,20210512,000000,148.943,168.742,141.443,165.442,6471.25688,0
TLIS.US,D,20210513,000000,166.342,166.342,146.543,146.543,6217.84421,0
TLIS.US,D,20210514,000000,146.393,156.592,146.393,151.042,12241.67872,0
TLIS.US,D,20210517,000000,151.492,155.692,148.568,152.842,8380.35233,0
TLIS.US,D,20210518,000000,154.492,172.641,149.768,166.192,16704.8352,0
TLIS.US,D,20210519,000000,161.392,165.142,150.892,155.092,6654.13269,0
TLIS.US,D,20210520,000000,155.392,163.492,155.392,160.492,6261.51306,0
TLIS.US,D,20210521,000000,163.942,169.192,158.392,163.192,5419.93765,0
TLIS.US,D,20210524,000000,163.192,164.467,152.992,153.892,8928.71308,0
TLIS.US,D,20210525,000000,156.742,156.742,151.042,152.842,5359.20128,0
TLIS.US,D,20210526,000000,153.892,154.492,150.892,151.792,5401.40339,0
TLIS.US,D,20210527,000000,151.792,154.039,147.443,150.892,6307.71537,0
TLIS.US,D,20210528,000000,148.793,153.892,145.793,146.093,10157.04116,0
TLIS.US,D,20210601,000000,149.543,152.352,142.193,145.493,10014.10068,0
TLIS.US,D,20210602,000000,145.043,156.442,145.043,152.242,11898.86158,0
TLIS.US,D,20210603,000000,152.392,163.417,149.393,157.492,12626.09794,0
TLIS.US,D,20210604,000000,159.442,167.87,154.342,160.192,10963.01479,0
TLIS.US,D,20210607,000000,161.992,166.642,156.142,161.392,11198.15988,0
TLIS.US,D,20210608,000000,163.492,166.19,147.593,150.742,24157.54115,0
TLIS.US,D,20210609,000000,151.792,173.99,145.643,158.992,50990.68274,0
TLIS.US,D,20210610,000000,158.842,161.927,149.243,155.392,28675.30036,0
TLIS.US,D,20210611,000000,157.342,178.94,154.183,174.741,31095.42136,0
TLIS.US,D,20210614,000000,179.991,185.221,165.742,171.291,38718.73584,0
TLIS.US,D,20210615,000000,170.991,173.391,158.392,164.242,20532.69325,0
TLIS.US,D,20210616,000000,163.792,163.972,150.742,155.392,25328.13301,0
TLIS.US,D,20210617,000000,155.392,163.192,151.042,152.842,20349.61743,0
TLIS.US,D,20210618,000000,151.192,156.091,146.543,146.693,19199.02657,0
TLIS.US,D,20210621,000000,148.343,149.243,142.643,144.293,16940.1803,0
TLIS.US,D,20210622,000000,146.693,153.142,143.393,150.742,18494.52468,0
TLIS.US,D,20210623,000000,151.042,155.841,148.493,154.642,33449.80574,0
TLIS.US,D,20210624,000000,154.642,164.992,154.642,164.692,10268.44673,0
TLIS.US,D,20210625,000000,164.542,174.741,161.581,168.742,57375.40196,0
TLIS.US,D,20210628,000000,170.691,177.441,169.342,174.141,14411.85389,0
TLIS.US,D,20210629,000000,174.141,175.341,158.617,160.492,12221.2777,0
TLIS.US,D,20210630,000000,162.592,171.441,158.992,165.442,13473.40697,0
TLIS.US,D,20210701,000000,164.842,167.392,154.942,157.792,12196.67647,0
TLIS.US,D,20210702,000000,158.092,158.692,148.943,152.692,12007.267,0
TLIS.US,D,20210706,000000,152.692,152.992,145.943,149.093,16963.31479,0
TLIS.US,D,20210707,000000,149.093,153.742,146.093,151.042,9337.86687,0
TLIS.US,D,20210708,000000,151.042,151.342,146.693,150.742,8370.61851,0
TLIS.US,D,20210709,000000,151.792,160.891,148.943,159.142,19232.09489,0
TLIS.US,D,20210712,000000,158.692,158.692,149.243,154.642,9315.26574,0
TLIS.US,D,20210713,000000,154.042,156.592,149.393,150.442,11364.76821,0
TLIS.US,D,20210714,000000,150.292,156.592,142.365,145.943,22515.25904,0
TLIS.US,D,20210715,000000,145.493,153.741,143.543,149.693,10454.58937,0
TLIS.US,D,20210716,000000,150.742,150.742,144.743,148.493,7789.85614,0
TLIS.US,D,20210719,000000,144.893,153.142,144.143,151.492,12431.75489,0
TLIS.US,D,20210720,000000,151.492,190.639,147.743,181.791,182803.67306,0
TLIS.US,D,20210721,000000,178.791,193.19,165.742,186.891,103827.59112,0
TLIS.US,D,20210722,000000,185.241,187.191,172.014,175.341,38388.45266,0
TLIS.US,D,20210723,000000,176.991,178.491,154.944,175.491,59353.76754,0
TLIS.US,D,20210726,000000,174.441,179.691,157.642,162.592,39504.97515,0
TLIS.US,D,20210727,000000,161.092,163.492,149.211,156.592,42676.00036,0
TLIS.US,D,20210728,000000,156.592,169.942,152.994,164.392,27911.66218,0
TLIS.US,D,20210729,000000,167.242,170.84,155.392,156.442,21536.4101,0
TLIS.US,D,20210730,000000,155.692,157.342,149.843,154.492,17446.60562,0
TLIS.US,D,20210802,000000,153.892,162.292,151.792,156.742,24692.03454,0
TLIS.US,D,20210803,000000,157.492,158.842,149.693,152.092,10444.5222,0
TLIS.US,D,20210804,000000,151.642,154.342,144.668,144.743,23906.06191,0
TLIS.US,D,20210805,000000,145.343,156.292,141.027,155.092,20079.6706,0
TLIS.US,D,20210806,000000,155.692,155.917,148.343,148.793,9692.35126,0
TLIS.US,D,20210809,000000,148.793,151.492,143.993,145.043,9878.56057,0
TLIS.US,D,20210810,000000,146.993,146.993,134.243,134.543,25043.11876,0
TLIS.US,D,20210811,000000,116.394,127.153,112.494,125.844,52854.04257,0
TLIS.US,D,20210812,000000,122.394,123.744,117.744,121.044,29700.95164,0
TLIS.US,D,20210813,000000,118.044,118.194,109.495,116.094,32623.69777,0
TLIS.US,D,20210816,000000,114.294,120.744,113.184,115.494,15924.92954,0
TLIS.US,D,20210817,000000,113.394,117.144,112.194,114.744,19815.32405,0
TLIS.US,D,20210818,000000,114.144,116.544,109.645,113.994,19634.11499,0
TLIS.US,D,20210819,000000,112.344,114.444,105.145,107.545,26068.23668,0
TLIS.US,D,20210820,000000,107.245,115.334,105.145,114.594,16434.42168,0
TLIS.US,D,20210823,000000,115.644,123.744,115.494,123.744,28108.33868,0
TLIS.US,D,20210824,000000,123.894,132.443,123.777,129.594,11842.05874,0
TLIS.US,D,20210825,000000,129.894,130.613,124.644,126.594,8612.63061,0
TLIS.US,D,20210826,000000,127.044,132.743,126.369,129.144,5134.45671,0
TLIS.US,D,20210827,000000,130.343,134.543,125.094,127.944,7468.57341,0
TLIS.US,D,20210830,000000,128.994,137.993,124.869,135.893,13768.62173,0
TLIS.US,D,20210831,000000,134.693,134.693,114.144,120.894,63852.59247,0
TLIS.US,D,20210901,000000,120.894,131.843,119.994,128.244,26502.59173,0
TLIS.US,D,20210902,000000,128.244,132.293,124.344,126.594,10567.99504,0
TLIS.US,D,20210903,000000,125.244,130.943,123.294,125.694,6858.27623,0
TLIS.US,D,20210907,000000,125.694,128.596,122.394,124.944,6666.59998,0
TLIS.US,D,20210908,000000,124.194,124.194,114.744,117.894,10185.50925,0
TLIS.US,D,20210909,000000,116.244,120.744,115.194,117.894,9761.22137,0
TLIS.US,D,20210910,000000,118.944,119.994,114.294,115.494,14627.66468,0
TLIS.US,D,20210913,000000,115.794,118.344,111.744,116.244,8895.84477,0
TLIS.US,D,20210914,000000,115.644,117.444,112.044,114.444,8399.01993,0
TLIS.US,D,20210915,000000,114.594,114.894,109.795,112.494,9947.36401,0
TLIS.US,D,20210916,000000,111.594,115.194,107.395,113.994,13007.9837,0
TLIS.US,D,20210917,000000,114.294,119.844,107.395,107.995,33831.09147,0
TLIS.US,D,20210920,000000,105.895,112.794,102.145,107.095,18503.79181,0
TLIS.US,D,20210921,000000,107.695,110.244,103.945,107.545,18801.6067,0
TLIS.US,D,20210922,000000,109.795,109.795,102.745,105.445,13471.00685,0
TLIS.US,D,20210923,000000,105.745,110.619,102.895,109.495,9121.18937,0
TLIS.US,D,20210924,000000,107.695,107.995,104.695,105.595,7012.01725,0
TLIS.US,D,20210927,000000,100.495,101.695,88.6456,98.6951,29363.86812,0
TLIS.US,D,20210928,000000,96.5952,102.745,91.4954,92.0954,19246.2956,0
TLIS.US,D,20210929,000000,92.5454,101.245,89.3955,90.2955,9510.60884,0
TLIS.US,D,20210930,000000,90.7455,95.9952,89.9205,93.7453,10445.05556,0
TLIS.US,D,20211001,000000,92.6954,95.5452,90.7455,92.5454,6979.48229,0
TLIS.US,D,20211004,000000,91.4954,91.4954,85.1957,87.2956,12724.83621,0
TLIS.US,D,20211005,000000,87.5956,91.4954,86.3957,89.0955,6360.58468,0
TLIS.US,D,20211006,000000,87.5956,88.5076,84.4458,86.3957,5078.9206,0
TLIS.US,D,20211007,000000,87.1456,90.4455,87.1456,88.9456,5258.79626,0
TLIS.US,D,20211008,000000,89.3955,89.9955,84.4458,86.2457,4878.2439,0
TLIS.US,D,20211011,000000,86.5457,86.9957,83.5458,85.1957,4739.50363,0
TLIS.US,D,20211012,000000,85.1957,87.1456,84.5958,86.6957,3706.45198,0
TLIS.US,D,20211013,000000,87.2956,89.8455,85.4957,86.3957,7345.63393,0
TLIS.US,D,20211014,000000,87.0706,89.6955,84.2958,86.2457,7274.29703,0
TLIS.US,D,20211015,000000,87.7456,87.7456,85.3457,85.7957,6025.16791,0
TLIS.US,D,20211018,000000,86.2457,87.7456,84.2958,84.8958,4606.09696,0
TLIS.US,D,20211019,000000,84.4458,87.4396,83.2458,83.9958,8749.1041,0
TLIS.US,D,20211020,000000,85.0457,87.2941,84.1458,85.1957,10008.43373,0
TLIS.US,D,20211021,000000,85.4957,88.3306,85.0457,85.9457,8213.21064,0
TLIS.US,D,20211022,000000,85.9457,85.9457,79.196,79.796,10871.74356,0
TLIS.US,D,20211025,000000,80.696,84.4458,79.646,82.3459,8637.0985,0
TLIS.US,D,20211026,000000,82.6459,82.6459,78.8961,79.346,6313.31565,0
TLIS.US,D,20211027,000000,81.5959,81.8959,74.6963,74.8463,8717.23584,0
TLIS.US,D,20211028,000000,76.9462,80.096,73.4213,79.496,9186.25929,0
TLIS.US,D,20211029,000000,79.196,81.2959,77.3961,80.246,5212.72729,0
TLIS.US,D,20211101,000000,80.996,84.7458,80.546,83.3958,7585.91261,0
TLIS.US,D,20211102,000000,82.0459,83.3958,78.7461,80.396,6269.04677,0
TLIS.US,D,20211103,000000,80.396,84.2958,80.246,83.5458,6092.70462,0
TLIS.US,D,20211104,000000,83.5458,84.8958,80.846,82.3459,4137.14018,0
TLIS.US,D,20211105,000000,82.7959,83.0958,78.1461,79.196,5253.32932,0
TLIS.US,D,20211108,000000,86.9957,96.7767,84.5958,92.5454,80162.27458,0
TLIS.US,D,20211109,000000,92.3954,92.3954,83.6973,85.3457,17703.88515,0
TLIS.US,D,20211110,000000,84.4458,86.7707,79.346,80.096,13530.80984,0
TLIS.US,D,20211111,000000,81.2959,82.1944,78.7461,80.846,6027.70137,0
TLIS.US,D,20211112,000000,82.0459,86.0957,79.877,84.8958,9542.4771,0
TLIS.US,D,20211115,000000,86.2457,88.0456,79.646,86.9957,20944.78052,0
TLIS.US,D,20211116,000000,83.9958,83.9958,71.0964,71.3964,31378.76886,0
TLIS.US,D,20211117,000000,71.5464,72.4464,66.1467,66.2967,13632.41492,0
TLIS.US,D,20211118,000000,65.6967,70.7965,64.3468,68.2466,15988.46605,0
TLIS.US,D,20211119,000000,68.3966,69.4465,66.8967,67.3466,7489.17444,0
TLIS.US,D,20211122,000000,70.1965,71.5464,67.9466,69.4465,13516.80914,0
TLIS.US,D,20211123,000000,70.6465,76.4962,68.3966,72.7464,19208.89373,0
TLIS.US,D,20211124,000000,73.6463,74.9963,70.4965,71.2464,14024.10117,0
TLIS.US,D,20211126,000000,68.9966,72.7464,67.4126,70.9465,8741.83707,0
TLIS.US,D,20211129,000000,71.5464,71.5464,65.8467,67.4966,14891.87789,0
TLIS.US,D,20211130,000000,67.4966,73.4963,67.4966,70.1965,31818.72419,0
TLIS.US,D,20211201,000000,71.0964,71.6829,64.7968,67.0466,12420.82101,0
TLIS.US,D,20211202,000000,67.3466,70.1965,66.8217,68.9966,20452.42257,0
TLIS.US,D,20211203,000000,71.8464,72.2964,65.3967,69.8965,22831.60819,0
TLIS.US,D,20211206,000000,69.5965,74.2463,67.3466,72.8964,10641.1987,0
TLIS.US,D,20211207,000000,71.5464,77.5461,71.5464,72.4464,23809.79043,0
TLIS.US,D,20211208,000000,72.2964,72.7314,62.6969,64.1968,25098.72154,0
TLIS.US,D,20211209,000000,62.5469,64.0468,60.897,61.1969,11313.83233,0
TLIS.US,D,20211210,000000,61.0469,62.0969,57.4471,58.1971,14911.01218,0
TLIS.US,D,20211213,000000,57.5971,57.8956,55.0577,57.2971,15549.04408,0
TLIS.US,D,20211214,000000,56.8472,58.8886,55.0472,57.1471,8418.68758,0
TLIS.US,D,20211215,000000,57.5971,61.4969,54.5973,60.597,18559.5946,0
TLIS.US,D,20211216,000000,61.3469,61.9469,58.0471,59.847,13476.74047,0
TLIS.US,D,20211217,000000,59.697,66.5967,57.9496,65.0967,20237.21181,0
TLIS.US,D,20211220,000000,64.4968,64.7968,61.0469,63.8968,16469.62344,0
TLIS.US,D,20211221,000000,64.4968,67.0466,64.1968,65.0967,12248.34572,0
TLIS.US,D,20211222,000000,64.9468,67.3466,63.0718,65.8467,14941.88039,0
TLIS.US,D,20211223,000000,66.5967,66.5967,63.4468,63.8968,4475.42376,0
TLIS.US,D,20211227,000000,64.4968,65.6217,61.0469,62.0969,11542.17708,0
TLIS.US,D,20211228,000000,61.9469,63.5968,59.697,59.847,7968.46507,0
TLIS.US,D,20211229,000000,60.297,60.747,57.7681,58.7971,7172.82529,0
TLIS.US,D,20211230,000000,58.0471,62.9969,58.0471,61.3469,7185.35925,0
TLIS.US,D,20211231,000000,61.9469,63.2968,59.3985,60.147,9131.32321,0
TLIS.US,D,20220103,000000,60.597,63.4468,59.847,62.8469,11150.89085,0
TLIS.US,D,20220104,000000,63.7468,65.0967,60.297,60.297,11833.72499,0
TLIS.US,D,20220105,000000,60.447,60.447,52.9474,52.9474,20878.64388,0
TLIS.US,D,20220106,000000,52.4974,54.5973,49.9475,52.9474,14617.13082,0
TLIS.US,D,20220107,000000,51.5974,54.4473,48.8046,49.6475,10209.44378,0
TLIS.US,D,20220110,000000,49.3475,49.3475,46.6477,48.1476,12186.54263,0
TLIS.US,D,20220111,000000,47.5476,50.8475,47.5476,49.4975,4460.48968,0
TLIS.US,D,20220112,000000,50.0975,50.0975,47.2476,48.5976,4646.09896,0
TLIS.US,D,20220113,000000,49.1975,49.4975,47.2476,47.5476,3717.25252,0
TLIS.US,D,20220114,000000,48.1476,49.1975,47.0976,48.8976,4965.84828,0
TLIS.US,D,20220118,000000,48.2976,49.0475,45.2977,45.2977,5389.93615,0
TLIS.US,D,20220119,000000,45.8977,46.4977,43.9478,44.2478,5094.2547,0
TLIS.US,D,20220120,000000,44.8478,46.7227,42.8979,43.0478,4533.89335,0
TLIS.US,D,20220121,000000,43.6478,46.6477,41.6979,43.1978,8514.15902,0
TLIS.US,D,20220124,000000,42.7479,46.4977,39.748,44.3978,8848.50907,0
TLIS.US,D,20220125,000000,43.1978,45.3277,41.6979,43.9478,3362.30144,0
TLIS.US,D,20220126,000000,44.8478,45.5977,40.498,41.2479,4002.66679,0
TLIS.US,D,20220127,000000,41.5479,42.3294,38.5481,39.448,8312.81562,0
TLIS.US,D,20220128,000000,39.898,42.7479,38.8481,40.798,7161.0247,0
TLIS.US,D,20220131,000000,40.498,44.5478,40.498,44.2478,5270.53018,0
TLIS.US,D,20220201,000000,44.5478,45.3007,41.3979,44.0978,5195.79311,0
TLIS.US,D,20220202,000000,44.0978,44.0978,40.498,41.8479,5283.5975,0
TLIS.US,D,20220203,000000,41.5479,42.7479,37.7981,38.0981,6063.76984,0
TLIS.US,D,20220204,000000,37.6481,37.9166,34.1983,36.8982,8653.03263,0
TLIS.US,D,20220207,000000,36.7482,37.1981,34.4233,35.0982,8747.104,0
TLIS.US,D,20220208,000000,35.6982,35.6982,32.9984,33.7483,8501.29171,0
TLIS.US,D,20220209,000000,34.1983,34.9483,32.9984,34.6483,7961.33138,0
TLIS.US,D,20220210,000000,33.4483,33.7483,31.1984,32.0984,11211.42721,0
TLIS.US,D,20220211,000000,32.0984,32.3984,29.2485,29.3985,6549.52746,0
TLIS.US,D,20220214,000000,29.8485,31.3484,29.5485,30.4485,7620.91436,0
TLIS.US,D,20220215,000000,30.7485,32.6984,30.7485,32.6984,4784.97257,0
TLIS.US,D,20220216,000000,32.3984,33.5713,31.4984,32.9984,5494.34137,0
TLIS.US,D,20220217,000000,32.2484,32.8484,30.2985,30.4485,4501.02504,0
TLIS.US,D,20220218,000000,30.2985,32.2484,29.2485,30.8985,6211.11054,0
TLIS.US,D,20220222,000000,30.7485,31.7984,29.5485,30.5985,4196.40981,0
TLIS.US,D,20220223,000000,30.5985,30.6195,29.2485,29.3985,3575.91212,0
TLIS.US,D,20220224,000000,27.1486,31.1984,26.6987,30.7485,5864.69322,0
TLIS.US,D,20220225,000000,30.7485,32.8484,29.5485,31.6484,3256.29614,0
TLIS.US,D,20220228,000000,31.0484,32.8484,30.606,31.3484,6095.77144,0
TLIS.US,D,20220301,000000,29.9985,31.4984,28.9486,29.2485,8910.51217,0
TLIS.US,D,20220302,000000,29.0985,29.9985,28.4986,29.5485,4415.35409,0
TLIS.US,D,20220303,000000,29.6985,29.6985,25.9487,26.2487,11033.15163,0
TLIS.US,D,20220304,000000,26.2487,27.2986,25.1987,26.8487,7795.12307,0
TLIS.US,D,20220307,000000,26.9987,27.7486,26.2487,26.9987,4004.73356,0
TLIS.US,D,20220308,000000,27.2986,28.4986,26.0987,26.0987,5602.54678,0
TLIS.US,D,20220309,000000,26.9987,28.6486,26.3987,27.4486,4377.95222,0
TLIS.US,D,20220310,000000,27.1486,27.2986,24.7488,26.2487,5987.6327,0
TLIS.US,D,20220311,000000,26.5487,26.5487,24.8988,25.4987,2843.34216,0
TLIS.US,D,20220314,000000,25.6487,26.0237,23.8488,24.2988,9978.83225,0
TLIS.US,D,20220315,000000,23.8488,28.6486,23.8488,25.3487,25554.74434,0
TLIS.US,D,20220316,000000,25.3487,25.3487,14.3993,19.499,88650.09895,0
TLIS.US,D,20220317,000000,19.199,21.4489,18.4491,21.2989,9788.08938,0
TLIS.US,D,20220318,000000,19.949,25.3487,19.799,23.2488,20459.35625,0
TLIS.US,D,20220321,000000,23.8488,24.1488,22.4989,22.7989,6561.72807,0
TLIS.US,D,20220322,000000,22.7989,23.8488,22.4989,22.9489,2948.21407,0
TLIS.US,D,20220323,000000,22.6489,26.9987,22.4989,23.8488,54371.65178,0
TLIS.US,D,20220324,000000,23.8488,24.2988,21.4489,21.8989,16973.58197,0
TLIS.US,D,20220325,000000,21.4489,22.1989,20.999,21.2989,6522.25943,0
TLIS.US,D,20220328,000000,21.4489,22.6489,20.399,21.2989,7751.65423,0
TLIS.US,D,20220329,000000,21.5989,22.9489,21.2989,22.6489,6975.41542,0
TLIS.US,D,20220330,000000,23.6988,23.6988,21.2989,21.5989,10359.11793,0
TLIS.US,D,20220331,000000,21.5989,22.3474,20.699,21.1489,5579.01227,0
TLIS.US,D,20220401,000000,21.2989,22.1989,21.1489,21.5989,3147.69071,0
TLIS.US,D,20220404,000000,22.0489,22.0489,20.549,20.699,5519.80931,0
TLIS.US,D,20220405,000000,20.549,21.2989,19.799,20.399,7815.19074,0
TLIS.US,D,20220406,000000,20.249,20.249,19.499,19.799,4245.27892,0
TLIS.US,D,20220407,000000,19.949,20.693,19.574,20.399,8136.07345,0
TLIS.US,D,20220408,000000,20.099,20.549,19.649,20.099,4602.29677,0
TLIS.US,D,20220411,000000,20.099,20.849,18.8991,19.199,10251.44588,0
TLIS.US,D,20220412,000000,19.499,20.9525,19.199,19.349,7561.24471,0
TLIS.US,D,20220413,000000,19.649,19.799,19.343,19.499,5389.20278,0
TLIS.US,D,20220414,000000,19.799,20.399,19.199,19.199,4986.64932,0
TLIS.US,D,20220418,000000,19.499,19.649,16.9492,17.2491,6415.25408,0
TLIS.US,D,20220419,000000,17.3991,18.2301,17.2806,17.6991,3686.31764,0
TLIS.US,D,20220420,000000,17.8491,17.9991,16.7992,16.9492,5825.15791,0
TLIS.US,D,20220421,000000,17.3991,17.6991,16.4992,16.4992,6545.32725,0
TLIS.US,D,20220422,000000,16.1992,16.6492,15.8992,16.0492,6304.11519,0
TLIS.US,D,20220425,000000,16.1992,17.0991,16.0492,16.9492,6617.73087,0
TLIS.US,D,20220426,000000,17.2491,19.349,15.7492,16.3492,23089.55442,0
TLIS.US,D,20220427,000000,16.0492,17.5491,15.7492,16.7992,8292.81462,0
TLIS.US,D,20220428,000000,16.9492,16.9897,15.7492,16.3492,5054.71939,0
TLIS.US,D,20220429,000000,16.3492,16.4992,15.5992,15.7492,3604.38021,0
TLIS.US,D,20220502,000000,15.7492,16.3492,14.4188,15.2992,10936.41346,0
TLIS.US,D,20220503,000000,15.5992,16.1977,14.9603,15.8992,4242.01209,0
TLIS.US,D,20220504,000000,16.0492,16.3477,14.9993,14.9993,9810.75718,0
TLIS.US,D,20220505,000000,15.7492,15.8992,14.8493,15.7492,13096.05477,0
TLIS.US,D,20220506,000000,15.7492,16.9492,15.2992,16.3492,8552.76095,0
TLIS.US,D,20220509,000000,16.9492,16.9492,14.7143,15.5992,10447.65569,0
TLIS.US,D,20220510,000000,15.4492,20.099,15.2992,17.6991,40517.29243,0
TLIS.US,D,20220511,000000,17.0991,19.802,14.5493,16.1992,40070.6701,0
TLIS.US,D,20220512,000000,15.4492,16.4992,14.8493,15.5992,8438.22189,0
TLIS.US,D,20220513,000000,15.4492,16.6492,14.5643,14.6993,10703.53515,0
TLIS.US,D,20220516,000000,15.4492,16.1992,14.7218,15.1492,18107.10531,0
TLIS.US,D,20220517,000000,15.5992,17.2221,15.5992,15.8992,7389.90281,0
TLIS.US,D,20220518,000000,15.8992,15.8992,15.4492,15.4492,4631.03154,0
TLIS.US,D,20220519,000000,15.1492,15.7492,14.6633,15.2992,5324.19953,0
TLIS.US,D,20220520,000000,15.2992,15.5992,14.7143,14.9993,5599.21328,0
TLIS.US,D,20220523,000000,15.4492,15.8977,14.7398,14.9993,24850.17578,0
TLIS.US,D,20220524,000000,14.8493,15.2992,13.6493,13.7783,18665.19988,0
TLIS.US,D,20220525,000000,13.7258,15.2992,13.5143,13.9493,9947.09733,0
TLIS.US,D,20220526,000000,13.8293,14.9753,13.6583,14.1203,5269.93015,0
TLIS.US,D,20220527,000000,14.5493,15.7492,13.9493,15.2992,6225.57793,0
TLIS.US,D,20220531,000000,15.4492,16.1992,15.4492,15.7492,5983.49916,0
TLIS.US,D,20220601,000000,16.1992,16.1992,15.4492,15.4492,9404.87022,0
TLIS.US,D,20220602,000000,15.4492,15.7492,14.9993,15.2992,8917.84587,0
TLIS.US,D,20220603,000000,15.4492,15.5992,14.8508,15.4492,11076.35379,0
TLIS.US,D,20220606,000000,16.0492,16.0492,14.6993,14.8298,10496.79148,0
TLIS.US,D,20220607,000000,14.9993,15.5977,14.5493,14.5493,37522.20935,0
TLIS.US,D,20220608,000000,14.5493,15.6742,14.3993,15.2992,19133.88998,0
TLIS.US,D,20220609,000000,15.2992,16.0492,14.8493,15.5992,8882.77745,0
TLIS.US,D,20220610,000000,15.5992,15.5992,14.8193,14.9978,8713.43565,0
TLIS.US,D,20220613,000000,14.7098,14.8493,13.6523,14.3993,14030.76817,0
TLIS.US,D,20220614,000000,14.0123,14.9993,13.6493,14.1983,7320.23266,0
TLIS.US,D,20220615,000000,14.1143,15.1492,13.5038,14.3678,8292.81462,0
TLIS.US,D,20220616,000000,13.6673,13.7243,13.0493,13.3748,17926.62962,0
TLIS.US,D,20220617,000000,13.0493,13.7993,12.5994,12.7134,14018.7009,0
TLIS.US,D,20220621,000000,12.7494,14.6993,12.3144,12.8424,12154.07434,0
TLIS.US,D,20220622,000000,12.9984,12.9984,12.0879,12.7164,12044.80221,0
TLIS.US,D,20220623,000000,12.0894,13.0298,12.0159,12.6444,12772.43859,0
TLIS.US,D,20220624,000000,12.5994,13.4963,11.9994,12.2079,111119.02234,0
TLIS.US,D,20220627,000000,12.6444,13.1993,12.4494,12.7494,10431.72156,0
TLIS.US,D,20220628,000000,13.1528,13.1528,12.4509,12.6009,4118.00589,0
TLIS.US,D,20220629,000000,12.5994,12.7194,12.3144,12.3144,2888.74443,0
TLIS.US,D,20220630,000000,12.3144,12.8814,12.1644,12.1794,2330.44985,0
TLIS.US,D,20220701,000000,12.2994,12.7074,12.1644,12.5244,4751.70424,0
TLIS.US,D,20220705,000000,12.3339,12.8994,12.1644,12.7794,8403.95351,0
TLIS.US,D,20220706,000000,12.7854,12.9744,12.2994,12.5244,4945.38059,0
TLIS.US,D,20220707,000000,12.5574,13.1993,12.5574,12.8994,5376.46881,0
TLIS.US,D,20220708,000000,13.1828,14.0648,12.5394,13.2953,5199.72664,0
TLIS.US,D,20220711,000000,13.2953,14.1368,12.4494,12.8979,6427.78804,0
TLIS.US,D,20220712,000000,12.8799,13.5173,12.4794,12.8049,3372.43528,0
TLIS.US,D,20220713,000000,12.5994,12.7494,12.4494,12.7479,1435.67178,0
TLIS.US,D,20220714,000000,12.3219,12.7494,12.1644,12.6684,2959.14795,0
TLIS.US,D,20220715,000000,12.6039,13.2233,12.3384,13.1108,6014.83406,0
TLIS.US,D,20220718,000000,13.3178,13.3178,12.3909,12.6519,8962.24809,0
TLIS.US,D,20220719,000000,12.6519,13.2788,12.4164,12.7449,1941.83042,0
TLIS.US,D,20220720,000000,12.7659,13.4978,12.7044,12.9249,2850.40918,0
TLIS.US,D,20220721,000000,12.8274,12.8904,12.7044,12.7494,2867.4767,0
TLIS.US,D,20220722,000000,12.8094,12.8094,12.2979,12.4689,1615.68078,0
TLIS.US,D,20220725,000000,12.4719,12.5619,12.2244,12.5619,2081.4374,0
TLIS.US,D,20220726,000000,12.6549,12.7779,11.9994,11.9994,8936.58014,0
TLIS.US,D,20220727,000000,12.3706,12.3706,11.8494,12.2694,1041.45207,0
TLIS.US,D,20220728,000000,12.2994,12.2994,11.5494,11.5674,6096.50481,0
TLIS.US,D,20220729,000000,12.1494,12.1494,11.5674,11.8494,3092.35461,0
TLIS.US,D,20220801,000000,11.9994,12.1494,11.5944,11.6694,4981.04904,0
TLIS.US,D,20220802,000000,11.6994,12.1734,11.3664,11.4594,15235.22839,0
TLIS.US,D,20220803,000000,11.6184,12.1194,11.3919,11.6244,7148.42407,0
TLIS.US,D,20220804,000000,11.9994,12.1479,11.3244,11.4204,4804.50688,0
TLIS.US,D,20220805,000000,11.5494,11.8944,10.7335,11.0244,12742.77044,0
TLIS.US,D,20220808,000000,11.2494,11.8929,11.2494,11.4894,6898.01155,0
TLIS.US,D,20220809,000000,11.3994,11.7624,11.2494,11.2644,10865.47658,0
TLIS.US,D,20220810,000000,11.2494,11.7954,11.2494,11.5509,6381.71907,0
TLIS.US,D,20220811,000000,11.3994,12.0894,11.3184,11.9649,21398.00318,0
TLIS.US,D,20220812,000000,11.8494,12.6294,11.6994,11.9274,24719.30257,0
TLIS.US,D,20220815,000000,11.6994,13.3493,11.6994,12.9789,37860.02624,0
TLIS.US,D,20220816,000000,12.5994,13.0493,12.2994,12.6039,27763.45477,0
TLIS.US,D,20220817,000000,13.5773,16.1992,12.3144,14.7053,160076.0034,0
TLIS.US,D,20220818,000000,14.3843,14.5493,13.4993,14.2493,35744.05378,0
TLIS.US,D,20220819,000000,14.4713,14.6213,13.0493,13.7363,32901.37832,0
TLIS.US,D,20220822,000000,13.3193,15.9307,13.1243,15.1492,28039.66858,0
TLIS.US,D,20220823,000000,16.0492,17.6991,15.4492,17.2491,43564.8448,0
TLIS.US,D,20220824,000000,17.9991,17.9991,16.6492,17.2491,12929.64645,0
TLIS.US,D,20220825,000000,17.5491,17.5491,14.9993,15.4492,13309.13209,0
TLIS.US,D,20220826,000000,15.4492,15.8812,13.7243,14.0603,18945.54723,0
TLIS.US,D,20220829,000000,13.4633,14.6993,13.3493,13.7738,11642.24875,0
TLIS.US,D,20220830,000000,14.1758,14.9993,13.6058,13.6058,2803.00681,0
TLIS.US,D,20220831,000000,13.7993,14.025,12.9039,13.4993,8636.76515,0
TLIS.US,D,20220901,000000,13.1994,13.1994,11.9994,12.5994,22329.1164,0
TLIS.US,D,20220902,000000,12.3324,12.7854,12.1494,12.2814,1995.96646,0
TLIS.US,D,20220906,000000,12.2199,12.8259,12.0369,12.2994,3398.70326,0
TLIS.US,D,20220907,000000,12.2994,14.0993,12.1764,13.7798,12782.50576,0
TLIS.US,D,20220908,000000,13.6493,14.0978,12.1824,13.0403,9355.60109,0
TLIS.US,D,20220909,000000,13.4828,13.9493,13.0494,13.5023,5049.25245,0
TLIS.US,D,20220912,000000,13.8293,14.8493,13.3508,13.7048,18653.39929,0
TLIS.US,D,20220913,000000,13.5668,13.9793,12.1944,13.3478,6963.08147,0
TLIS.US,D,20220914,000000,13.0651,14.1023,13.0651,13.6478,2164.7749,0
TLIS.US,D,20220915,000000,14.2493,14.2493,13.0493,13.3883,1982.29911,0
TLIS.US,D,20220916,000000,13.0043,13.6313,12.5109,12.5364,3894.99474,0
TLIS.US,D,20220919,000000,12.8994,13.1903,11.6994,12.0309,28781.97236,0
TLIS.US,D,20220920,000000,11.6994,12.2799,11.4144,11.7519,12373.15196,0
TLIS.US,D,20220921,000000,11.6994,12.0459,11.5524,11.8104,5692.2846,0
TLIS.US,D,20220922,000000,11.6304,11.6994,10.7995,10.9495,17178.72556,0
TLIS.US,D,20220923,000000,11.0244,11.0784,10.21,10.4995,9006.38363,0
TLIS.US,D,20220926,000000,10.4995,11.5404,10.3645,10.564,12041.2687,0
TLIS.US,D,20220927,000000,10.5295,13.4978,10.4245,10.7845,9530.94319,0
TLIS.US,D,20220928,000000,10.5745,10.7995,10.4245,10.426,22000.83332,0
TLIS.US,D,20220929,000000,10.6495,10.7995,10.18,10.3495,10497.79153,0
TLIS.US,D,20220930,000000,10.3495,10.4995,9.997,10.2235,5672.9503,0
TLIS.US,D,20221003,000000,10.2235,10.3495,10.0495,10.237,6562.72812,0
TLIS.US,D,20221004,000000,10.1462,10.7995,10.1462,10.6495,5454.00602,0
TLIS.US,D,20221005,000000,10.6495,11.5089,10.6495,10.831,4311.81558,0
TLIS.US,D,20221006,000000,11.9979,11.9994,10.4995,10.948,4771.17188,0
TLIS.US,D,20221007,000000,11.8479,11.8479,10.3105,10.651,3958.79793,0
TLIS.US,D,20221010,000000,10.1995,10.7995,10.0495,10.465,1990.03283,0
TLIS.US,D,20221011,000000,10.3495,12.7479,10.0495,11.6649,40137.07342,0
TLIS.US,D,20221012,000000,11.9994,11.9994,11.0994,11.3649,18642.99877,0
TLIS.US,D,20221013,000000,10.9495,11.8464,10.021,10.279,9117.72253,0
TLIS.US,D,20221014,000000,10.2805,10.504,10.1245,10.3615,4896.17813,0
TLIS.US,D,20221017,000000,10.633,11.1759,10.0495,10.0765,7340.16699,0
TLIS.US,D,20221018,000000,10.216,10.7995,10.0945,10.096,5178.39224,0
TLIS.US,D,20221019,000000,10.096,10.4995,9.9745,10.129,4822.17443,0
TLIS.US,D,20221020,000000,10.2235,10.4995,10.0795,10.1095,5762.2881,0
TLIS.US,D,20221021,000000,10.216,10.4995,9.31153,9.9295,8664.23319,0
TLIS.US,D,20221024,000000,9.44953,9.87851,9.44953,9.49003,8267.14667,0
TLIS.US,D,20221025,000000,9.15854,10.183,9.15854,9.73301,11760.32132,0
TLIS.US,D,20221026,000000,10.108,10.1995,9.45403,9.61752,12698.10154,0
TLIS.US,D,20221027,000000,9.44953,10.1995,9.44953,10.048,9754.95439,0
TLIS.US,D,20221028,000000,9.76901,10.0885,9.64651,9.84401,2218.51092,0
TLIS.US,D,20221031,000000,10.0495,10.0495,9.80576,9.976,4234.81173,0
TLIS.US,D,20221101,000000,10.198,10.1995,9.37903,10.126,11317.29917,0
TLIS.US,D,20221102,000000,9.60102,10.492,9.60102,10.348,6716.06912,0
TLIS.US,D,20221103,000000,10.492,10.492,9.67452,10.3495,2152.97431,0
TLIS.US,D,20221104,000000,10.051,10.498,9.46603,9.49753,4942.71379,0
TLIS.US,D,20221107,000000,9.44953,9.58752,9.22454,9.29954,6222.11109,0
TLIS.US,D,20221108,000000,9.29954,9.89951,8.69957,8.69957,4853.04264,0
TLIS.US,D,20221109,000000,8.85706,8.99805,8.26459,8.52557,3165.75828,0
TLIS.US,D,20221110,000000,8.75806,8.77305,8.56757,8.56907,1516.80917,0
TLIS.US,D,20221111,000000,8.70108,8.99955,8.24959,8.64407,12209.67712,0
TLIS.US,D,20221114,000000,8.69957,8.89156,7.9646,8.29009,5236.12846,0
TLIS.US,D,20221115,000000,8.24959,9.11204,6.74966,7.50262,16922.64609,0
TLIS.US,D,20221116,000000,7.50112,7.9496,7.50112,7.62112,1505.60861,0
TLIS.US,D,20221117,000000,7.9496,8.24959,7.60462,7.80111,4703.83518,0
TLIS.US,D,20221118,000000,7.80112,7.9496,7.51462,7.76661,4649.76581,0
TLIS.US,D,20221121,000000,7.82211,7.9436,7.06465,7.16364,7884.59421,0
TLIS.US,D,20221122,000000,7.35713,7.9496,7.12464,7.35113,2053.76935,0
TLIS.US,D,20221123,000000,7.49963,8.0996,7.49963,7.49963,2690.46785,0
TLIS.US,D,20221125,000000,8.0561,8.55857,7.70361,8.40258,8898.24489,0
TLIS.US,D,20221128,000000,7.64962,8.32608,7.49963,7.69312,1161.12472,0
TLIS.US,D,20221129,000000,8.09961,8.24959,7.50262,7.80111,2180.17567,0
TLIS.US,D,20221130,000000,8.18959,8.23609,7.55962,8.23009,3601.84675,0
TLIS.US,D,20221201,000000,7.87461,8.39808,7.87461,8.10109,4662.03309,0
TLIS.US,D,20221202,000000,8.49708,9.48401,8.20009,8.32608,9100.38833,0
TLIS.US,D,20221205,000000,8.39958,9.74951,7.9496,8.39958,3674.05036,0
TLIS.US,D,20221206,000000,8.24959,8.69957,8.0006,8.14159,1292.26461,0
TLIS.US,D,20221207,000000,9.74801,9.74801,7.79961,8.0546,3685.5176,0
TLIS.US,D,20221208,000000,7.80111,8.69807,7.80111,7.9121,2901.87842,0
TLIS.US,D,20221209,000000,7.79961,8.47308,7.79961,7.9496,492.75797,0
TLIS.US,D,20221212,000000,7.55962,8.24809,7.27464,7.42463,2851.40923,0
TLIS.US,D,20221213,000000,7.42463,8.0246,7.06465,7.27464,9230.32816,0
TLIS.US,D,20221214,000000,7.12464,7.9946,7.12464,7.76961,3162.55812,0
TLIS.US,D,20221215,000000,8.39958,8.99805,7.49963,8.20459,6446.92233,0
TLIS.US,D,20221216,000000,7.9586,9.74951,7.87761,7.9841,5541.87708,0
TLIS.US,D,20221219,000000,7.49963,7.64962,7.12614,7.50112,3437.30519,0
TLIS.US,D,20221220,000000,7.12464,7.9331,7.12464,7.19964,5456.33947,0
TLIS.US,D,20221221,000000,7.34963,7.81161,7.06465,7.06465,7974.59871,0
TLIS.US,D,20221222,000000,7.06615,8.55334,6.76466,6.9439,11405.10356,0
TLIS.US,D,20221223,000000,6.83816,8.99955,6.82466,7.19964,9886.22762,0
TLIS.US,D,20221227,000000,6.98365,7.60462,6.97465,6.97465,27028.88471,0
TLIS.US,D,20221228,000000,6.76466,7.24314,6.34168,6.78716,37553.01089,0
TLIS.US,D,20221229,000000,6.36868,7.19964,6.36868,6.89966,12973.84866,0
TLIS.US,D,20221230,000000,6.82466,7.04965,6.31468,6.68517,9749.1541,0
TLIS.US,D,20230103,000000,6.76466,8.45808,6.76466,7.34963,13134.19001,0
TLIS.US,D,20230104,000000,7.49813,7.56112,6.76466,7.33163,12562.89478,0
TLIS.US,D,20230105,000000,7.30013,7.49963,7.04966,7.49963,5699.68497,0
TLIS.US,D,20230106,000000,7.21614,8.18659,7.12464,7.50112,13638.88191,0
TLIS.US,D,20230109,000000,7.64962,8.62907,7.49963,7.75311,25724.35282,0
TLIS.US,D,20230110,000000,7.79961,8.24959,7.58212,7.80711,9865.69326,0
TLIS.US,D,20230111,000000,7.80711,8.24959,7.80711,8.0996,4134.67339,0
TLIS.US,D,20230112,000000,7.79961,8.24959,7.79961,7.9511,9143.99051,0
TLIS.US,D,20230113,000000,8.0846,9.43151,7.9496,8.64707,13112.6556,0
TLIS.US,D,20230117,000000,8.54957,8.54957,7.81461,8.38458,5293.19798,0
TLIS.US,D,20230118,000000,8.36958,8.87356,8.36958,8.73256,3549.5108,0
TLIS.US,D,20230119,000000,8.70106,8.99955,8.69957,8.72506,2850.27584,0
TLIS.US,D,20230120,000000,9.73301,9.73301,8.73106,9.37153,13969.09842,0
TLIS.US,D,20230123,000000,9.56802,9.74951,9.30103,9.44953,7209.49379,0
TLIS.US,D,20230124,000000,9.46603,9.70451,9.04755,9.54252,1954.23104,0
TLIS.US,D,20230125,000000,9.44953,9.44953,9.14954,9.29954,493.29133,0
TLIS.US,D,20230126,000000,9.29954,9.44953,8.99955,8.99955,837.57521,0
TLIS.US,D,20230127,000000,9.37303,9.37453,8.63507,8.87656,6459.98965,0
TLIS.US,D,20230130,000000,8.99955,8.99955,8.69957,8.70106,4913.17898,0
TLIS.US,D,20230131,000000,8.74156,9.59952,8.74156,9.42101,14599.79662,0
TLIS.US,D,20230201,000000,9.41953,9.59352,8.84956,8.88856,6967.41502,0
TLIS.US,D,20230202,000000,9.29954,9.37753,8.89456,9.09405,7431.50489,0
TLIS.US,D,20230203,000000,9.29954,9.44953,8.88857,9.00105,7320.49934,0
TLIS.US,D,20230206,000000,9.01605,9.59952,9.01605,9.52452,5464.2732,0
TLIS.US,D,20230207,000000,9.52452,9.74801,8.99955,9.30103,2401.38673,0
TLIS.US,D,20230208,000000,9.14954,9.44953,9.14954,9.29954,5087.78771,0
TLIS.US,D,20230209,000000,9.44953,9.44953,8.88706,9.13454,3730.38651,0
TLIS.US,D,20230210,000000,8.88706,9.45065,8.88706,9.14954,12717.56918,0
TLIS.US,D,20230213,000000,9.36853,9.59952,8.88706,9.29954,7554.04435,0
TLIS.US,D,20230214,000000,9.29954,9.44953,9.00855,9.14954,4733.50333,0
TLIS.US,D,20230215,000000,9.29954,9.29954,8.99955,9.16904,4520.42601,0
TLIS.US,D,20230216,000000,9.16904,9.56352,8.94855,8.99955,15594.84637,0
TLIS.US,D,20230217,000000,8.88856,9.35953,8.56457,8.99955,7090.75452,0
TLIS.US,D,20230221,000000,9.03855,9.15104,8.74156,8.74156,5294.86473,0
TLIS.US,D,20230222,000000,9.35953,9.35953,8.56457,8.65457,5217.06084,0
TLIS.US,D,20230223,000000,8.57207,8.92305,8.56457,8.62457,6886.81099,0
TLIS.US,D,20230224,000000,8.65907,8.65907,8.33208,8.33208,3917.32919,0
TLIS.US,D,20230227,000000,8.54957,9.17954,8.54957,8.69957,2012.50062,0
TLIS.US,D,20230228,000000,9.14954,9.14954,8.52407,8.69957,4180.00899,0
TLIS.US,D,20230301,000000,8.59157,9.35953,8.33058,8.57957,7922.3961,0
TLIS.US,D,20230302,000000,8.99955,8.99955,8.49708,8.64707,5183.12581,0
TLIS.US,D,20230303,000000,8.96204,9.03705,8.47608,8.54957,5657.88288,0
TLIS.US,D,20230306,000000,8.47608,9.01455,8.47608,8.90355,3969.06511,0
TLIS.US,D,20230307,000000,8.99955,9.14954,8.54957,8.95455,12036.06844,0
TLIS.US,D,20230308,000000,8.84956,9.14954,8.69957,8.95605,4285.21425,0
TLIS.US,D,20230309,000000,8.69957,8.99955,8.69957,8.69957,8743.23714,0
TLIS.US,D,20230310,000000,8.69957,8.84956,8.26309,8.52557,8738.23689,0
TLIS.US,D,20230313,000000,8.54957,8.54957,8.33208,8.43708,4453.15598,0
TLIS.US,D,20230314,000000,8.49258,8.99205,8.39958,8.62157,5026.2513,0
TLIS.US,D,20230315,000000,8.84956,8.84956,8.39958,8.41458,2967.94839,0
TLIS.US,D,20230316,000000,8.47458,8.99955,8.39958,8.41458,986.24931,0
TLIS.US,D,20230317,000000,8.41458,8.70706,8.0276,8.16109,2938.1469,0
TLIS.US,D,20230320,000000,7.79961,8.15959,7.79961,7.79961,2959.94799,0
TLIS.US,D,20230321,000000,7.79961,8.16109,7.79961,7.89411,1674.55039,0
TLIS.US,D,20230322,000000,8.24959,8.24959,7.9496,8.0666,1306.33198,0
TLIS.US,D,20230323,000000,7.79961,8.15359,7.46963,7.57612,4189.5428,0
TLIS.US,D,20230324,000000,7.46963,7.82287,7.02415,7.31513,9521.1427,0
TLIS.US,D,20230327,000000,7.39163,7.7546,6.69417,7.24314,11412.10391,0
TLIS.US,D,20230328,000000,6.89966,7.75311,6.79618,7.18914,5737.42019,0
TLIS.US,D,20230329,000000,7.49963,7.6541,7.04965,7.27464,2054.50272,0
TLIS.US,D,20230330,000000,7.34963,7.39013,6.89966,7.21164,4170.14183,0
TLIS.US,D,20230331,000000,7.19964,7.70361,6.97615,7.34963,4301.5484,0
TLIS.US,D,20230403,000000,7.04965,7.40813,7.04965,7.24764,565.16159,0
TLIS.US,D,20230404,000000,7.34963,7.34963,6.91465,7.22664,1524.40955,0
TLIS.US,D,20230405,000000,7.12464,7.49963,7.12464,7.20264,927.51304,0
TLIS.US,D,20230406,000000,7.12464,7.49963,7.12464,7.42313,1302.26511,0
TLIS.US,D,20230410,000000,7.42463,7.56262,6.93265,6.93265,5352.00092,0
TLIS.US,D,20230411,000000,6.91465,7.19964,6.91465,7.13964,6155.50776,0
TLIS.US,D,20230412,000000,7.20114,7.49963,6.91465,6.91765,4048.26907,0
TLIS.US,D,20230413,000000,6.91465,7.70511,6.89966,7.19219,6278.44724,0
TLIS.US,D,20230414,000000,7.34963,7.34963,6.82466,6.96115,12881.51071,0
TLIS.US,D,20230417,000000,7.34963,7.34963,6.77966,6.89966,9432.80495,0
TLIS.US,D,20230418,000000,7.49963,7.79811,6.82466,6.97315,5718.2859,0
TLIS.US,D,20230419,000000,6.97315,7.39463,6.75716,6.95965,28243.14542,0
TLIS.US,D,20230420,000000,7.48463,7.65712,7.05265,7.15914,15918.86257,0
TLIS.US,D,20230421,000000,7.19964,7.72161,7.12464,7.61512,9848.09238,0
TLIS.US,D,20230424,000000,7.72161,7.73361,7.20564,7.55662,4269.41346,0
TLIS.US,D,20230425,000000,7.36463,7.9871,7.30313,7.48163,7930.72985,0
TLIS.US,D,20230426,000000,7.40813,7.9421,7.30463,7.39463,3302.03176,0
TLIS.US,D,20230427,000000,7.19964,7.64962,7.12464,7.19964,5720.01932,0
TLIS.US,D,20230428,000000,7.34963,7.49963,7.19964,7.34963,2723.73618,0
TLIS.US,D,20230501,000000,7.34963,8.17009,7.34963,7.77561,3097.02151,0
TLIS.US,D,20230502,000000,7.64962,8.0966,7.09465,7.49963,7095.15474,0
TLIS.US,D,20230503,000000,7.49963,7.7996,7.49963,7.52512,3774.92207,0
TLIS.US,D,20230504,000000,7.49963,7.71261,7.20114,7.65112,2741.53707,0
TLIS.US,D,20230505,000000,7.79961,8.0621,7.35115,7.79961,1792.35628,0
TLIS.US,D,20230508,000000,7.80111,7.9496,7.50112,7.9001,2840.34201,0
TLIS.US,D,20230509,000000,7.9481,8.0846,7.65112,8.0846,2277.98056,0
TLIS.US,D,20230510,000000,8.0846,8.0846,7.80111,8.0831,1813.09065,0
TLIS.US,D,20230511,000000,7.9496,8.0831,7.53262,7.73061,3952.93097,0
TLIS.US,D,20230512,000000,7.61512,7.72761,6.82616,6.83216,14952.68093,0
TLIS.US,D,20230515,000000,7.16064,7.21164,6.47968,6.74966,23632.11488,0
TLIS.US,D,20230516,000000,6.76466,7.19664,6.74966,6.97465,4197.07651,0
TLIS.US,D,20230517,000000,6.75641,6.89514,6.55017,6.81716,7314.23236,0
TLIS.US,D,20230518,000000,6.89966,7.03015,6.61767,6.74966,3965.19825,0
TLIS.US,D,20230519,000000,6.78266,6.95815,6.62517,6.88466,3665.78328,0
TLIS.US,D,20230522,000000,6.89966,7.16964,6.85616,6.90115,667.10002,0
TLIS.US,D,20230523,000000,7.02715,7.16964,6.90265,7.02715,9209.46045,0
TLIS.US,D,20230524,000000,7.34963,8.66957,7.27464,8.0321,98144.50698,0
TLIS.US,D,20230525,000000,7.74861,7.84461,6.90115,7.36613,17332.59992,0
TLIS.US,D,20230526,000000,7.21464,7.79961,7.21464,7.79961,9777.08883,0
TLIS.US,D,20230530,000000,7.27315,7.79961,7.20714,7.34963,10919.67929,0
TLIS.US,D,20230531,000000,7.49963,7.61362,7.05115,7.35563,8492.89129,0
TLIS.US,D,20230601,000000,6.97765,7.49963,6.89966,6.91615,8492.55794,0
TLIS.US,D,20230602,000000,7.49963,7.49963,7.00765,7.34963,7011.88391,0
TLIS.US,D,20230605,000000,7.49963,7.49963,7.06465,7.15764,3870.39351,0
TLIS.US,D,20230606,000000,7.06465,7.34963,7.04965,7.13364,5794.22303,0
TLIS.US,D,20230607,000000,7.19964,7.49963,7.15464,7.35712,2144.97391,0
TLIS.US,D,20230608,000000,7.34963,7.9496,7.20114,7.72461,15608.98041,0
TLIS.US,D,20230609,000000,7.9496,8.0966,7.39313,7.57012,6284.84756,0
TLIS.US,D,20230612,000000,7.79811,7.79811,7.20114,7.64662,5525.47626,0
TLIS.US,D,20230613,000000,7.79961,7.79961,7.25364,7.25964,10112.37226,0
TLIS.US,D,20230614,000000,7.46663,7.61062,6.61467,6.65967,11893.2613,0
TLIS.US,D,20230615,000000,7.04965,7.36462,6.66567,6.76466,5408.53708,0
TLIS.US,D,20230616,000000,6.74966,7.12464,6.74966,7.12464,5394.40304,0
TLIS.US,D,20230620,000000,7.12464,7.19964,6.81416,6.97615,9740.88702,0
TLIS.US,D,20230621,000000,7.60912,7.64962,7.04965,7.19964,7154.62438,0
TLIS.US,D,20230622,000000,7.42764,7.64662,7.07965,7.34963,4143.27382,0
TLIS.US,D,20230623,000000,7.20714,7.34963,6.81416,7.32713,4294.81473,0
TLIS.US,D,20230626,000000,6.92965,7.27614,6.65967,6.73466,5765.22158,0
TLIS.US,D,20230627,000000,6.89216,7.19964,6.65967,6.89966,1524.54289,0
TLIS.US,D,20230628,000000,6.92365,7.30463,6.71966,6.78266,6702.80179,0
TLIS.US,D,20230629,000000,6.69717,7.34963,6.69717,7.04965,2652.66596,0
TLIS.US,D,20230630,000000,6.74966,7.27314,6.74966,7.19964,3885.66094,0
TLIS.US,D,20230703,000000,7.04965,7.34213,6.89966,7.19514,396.75317,0
TLIS.US,D,20230705,000000,7.04965,7.9421,6.61767,7.47113,89541.27684,0
TLIS.US,D,20230706,000000,7.45,7.6099,6.85,7.36,65204,0
TLIS.US,D,20230707,000000,7.44,8.19,6.92,7.25,31434,0
TLIS.US,D,20230710,000000,7.25,7.32,7.16,7.28,13024,0
TLIS.US,D,20230711,000000,7.26,8.1473,7.26,7.85,46766,0
TLIS.US,D,20230712,000000,7.79,8.145,7.79,7.89,10059,0
TLIS.US,D,20230713,000000,8.12,8.2199,7.995,8.14,20465,0
TLIS.US,D,20230714,000000,8.1,8.1699,7.8301,7.8867,11013,0
TLIS.US,D,20230717,000000,7.86,7.97,7.63,7.65,16806,0
TLIS.US,D,20230718,000000,7.61,8.19,7.1001,7.35,25430,0
TLIS.US,D,20230719,000000,7.35,8.0399,7.25,7.65,112388,0
TLIS.US,D,20230720,000000,7.53,7.53,7.0801,7.3,29255,0
TLIS.US,D,20230721,000000,7.26,7.3899,7.235,7.3,10577,0
TLIS.US,D,20230724,000000,7.34,7.8499,7.3,7.83,23305,0
TLIS.US,D,20230725,000000,7.69,7.77,7.51,7.68,12330,0
TLIS.US,D,20230726,000000,7.4014,7.6599,7.4014,7.47,7225,0
TLIS.US,D,20230727,000000,7.76,7.8,7.0901,7.56,17474,0
TLIS.US,D,20230728,000000,7.49,7.5299,7.34,7.51,5831,0
TLIS.US,D,20230731,000000,7.42,7.54,7.2978,7.48,7790,0
TLIS.US,D,20230801,000000,7.44,7.6539,7.32,7.42,15186,0
TLIS.US,D,20230802,000000,7.41,7.59,7.37,7.57,2964,0
TLIS.US,D,20230803,000000,7.2515,7.58,7.2515,7.58,6129,0
TLIS.US,D,20230804,000000,7.5,7.52,7.36,7.52,1856,0
TLIS.US,D,20230807,000000,7.36,7.61,7.36,7.61,5042,0
TLIS.US,D,20230808,000000,7.45,7.81,7.1821,7.57,15421,0
TLIS.US,D,20230809,000000,7.3294,7.78,7.3,7.69,3335,0
TLIS.US,D,20230810,000000,7.44,7.5985,7.2056,7.59,7095,0
TLIS.US,D,20230811,000000,7.68,8,7.51,7.6,2907,0
TLIS.US,D,20230814,000000,7.2,7.53,7.2,7.4,3709,0
TLIS.US,D,20230815,000000,7.7199,7.7199,7.07,7.12,10884,0
TLIS.US,D,20230816,000000,7.05,7.2256,6.8,6.83,11754,0
TLIS.US,D,20230817,000000,6.82,6.86,6.48,6.86,7558,0
TLIS.US,D,20230818,000000,6.74,6.9,6.23,6.37,9241,0
TLIS.US,D,20230821,000000,6.43,6.67,6.1197,6.16,8259,0
TLIS.US,D,20230822,000000,6.26,6.5135,6.26,6.5135,1290,0
TLIS.US,D,20230823,000000,6.45,7.06,6.45,6.5,9076,0
TLIS.US,D,20230824,000000,6.04,6.32,6.04,6.3,1757,0
TLIS.US,D,20230825,000000,6.5987,6.87,6.3175,6.39,5737,0
TLIS.US,D,20230828,000000,6.3,6.9999,6.3,6.4,1725,0
TLIS.US,D,20230829,000000,6.595,6.595,6.595,6.595,1482,0
TLIS.US,D,20230830,000000,6.46,6.5989,6.25,6.25,2523,0
TLIS.US,D,20230831,000000,6.21,6.25,6.2,6.2001,1385,0
TLIS.US,D,20230901,000000,6.6486,6.9857,6.02,6.02,4967,0
TLIS.US,D,20230905,000000,6.29,6.29,5.95,6.06,14226,0
TLIS.US,D,20230906,000000,6,6.07,6,6,1854,0
TLIS.US,D,20230907,000000,6.03,6.03,6.0205,6.0205,1185,0
TLIS.US,D,20230908,000000,6.07,6.19,6.05,6.19,1135,0
TLIS.US,D,20230911,000000,6.49,6.49,5.8,5.8,2253,0
TLIS.US,D,20230912,000000,6.07,6.48,6.07,6.45,4687,0
TLIS.US,D,20230913,000000,6.16,6.35,5.86,6.1,10208,0
TLIS.US,D,20230914,000000,6.22,6.4,6.2001,6.21,5386,0
TLIS.US,D,20230915,000000,6.01,6.25,5.7863,6.19,24349,0
TLIS.US,D,20230918,000000,6.19,6.2712,5.62,5.7,15830,0
TLIS.US,D,20230919,000000,5.65,5.94,5.61,5.63,12672,0
TLIS.US,D,20230920,000000,5.66,5.95,5.4,5.9,4945,0
TLIS.US,D,20230921,000000,5.77,5.92,5.6,5.7401,4489,0
TLIS.US,D,20230922,000000,5.52,5.81,5.52,5.52,4817,0
TLIS.US,D,20230925,000000,5.79,6,5.5556,5.63,4245,0
TLIS.US,D,20230926,000000,5.6,5.985,5.6,5.9,2418,0
TLIS.US,D,20230928,000000,5.98,5.98,5.73,5.7301,1822,0
TLIS.US,D,20230929,000000,5.72,5.77,5.72,5.77,631,0
TLIS.US,D,20231002,000000,5.72,5.8499,5.72,5.835,10305,0
TLIS.US,D,20231003,000000,5.72,5.83,5.52,5.8126,3558,0
TLIS.US,D,20231004,000000,5.73,5.8,5.5201,5.53,22464,0
TLIS.US,D,20231005,000000,5.5432,5.6997,5.4,5.42,14829,0
TLIS.US,D,20231006,000000,5.29,5.57,5.29,5.34,4748,0
TLIS.US,D,20231009,000000,5.3301,5.8,5.33,5.8,646,0
TLIS.US,D,20231010,000000,5.55,5.5891,5.29,5.29,9510,0
TLIS.US,D,20231011,000000,5.31,5.31,5.3,5.3,4147,0
TLIS.US,D,20231012,000000,5.3,5.601,5.3,5.41,6578,0
TLIS.US,D,20231013,000000,5.46,5.4859,5.3001,5.3001,1145,0
TLIS.US,D,20231016,000000,5.31,5.6199,5.3001,5.4,5565,0
TLIS.US,D,20231017,000000,5.32,5.5905,5.32,5.38,3330,0
TLIS.US,D,20231018,000000,5.57,5.7907,5.3089,5.3089,3961,0
TLIS.US,D,20231019,000000,5.36,5.36,5.04,5.06,13058,0
TLIS.US,D,20231020,000000,5.05,5.265,5.05,5.05,1826,0
TLIS.US,D,20231023,000000,5.1863,5.1863,4.7,4.8699,4435,0
TLIS.US,D,20231024,000000,4.995,5.24,4.72,4.72,5929,0
TLIS.US,D,20231025,000000,4.77,4.9197,4.38,4.57,11722,0
TLIS.US,D,20231026,000000,4.9155,4.9155,4.5,4.6287,10037,0
TLIS.US,D,20231027,000000,4.55,4.68,4.36,4.36,1851,0
TLIS.US,D,20231030,000000,4.52,4.6899,4.4,4.6899,8204,0
TLIS.US,D,20231031,000000,4.55,4.86,4.35,4.78,8314,0
TLIS.US,D,20231101,000000,4.77,5.09,4.7,5.01,13908,0
TLIS.US,D,20231102,000000,4.8197,5.39,4.78,5.25,8195,0
TLIS.US,D,20231103,000000,5.105,6.13,5.07,5.82,29726,0
TLIS.US,D,20231106,000000,5.82,6.22,5.7122,6.1017,12544,0
TLIS.US,D,20231107,000000,5.91,6.23,5.91,6.23,3747,0
TLIS.US,D,20231108,000000,5.75,6.01,5.75,5.81,4772,0
TLIS.US,D,20231109,000000,5.77,5.77,5.77,5.77,333,0
TLIS.US,D,20231110,000000,6,6,5.6331,5.75,5755,0
TLIS.US,D,20231113,000000,5.57,5.57,5.25,5.4,3520,0
TLIS.US,D,20231114,000000,6.84,7.4,6.84,7.1,352685,0
TLIS.US,D,20231115,000000,7,7.37,6.9115,7.36,40568,0
TLIS.US,D,20231116,000000,7.25,7.25,6.83,6.9121,26833,0
TLIS.US,D,20231117,000000,7.03,7.19,6.66,7.065,10300,0
TLIS.US,D,20231120,000000,7,7.4999,6.8,7.16,35259,0
TLIS.US,D,20231121,000000,7.21,7.481,6.86,7.12,35670,0
TLIS.US,D,20231122,000000,7.1,7.2384,6.93,6.98,10341,0
TLIS.US,D,20231124,000000,7.01,7.17,6.93,7.02,2856,0
TLIS.US,D,20231127,000000,7.19,7.4925,7.16,7.37,21709,0
TLIS.US,D,20231128,000000,7.42,7.6,7.385,7.49,8550,0
TLIS.US,D,20231129,000000,7.54,7.54,7.32,7.425,7700,0
TLIS.US,D,20231130,000000,7.53,7.75,7.41,7.65,9266,0
TLIS.US,D,20231201,000000,7.65,7.96,7.435,7.85,16040,0
TLIS.US,D,20231204,000000,7.9,7.9426,7.56,7.85,11981,0
TLIS.US,D,20231205,000000,7.7858,8.1193,7.44,8,10683,0
TLIS.US,D,20231206,000000,7.815,8.185,7.77,8.0501,18371,0
TLIS.US,D,20231207,000000,8.129,8.311,8,8.05,8443,0
TLIS.US,D,20231208,000000,8.01,8.15,7.22,7.9697,3523,0
TLIS.US,D,20231211,000000,7.2704,7.7499,7.2001,7.51,15871,0
TLIS.US,D,20231212,000000,7.41,7.7399,7.01,7.46,6565,0
TLIS.US,D,20231213,000000,7.98,8.4299,7.75,8.14,62779,0
TLIS.US,D,20231214,000000,8.25,8.4,7.93,8.1,8415,0
TLIS.US,D,20231215,000000,8.12,8.4299,7.2726,8.05,19422,0
TLIS.US,D,20231218,000000,8.19,8.49,8.04,8.49,4536,0
TLIS.US,D,20231219,000000,8.31,8.53,8.26,8.53,5590,0
TLIS.US,D,20231220,000000,8.16,8.4422,7.82,8.23,8352,0
TLIS.US,D,20231221,000000,7.93,8.24,7.68,8.01,6343,0
TLIS.US,D,20231222,000000,8.34,8.34,7.96,8.25,6400,0
TLIS.US,D,20231226,000000,7.8075,8.3,7.47,7.66,23926,0
TLIS.US,D,20231227,000000,7.66,7.77,7.3701,7.64,20856,0
TLIS.US,D,20231228,000000,7.46,7.79,7.46,7.61,12001,0
TLIS.US,D,20231229,000000,7.62,7.865,7.45,7.45,4603,0
TLIS.US,D,20240102,000000,7.44,8.04,7.44,8.04,3668,0
TLIS.US,D,20240103,000000,8.0081,8.09,7.79,8.08,3740,0
TLIS.US,D,20240104,000000,8.01,8.3854,8.01,8.1381,3317,0
TLIS.US,D,20240105,000000,8.29,8.42,7.81,8.1799,9286,0
TLIS.US,D,20240108,000000,8.02,8.14,7.9551,8.11,11740,0
TLIS.US,D,20240109,000000,8.1139,8.1299,8.09,8.1,4950,0
TLIS.US,D,20240110,000000,8.0065,8.1163,7.9,8,8190,0
TLIS.US,D,20240111,000000,7.89,8.14,7.7201,8.14,11355,0
TLIS.US,D,20240112,000000,7.74,8.25,7.74,8.15,16051,0
TLIS.US,D,20240116,000000,8.2,8.2,7.87,8.1,3434,0
TLIS.US,D,20240117,000000,8.01,8.01,7.75,8.01,1344,0
TLIS.US,D,20240118,000000,8,8.1999,7.81,8.16,10418,0
TLIS.US,D,20240119,000000,8.04,8.04,8,8.01,2322,0
TLIS.US,D,20240122,000000,7.86,8.2,7.8162,7.9,9420,0
TLIS.US,D,20240123,000000,7.68,8.16,7.68,7.76,10510,0
TLIS.US,D,20240124,000000,7.69,7.91,7.69,7.85,4856,0
TLIS.US,D,20240125,000000,7.73,8.07,7.69,8.07,3389,0
TLIS.US,D,20240126,000000,8,8.11,7.7172,7.87,5096,0
TLIS.US,D,20240129,000000,7.96,8.0978,7.84,8.07,7295,0
TLIS.US,D,20240130,000000,7.92,8.12,7.7,7.895,7623,0
TLIS.US,D,20240131,000000,7.71,7.89,7.54,7.76,5932,0
TLIS.US,D,20240201,000000,7.7,7.89,7.4999,7.55,16450,0
TLIS.US,D,20240202,000000,7.48,7.66,7.1707,7.54,12035,0
TLIS.US,D,20240205,000000,7.36,7.52,7.36,7.52,1364,0
TLIS.US,D,20240206,000000,7.13,7.4817,7.13,7.2,7849,0
TLIS.US,D,20240207,000000,7.06,7.5799,7.01,7.38,3995,0
TLIS.US,D,20240208,000000,7.225,7.44,7.02,7.3245,4378,0
TLIS.US,D,20240209,000000,7.3224,7.9606,7.1,7.67,6134,0
TLIS.US,D,20240212,000000,7.7123,8.48,7.4301,7.82,39482,0
TLIS.US,D,20240213,000000,7.95,8.7,7.85,7.94,33506,0
TLIS.US,D,20240214,000000,8.1,9.1897,8.1,8.64,28943,0
TLIS.US,D,20240215,000000,8.31,8.9475,8.31,8.54,4137,0
TLIS.US,D,20240216,000000,8.4999,8.4999,8.33,8.33,920,0
TLIS.US,D,20240220,000000,8.79,8.93,8.2439,8.41,10447,0
TLIS.US,D,20240221,000000,8.4593,8.8,8.4593,8.61,15170,0
TLIS.US,D,20240222,000000,8.8667,8.8667,8.51,8.81,7227,0
TLIS.US,D,20240223,000000,8.53,8.53,8.52,8.52,1537,0
TLIS.US,D,20240226,000000,8.59,8.7,8.3,8.52,11176,0
TLIS.US,D,20240227,000000,8.5529,8.65,8.25,8.25,19014,0
TLIS.US,D,20240228,000000,8.18,8.5,8.18,8.43,3201,0
TLIS.US,D,20240229,000000,8.18,8.4999,7.93,8.18,6921,0
TLIS.US,D,20240301,000000,7.8814,8.292,7.87,8.1563,14307,0
TLIS.US,D,20240304,000000,8.03,8.3146,7.8256,8.23,7270,0
TLIS.US,D,20240305,000000,8.25,8.25,8.1,8.19,3748,0
TLIS.US,D,20240306,000000,7.9792,8.25,7.9792,8.25,3074,0
TLIS.US,D,20240307,000000,7.9,8.13,7.9,8.1,3575,0
TLIS.US,D,20240308,000000,8.08,8.1907,7.6,8.07,16770,0
TLIS.US,D,20240311,000000,7.705,8.31,7.58,8.17,9983,0
TLIS.US,D,20240312,000000,8.22,8.29,8.2,8.25,2953,0
TLIS.US,D,20240313,000000,8.25,9.11,8.25,8.75,9115,0
TLIS.US,D,20240314,000000,9.0999,9.11,8.8,8.8,3758,0
TLIS.US,D,20240315,000000,8.62,9.1,8.5,9.1,5133,0
TLIS.US,D,20240318,000000,9.1099,9.32,9.08,9.25,9358,0
TLIS.US,D,20240319,000000,9.25,9.25,9.1,9.17,15743,0
TLIS.US,D,20240320,000000,9.11,9.3,9.11,9.195,7776,0
TLIS.US,D,20240321,000000,9.2012,9.2012,9.1,9.2,13768,0
TLIS.US,D,20240322,000000,9.11,9.1982,9.1,9.1,9506,0
TLIS.US,D,20240325,000000,9.08,9.08,8.75,8.8996,5316,0
TLIS.US,D,20240326,000000,8.9999,8.9999,8.9999,8.9999,837,0
TLIS.US,D,20240327,000000,8.875,8.9999,8.875,8.875,3253,0
TLIS.US,D,20240328,000000,8.7501,8.97,8.75,8.75,3689,0
TLIS.US,D,20240401,000000,8.875,8.875,8.5,8.5,3171,0
TLIS.US,D,20240402,000000,8.5,8.5001,7.7601,8,10805,0
TLIS.US,D,20240403,000000,7.85,8.75,7.5001,8.405,13783,0
TLIS.US,D,20240404,000000,8.545,8.545,8.429,8.429,459,0
TLIS.US,D,20240405,000000,8.44,8.75,8.0101,8.4,6365,0
TLIS.US,D,20240408,000000,8.44,8.44,8.29,8.29,2741,0
TLIS.US,D,20240409,000000,8.3431,8.455,8.16,8.35,2394,0
TLIS.US,D,20240410,000000,8.29,8.55,8.0384,8.5037,9402,0
TLIS.US,D,20240411,000000,8.64,8.75,8.05,8.46,11857,0
TLIS.US,D,20240412,000000,8.45,8.5959,8.2,8.5,11374,0
TLIS.US,D,20240415,000000,8.3,8.535,8.22,8.49,20446,0
TLIS.US,D,20240416,000000,8.3115,8.5296,8.3115,8.47,970,0
TLIS.US,D,20240417,000000,8.55,8.75,8.395,8.4501,24337,0
TLIS.US,D,20240418,000000,8.57,9,8.395,9,7693,0
TLIS.US,D,20240419,000000,8.99,9.1,8.5,8.9,12316,0
TLIS.US,D,20240422,000000,9.03,9.15,8.8019,9,9727,0
TLIS.US,D,20240423,000000,9.14,9.2,8.955,9.01,8738,0
TLIS.US,D,20240424,000000,9.07,9.2002,8.771,9.2002,3352,0
TLIS.US,D,20240425,000000,8.7813,9.03,8.6001,9,3730,0
TLIS.US,D,20240426,000000,8.88,9.14,8.88,9.14,4549,0
TLIS.US,D,20240429,000000,8.9646,9.2999,8.62,9.07,12620,0
TLIS.US,D,20240430,000000,9.265,9.265,8.62,8.62,21601,0
TLIS.US,D,20240501,000000,9.1,9.1,8.6098,8.995,4707,0
TLIS.US,D,20240502,000000,9.16,9.16,8.99,9.1,1691,0
TLIS.US,D,20240503,000000,9.25,9.25,8.6173,9.15,1381,0
TLIS.US,D,20240506,000000,9.35,9.5,8.6766,9.16,10762,0
TLIS.US,D,20240507,000000,9.5,9.6,8.6501,9.3,14220,0
TLIS.US,D,20240508,000000,9.32,9.59,9.05,9.21,4118,0
TLIS.US,D,20240509,000000,9.0001,9.43,9.0001,9.26,11873,0
TLIS.US,D,20240510,000000,9.12,9.37,9.0001,9.3,5556,0
TLIS.US,D,20240513,000000,9.255,9.51,8.84,8.84,8262,0
TLIS.US,D,20240514,000000,8.92,9.1,8.6657,8.72,9856,0
TLIS.US,D,20240515,000000,8.9,9.08,8.6956,8.9504,8399,0
TLIS.US,D,20240516,000000,9.1,9.3,9.06,9.16,5148,0
TLIS.US,D,20240517,000000,9.03,9.03,8.8,8.98,2170,0
TLIS.US,D,20240520,000000,8.8,9.22,8.7,8.7,22100,0
TLIS.US,D,20240521,000000,8.68,8.85,8.68,8.85,1531,0
TLIS.US,D,20240522,000000,8.85,9.2,8.85,9.19,4829,0
TLIS.US,D,20240523,000000,9.27,9.27,8.95,9.14,6261,0
TLIS.US,D,20240524,000000,9.0201,9.1,9,9,9207,0
TLIS.US,D,20240528,000000,9.156,9.23,8.9,8.9,4116,0
TLIS.US,D,20240529,000000,8.91,9.2399,8.91,9.1,3598,0
TLIS.US,D,20240530,000000,9,9.2,8.91,9.2,10614,0
TLIS.US,D,20240531,000000,9.18,9.21,9.18,9.2,1354,0
TLIS.US,D,20240603,000000,9.2,9.25,9.065,9.25,3577,0
TLIS.US,D,20240604,000000,9.285,9.285,9.285,9.285,903,0
TLIS.US,D,20240605,000000,8.97,9.5299,8.97,9.15,13748,0
TLIS.US,D,20240606,000000,9,9.25,8.88,9.0269,4927,0
TLIS.US,D,20240607,000000,9.1,9.15,9,9.15,2367,0
TLIS.US,D,20240610,000000,9.175,9.175,9.175,9.175,415,0
TLIS.US,D,20240611,000000,9.25,9.25,8.88,9,13136,0
TLIS.US,D,20240612,000000,9.06,9.15,8.89,9.15,4245,0
TLIS.US,D,20240613,000000,9.105,9.105,8.995,8.995,507,0
TLIS.US,D,20240614,000000,8.91,8.91,8.91,8.91,796,0
TLIS.US,D,20240617,000000,8.87,9.0176,8.5501,8.6,16175,0
TLIS.US,D,20240618,000000,8.5,8.5,8.29,8.29,2518,0
TLIS.US,D,20240620,000000,8.25,8.9,8.25,8.7,16138,0
TLIS.US,D,20240621,000000,8.51,8.86,8.32,8.86,14327,0
TLIS.US,D,20240624,000000,8.8017,8.8017,8.53,8.54,1180,0
TLIS.US,D,20240625,000000,8.5,8.9382,8.5,8.8,1667,0
TLIS.US,D,20240626,000000,8.51,8.51,8.26,8.5,7285,0
TLIS.US,D,20240627,000000,8.25,8.8899,8.25,8.615,7447,0
TLIS.US,D,20240628,000000,8.4,8.9,8.31,8.6618,9272,0
TLIS.US,D,20240701,000000,8.4,8.88,8.3075,8.43,8244,0
TLIS.US,D,20240702,000000,8.99,8.99,8.3501,8.5,10107,0
TLIS.US,D,20240703,000000,8.67,8.86,8.4363,8.6,8566,0
TLIS.US,D,20240705,000000,8.61,8.88,8.6,8.675,4476,0
TLIS.US,D,20240708,000000,8.5514,8.86,8.5514,8.615,7630,0
TLIS.US,D,20240709,000000,8.7,8.7,8.7,8.7,1301,0
TLIS.US,D,20240710,000000,8.5,8.6628,8.45,8.51,9682,0
TLIS.US,D,20240711,000000,8.525,8.525,8.32,8.32,6462,0
TLIS.US,D,20240712,000000,8.41,8.745,8.3862,8.5,9851,0
TLIS.US,D,20240715,000000,8.44,8.44,8.44,8.44,326,0
TLIS.US,D,20240716,000000,8.51,8.8299,8.5,8.68,16751,0
TLIS.US,D,20240717,000000,8.6,8.83,8.54,8.54,1397,0
TLIS.US,D,20240718,000000,8.745,8.745,8.745,8.745,1522,0
TLIS.US,D,20240719,000000,8.74,8.74,8.74,8.74,1393,0
TLIS.US,D,20240722,000000,8.66,8.66,8.66,8.66,509,0
TLIS.US,D,20240723,000000,8.6502,8.7399,8.541,8.64,3310,0
TLIS.US,D,20240724,000000,8.39,8.62,8.3001,8.62,2892,0
TLIS.US,D,20240725,000000,8.52,8.66,8.52,8.66,2145,0
TLIS.US,D,20240726,000000,8.7,8.7,8.33,8.33,5588,0
TLIS.US,D,20240729,000000,8.53,8.63,8.4,8.48,1505,0
TLIS.US,D,20240730,000000,8.46,8.59,8.4,8.4749,12471,0
TLIS.US,D,20240731,000000,8.675,8.675,8.675,8.675,441,0
TLIS.US,D,20240801,000000,8.8755,9,8.76,8.8,11212,0
TLIS.US,D,20240802,000000,9,9,8.4054,8.9,2443,0
TLIS.US,D,20240805,000000,8.71,9,8.6,8.8699,11134,0
TLIS.US,D,20240806,000000,9.15,9.35,8.7083,8.98,107588,0
TLIS.US,D,20240807,000000,4.52,5,4.16,4.55,318178,0
TLIS.US,D,20240808,000000,4.4,4.5499,3.93,4.21,80628,0
TLIS.US,D,20240809,000000,3.97,4.235,3.75,3.76,17845,0
TLIS.US,D,20240812,000000,3.78,4.12,3.78,3.96,42397,0
TLIS.US,D,20240813,000000,4.165,4.165,4.07,4.1,20513,0
TLIS.US,D,20240814,000000,3.99,4.2153,3.895,4.01,61988,0
TLIS.US,D,20240815,000000,4.03,4.2,4.03,4.14,11664,0
TLIS.US,D,20240816,000000,4.07,4.38,3.941,4.36,34794,0
TLIS.US,D,20240819,000000,4.455,4.47,4.38,4.41,11566,0
TLIS.US,D,20240820,000000,4.0435,4.5,4.0435,4.25,73704,0
TLIS.US,D,20240821,000000,4.2767,4.43,4.24,4.43,15308,0
TLIS.US,D,20240822,000000,4.16,4.89,4.16,4.285,22801,0
TLIS.US,D,20240823,000000,4.2695,4.6427,4.2695,4.5188,24702,0
TLIS.US,D,20240826,000000,3.71,4.19,3.42,4.04,65709,0
TLIS.US,D,20240827,000000,3.93,3.97,3.761,3.885,17604,0
TLIS.US,D,20240828,000000,3.87,4.095,3.87,4.095,4167,0
TLIS.US,D,20240829,000000,4.18,4.49,4.1,4.16,27608,0
TLIS.US,D,20240830,000000,4.21,4.4837,4,4.38,51017,0
