<TICKER>,<PER>,<DATE>,<TIME>,<OPEN>,<HIGH>,<LOW>,<CLOSE>,<VOL>,<OPENINT>
TWKS.US,D,20210915,000000,26,29.8899,25.12,29.39,12327574,0
TWKS.US,D,20210916,000000,28.23,31.53,28.15,31.46,2314526,0
TWKS.US,D,20210917,000000,31.35,34.43,30.1766,34.41,1814369,0
TWKS.US,D,20210920,000000,32.08,32.97,31,32.3,1041790,0
TWKS.US,D,20210921,000000,32.01,33.62,30.0401,30.5,3474371,0
TWKS.US,D,20210922,000000,30,30.8514,29.46,30,721637,0
TWKS.US,D,20210923,000000,29.92,30.27,29.16,29.46,489581,0
TWKS.US,D,20210924,000000,29.1,29.69,27.56,27.86,758204,0
TWKS.US,D,20210927,000000,27.56,28.8799,26.07,26.8,1737351,0
TWKS.US,D,20210928,000000,26.3,27.44,25.86,26.8,754031,0
TWKS.US,D,20210929,000000,26.47,27.18,26.25,27.18,329565,0
TWKS.US,D,20210930,000000,27.38,29.6319,27.05,28.71,976372,0
TWKS.US,D,20211001,000000,29.03,29.49,27,28.08,473533,0
TWKS.US,D,20211004,000000,27.85,28.17,24.34,25.19,1224402,0
TWKS.US,D,20211005,000000,25.14,25.84,24.79,25.7,396452,0
TWKS.US,D,20211006,000000,26,26.97,25.2794,25.93,647131,0
TWKS.US,D,20211007,000000,26.1,26.9599,25.7,25.95,405951,0
TWKS.US,D,20211008,000000,25.81,27.22,25.43,26.3,554369,0
TWKS.US,D,20211011,000000,26.51,26.89,25.64,25.67,374838,0
TWKS.US,D,20211012,000000,25.57,26.11,25.35,25.46,254194,0
TWKS.US,D,20211013,000000,25.32,26.19,25.1,26.09,360878,0
TWKS.US,D,20211014,000000,26.17,27.94,25.7326,27.25,395283,0
TWKS.US,D,20211015,000000,27.12,27.95,26.32,27.72,189448,0
TWKS.US,D,20211018,000000,27.44,28.48,26.54,28.08,266471,0
TWKS.US,D,20211019,000000,28.09,28.6138,27.51,28.09,201683,0
TWKS.US,D,20211020,000000,28.1,29.35,28.0901,28.77,220175,0
TWKS.US,D,20211021,000000,28.64,29.85,28.4001,29.26,286569,0
TWKS.US,D,20211022,000000,29.02,29.87,28.07,28.94,340783,0
TWKS.US,D,20211025,000000,28.93,30.712,28.365,29.08,237398,0
TWKS.US,D,20211026,000000,29.08,31.325,29,30.15,307782,0
TWKS.US,D,20211027,000000,31.29,31.315,28.3,30.04,393899,0
TWKS.US,D,20211028,000000,30.06,31.91,29.76,30.17,326246,0
TWKS.US,D,20211029,000000,30.02,30.3,27.43,28.89,352603,0
TWKS.US,D,20211101,000000,28.77,29.7,27.87,29.65,315827,0
TWKS.US,D,20211102,000000,29.84,29.84,28.36,29.56,275064,0
TWKS.US,D,20211103,000000,29.79,30.5,28.94,29.95,198584,0
TWKS.US,D,20211104,000000,30.14,30.56,30.06,30.53,277049,0
TWKS.US,D,20211105,000000,30.67,31.5424,29.51,30.65,322273,0
TWKS.US,D,20211108,000000,30.95,31.33,30.05,30.29,243136,0
TWKS.US,D,20211109,000000,30.16,31.82,29.91,31.75,257859,0
TWKS.US,D,20211110,000000,31.75,32.9893,29.92,30.36,919861,0
TWKS.US,D,20211111,000000,30.53,31.64,29.72,31.43,458957,0
TWKS.US,D,20211112,000000,31.49,31.49,29.12,30.74,392958,0
TWKS.US,D,20211115,000000,32.16,33,29.38,31.01,657581,0
TWKS.US,D,20211116,000000,31.09,31.84,29.31,31.23,745930,0
TWKS.US,D,20211117,000000,30.79,33.69,30.19,32.48,452784,0
TWKS.US,D,20211118,000000,32.48,33.18,31.49,33,216421,0
TWKS.US,D,20211119,000000,33,33.35,31.77,33.15,601937,0
TWKS.US,D,20211122,000000,33.15,33.33,28.8,30.44,484472,0
TWKS.US,D,20211123,000000,30.2,30.57,27.01,30.4,605957,0
TWKS.US,D,20211124,000000,30.08,30.76,28.7875,30.59,372357,0
TWKS.US,D,20211126,000000,30.2,30.47,29.15,29.66,225153,0
TWKS.US,D,20211129,000000,30.12,30.9,28.56,30.18,621068,0
TWKS.US,D,20211130,000000,30.18,30.99,29,29.2,487474,0
TWKS.US,D,20211201,000000,29.64,30.38,28.68,28.88,287899,0
TWKS.US,D,20211202,000000,28.61,29.48,27.84,28.91,366410,0
TWKS.US,D,20211203,000000,28.88,29.73,26.01,26.49,638173,0
TWKS.US,D,20211206,000000,26.6,28.03,25.7,27,1622120,0
TWKS.US,D,20211207,000000,27.62,28.98,27.62,28.59,215812,0
TWKS.US,D,20211208,000000,28.71,30.2,28.53,29.61,510060,0
TWKS.US,D,20211209,000000,29.43,30.32,27.83,28.08,365300,0
TWKS.US,D,20211210,000000,28.33,29.73,27.33,27.74,301345,0
TWKS.US,D,20211213,000000,27.77,28.77,27.34,28.35,720866,0
TWKS.US,D,20211214,000000,27.66,28.88,26.91,27.97,699196,0
TWKS.US,D,20211215,000000,27.97,28.1,26.09,27.83,1315838,0
TWKS.US,D,20211216,000000,27.85,29.4,27,27.21,1262609,0
TWKS.US,D,20211217,000000,26.65,27.34,25,25.43,5805304,0
TWKS.US,D,20211220,000000,25.62,25.62,24.14,24.51,543288,0
TWKS.US,D,20211221,000000,24.6,25.83,24.215,25.3,480426,0
TWKS.US,D,20211222,000000,25.3,26.21,25.06,26.14,436329,0
TWKS.US,D,20211223,000000,26.16,27.14,25.51,27.04,214634,0
TWKS.US,D,20211227,000000,27.24,27.84,26.56,26.78,362506,0
TWKS.US,D,20211228,000000,27.19,27.22,26.3,26.5,218006,0
TWKS.US,D,20211229,000000,26.47,26.635,25.51,26.01,325917,0
TWKS.US,D,20211230,000000,26.1,27.58,26.1,27.17,249536,0
TWKS.US,D,20211231,000000,27.19,27.28,26.03,26.81,297048,0
TWKS.US,D,20220103,000000,26.69,27.065,25.88,26.69,201498,0
TWKS.US,D,20220104,000000,27.05,27.95,26,26.25,400422,0
TWKS.US,D,20220105,000000,26.03,26.15,23.94,24.21,1035397,0
TWKS.US,D,20220106,000000,23.83,24.78,23.43,24.39,452841,0
TWKS.US,D,20220107,000000,24.4,24.88,23.21,24.09,378451,0
TWKS.US,D,20220110,000000,24.77,24.84,23.25,24.79,288906,0
TWKS.US,D,20220111,000000,25.21,26.01,24.62,25.63,422646,0
TWKS.US,D,20220112,000000,26.13,26.96,24.95,25.33,238357,0
TWKS.US,D,20220113,000000,25.28,25.455,23.75,24,242522,0
TWKS.US,D,20220114,000000,23.96,25.24,22.12,23.07,649927,0
TWKS.US,D,20220118,000000,22.52,22.8,21.34,21.48,486299,0
TWKS.US,D,20220119,000000,21.59,22.1233,21.11,21.53,548455,0
TWKS.US,D,20220120,000000,21.98,22.855,21.98,22.23,301356,0
TWKS.US,D,20220121,000000,21.96,22.55,21.41,21.51,812300,0
TWKS.US,D,20220124,000000,21.09,21.42,19.53,21.28,751588,0
TWKS.US,D,20220125,000000,20.65,20.775,19.63,20.04,339866,0
TWKS.US,D,20220126,000000,20.67,21.19,19.75,19.95,283583,0
TWKS.US,D,20220127,000000,20.47,20.835,19.03,19.09,199883,0
TWKS.US,D,20220128,000000,19.03,19.63,18.265,19.62,393041,0
TWKS.US,D,20220131,000000,19.98,21.48,19.75,21.42,408098,0
TWKS.US,D,20220201,000000,21.51,22.66,21.36,22.57,422282,0
TWKS.US,D,20220202,000000,22.74,23.12,21.98,22.97,432999,0
TWKS.US,D,20220203,000000,21.97,22.59,21.2,21.79,411550,0
TWKS.US,D,20220204,000000,21.69,22.91,21.5,22.91,337731,0
TWKS.US,D,20220207,000000,22.99,23.355,22.51,22.97,292897,0
TWKS.US,D,20220208,000000,23.07,23.92,22.81,23.56,187644,0
TWKS.US,D,20220209,000000,24.08,24.08,23.18,24,215710,0
TWKS.US,D,20220210,000000,23.39,24.66,23.37,23.72,215307,0
TWKS.US,D,20220211,000000,23.76,24.33,22.12,22.64,178693,0
TWKS.US,D,20220214,000000,22.82,23.1,22.16,22.53,452531,0
TWKS.US,D,20220215,000000,23.05,23.31,22.56,23.19,207365,0
TWKS.US,D,20220216,000000,23.07,23.225,22.49,23.18,559893,0
TWKS.US,D,20220217,000000,22.84,23.45,22.36,22.52,693849,0
TWKS.US,D,20220218,000000,22.37,22.97,20.79,21.19,1010952,0
TWKS.US,D,20220222,000000,20.83,21.65,20.57,21.18,1191777,0
TWKS.US,D,20220223,000000,21.42,21.6,20.19,20.53,673865,0
TWKS.US,D,20220224,000000,19.94,22.48,19.9,22.48,459364,0
TWKS.US,D,20220225,000000,22.61,23.225,22.515,22.91,501044,0
TWKS.US,D,20220228,000000,22.91,23.18,22.49,22.86,502983,0
TWKS.US,D,20220301,000000,22.63,23.01,20.84,21.17,1066670,0
TWKS.US,D,20220302,000000,21.14,21.93,21.04,21.31,403344,0
TWKS.US,D,20220303,000000,21.55,21.62,20.09,20.61,890979,0
TWKS.US,D,20220304,000000,20.24,20.98,19.91,20.48,555425,0
TWKS.US,D,20220307,000000,20.66,20.77,18.97,19.12,824329,0
TWKS.US,D,20220308,000000,19,19.08,17.87,18.14,737954,0
TWKS.US,D,20220309,000000,18.74,18.835,17.95,18.32,2626081,0
TWKS.US,D,20220310,000000,17.87,18.88,17.85,18.68,1219027,0
TWKS.US,D,20220311,000000,18.88,19.13,17.79,18.13,1928297,0
TWKS.US,D,20220314,000000,18.25,19.31,17.94,18.85,1563842,0
TWKS.US,D,20220315,000000,18.88,20.475,18.88,20.09,1481746,0
TWKS.US,D,20220316,000000,20.6,22.22,20.49,21.91,628456,0
TWKS.US,D,20220317,000000,21.64,22.29,21.31,22.01,672215,0
TWKS.US,D,20220318,000000,21.65,22.1,19.64,21.11,2106895,0
TWKS.US,D,20220321,000000,20.79,21.81,20.36,21.35,694699,0
TWKS.US,D,20220322,000000,21.21,21.5,20.8,21.01,453051,0
TWKS.US,D,20220323,000000,20.64,21,20.11,20.25,652004,0
TWKS.US,D,20220324,000000,20.29,20.78,19.86,20.6,414753,0
TWKS.US,D,20220325,000000,20.47,20.79,20.02,20.23,452694,0
TWKS.US,D,20220328,000000,20.32,20.56,19.881,20.54,307678,0
TWKS.US,D,20220329,000000,20.79,21.66,20.79,21.56,934201,0
TWKS.US,D,20220330,000000,21.14,21.71,20.62,20.64,451954,0
TWKS.US,D,20220331,000000,20.66,21.31,20.36,20.81,275361,0
TWKS.US,D,20220401,000000,20.88,21.24,20.61,20.93,227722,0
TWKS.US,D,20220404,000000,20.93,21.76,20.87,21.5,418402,0
TWKS.US,D,20220405,000000,21.32,21.8,20.58,20.93,759670,0
TWKS.US,D,20220406,000000,20.74,20.84,19.89,20.19,571363,0
TWKS.US,D,20220407,000000,19.79,20.35,19.56,19.68,464377,0
TWKS.US,D,20220408,000000,19.51,19.51,18.19,19.02,1011128,0
TWKS.US,D,20220411,000000,18.8,20.39,18.5,19.85,579722,0
TWKS.US,D,20220412,000000,20.12,20.72,19.95,20.15,383395,0
TWKS.US,D,20220413,000000,20.21,21.26,20.13,20.54,365126,0
TWKS.US,D,20220414,000000,20.46,20.625,20.02,20.11,432682,0
TWKS.US,D,20220418,000000,19.89,20.57,19.65,20.32,297326,0
TWKS.US,D,20220419,000000,20.3,21.45,20.1,20.93,331934,0
TWKS.US,D,20220420,000000,20.96,21.675,20.52,20.64,504489,0
TWKS.US,D,20220421,000000,20.84,21.1,20.3,20.48,490292,0
TWKS.US,D,20220422,000000,20.23,20.798,19.49,19.56,404268,0
TWKS.US,D,20220425,000000,19.35,19.93,19.31,19.87,567181,0
TWKS.US,D,20220426,000000,19.74,19.74,18.93,18.99,289475,0
TWKS.US,D,20220427,000000,19.07,19.66,18.755,19.17,695685,0
TWKS.US,D,20220428,000000,19.36,19.83,18.82,19.72,322653,0
TWKS.US,D,20220429,000000,19.7,19.97,18.471,18.51,364900,0
TWKS.US,D,20220502,000000,18.69,19.05,18.24,18.87,514340,0
TWKS.US,D,20220503,000000,18.83,19.33,18.68,18.74,408382,0
TWKS.US,D,20220504,000000,18.8,19.27,18.255,19.15,515027,0
TWKS.US,D,20220505,000000,18.71,19.08,17.91,18,597860,0
TWKS.US,D,20220506,000000,17.69,18.13,16.95,17.49,907546,0
TWKS.US,D,20220509,000000,17.34,18.17,16.36,16.51,1052491,0
TWKS.US,D,20220510,000000,16.77,16.86,14.56,15.78,900612,0
TWKS.US,D,20220511,000000,15.66,16.315,14.79,14.8,640765,0
TWKS.US,D,20220512,000000,14.65,15.87,14.41,15.63,1177939,0
TWKS.US,D,20220513,000000,15.98,16.39,15.84,16.25,762724,0
TWKS.US,D,20220516,000000,16.16,16.16,15.69,15.81,711712,0
TWKS.US,D,20220517,000000,16.25,16.42,15.86,16.01,865467,0
TWKS.US,D,20220518,000000,15.72,16.05,15.35,15.65,486351,0
TWKS.US,D,20220519,000000,15.5,16.49,15.37,16.32,794446,0
TWKS.US,D,20220520,000000,16.5,16.605,15.31,15.77,651368,0
TWKS.US,D,20220523,000000,15.97,16.705,15.56,16.55,613140,0
TWKS.US,D,20220524,000000,16.22,16.22,15.53,15.8,341411,0
TWKS.US,D,20220525,000000,15.65,16.4,15.64,16.31,350860,0
TWKS.US,D,20220526,000000,16.35,16.94,16.3298,16.76,458323,0
TWKS.US,D,20220527,000000,16.9,17.61,16.9,17.58,290115,0
TWKS.US,D,20220531,000000,17.58,17.67,17.08,17.31,486039,0
TWKS.US,D,20220601,000000,17.39,17.58,16.675,17.07,522562,0
TWKS.US,D,20220602,000000,17.04,18.25,16.9152,17.95,941713,0
TWKS.US,D,20220603,000000,17.7,17.77,17.55,17.65,660347,0
TWKS.US,D,20220606,000000,18.03,18.17,16.12,16.6,1050601,0
TWKS.US,D,20220607,000000,16.38,16.73,15.83,16.62,1042509,0
TWKS.US,D,20220608,000000,16.62,17.19,16.05,16.31,542916,0
TWKS.US,D,20220609,000000,16.23,16.53,16.01,16.08,1001091,0
TWKS.US,D,20220610,000000,15.69,15.94,15.29,15.4,901418,0
TWKS.US,D,20220613,000000,14.79,15.375,13.82,13.84,659314,0
TWKS.US,D,20220614,000000,13.88,14.02,12.99,13.58,1099484,0
TWKS.US,D,20220615,000000,13.93,15.15,13.8,14.9,2060866,0
TWKS.US,D,20220616,000000,14.41,14.815,13.96,14.2,1734562,0
TWKS.US,D,20220617,000000,14.19,14.74,14.115,14.4,2301374,0
TWKS.US,D,20220621,000000,14.79,14.9,14.195,14.41,1595226,0
TWKS.US,D,20220622,000000,14.25,14.475,14.1,14.21,1520919,0
TWKS.US,D,20220623,000000,14.26,15.04,14.2,14.95,768484,0
TWKS.US,D,20220624,000000,15.08,15.41,15.01,15.24,3938361,0
TWKS.US,D,20220627,000000,15.41,15.42,14.6,14.68,394984,0
TWKS.US,D,20220628,000000,14.68,15.47,14.17,14.3,320624,0
TWKS.US,D,20220629,000000,14.44,14.51,13.72,13.81,259044,0
TWKS.US,D,20220630,000000,13.76,14.19,13.44,14.11,759944,0
TWKS.US,D,20220701,000000,14.08,14.56,13.89,14.54,662848,0
TWKS.US,D,20220705,000000,14.3,15,13.865,14.96,868750,0
TWKS.US,D,20220706,000000,14.9,15.36,14.81,15.1,676310,0
TWKS.US,D,20220707,000000,14.99,15.83,14.96,15.64,481442,0
TWKS.US,D,20220708,000000,15.51,15.7,14.87,15.43,379962,0
TWKS.US,D,20220711,000000,15.41,15.6,15.1,15.33,442311,0
TWKS.US,D,20220712,000000,15.33,15.6,14.98,15.14,270593,0
TWKS.US,D,20220713,000000,14.59,15.07,14.44,14.89,339651,0
TWKS.US,D,20220714,000000,15.03,15.03,14.345,14.38,585463,0
TWKS.US,D,20220715,000000,14.77,14.8,14.33,14.56,1044161,0
TWKS.US,D,20220718,000000,14.67,14.72,13.77,14.03,994377,0
TWKS.US,D,20220719,000000,14.22,14.87,13.93,14.51,1438524,0
TWKS.US,D,20220720,000000,14.74,14.98,14.57,14.82,1389388,0
TWKS.US,D,20220721,000000,14.81,15.49,14.71,15.29,389603,0
TWKS.US,D,20220722,000000,15.22,15.45,14.66,14.68,185240,0
TWKS.US,D,20220725,000000,14.82,15.3,14.5,14.85,656519,0
TWKS.US,D,20220726,000000,14.99,14.99,14.44,14.51,182060,0
TWKS.US,D,20220727,000000,14.75,15.21,14.75,15.09,178788,0
TWKS.US,D,20220728,000000,15.09,15.6,14.8107,15.56,236605,0
TWKS.US,D,20220729,000000,15.56,15.96,15.33,15.66,237469,0
TWKS.US,D,20220801,000000,15.64,15.83,15.27,15.79,335040,0
TWKS.US,D,20220802,000000,15.7,16.275,15.7,15.95,254350,0
TWKS.US,D,20220803,000000,16.06,16.895,16.06,16.87,483939,0
TWKS.US,D,20220804,000000,16.76,16.95,16.39,16.91,294122,0
TWKS.US,D,20220805,000000,16.63,17.04,16.47,16.64,237192,0
TWKS.US,D,20220808,000000,16.7,17.2,16.63,16.71,204728,0
TWKS.US,D,20220809,000000,16.56,16.86,16.34,16.56,386105,0
TWKS.US,D,20220810,000000,17,17.34,16.75,17.27,550144,0
TWKS.US,D,20220811,000000,17.44,17.44,16.3,16.3,386682,0
TWKS.US,D,20220812,000000,16.47,16.508,16.17,16.49,513537,0
TWKS.US,D,20220815,000000,16.49,16.49,15.18,15.27,941494,0
TWKS.US,D,20220816,000000,15.16,15.33,14.43,14.64,834264,0
TWKS.US,D,20220817,000000,14.41,14.41,13.53,13.74,554846,0
TWKS.US,D,20220818,000000,13.79,14.32,13.42,14.22,618331,0
TWKS.US,D,20220819,000000,13.99,13.99,13.31,13.5,328119,0
TWKS.US,D,20220822,000000,13.22,13.22,12.76,13.13,458924,0
TWKS.US,D,20220823,000000,13.16,13.6,13.16,13.52,544094,0
TWKS.US,D,20220824,000000,13.47,13.59,13.38,13.5,267010,0
TWKS.US,D,20220825,000000,13.6,13.75,13.4903,13.68,203643,0
TWKS.US,D,20220826,000000,13.66,13.66,13.02,13.14,448394,0
TWKS.US,D,20220829,000000,13.07,13.41,12.94,13.34,372003,0
TWKS.US,D,20220830,000000,13.38,13.63,12.89,13.24,341828,0
TWKS.US,D,20220831,000000,13.32,13.5,13.13,13.16,428182,0
TWKS.US,D,20220901,000000,13,13.19,12.36,12.95,331012,0
TWKS.US,D,20220902,000000,12.98,13.2,12.81,12.92,311860,0
TWKS.US,D,20220906,000000,13.07,13.13,12.605,12.82,425362,0
TWKS.US,D,20220907,000000,12.77,13.33,12.71,13.31,283963,0
TWKS.US,D,20220908,000000,13.41,13.52,13.02,13.24,372749,0
TWKS.US,D,20220909,000000,13.37,13.78,13.37,13.7,293271,0
TWKS.US,D,20220912,000000,13.94,14.18,13.7732,14.16,244710,0
TWKS.US,D,20220913,000000,13.62,13.785,13.41,13.52,347961,0
TWKS.US,D,20220914,000000,13.49,13.63,13.29,13.39,352876,0
TWKS.US,D,20220915,000000,13.36,13.915,12.99,13.24,488210,0
TWKS.US,D,20220916,000000,12.91,12.91,12.45,12.46,2416803,0
TWKS.US,D,20220919,000000,12.25,12.72,12.055,12.7,534214,0
TWKS.US,D,20220920,000000,12.29,12.45,11.17,11.78,1310511,0
TWKS.US,D,20220921,000000,11.62,12.13,11.62,11.85,541454,0
TWKS.US,D,20220922,000000,11.68,11.76,11.24,11.63,620453,0
TWKS.US,D,20220923,000000,11.33,11.52,11.08,11.12,528660,0
TWKS.US,D,20220926,000000,11.1,11.45,10.8,10.87,374603,0
TWKS.US,D,20220927,000000,11,11.27,10.85,10.97,749429,0
TWKS.US,D,20220928,000000,11.09,11.49,11,11.27,564557,0
TWKS.US,D,20220929,000000,11.02,11.08,10.5,10.7,834259,0
TWKS.US,D,20220930,000000,10.5,11.05,10.49,10.49,801811,0
TWKS.US,D,20221003,000000,10.55,10.6625,10.26,10.4,717762,0
TWKS.US,D,20221004,000000,10.76,11.26,10.71,11.07,1260237,0
TWKS.US,D,20221005,000000,10.81,11,10.45,10.73,795745,0
TWKS.US,D,20221006,000000,10.67,10.71,10.14,10.34,588166,0
TWKS.US,D,20221007,000000,10.07,10.075,9.4,9.61,1367693,0
TWKS.US,D,20221010,000000,9.68,9.695,9.26,9.47,757071,0
TWKS.US,D,20221011,000000,9.39,9.45,9.02,9.08,984182,0
TWKS.US,D,20221012,000000,9.08,9.16,8.8,9.09,502779,0
TWKS.US,D,20221013,000000,8.73,9.59,8.56,9.47,1047052,0
TWKS.US,D,20221014,000000,9.55,9.7197,9.1625,9.2,481729,0
TWKS.US,D,20221017,000000,9.43,9.73,9.43,9.58,557353,0
TWKS.US,D,20221018,000000,9.9,10.15,9.82,9.89,797314,0
TWKS.US,D,20221019,000000,9.67,9.76,9.35,9.45,324756,0
TWKS.US,D,20221020,000000,9.46,9.76,9.365,9.48,474803,0
TWKS.US,D,20221021,000000,9.46,9.48,9.09,9.42,311138,0
TWKS.US,D,20221024,000000,9.4,9.55,8.97,9.48,672939,0
TWKS.US,D,20221025,000000,9.59,9.8816,9.475,9.64,760105,0
TWKS.US,D,20221026,000000,9.54,9.89,9.54,9.56,336336,0
TWKS.US,D,20221027,000000,9.59,9.74,9.18,9.36,940478,0
TWKS.US,D,20221028,000000,9.36,9.62,9.28,9.59,661014,0
TWKS.US,D,20221031,000000,9.5,9.835,9.45,9.61,602199,0
TWKS.US,D,20221101,000000,9.81,9.9,9.61,9.61,401124,0
TWKS.US,D,20221102,000000,9.55,9.55,8.84,8.84,283518,0
TWKS.US,D,20221103,000000,8.56,8.63,8.25,8.28,549449,0
TWKS.US,D,20221104,000000,8.45,8.535,8.09,8.2,513229,0
TWKS.US,D,20221107,000000,8.22,8.44,7.89,8.09,600431,0
TWKS.US,D,20221108,000000,8.17,8.47,7.98,8.33,992439,0
TWKS.US,D,20221109,000000,8.22,8.31,7.885,7.99,597307,0
TWKS.US,D,20221110,000000,8.52,8.93,8,8.24,2400623,0
TWKS.US,D,20221111,000000,8.25,8.71,8.17,8.53,991297,0
TWKS.US,D,20221114,000000,7.74,8.37,7.61,8.34,1426527,0
TWKS.US,D,20221115,000000,8.47,9.61,8.43,9.51,1119778,0
TWKS.US,D,20221116,000000,9.38,9.625,9.22,9.34,801613,0
TWKS.US,D,20221117,000000,9.25,9.25,8.64,8.95,970815,0
TWKS.US,D,20221118,000000,9.2,9.24,8.3,8.45,673337,0
TWKS.US,D,20221121,000000,8.34,8.48,8.19,8.34,1029834,0
TWKS.US,D,20221122,000000,8.3,8.36,7.76,7.85,1927983,0
TWKS.US,D,20221123,000000,7.82,8.1,7.67,7.91,570224,0
TWKS.US,D,20221125,000000,7.88,8.01,7.74,7.84,189149,0
TWKS.US,D,20221128,000000,7.71,7.9185,7.7,7.85,818212,0
TWKS.US,D,20221129,000000,8.12,8.575,7.95,8.41,5204967,0
TWKS.US,D,20221130,000000,8.41,9.15,8.41,9.12,738578,0
TWKS.US,D,20221201,000000,9.03,9.25,9.01,9.2,555225,0
TWKS.US,D,20221202,000000,8.98,9.52,8.96,9.5,720382,0
TWKS.US,D,20221205,000000,9.46,9.63,9.22,9.28,569652,0
TWKS.US,D,20221206,000000,9.27,9.39,9.02,9.27,939904,0
TWKS.US,D,20221207,000000,9.16,9.4,9.15,9.24,884194,0
TWKS.US,D,20221208,000000,9.27,9.6,9.245,9.44,408841,0
TWKS.US,D,20221209,000000,9.37,9.59,9.3225,9.47,657700,0
TWKS.US,D,20221212,000000,9.45,9.745,9.395,9.65,787843,0
TWKS.US,D,20221213,000000,10,10.24,9.9,9.95,746591,0
TWKS.US,D,20221214,000000,9.91,10.225,9.78,10.11,937207,0
TWKS.US,D,20221215,000000,9.88,10.02,9.32,9.49,1105581,0
TWKS.US,D,20221216,000000,9.46,9.93,9.36,9.91,1695384,0
TWKS.US,D,20221219,000000,9.84,9.93,9.39,9.51,974497,0
TWKS.US,D,20221220,000000,9.4,9.83,9.02,9.76,796822,0
TWKS.US,D,20221221,000000,9.75,10.14,9.55,10.1,590527,0
TWKS.US,D,20221222,000000,9.96,10.21,9.8,9.98,725692,0
TWKS.US,D,20221223,000000,9.92,10.05,9.39,9.51,1119021,0
TWKS.US,D,20221227,000000,9.6,10.09,9.46,10.03,488007,0
TWKS.US,D,20221228,000000,10.02,10.18,9.64,9.66,358750,0
TWKS.US,D,20221229,000000,9.84,10.36,9.73,10.22,306623,0
TWKS.US,D,20221230,000000,10.07,10.24,9.75,10.19,487162,0
TWKS.US,D,20230103,000000,10.38,10.65,10.06,10.07,410926,0
TWKS.US,D,20230104,000000,10.22,10.235,9.88,10.1,353864,0
TWKS.US,D,20230105,000000,10,10,9.72,9.91,304361,0
TWKS.US,D,20230106,000000,9.9,10.07,9.59,9.89,284542,0
TWKS.US,D,20230109,000000,10.02,10.76,9.97,10.64,542433,0
TWKS.US,D,20230110,000000,10.58,10.6194,10.25,10.47,357789,0
TWKS.US,D,20230111,000000,10.53,10.93,10.43,10.83,431367,0
TWKS.US,D,20230112,000000,10.86,10.98,10.73,10.94,289730,0
TWKS.US,D,20230113,000000,10.8,11.255,10.73,11.24,306202,0
TWKS.US,D,20230117,000000,11.38,11.38,11.06,11.35,627874,0
TWKS.US,D,20230118,000000,11.5,11.81,11.34,11.4,695877,0
TWKS.US,D,20230119,000000,11.13,11.235,10.65,10.85,514539,0
TWKS.US,D,20230120,000000,11.06,11.06,10.74,10.95,332803,0
TWKS.US,D,20230123,000000,10.97,11.33,10.91,11.31,310280,0
TWKS.US,D,20230124,000000,11.14,11.23,10.78,10.85,269882,0
TWKS.US,D,20230125,000000,10.7,10.72,10.12,10.69,471073,0
TWKS.US,D,20230126,000000,10.79,10.89,10.66,10.86,242056,0
TWKS.US,D,20230127,000000,10.79,11.07,10.77,10.95,349311,0
TWKS.US,D,20230130,000000,10.73,10.87,10.54,10.66,342399,0
TWKS.US,D,20230131,000000,10.63,10.875,10.63,10.8,320580,0
TWKS.US,D,20230201,000000,10.84,10.985,10.64,10.92,357630,0
TWKS.US,D,20230202,000000,11.09,11.57,11.08,11.35,412227,0
TWKS.US,D,20230203,000000,11.1,11.27,10.82,10.88,270082,0
TWKS.US,D,20230206,000000,10.68,10.79,10.44,10.47,166405,0
TWKS.US,D,20230207,000000,10.48,10.64,10.36,10.62,181555,0
TWKS.US,D,20230208,000000,10.74,10.82,10.53,10.69,338828,0
TWKS.US,D,20230209,000000,10.86,10.99,10.555,10.6,271270,0
TWKS.US,D,20230210,000000,10.47,10.555,10.35,10.41,215143,0
TWKS.US,D,20230213,000000,10.42,10.585,10.38,10.49,155266,0
TWKS.US,D,20230214,000000,10.29,10.72,10.29,10.37,336492,0
TWKS.US,D,20230215,000000,10.27,10.5,10.27,10.49,272073,0
TWKS.US,D,20230216,000000,10.29,10.43,10.11,10.11,250443,0
TWKS.US,D,20230217,000000,10.02,10.12,9.635,9.79,249328,0
TWKS.US,D,20230221,000000,9.55,9.675,9.36,9.57,459024,0
TWKS.US,D,20230222,000000,9.59,9.7,9.41,9.5,393664,0
TWKS.US,D,20230223,000000,9.62,9.62,9.4408,9.59,302234,0
TWKS.US,D,20230224,000000,9.36,9.62,8.9,8.96,466313,0
TWKS.US,D,20230227,000000,9.1,9.1,8.74,8.89,989260,0
TWKS.US,D,20230228,000000,8.01,8.8,6.565,7.36,4361752,0
TWKS.US,D,20230301,000000,7.25,7.61,6.98,7.61,2945092,0
TWKS.US,D,20230302,000000,7.48,7.84,7.4501,7.72,1015995,0
TWKS.US,D,20230303,000000,7.78,7.9374,7.53,7.71,810885,0
TWKS.US,D,20230306,000000,7.71,8.13,7.56,7.74,919196,0
TWKS.US,D,20230307,000000,8.21,8.65,7.54,7.73,1189489,0
TWKS.US,D,20230308,000000,7.74,8.08,7.6515,8,859206,0
TWKS.US,D,20230309,000000,8.07,8.31,7.77,7.85,680643,0
TWKS.US,D,20230310,000000,7.83,7.93,7.41,7.45,628766,0
TWKS.US,D,20230313,000000,7.4,7.49,7.16,7.24,470455,0
TWKS.US,D,20230314,000000,7.37,7.49,7.055,7.24,547652,0
TWKS.US,D,20230315,000000,7.09,7.3,7.03,7.21,494158,0
TWKS.US,D,20230316,000000,7.11,7.13,6.83,7.09,759401,0
TWKS.US,D,20230317,000000,7.06,7.14,6.82,7.05,788660,0
TWKS.US,D,20230320,000000,7.02,7.08,6.83,6.92,447957,0
TWKS.US,D,20230321,000000,7.08,7.365,6.95,7.33,386005,0
TWKS.US,D,20230322,000000,7.32,7.37,7.01,7.01,334531,0
TWKS.US,D,20230323,000000,7.1,7.4406,7.02,7.25,286864,0
TWKS.US,D,20230324,000000,7.19,7.31,7.02,7.1,339580,0
TWKS.US,D,20230327,000000,7.1,7.29,7.01,7.14,328469,0
TWKS.US,D,20230328,000000,7.1,7.21,6.955,7.02,249786,0
TWKS.US,D,20230329,000000,7.06,7.21,6.88,6.96,1106328,0
TWKS.US,D,20230330,000000,6.91,6.95,6.75,6.88,3310617,0
TWKS.US,D,20230331,000000,6.98,7.5,6.9,7.36,2095898,0
TWKS.US,D,20230403,000000,7.31,7.445,7.205,7.41,709207,0
TWKS.US,D,20230404,000000,7.38,7.62,7.3,7.51,601509,0
TWKS.US,D,20230405,000000,7.45,7.6,7.13,7.15,456296,0
TWKS.US,D,20230406,000000,7.11,7.2,6.84,7.04,310664,0
TWKS.US,D,20230410,000000,6.99,7.13,6.76,7.08,632578,0
TWKS.US,D,20230411,000000,7.07,7.17,6.75,6.98,4415220,0
TWKS.US,D,20230412,000000,7.1,7.61,6.955,6.97,799699,0
TWKS.US,D,20230413,000000,7.01,7.26,6.985,7.01,532890,0
TWKS.US,D,20230414,000000,6.98,7.09,6.66,6.73,520962,0
TWKS.US,D,20230417,000000,6.81,6.81,6.49,6.58,1255161,0
TWKS.US,D,20230418,000000,6.66,6.8,6.61,6.69,431099,0
TWKS.US,D,20230419,000000,6.57,6.685,6.5,6.61,419745,0
TWKS.US,D,20230420,000000,6.54,6.54,6.28,6.4,529523,0
TWKS.US,D,20230421,000000,6.41,6.5,6.31,6.39,478488,0
TWKS.US,D,20230424,000000,6.35,6.465,6.2,6.29,448970,0
TWKS.US,D,20230425,000000,6.22,6.22,6.07,6.08,480132,0
TWKS.US,D,20230426,000000,6.2,6.4085,6.02,6.09,479496,0
TWKS.US,D,20230427,000000,6.13,6.225,6,6.11,406117,0
TWKS.US,D,20230428,000000,6.1,6.36,5.93,6.23,773078,0
TWKS.US,D,20230501,000000,6.18,6.32,6.14,6.22,502847,0
TWKS.US,D,20230502,000000,6.22,7.78,6.22,7.32,5182814,0
TWKS.US,D,20230503,000000,7.2,7.995,7.14,7.95,1657625,0
TWKS.US,D,20230504,000000,7.95,8.16,7.67,7.72,826924,0
TWKS.US,D,20230505,000000,7.73,7.8,7.52,7.6,1148863,0
TWKS.US,D,20230508,000000,7.6,7.96,7.54,7.65,928859,0
TWKS.US,D,20230509,000000,7.08,8.41,7.08,7.76,2072173,0
TWKS.US,D,20230510,000000,7.74,7.82,7.4311,7.78,532509,0
TWKS.US,D,20230511,000000,7.86,7.92,7.51,7.65,499549,0
TWKS.US,D,20230512,000000,7.68,8.03,7.46,7.68,547136,0
TWKS.US,D,20230515,000000,7.7,8.05,7.7,8.01,777429,0
TWKS.US,D,20230516,000000,7.91,8.04,7.715,7.765,421459,0
TWKS.US,D,20230517,000000,7.73,8.02,7.68,7.87,395303,0
TWKS.US,D,20230518,000000,7.84,7.98,7.635,7.7,653569,0
TWKS.US,D,20230519,000000,7.75,7.915,7.53,7.62,888585,0
TWKS.US,D,20230522,000000,7.78,8.29,7.6,8.14,1399225,0
TWKS.US,D,20230523,000000,8.07,8.225,7.89,7.89,482052,0
TWKS.US,D,20230524,000000,7.76,7.865,7.62,7.75,558886,0
TWKS.US,D,20230525,000000,7.77,7.845,7.66,7.81,567288,0
TWKS.US,D,20230526,000000,7.82,8.06,7.73,7.86,848190,0
TWKS.US,D,20230530,000000,7.93,8.29,7.91,8.11,804462,0
TWKS.US,D,20230531,000000,8.04,8.31,7.91,8.24,4522670,0
TWKS.US,D,20230601,000000,8.16,8.16,7.74,7.87,679342,0
TWKS.US,D,20230602,000000,8.01,8.285,7.95,8.21,434993,0
TWKS.US,D,20230605,000000,8,8.12,7.42,7.48,1101328,0
TWKS.US,D,20230606,000000,7.48,7.84,7.42,7.79,474151,0
TWKS.US,D,20230607,000000,7.81,8.08,7.79,8.07,590435,0
TWKS.US,D,20230608,000000,8.02,8.05,7.61,7.63,591579,0
TWKS.US,D,20230609,000000,7.65,7.78,7.49,7.61,519731,0
TWKS.US,D,20230612,000000,7.63,7.82,7.6,7.73,319037,0
TWKS.US,D,20230613,000000,7.77,7.96,7.77,7.9,623067,0
TWKS.US,D,20230614,000000,7.87,7.94,7.69,7.705,376087,0
TWKS.US,D,20230615,000000,7.64,7.925,7.58,7.9,1224612,0
TWKS.US,D,20230616,000000,7.98,8.03,7.66,7.71,904180,0
TWKS.US,D,20230620,000000,7.61,7.87,7.58,7.73,522254,0
TWKS.US,D,20230621,000000,7.62,7.66,7.3541,7.63,847124,0
TWKS.US,D,20230622,000000,7.56,7.805,7.36,7.75,1023657,0
TWKS.US,D,20230623,000000,7.62,7.7102,7.05,7.09,11818466,0
TWKS.US,D,20230626,000000,7.09,7.4,6.88,7.29,875852,0
TWKS.US,D,20230627,000000,7.31,7.53,7.285,7.49,647779,0
TWKS.US,D,20230628,000000,7.45,7.57,7.44,7.52,322535,0
TWKS.US,D,20230629,000000,7.4,7.8,7.4,7.59,937460,0
TWKS.US,D,20230630,000000,7.69,7.78,7.535,7.55,769640,0
TWKS.US,D,20230703,000000,7.55,7.68,7.47,7.67,338254,0
TWKS.US,D,20230705,000000,7.8,7.8,7.52,7.59,458888,0
TWKS.US,D,20230706,000000,7.57,7.57,7.33,7.5,439878,0
TWKS.US,D,20230707,000000,7.5,7.705,7.5,7.62,330042,0
TWKS.US,D,20230710,000000,7.58,7.77,7.58,7.74,365259,0
TWKS.US,D,20230711,000000,7.76,7.77,7.58,7.64,410477,0
TWKS.US,D,20230712,000000,7.78,7.85,7.59,7.6,292251,0
TWKS.US,D,20230713,000000,7.68,7.9,7.63,7.88,336419,0
TWKS.US,D,20230714,000000,7.84,7.97,7.57,7.66,816805,0
TWKS.US,D,20230717,000000,7.62,7.74,7.475,7.56,418605,0
TWKS.US,D,20230718,000000,7.57,7.72,7.43,7.45,1221430,0
TWKS.US,D,20230719,000000,7.48,7.52,7.1,7.12,523567,0
TWKS.US,D,20230720,000000,7.08,7.08,6.77,6.81,412687,0
TWKS.US,D,20230721,000000,6.995,6.995,6.74,6.79,356558,0
TWKS.US,D,20230724,000000,6.86,6.92,6.7,6.85,576802,0
TWKS.US,D,20230725,000000,6.84,6.96,6.79,6.85,447631,0
TWKS.US,D,20230726,000000,6.8,6.945,6.75,6.93,604519,0
TWKS.US,D,20230727,000000,6.97,7.03,6.58,6.7,508404,0
TWKS.US,D,20230728,000000,6.77,6.85,6.71,6.77,438479,0
TWKS.US,D,20230731,000000,6.79,7.1,6.79,7.09,461238,0
TWKS.US,D,20230801,000000,7.05,7.05,6.9,7.02,327471,0
TWKS.US,D,20230802,000000,6.92,7.12,6.825,7.09,419864,0
TWKS.US,D,20230803,000000,7.06,7.34,6.97,7.19,521792,0
TWKS.US,D,20230804,000000,7.21,7.27,6.95,7.08,487585,0
TWKS.US,D,20230807,000000,7,7.08,6.96,7.02,395094,0
TWKS.US,D,20230808,000000,5.26,5.37,4.6001,5.21,5041884,0
TWKS.US,D,20230809,000000,5.06,5.45,4.63,4.66,2635270,0
TWKS.US,D,20230810,000000,4.71,5.1,4.52,4.95,1469440,0
TWKS.US,D,20230811,000000,4.88,4.91,4.64,4.8,1005402,0
TWKS.US,D,20230814,000000,4.76,5.1,4.69,5,1235123,0
TWKS.US,D,20230815,000000,4.94,4.95,4.81,4.83,1020746,0
TWKS.US,D,20230816,000000,4.84,5.11,4.7989,4.97,945357,0
TWKS.US,D,20230817,000000,4.97,5.015,4.8225,4.83,1020817,0
TWKS.US,D,20230818,000000,4.76,5.02,4.7,4.98,1764613,0
TWKS.US,D,20230821,000000,4.88,5.11,4.88,4.9,1723895,0
TWKS.US,D,20230822,000000,4.92,5.025,4.84,4.85,967628,0
TWKS.US,D,20230823,000000,4.84,5,4.81,4.98,606863,0
TWKS.US,D,20230824,000000,4.97,4.97,4.7,4.73,807739,0
TWKS.US,D,20230825,000000,4.76,4.8109,4.66,4.78,407081,0
TWKS.US,D,20230828,000000,4.82,4.96,4.79,4.83,477588,0
TWKS.US,D,20230829,000000,4.8,4.985,4.76,4.92,597163,0
TWKS.US,D,20230830,000000,4.92,5.07,4.87,5.04,358869,0
TWKS.US,D,20230831,000000,5.04,5.13,4.93,4.97,871335,0
TWKS.US,D,20230901,000000,5.01,5.125,4.965,4.97,391829,0
TWKS.US,D,20230905,000000,4.95,5.09,4.9,4.94,559295,0
TWKS.US,D,20230906,000000,4.95,5.03,4.92,4.93,335164,0
TWKS.US,D,20230907,000000,4.84,4.875,4.79,4.82,422145,0
TWKS.US,D,20230908,000000,4.83,4.87,4.67,4.7,355614,0
TWKS.US,D,20230911,000000,4.75,4.8,4.62,4.66,424801,0
TWKS.US,D,20230912,000000,4.64,4.69,4.565,4.58,370654,0
TWKS.US,D,20230913,000000,4.56,4.58,4.33,4.4,811212,0
TWKS.US,D,20230914,000000,4.44,4.63,4.39,4.47,664100,0
TWKS.US,D,20230915,000000,4.47,4.52,4.3,4.43,2621999,0
TWKS.US,D,20230918,000000,4.39,4.475,4.18,4.18,976130,0
TWKS.US,D,20230919,000000,4.24,4.24,4.08,4.12,544565,0
TWKS.US,D,20230920,000000,4.2,4.35,4.11,4.18,487192,0
TWKS.US,D,20230921,000000,4.12,4.25,4.0899,4.16,627996,0
TWKS.US,D,20230922,000000,4.25,4.26,4.13,4.16,572736,0
TWKS.US,D,20230925,000000,4.21,4.24,4.085,4.24,625950,0
TWKS.US,D,20230926,000000,4.22,4.3,4.11,4.13,339434,0
TWKS.US,D,20230927,000000,4.15,4.308,4.01,4.06,629025,0
TWKS.US,D,20230928,000000,4.02,4.08,3.96,4.02,538559,0
TWKS.US,D,20230929,000000,4.13,4.21,4.04,4.08,472662,0
TWKS.US,D,20231002,000000,4.05,4.15,3.975,4.1,864297,0
TWKS.US,D,20231003,000000,4.07,4.16,4.005,4.1,388391,0
TWKS.US,D,20231004,000000,4.03,4.22,4.03,4.2,465611,0
TWKS.US,D,20231005,000000,4.2,4.28,4.155,4.26,587064,0
TWKS.US,D,20231006,000000,4.23,4.415,4.21,4.36,523372,0
TWKS.US,D,20231009,000000,4.33,4.405,4.27,4.33,350261,0
TWKS.US,D,20231010,000000,4.38,4.55,4.37,4.47,560692,0
TWKS.US,D,20231011,000000,4.45,4.52,4.24,4.3,726722,0
TWKS.US,D,20231012,000000,4.3,4.3,3.905,3.95,1933049,0
TWKS.US,D,20231013,000000,3.8,3.96,3.73,3.87,798617,0
TWKS.US,D,20231016,000000,3.92,3.97,3.85,3.89,709039,0
TWKS.US,D,20231017,000000,3.77,3.87,3.74,3.84,953430,0
TWKS.US,D,20231018,000000,3.79,3.885,3.74,3.81,283668,0
TWKS.US,D,20231019,000000,4.05,4.09,3.77,3.77,416666,0
TWKS.US,D,20231020,000000,3.76,3.83,3.68,3.78,511533,0
TWKS.US,D,20231023,000000,3.74,3.83,3.68,3.76,428169,0
TWKS.US,D,20231024,000000,3.77,3.86,3.74,3.84,800392,0
TWKS.US,D,20231025,000000,3.81,3.83,3.735,3.75,345840,0
TWKS.US,D,20231026,000000,3.75,3.9,3.75,3.78,397566,0
TWKS.US,D,20231027,000000,3.77,3.8,3.59,3.61,1463263,0
TWKS.US,D,20231030,000000,3.63,3.665,3.32,3.34,1741324,0
TWKS.US,D,20231031,000000,3.34,3.51,3.3,3.39,3336237,0
TWKS.US,D,20231101,000000,3.38,3.42,3.18,3.29,1501951,0
TWKS.US,D,20231102,000000,3.3,3.465,3.24,3.34,2492195,0
TWKS.US,D,20231103,000000,3.45,3.74,3.45,3.68,1890265,0
TWKS.US,D,20231106,000000,3.62,3.7,3.55,3.62,1380116,0
TWKS.US,D,20231107,000000,4.06,4.4797,3.97,4.13,2512498,0
TWKS.US,D,20231108,000000,4.1,4.13,3.862,3.89,655092,0
TWKS.US,D,20231109,000000,3.85,3.97,3.72,3.74,1045863,0
TWKS.US,D,20231110,000000,3.68,3.825,3.66,3.8,523296,0
TWKS.US,D,20231113,000000,3.74,3.765,3.64,3.65,849224,0
TWKS.US,D,20231114,000000,3.82,3.95,3.7801,3.85,1053960,0
TWKS.US,D,20231115,000000,3.8,4.05,3.8,4.01,880203,0
TWKS.US,D,20231116,000000,3.98,3.98,3.83,3.9,545339,0
TWKS.US,D,20231117,000000,3.92,4.01,3.81,4.01,692183,0
TWKS.US,D,20231120,000000,4.01,4.11,3.99,4.04,430672,0
TWKS.US,D,20231121,000000,3.97,4.01,3.9,3.92,454810,0
TWKS.US,D,20231122,000000,3.97,4.06,3.9,3.92,487952,0
TWKS.US,D,20231124,000000,3.9,4.03,3.9,4.01,232874,0
TWKS.US,D,20231127,000000,3.96,4.07,3.86,3.89,453254,0
TWKS.US,D,20231128,000000,3.91,3.97,3.84,3.96,380291,0
TWKS.US,D,20231129,000000,3.98,4.06,3.92,3.94,660336,0
TWKS.US,D,20231130,000000,3.96,4.06,3.865,3.9,1827269,0
TWKS.US,D,20231201,000000,3.93,4.2,3.821,4.18,761052,0
TWKS.US,D,20231204,000000,4.2,4.33,4.12,4.14,644519,0
TWKS.US,D,20231205,000000,4.11,4.215,3.98,4.15,543595,0
TWKS.US,D,20231206,000000,4.15,4.265,4.12,4.16,814169,0
TWKS.US,D,20231207,000000,4.18,4.28,4.035,4.21,1022362,0
TWKS.US,D,20231208,000000,4.19,4.42,4.17,4.4,880843,0
TWKS.US,D,20231211,000000,4.37,4.42,4.27,4.42,739428,0
TWKS.US,D,20231212,000000,4.4,4.4,4.22,4.33,483017,0
TWKS.US,D,20231213,000000,4.32,4.59,4.21,4.58,1577546,0
TWKS.US,D,20231214,000000,4.55,4.85,4.55,4.68,968564,0
TWKS.US,D,20231215,000000,4.72,4.79,4.565,4.64,1316732,0
TWKS.US,D,20231218,000000,4.77,4.83,4.595,4.62,958092,0
TWKS.US,D,20231219,000000,4.66,4.805,4.6,4.78,814682,0
TWKS.US,D,20231220,000000,4.78,4.93,4.65,4.8,936577,0
TWKS.US,D,20231221,000000,4.86,4.91,4.71,4.85,625163,0
TWKS.US,D,20231222,000000,4.8,4.96,4.74,4.91,379674,0
TWKS.US,D,20231226,000000,4.93,4.99,4.9,4.97,326643,0
TWKS.US,D,20231227,000000,4.97,5.03,4.795,4.96,596556,0
TWKS.US,D,20231228,000000,4.95,4.995,4.87,4.97,299239,0
TWKS.US,D,20231229,000000,4.95,4.96,4.81,4.81,403155,0
TWKS.US,D,20240102,000000,4.9,4.93,4.63,4.77,1227381,0
TWKS.US,D,20240103,000000,4.58,4.72,4.52,4.54,909431,0
TWKS.US,D,20240104,000000,4.54,4.6,4.481,4.51,535171,0
TWKS.US,D,20240105,000000,4.45,4.58,4.43,4.47,890738,0
TWKS.US,D,20240108,000000,4.47,4.64,4.42,4.61,423606,0
TWKS.US,D,20240109,000000,4.5,4.62,4.49,4.55,357395,0
TWKS.US,D,20240110,000000,4.51,4.6,4.44,4.56,474493,0
TWKS.US,D,20240111,000000,4.56,4.59,4.445,4.51,439335,0
TWKS.US,D,20240112,000000,4.59,4.67,4.53,4.61,488777,0
TWKS.US,D,20240116,000000,4.6,4.6,4.45,4.45,457560,0
TWKS.US,D,20240117,000000,4.35,4.45,4.26,4.44,410232,0
TWKS.US,D,20240118,000000,4.45,4.48,4.38,4.42,341972,0
TWKS.US,D,20240119,000000,4.47,4.56,4.37,4.56,604886,0
TWKS.US,D,20240122,000000,4.51,4.83,4.51,4.83,483002,0
TWKS.US,D,20240123,000000,4.86,5.19,4.85,5.15,1001862,0
TWKS.US,D,20240124,000000,5.2,5.2,4.88,4.89,431417,0
TWKS.US,D,20240125,000000,4.98,5.07,4.955,5.02,432327,0
TWKS.US,D,20240126,000000,5.01,5.08,4.901,4.92,328707,0
TWKS.US,D,20240129,000000,4.89,5.04,4.8346,5.03,227938,0
TWKS.US,D,20240130,000000,4.99,4.9927,4.83,4.84,253899,0
TWKS.US,D,20240131,000000,4.8,4.92,4.66,4.68,436774,0
TWKS.US,D,20240201,000000,4.71,4.795,4.61,4.78,289435,0
TWKS.US,D,20240202,000000,4.68,4.68,4.565,4.63,555666,0
TWKS.US,D,20240205,000000,4.55,4.55,4.34,4.39,629839,0
TWKS.US,D,20240206,000000,4.47,4.61,4.37,4.61,607004,0
TWKS.US,D,20240207,000000,4.61,4.61,4.445,4.48,351484,0
TWKS.US,D,20240208,000000,4.56,4.56,4.44,4.44,435091,0
TWKS.US,D,20240209,000000,4.48,4.49,4.4,4.43,346589,0
TWKS.US,D,20240212,000000,4.46,4.5,4.405,4.41,685238,0
TWKS.US,D,20240213,000000,4.35,4.36,4.1,4.14,913594,0
TWKS.US,D,20240214,000000,4.22,4.27,4.17,4.23,604501,0
TWKS.US,D,20240215,000000,4.27,4.41,4.27,4.38,507480,0
TWKS.US,D,20240216,000000,4.35,4.35,4.24,4.27,421014,0
TWKS.US,D,20240220,000000,4.15,4.32,4.14,4.32,990034,0
TWKS.US,D,20240221,000000,4.31,4.39,4.26,4.32,1160398,0
TWKS.US,D,20240222,000000,4.31,4.62,4.31,4.55,762633,0
TWKS.US,D,20240223,000000,4.54,4.61,4.49,4.58,689907,0
TWKS.US,D,20240226,000000,4.53,4.67,4.53,4.61,652044,0
TWKS.US,D,20240227,000000,3.2,3.385,2.9,3.28,4873875,0
TWKS.US,D,20240228,000000,3.25,3.25,3.01,3.19,1535111,0
TWKS.US,D,20240229,000000,3.21,3.33,3.1,3.12,1847760,0
TWKS.US,D,20240301,000000,3.16,3.16,2.95,2.99,2282409,0
TWKS.US,D,20240304,000000,2.99,2.99,2.78,2.8,1820834,0
TWKS.US,D,20240305,000000,2.79,2.79,2.59,2.59,1274098,0
TWKS.US,D,20240306,000000,2.64,2.655,2.49,2.5,1725611,0
TWKS.US,D,20240307,000000,2.54,2.62,2.45,2.57,2465363,0
TWKS.US,D,20240308,000000,2.63,2.72,2.59,2.6,790459,0
TWKS.US,D,20240311,000000,2.56,2.69,2.512,2.59,899717,0
TWKS.US,D,20240312,000000,2.6,2.6,2.54,2.55,621075,0
TWKS.US,D,20240313,000000,2.5,2.58,2.5,2.53,785516,0
TWKS.US,D,20240314,000000,2.51,2.55,2.45,2.47,662398,0
TWKS.US,D,20240315,000000,2.45,2.5399,2.44,2.46,1577287,0
TWKS.US,D,20240318,000000,2.51,2.51,2.44,2.44,573920,0
TWKS.US,D,20240319,000000,2.44,2.485,2.36,2.38,1126087,0
TWKS.US,D,20240320,000000,2.38,2.46,2.33,2.46,1016010,0
TWKS.US,D,20240321,000000,2.5,2.505,2.4,2.41,748708,0
TWKS.US,D,20240322,000000,2.4,2.4,2.29,2.29,886453,0
TWKS.US,D,20240325,000000,2.32,2.38,2.26,2.35,707897,0
TWKS.US,D,20240326,000000,2.38,2.47,2.38,2.4,677948,0
TWKS.US,D,20240327,000000,2.41,2.54,2.4,2.53,391618,0
TWKS.US,D,20240328,000000,2.52,2.6,2.45,2.53,1513671,0
TWKS.US,D,20240401,000000,2.53,2.59,2.4525,2.5,527330,0
TWKS.US,D,20240402,000000,2.44,2.45,2.39,2.4,469035,0
TWKS.US,D,20240403,000000,2.37,2.41,2.35,2.4,415290,0
TWKS.US,D,20240404,000000,2.45,2.49,2.36,2.37,599794,0
TWKS.US,D,20240405,000000,2.37,2.37,2.3382,2.35,444054,0
TWKS.US,D,20240408,000000,2.36,2.44,2.31,2.32,711133,0
TWKS.US,D,20240409,000000,2.37,2.51,2.34,2.48,680475,0
TWKS.US,D,20240410,000000,2.39,2.415,2.34,2.4,512512,0
TWKS.US,D,20240411,000000,2.4,2.48,2.4,2.47,387809,0
TWKS.US,D,20240412,000000,2.44,2.46,2.38,2.39,330767,0
TWKS.US,D,20240415,000000,2.43,2.43,2.19,2.26,577619,0
TWKS.US,D,20240416,000000,2.31,2.31,2.195,2.27,495128,0
TWKS.US,D,20240417,000000,2.27,2.315,2.24,2.26,590686,0
TWKS.US,D,20240418,000000,2.26,2.36,2.23,2.29,398455,0
TWKS.US,D,20240419,000000,2.29,2.34,2.27,2.33,379461,0
TWKS.US,D,20240422,000000,2.31,2.445,2.298,2.43,652476,0
TWKS.US,D,20240423,000000,2.42,2.47,2.375,2.41,321678,0
TWKS.US,D,20240424,000000,2.39,2.42,2.3,2.38,511580,0
TWKS.US,D,20240425,000000,2.32,2.34,2.27,2.33,410495,0
TWKS.US,D,20240426,000000,2.33,2.39,2.31,2.39,194483,0
TWKS.US,D,20240429,000000,2.39,2.455,2.33,2.36,433354,0
TWKS.US,D,20240430,000000,2.34,2.41,2.32,2.32,433173,0
TWKS.US,D,20240501,000000,2.33,2.365,2.3,2.32,374792,0
TWKS.US,D,20240502,000000,2.32,2.38,2.285,2.38,488645,0
TWKS.US,D,20240503,000000,2.4,2.4,2.215,2.25,606886,0
TWKS.US,D,20240506,000000,2.3,2.5491,2.28,2.52,1389632,0
TWKS.US,D,20240507,000000,3.2,3.42,2.96,3.02,5080405,0
TWKS.US,D,20240508,000000,3.02,3.26,2.98,3.07,1122292,0
TWKS.US,D,20240509,000000,3.06,3.11,2.93,2.97,715636,0
TWKS.US,D,20240510,000000,2.96,3.08,2.865,2.91,695852,0
TWKS.US,D,20240513,000000,2.93,3.0289,2.93,2.97,427675,0
TWKS.US,D,20240514,000000,3.01,3.18,3,3.16,1110629,0
TWKS.US,D,20240515,000000,3.18,3.255,3.14,3.21,1204546,0
TWKS.US,D,20240516,000000,3.21,3.27,3.2,3.21,450588,0
TWKS.US,D,20240517,000000,3.21,3.29,3.2,3.21,434844,0
TWKS.US,D,20240520,000000,3.2,3.238,3.175,3.22,723622,0
TWKS.US,D,20240521,000000,3.21,3.24,3.15,3.2,386084,0
TWKS.US,D,20240522,000000,3.19,3.2,2.95,2.97,961921,0
TWKS.US,D,20240523,000000,2.97,3.02,2.93,2.99,578207,0
TWKS.US,D,20240524,000000,3,3.17,2.905,2.92,647579,0
TWKS.US,D,20240528,000000,2.99,2.99,2.85,2.91,685437,0
TWKS.US,D,20240529,000000,2.95,2.95,2.81,2.85,355552,0
TWKS.US,D,20240530,000000,2.87,2.905,2.82,2.83,455804,0
TWKS.US,D,20240531,000000,2.84,2.87,2.75,2.76,1189544,0
TWKS.US,D,20240603,000000,2.79,2.82,2.7,2.72,634645,0
TWKS.US,D,20240604,000000,2.77,2.77,2.62,2.62,484054,0
TWKS.US,D,20240605,000000,2.63,2.81,2.63,2.77,637843,0
TWKS.US,D,20240606,000000,2.75,2.9,2.75,2.85,358592,0
TWKS.US,D,20240607,000000,2.81,2.84,2.76,2.81,371407,0
TWKS.US,D,20240610,000000,2.78,2.88,2.75,2.84,442966,0
TWKS.US,D,20240611,000000,2.81,2.9099,2.76,2.89,522817,0
TWKS.US,D,20240612,000000,3,3.02,2.79,2.79,630720,0
TWKS.US,D,20240613,000000,2.8,2.86,2.75,2.79,519794,0
TWKS.US,D,20240614,000000,2.75,2.83,2.7,2.79,479474,0
TWKS.US,D,20240617,000000,2.76,2.77,2.699,2.74,427855,0
TWKS.US,D,20240618,000000,2.74,2.785,2.69,2.7,524995,0
TWKS.US,D,20240620,000000,2.69,2.84,2.69,2.81,428583,0
TWKS.US,D,20240621,000000,2.82,3,2.81,2.96,1348378,0
TWKS.US,D,20240624,000000,2.83,2.88,2.62,2.755,957104,0
TWKS.US,D,20240625,000000,2.75,2.8,2.72,2.74,246833,0
TWKS.US,D,20240626,000000,2.72,2.765,2.67,2.71,543112,0
TWKS.US,D,20240627,000000,2.73,2.86,2.7045,2.83,392926,0
TWKS.US,D,20240628,000000,2.8,2.89,2.78,2.84,4715412,0
TWKS.US,D,20240701,000000,2.85,2.94,2.64,2.65,1777458,0
TWKS.US,D,20240702,000000,2.65,2.71,2.515,2.57,616903,0
TWKS.US,D,20240703,000000,2.61,2.67,2.56,2.57,234983,0
TWKS.US,D,20240705,000000,2.5,2.59,2.5,2.56,399372,0
TWKS.US,D,20240708,000000,2.59,2.59,2.43,2.45,504620,0
TWKS.US,D,20240709,000000,2.43,2.46,2.37,2.37,486129,0
TWKS.US,D,20240710,000000,2.39,2.43,2.345,2.41,343401,0
TWKS.US,D,20240711,000000,2.49,2.68,2.445,2.65,439965,0
TWKS.US,D,20240712,000000,2.6,2.745,2.6,2.7,309420,0
TWKS.US,D,20240715,000000,2.71,2.83,2.71,2.79,533741,0
TWKS.US,D,20240716,000000,2.82,3.07,2.73,3.05,656482,0
TWKS.US,D,20240717,000000,2.99,3.16,2.9718,3.1,627078,0
TWKS.US,D,20240718,000000,3.03,3.2583,3.03,3.11,532597,0
TWKS.US,D,20240719,000000,3.11,3.15,3.03,3.04,417458,0
TWKS.US,D,20240722,000000,3.04,3.15,2.98,3.14,537670,0
TWKS.US,D,20240723,000000,3.15,3.2,3.1215,3.16,358384,0
TWKS.US,D,20240724,000000,3.11,3.2,3.025,3.03,363258,0
TWKS.US,D,20240725,000000,3.02,3.24,3.02,3.22,472024,0
TWKS.US,D,20240726,000000,3.25,3.3199,3.22,3.3,339036,0
TWKS.US,D,20240729,000000,3.26,3.34,3.16,3.28,801563,0
TWKS.US,D,20240730,000000,3.28,3.57,3.28,3.54,863413,0
TWKS.US,D,20240731,000000,3.53,3.75,3.46,3.48,1066346,0
TWKS.US,D,20240801,000000,3.48,3.6,3.355,3.56,1940862,0
TWKS.US,D,20240802,000000,3.41,3.57,3.295,3.39,1529457,0
TWKS.US,D,20240805,000000,4.27,4.33,4.24,4.31,44606778,0
TWKS.US,D,20240806,000000,4.31,4.37,4.3,4.32,9735980,0
TWKS.US,D,20240807,000000,4.31,4.34,4.31,4.32,2366058,0
TWKS.US,D,20240808,000000,4.32,4.34,4.32,4.33,980925,0
TWKS.US,D,20240809,000000,4.32,4.4,4.32,4.34,2422851,0
TWKS.US,D,20240812,000000,4.33,4.34,4.3,4.32,2803175,0
TWKS.US,D,20240813,000000,4.31,4.355,4.31,4.32,1597957,0
TWKS.US,D,20240814,000000,4.32,4.34,4.32,4.33,691825,0
TWKS.US,D,20240815,000000,4.33,4.35,4.32,4.34,1413456,0
TWKS.US,D,20240816,000000,4.34,4.35,4.325,4.34,1243564,0
TWKS.US,D,20240819,000000,4.33,4.35,4.32,4.34,1829964,0
TWKS.US,D,20240820,000000,4.33,4.36,4.33,4.35,1305307,0
TWKS.US,D,20240821,000000,4.33,4.37,4.33,4.36,2403266,0
TWKS.US,D,20240822,000000,4.35,4.365,4.33,4.33,24385830,0
TWKS.US,D,20240823,000000,4.34,4.37,4.34,4.36,575930,0
TWKS.US,D,20240826,000000,4.34,4.39,4.34,4.34,655215,0
TWKS.US,D,20240827,000000,4.36,4.36,4.33,4.335,532833,0
TWKS.US,D,20240828,000000,4.33,4.35,4.33,4.33,1302049,0
TWKS.US,D,20240829,000000,4.34,4.35,4.33,4.34,1163519,0
TWKS.US,D,20240830,000000,4.34,4.36,4.34,4.35,744261,0
TWKS.US,D,20240903,000000,4.34,4.35,4.34,4.35,595185,0
TWKS.US,D,20240904,000000,4.34,4.44,4.34,4.4,3468416,0
TWKS.US,D,20240905,000000,4.38,4.41,4.38,4.39,6934838,0
TWKS.US,D,20240906,000000,4.38,4.4,4.37,4.38,814942,0
TWKS.US,D,20240909,000000,4.37,4.405,4.37,4.39,1554890,0
TWKS.US,D,20240910,000000,4.39,4.41,4.38,4.4,5267573,0
TWKS.US,D,20240911,000000,4.39,4.4,4.38,4.38,4846739,0
TWKS.US,D,20240912,000000,4.38,4.395,4.38,4.38,483828,0
TWKS.US,D,20240913,000000,4.4,4.4,4.38,4.4,2361355,0
TWKS.US,D,20240916,000000,4.39,4.395,4.37,4.39,4141168,0
TWKS.US,D,20240917,000000,4.39,4.4,4.38,4.39,3278640,0
TWKS.US,D,20240918,000000,4.38,4.4,4.38,4.38,10669056,0
TWKS.US,D,20240919,000000,4.38,4.4,4.38,4.39,6692017,0
TWKS.US,D,20240920,000000,4.38,4.42,4.38,4.4,4618112,0
TWKS.US,D,20240923,000000,4.39,4.415,4.39,4.4,1720801,0
TWKS.US,D,20240924,000000,4.4,4.42,4.4,4.41,2311342,0
TWKS.US,D,20240925,000000,4.4,4.41,4.4,4.4,3073424,0
TWKS.US,D,20240926,000000,4.41,4.42,4.4,4.4,2874540,0
TWKS.US,D,20240927,000000,4.4,4.42,4.4,4.42,1374832,0
TWKS.US,D,20240930,000000,4.4,4.43,4.4,4.42,1091701,0
TWKS.US,D,20241001,000000,4.41,4.42,4.41,4.41,823648,0
TWKS.US,D,20241002,000000,4.41,4.43,4.41,4.41,1295810,0
TWKS.US,D,20241003,000000,4.41,4.43,4.41,4.41,2369210,0
TWKS.US,D,20241004,000000,4.41,4.43,4.41,4.42,1238396,0
TWKS.US,D,20241007,000000,4.41,4.43,4.41,4.43,1213400,0
TWKS.US,D,20241008,000000,4.42,4.43,4.42,4.42,1275865,0
TWKS.US,D,20241009,000000,4.41,4.43,4.41,4.41,3278209,0
TWKS.US,D,20241010,000000,4.41,4.42,4.4,4.41,1005666,0
TWKS.US,D,20241011,000000,4.41,4.445,4.41,4.43,10156249,0
TWKS.US,D,20241014,000000,4.41,4.44,4.41,4.42,4177134,0
TWKS.US,D,20241015,000000,4.42,4.43,4.415,4.43,1820203,0
TWKS.US,D,20241016,000000,4.42,4.43,4.41,4.43,3302797,0
TWKS.US,D,20241017,000000,4.42,4.44,4.415,4.42,3076462,0
TWKS.US,D,20241018,000000,4.42,4.43,4.4101,4.42,1052332,0
TWKS.US,D,20241021,000000,4.42,4.5,4.41,4.45,14651713,0
TWKS.US,D,20241022,000000,4.45,4.465,4.43,4.44,8210961,0
TWKS.US,D,20241023,000000,4.43,4.47,4.43,4.46,9051397,0
TWKS.US,D,20241024,000000,4.46,4.47,4.44,4.44,3047250,0
TWKS.US,D,20241025,000000,4.44,4.46,4.43,4.45,3745053,0
TWKS.US,D,20241028,000000,4.44,4.46,4.44,4.45,2801783,0
TWKS.US,D,20241029,000000,4.46,4.48,4.45,4.47,2961758,0
TWKS.US,D,20241030,000000,4.46,4.47,4.44,4.44,1493536,0
TWKS.US,D,20241031,000000,4.44,4.48,4.44,4.44,1776911,0
TWKS.US,D,20241101,000000,4.45,4.48,4.45,4.46,2370601,0
TWKS.US,D,20241104,000000,4.45,4.48,4.44,4.46,3336064,0
TWKS.US,D,20241105,000000,4.46,4.51,4.46,4.48,3856130,0
TWKS.US,D,20241106,000000,4.48,4.48,4.42,4.42,11860516,0
TWKS.US,D,20241107,000000,4.43,4.45,4.42,4.43,1584531,0
TWKS.US,D,20241108,000000,4.43,4.49,4.425,4.49,1984851,0
TWKS.US,D,20241111,000000,4.48,4.51,4.47,4.49,4335731,0
TWKS.US,D,20241112,000000,4.47,4.53,4.44,4.47,52185666,0
