<TICKER>,<PER>,<DATE>,<TIME>,<OPEN>,<HIGH>,<LOW>,<CLOSE>,<VOL>,<OPENINT>
UPC.US,D,20210323,000000,473.4,514.71,390.6,427.5,22841.111168214,0
UPC.US,D,20210324,000000,405,426.6,375.3,375.3,1969.922227147,0
UPC.US,D,20210325,000000,378,378,337.5,364.5,1328.8333366554,0
UPC.US,D,20210326,000000,369,400.5,364.5,365.4,1341.9111144659,0
UPC.US,D,20210329,000000,945,1079.1,464.4,504.9,545048.41247373,0
UPC.US,D,20210330,000000,446.4,446.4,369.9,393.3,24931.055617883,0
UPC.US,D,20210331,000000,387,387.9,355.5,360.9,10936.611138452,0
UPC.US,D,20210401,000000,480.6,649.8,456.3,472.5,843918.93544316,0
UPC.US,D,20210405,000000,497.124,508.5,471.6,508.5,23554.077836663,0
UPC.US,D,20210406,000000,501.3,504,459,466.2,13074.944477131,0
UPC.US,D,20210407,000000,460.8,493.2,414,459,12722.555587362,0
UPC.US,D,20210408,000000,432,445.5,423,431.1,2984.5111185724,0
UPC.US,D,20210409,000000,415.8,432,410.4,417.6,3237.122230315,0
UPC.US,D,20210412,000000,409.5,410.4,368.1,379.8,3895.7222319615,0
UPC.US,D,20210413,000000,371.7,374.391,360.9,368.1,2838.322229318,0
UPC.US,D,20210414,000000,363.6,375.3,348.3,352.8,3274.1555637409,0
UPC.US,D,20210415,000000,353.7,354.6,315,325.8,4110.8222324993,0
UPC.US,D,20210416,000000,321.3,355.05,321.3,348.3,3109.2333411064,0
UPC.US,D,20210419,000000,351.9,353.7,315.45,319.5,2774.3777847137,0
UPC.US,D,20210420,000000,318.6,328.5,306,309.6,3053.9333409682,0
UPC.US,D,20210421,000000,306,326.7,306,324,2484.9444506568,0
UPC.US,D,20210422,000000,319.5,326.7,311.121,319.5,2237.7333389277,0
UPC.US,D,20210423,000000,315.9,326.7,311.4,315,1881.4000047035,0
UPC.US,D,20210426,000000,319.5,336.6,315,335.7,2160.1444498448,0
UPC.US,D,20210427,000000,332.1,334.8,318.6,324,2156.2777831685,0
UPC.US,D,20210428,000000,322.2,350.1,322.2,337.5,2742.6222290788,0
UPC.US,D,20210429,000000,339.3,345.6,324,333.9,2244.6555611672,0
UPC.US,D,20210430,000000,324.9,335.7,324.9,331.2,991.62222470128,0
UPC.US,D,20210503,000000,329.4,329.4,308.277,316.8,2513.7444507288,0
UPC.US,D,20210504,000000,313.2,316.809,307.8,314.1,1542.7888927459,0
UPC.US,D,20210505,000000,310.5,313.245,306,308.7,1136.9444472868,0
UPC.US,D,20210506,000000,306,306.405,278.1,287.1,1844.4111157221,0
UPC.US,D,20210507,000000,283.5,297,280.8,287.1,1400.1555590559,0
UPC.US,D,20210510,000000,282.6,292.5,271.8,275.4,749.54444631831,0
UPC.US,D,20210511,000000,279,301.95,272.7,297,2134.6444497811,0
UPC.US,D,20210512,000000,299.7,313.2,289.8,290.7,1858.4111157571,0
UPC.US,D,20210513,000000,288.9,306,270.9,278.1,2841.6555626597,0
UPC.US,D,20210514,000000,271.8,294.3,271.35,291.6,2496.6666729083,0
UPC.US,D,20210517,000000,290.7,296.01,282.6,287.1,1067.3444471128,0
UPC.US,D,20210518,000000,282.6,297.9,279.9,287.1,2588.477784249,0
UPC.US,D,20210519,000000,280.8,288.9,280.386,288.9,432.75555663744,0
UPC.US,D,20210520,000000,282.6,297,282.6,297,626.38889045486,0
UPC.US,D,20210521,000000,295.2,300.6,289.8,294.3,489.76666789108,0
UPC.US,D,20210524,000000,288.9,300.6,288.9,296.1,349.45555642919,0
UPC.US,D,20210525,000000,292.5,296.1,283.5,289.8,829.11111318389,0
UPC.US,D,20210526,000000,310.5,310.5,288,297,1301.4666699203,0
UPC.US,D,20210527,000000,293.4,305.1,289.8,297,1117.9888916839,0
UPC.US,D,20210528,000000,295.2,298.791,283.5,288.9,787.07777974547,0
UPC.US,D,20210601,000000,287.1,290.7,281.7,288,670.38889056486,0
UPC.US,D,20210602,000000,285.768,289.8,279,283.5,861.44444659806,0
UPC.US,D,20210603,000000,282.6,282.6,268.2,279,1469.8333370079,0
UPC.US,D,20210604,000000,276.3,278.1,258.3,268.2,2346.6111169776,0
UPC.US,D,20210607,000000,270,285.3,270,276.3,1537.9888927339,0
UPC.US,D,20210608,000000,277.2,279.9,270,279,620.98889044136,0
UPC.US,D,20210609,000000,283.5,283.5,268.2,270.9,1760.2888932896,0
UPC.US,D,20210610,000000,272.7,273.591,262.8,265.5,1259.9777809277,0
UPC.US,D,20210611,000000,266.4,270.9,261.9,267.3,560.76666806858,0
UPC.US,D,20210614,000000,266.4,279.9,266.4,278.1,1037.3555581489,0
UPC.US,D,20210615,000000,276.381,305.604,275.4,291.6,4035.9333434232,0
UPC.US,D,20210616,000000,289.8,289.8,276.3,279,1319.9000032997,0
UPC.US,D,20210617,000000,280.8,285.885,271.8,273.6,751.65555743469,0
UPC.US,D,20210618,000000,273.6,274.5,267.3,270.9,610.21111263664,0
UPC.US,D,20210621,000000,267.3,271.845,266.4,267.3,424.01111217114,0
UPC.US,D,20210622,000000,270.9,274.5,264.6,272.331,627.82222379178,0
UPC.US,D,20210623,000000,273.6,278.991,268.236,273.15,546.78889025586,0
UPC.US,D,20210624,000000,278.1,286.2,271.8,272.7,1447.8555591752,0
UPC.US,D,20210625,000000,272.7,278.1,270.909,274.5,676.91111280339,0
UPC.US,D,20210628,000000,274.5,275.949,262.8,263.7,11903.277807536,0
UPC.US,D,20210629,000000,291.6,340.2,283.5,333,22200.200055501,0
UPC.US,D,20210630,000000,315.9,320.481,279,285.3,5141.7889017434,0
UPC.US,D,20210701,000000,288.9,296.091,281.7,284.4,1445.922225837,0
UPC.US,D,20210702,000000,287.1,299.7,279.9,284.4,2977.9555630004,0
UPC.US,D,20210706,000000,281.7,288,269.1,270,2766.3000069158,0
UPC.US,D,20210707,000000,272.7,287.1,261,263.7,1717.2111154041,0
UPC.US,D,20210708,000000,272.7,272.7,258.3,264.6,2175.7666721061,0
UPC.US,D,20210709,000000,264.6,268.2,258.372,265.5,891.13333556117,0
UPC.US,D,20210712,000000,273.6,274.014,261,263.7,720.68889069061,0
UPC.US,D,20210713,000000,265.5,269.1,253.8,258.3,750.2000018755,0
UPC.US,D,20210714,000000,259.2,259.2,245.7,247.5,781.25555750869,0
UPC.US,D,20210715,000000,253.053,262.836,241.2,245.7,654.67777941447,0
UPC.US,D,20210716,000000,249.3,249.3,243,245.7,417.55555659944,0
UPC.US,D,20210719,000000,237.6,243,226.8,234,814.25555759119,0
UPC.US,D,20210720,000000,232.2,240.3,227.52,238.5,1153.200002883,0
UPC.US,D,20210721,000000,239.4,241.2,235.8,238.5,257.73333397767,0
UPC.US,D,20210722,000000,235.8,369.9,234,344.7,144421.03369438,0
UPC.US,D,20210723,000000,405,450,252,273.6,135175.85589349,0
UPC.US,D,20210726,000000,248.4,257.4,238.5,251.1,9470.8778014548,0
UPC.US,D,20210727,000000,242.1,243.9,221.4,231.3,4375.1555664934,0
UPC.US,D,20210728,000000,225,234,208.8,216,6668.3222388928,0
UPC.US,D,20210729,000000,220.5,223.2,212.4,218.7,3613.0222312548,0
UPC.US,D,20210730,000000,212.4,219.528,210.6,213.3,2073.7666718511,0
UPC.US,D,20210802,000000,227.7,237.6,219.6,233.1,5501.3333470867,0
UPC.US,D,20210803,000000,228.6,233.1,215.1,215.1,2151.5555609344,0
UPC.US,D,20210804,000000,220.5,273.6,215.1,243,24920.600062302,0
UPC.US,D,20210805,000000,234.9,259.2,230.589,235.8,4280.7000107018,0
UPC.US,D,20210806,000000,236.7,247.5,234,239.4,3371.0222306498,0
UPC.US,D,20210809,000000,235.8,250.2,235.8,237.6,2249.5111167349,0
UPC.US,D,20210810,000000,237.6,241.65,229.5,236.7,1179.200002948,0
UPC.US,D,20210811,000000,235.8,238.707,223.2,227.7,2182.322227678,0
UPC.US,D,20210812,000000,225,228.6,219.843,226.8,775.52222416103,0
UPC.US,D,20210813,000000,224.1,225.324,216.9,218.7,890.61111333764,0
UPC.US,D,20210816,000000,218.7,219.375,210.456,216,1892.0555602857,0
UPC.US,D,20210817,000000,216,216,205.2,210.645,1691.7333375627,0
UPC.US,D,20210818,000000,210.6,223.2,204.3,217.8,5119.5666794656,0
UPC.US,D,20210819,000000,218.7,223.2,211.5,216,1141.4111139646,0
UPC.US,D,20210820,000000,217.8,230.4,205.2,207.9,9726.3333576492,0
UPC.US,D,20210823,000000,209.7,217.791,207,210.6,2894.3555627914,0
UPC.US,D,20210824,000000,212.4,221.229,209.7,213.3,3109.277785551,0
UPC.US,D,20210825,000000,214.2,242.1,211.5,225,18182.866712124,0
UPC.US,D,20210826,000000,220.5,223.2,208.8,210.6,3239.8333414329,0
UPC.US,D,20210827,000000,211.5,220.5,207,213.3,3156.8111190031,0
UPC.US,D,20210830,000000,214.2,218.7,210.384,213.3,1537.8222260668,0
UPC.US,D,20210831,000000,212.4,216.9,205.2,208.8,3171.7555634849,0
UPC.US,D,20210901,000000,210.6,219.6,207,216,2137.0333386759,0
UPC.US,D,20210902,000000,214.2,216.9,207.9,207.9,1626.9888929564,0
UPC.US,D,20210903,000000,212.4,214.2,205.2,210.618,2332.077783608,0
UPC.US,D,20210907,000000,210.6,215.1,206.1,209.7,2369.7111170354,0
UPC.US,D,20210908,000000,208.8,216,207,215.1,1746.3111154769,0
UPC.US,D,20210909,000000,211.5,214.2,201.609,206.1,2374.0333392684,0
UPC.US,D,20210910,000000,207,249.3,204.3,225,24898.944506692,0
UPC.US,D,20210913,000000,216.9,228.6,212.4,216,5526.5666804831,0
UPC.US,D,20210914,000000,216,218.7,203.4,206.1,5424.8666802288,0
UPC.US,D,20210915,000000,207.9,214.2,205.2,211.5,531.52222355103,0
UPC.US,D,20210916,000000,209.7,213.75,200.7,204.3,955.35555794394,0
UPC.US,D,20210917,000000,205.2,224.1,200.7,208.8,4267.4888995576,0
UPC.US,D,20210920,000000,204.3,213.3,204.3,210.6,498.02222346728,0
UPC.US,D,20210921,000000,205.974,209.808,204.3,206.1,633.48889047261,0
UPC.US,D,20210922,000000,204.444,215.1,202.5,213.3,1873.200004683,0
UPC.US,D,20210923,000000,212.4,215.1,206.1,213.3,1353.6666700508,0
UPC.US,D,20210924,000000,207.9,213.3,207.9,210.6,652.31111274189,0
UPC.US,D,20210927,000000,210.6,223.2,207.9,221.4,3061.1555632084,0
UPC.US,D,20210928,000000,217.8,240.318,213.309,233.1,4409.6111221351,0
UPC.US,D,20210929,000000,221.4,229.5,207.9,212.4,3117.2888966821,0
UPC.US,D,20210930,000000,218.7,225.9,213.3,222.3,1968.3777826987,0
UPC.US,D,20211001,000000,217.8,228.6,214.2,220.5,2191.4888943676,0
UPC.US,D,20211004,000000,224.1,229.5,214.2,227.7,3101.0555633082,0
UPC.US,D,20211005,000000,223.2,226.8,214.2,219.6,1494.9000037373,0
UPC.US,D,20211006,000000,216.9,220.5,213.309,220.5,553.23333471642,0
UPC.US,D,20211007,000000,219.6,219.6,208.8,212.4,2551.3888952674,0
UPC.US,D,20211008,000000,214.2,223.2,213.3,220.5,1106.6888916556,0
UPC.US,D,20211011,000000,220.5,220.5,209.7,212.4,712.58889067036,0
UPC.US,D,20211012,000000,212.85,216.9,209.7,210.6,319.27777857597,0
UPC.US,D,20211013,000000,216,216.9,210.6,210.6,495.01111234864,0
UPC.US,D,20211014,000000,211.5,215.1,207.9,209.7,574.13333476867,0
UPC.US,D,20211015,000000,209.7,211.5,207,207.9,426.16666773208,0
UPC.US,D,20211018,000000,207.9,210.114,202.5,205.2,945.50000236375,0
UPC.US,D,20211019,000000,205.2,212.4,202.5,211.5,1383.4000034585,0
UPC.US,D,20211020,000000,209.7,222.3,206.1,213.3,2405.6444504586,0
UPC.US,D,20211021,000000,212.679,214.2,207.009,210.6,800.31111311189,0
UPC.US,D,20211022,000000,208.8,210.6,203.49,207,706.01111287614,0
UPC.US,D,20211025,000000,207.909,210.6,205.2,209.7,286.01111182614,0
UPC.US,D,20211026,000000,207.9,215.1,204.3,211.5,1391.200003478,0
UPC.US,D,20211027,000000,204.3,211.5,204.3,206.1,1124.3000028108,0
UPC.US,D,20211028,000000,204.3,212.4,204.3,207,882.16666887208,0
UPC.US,D,20211029,000000,208.8,209.7,198.9,204.3,1370.000003425,0
UPC.US,D,20211101,000000,205.2,209.7,204.957,207.9,1937.122227065,0
UPC.US,D,20211102,000000,210.6,219.6,207,214.2,5077.6222349163,0
UPC.US,D,20211103,000000,214.2,224.991,210.6,216,4494.5222334585,0
UPC.US,D,20211104,000000,218.7,218.7,208.8,215.1,757.83333522792,0
UPC.US,D,20211105,000000,215.1,217.8,207,211.5,644.57777938922,0
UPC.US,D,20211108,000000,212.4,215.1,207.9,211.5,565.15555696844,0
UPC.US,D,20211109,000000,210.6,211.5,202.5,209.7,3289.7333415577,0
UPC.US,D,20211110,000000,207,210.6,207,209.7,261.97777843272,0
UPC.US,D,20211111,000000,208.8,215.1,207.9,211.5,812.15555758594,0
UPC.US,D,20211112,000000,209.7,210.6,206.1,210.6,687.25555727369,0
UPC.US,D,20211115,000000,207.9,210.6,207,208.8,638.78889048586,0
UPC.US,D,20211116,000000,207.9,210.591,207,209.7,1098.0888916341,0
UPC.US,D,20211117,000000,209.7,215.1,207,210.6,1966.4888938051,0
UPC.US,D,20211118,000000,208.35,210.15,204.309,209.7,2421.1555616084,0
UPC.US,D,20211119,000000,207,209.7,207,209.7,740.93333518567,0
UPC.US,D,20211122,000000,208.8,211.5,206.1,210.6,3615.7111201504,0
UPC.US,D,20211123,000000,210.6,224.1,207.9,208.8,1906.0888936541,0
UPC.US,D,20211124,000000,207.9,215.1,205.2,205.2,1341.8222255768,0
UPC.US,D,20211126,000000,205.2,208.8,204.3,206.1,190.91111158839,0
UPC.US,D,20211129,000000,205.2,210.6,204.3,206.1,1384.1555590159,0
UPC.US,D,20211130,000000,206.1,206.1,189,194.4,1693.0111153436,0
UPC.US,D,20211201,000000,193.5,198,190.827,193.5,962.34444685031,0
UPC.US,D,20211202,000000,192.6,192.6,161.1,169.2,2001.7666716711,0
UPC.US,D,20211203,000000,169.29,170.1,139.5,148.5,1302.6222254788,0
UPC.US,D,20211206,000000,141.3,160.2,130.5,157.5,3413.6333418674,0
UPC.US,D,20211207,000000,155.7,163.8,153.9,159.3,507.48889015761,0
UPC.US,D,20211208,000000,159.3,178.2,159.3,169.2,671.06666834433,0
UPC.US,D,20211209,000000,163.8,174.6,162,165.6,711.22222400028,0
UPC.US,D,20211210,000000,163.8,163.8,154.8,160.2,463.52222338103,0
UPC.US,D,20211213,000000,161.1,169.65,156.6,159.3,152.24444482506,0
UPC.US,D,20211214,000000,162,168.3,156.6,156.6,395.64444543356,0
UPC.US,D,20211215,000000,156.6,158.4,146.25,156.6,210.56666719308,0
UPC.US,D,20211216,000000,159.192,159.192,150.3,153,225.08888945161,0
UPC.US,D,20211217,000000,148.5,155.7,141.48,149.4,251.72222285153,0
UPC.US,D,20211220,000000,148.5,151.2,141.3,150.3,483.48889009761,0
UPC.US,D,20211221,000000,148.5,158.4,148.5,151.2,306.31111187689,0
UPC.US,D,20211222,000000,153,157.5,151.2,151.2,168.56666708808,0
UPC.US,D,20211223,000000,148.5,154.8,142.2,148.5,654.74444608131,0
UPC.US,D,20211227,000000,146.7,151.038,143.1,149.418,205.07777829047,0
UPC.US,D,20211228,000000,146.7,153,141.75,150.3,480.07777897797,0
UPC.US,D,20211229,000000,144.9,151.2,139.5,144,1032.2777803585,0
UPC.US,D,20211230,000000,146.835,148.5,139.5,144,619.17777932572,0
UPC.US,D,20211231,000000,139.5,151.2,139.5,147.15,1026.6444470111,0
UPC.US,D,20220103,000000,149.4,160.2,149.4,160.2,935.43333567192,0
UPC.US,D,20220104,000000,158.4,158.4,149.4,151.2,286.11111182639,0
UPC.US,D,20220105,000000,152.757,153,141.3,141.3,446.46666778283,0
UPC.US,D,20220106,000000,142.2,144,139.5,142.2,120.33333363417,0
UPC.US,D,20220107,000000,144.657,144.9,137.439,144,184.96666712908,0
UPC.US,D,20220110,000000,144.18,145.8,137.7,139.5,572.53333476467,0
UPC.US,D,20220111,000000,142.2,150.3,141.3,144.9,575.12222366003,0
UPC.US,D,20220112,000000,148.257,160.182,148.257,153.9,376.91111205339,0
UPC.US,D,20220113,000000,153.9,155.7,145.071,147.6,124.01111142114,0
UPC.US,D,20220114,000000,148.5,151.2,143.757,146.7,336.67777861947,0
UPC.US,D,20220118,000000,143.1,149.4,139.509,148.5,217.75555609994,0
UPC.US,D,20220119,000000,144.9,153,144.9,146.7,133.02222255478,0
UPC.US,D,20220120,000000,145.8,158.4,145.8,153,976.24444688506,0
UPC.US,D,20220121,000000,152.568,153,137.709,140.4,469.38889006236,0
UPC.US,D,20220124,000000,143.1,143.1,112.509,122.4,624.400001561,0
UPC.US,D,20220125,000000,125.658,132.957,123.3,130.5,95.655555794694,0
UPC.US,D,20220126,000000,130.5,133.2,120.96,124.2,96.766666908583,0
UPC.US,D,20220127,000000,131.4,131.4,125.1,126.9,94.10000023525,0
UPC.US,D,20220128,000000,126.9,130.5,123.3,123.3,123.23333364142,0
UPC.US,D,20220131,000000,127.8,130.5,114.3,126,457.16666780958,0
UPC.US,D,20220201,000000,121.5,131.85,121.5,128.7,80.655555757194,0
UPC.US,D,20220202,000000,129.042,135,122.4,135,406.86666768383,0
UPC.US,D,20220203,000000,130.5,135.9,130.5,131.4,407.33333435167,0
UPC.US,D,20220204,000000,137.7,137.7,133.191,135,79.455555754194,0
UPC.US,D,20220207,000000,135,138.6,128.7,133.2,68.988889061361,0
UPC.US,D,20220208,000000,128.619,132.3,126.9,130.068,37.744444538806,0
UPC.US,D,20220209,000000,135.9,141.3,132.948,135,85.30000021325,0
UPC.US,D,20220210,000000,133.2,137.043,131.4,136.8,409.05555657819,0
UPC.US,D,20220211,000000,136.8,138.6,134.064,135,122.22222252778,0
UPC.US,D,20220214,000000,135,137.7,133.2,137.7,109.74444471881,0
UPC.US,D,20220215,000000,139.5,139.5,135,135.9,108.2000002705,0
UPC.US,D,20220216,000000,129.6,135,117.9,134.757,218.11111165639,0
UPC.US,D,20220217,000000,122.4,130.5,122.4,130.5,47.722222341528,0
UPC.US,D,20220218,000000,128.7,129.6,119.7,119.7,87.788889108361,0
UPC.US,D,20220222,000000,137.124,137.124,119.7,121.5,88.400000221,0
UPC.US,D,20220223,000000,118.899,121.554,117,118.8,82.933333540667,0
UPC.US,D,20220224,000000,106.2,118.8,105.3,112.5,141.17777813072,0
UPC.US,D,20220225,000000,117,120.6,116.1,119.7,84.833333545417,0
UPC.US,D,20220228,000000,108.99,123.3,108.99,110.7,65.4000001635,0
UPC.US,D,20220301,000000,117,120.6,111.6,117,65.811111275639,0
UPC.US,D,20220302,000000,117,119.7,114.3,118.8,218.41111165714,0
UPC.US,D,20220303,000000,117.9,119.7,115.191,119.7,214.84444498156,0
UPC.US,D,20220304,000000,116.1,118.8,115.2,117.9,64.444444605556,0
UPC.US,D,20220307,000000,115.2,115.857,105.516,115.776,65.511111274889,0
UPC.US,D,20220308,000000,110.7,114.957,108.909,114.957,40.833333435417,0
UPC.US,D,20220309,000000,117,117,104.4,115.2,414.88888992611,0
UPC.US,D,20220310,000000,115.2,115.2,102.906,111.924,310.41111188714,0
UPC.US,D,20220311,000000,104.4,117,89.1,97.857,882.800002207,0
UPC.US,D,20220314,000000,99.9,99.9,90.9,92.7,144.75555591744,0
UPC.US,D,20220315,000000,94.5,94.5,88.2,91.8,367.76666758608,0
UPC.US,D,20220316,000000,99,101.7,94.545,100.8,640.92222382453,0
UPC.US,D,20220317,000000,98.1,104.85,98.1,102.6,174.62222265878,0
UPC.US,D,20220318,000000,114.3,119.457,103.5,117,4060.6666768183,0
UPC.US,D,20220321,000000,114.3,117,113.4,117,540.77777912972,0
UPC.US,D,20220322,000000,116.1,122.4,116.1,122.4,479.56666786558,0
UPC.US,D,20220323,000000,122.4,122.4,117.9,121.5,254.66666730333,0
UPC.US,D,20220324,000000,119.7,122.4,119.457,119.7,113.51111139489,0
UPC.US,D,20220325,000000,117.9,119.7,114.3,116.622,181.25555600869,0
UPC.US,D,20220328,000000,112.5,117,109.98,115.2,646.55555717194,0
UPC.US,D,20220329,000000,115.191,121.5,113.283,121.5,378.400000946,0
UPC.US,D,20220330,000000,123.3,128.529,117.558,121.122,1211.3555585839,0
UPC.US,D,20220331,000000,119.7,119.7,112.257,113.868,308.92222299453,0
UPC.US,D,20220401,000000,110.7,114.3,108.9,111.924,154.10000038525,0
UPC.US,D,20220404,000000,111.6,111.6,109.242,111.6,25.333333396667,0
UPC.US,D,20220405,000000,116.1,118.8,91.8,106.2,1125.6222250363,0
UPC.US,D,20220406,000000,106.2,111.6,102.087,110.7,232.55555613694,0
UPC.US,D,20220407,000000,107.145,109.8,103.572,109.08,83.90000020975,0
UPC.US,D,20220408,000000,107.1,108.9,107.1,108,100.63333358492,0
UPC.US,D,20220411,000000,104.4,106.2,104.4,105.3,63.955555715444,0
UPC.US,D,20220412,000000,109.8,109.8,105.894,108.9,70.655555732194,0
UPC.US,D,20220413,000000,108.495,116.1,102.6,103.86,412.75555658744,0
UPC.US,D,20220414,000000,104.4,110.7,99,100.8,281.62222292628,0
UPC.US,D,20220418,000000,98.1,112.5,95.4,103.5,5663.5000141588,0
UPC.US,D,20220419,000000,106.2,110.7,104.643,110.16,55.533333472167,0
UPC.US,D,20220420,000000,109.98,110.7,107.109,109.557,240.25555615619,0
UPC.US,D,20220421,000000,112.5,112.5,108,111.168,155.86666705633,0
UPC.US,D,20220422,000000,110.7,112.5,108,109.8,185.30000046325,0
UPC.US,D,20220425,000000,106.2,109.8,99,108.9,124.45555586669,0
UPC.US,D,20220426,000000,101.7,108,101.7,106.2,57.766666811083,0
UPC.US,D,20220427,000000,107.1,109.8,105.3,106.776,124.22222253278,0
UPC.US,D,20220428,000000,109.296,109.296,106.65,107.181,53.311111244389,0
UPC.US,D,20220429,000000,108,109.8,107.1,107.109,143.32222258053,0
UPC.US,D,20220502,000000,102.6,108,102.6,104.4,39.188888986861,0
UPC.US,D,20220503,000000,104.4,110.691,104.4,109.8,83.255555763694,0
UPC.US,D,20220504,000000,107.82,109.557,105.3,109.557,84.877777989972,0
UPC.US,D,20220505,000000,108,108.9,104.157,104.157,85.90000021475,0
UPC.US,D,20220506,000000,104.4,105.948,99.9,101.844,160.64444484606,0
UPC.US,D,20220509,000000,105.876,105.876,90,94.5,155.92222261203,0
UPC.US,D,20220510,000000,90,98.352,90,98.352,320.87777857997,0
UPC.US,D,20220511,000000,97.344,109.8,97.2,97.92,284.98888960136,0
UPC.US,D,20220512,000000,93.6,104.22,93.6,98.1,160.68888929061,0
UPC.US,D,20220513,000000,96.3,99,94.5,98.1,73.433333516917,0
UPC.US,D,20220516,000000,94.122,98.757,94.122,98.757,25.8000000645,0
UPC.US,D,20220517,000000,91.809,94.428,88.245,91.8,635.74444603381,0
UPC.US,D,20220518,000000,91.62,116.1,89.82,100.8,20250.944495072,0
UPC.US,D,20220519,000000,104.4,111.6,94.5,95.4,3833.1333429162,0
UPC.US,D,20220520,000000,101.7,101.7,94.725,100.8,255.72222286153,0
UPC.US,D,20220523,000000,98.1,104.4,97.2,98.109,926.24444676006,0
UPC.US,D,20220524,000000,98.1,99.792,93.6,95.976,2464.7000061618,0
UPC.US,D,20220525,000000,92.124,95.85,86.4,91.152,392.21111209164,0
UPC.US,D,20220526,000000,96.12,96.3,90.9,92.7,57.311111254389,0
UPC.US,D,20220527,000000,90,92.7,81,82.809,2004.9666716791,0
UPC.US,D,20220531,000000,85.482,99,82.8,99,10706.200026766,0
UPC.US,D,20220601,000000,94.5,111.6,85.743,90,7714.4111303972,0
UPC.US,D,20220602,000000,86.499,91.8,86.499,89.82,148.82222259428,0
UPC.US,D,20220603,000000,90.72,90.9,86.409,87.345,177.84444488906,0
UPC.US,D,20220606,000000,86.4,90,85.5,89.757,374.95555649294,0
UPC.US,D,20220607,000000,88.2,90,85.68,88.2,66.544444610806,0
UPC.US,D,20220608,000000,90,90.9,86.4,89.1,361.46666757033,0
UPC.US,D,20220609,000000,88.2,90.9,88.2,90,194.74444493131,0
UPC.US,D,20220610,000000,88.452,92.7,88.2,90,445.92222333703,0
UPC.US,D,20220613,000000,90,90,84.78,87.75,386.54444541081,0
UPC.US,D,20220614,000000,90,98.1,81.99,89.757,950.44444682056,0
UPC.US,D,20220615,000000,93.6,93.6,82.8,89.244,207.26666718483,0
UPC.US,D,20220616,000000,89.1,89.1,81,86.769,331.47777860647,0
UPC.US,D,20220617,000000,81.108,85.95,81,83.25,90.555555781944,0
UPC.US,D,20220621,000000,83.25,89.928,83.25,89.55,118.37777807372,0
UPC.US,D,20220622,000000,83.529,89.208,83.529,89.208,8.0222222422778,0
UPC.US,D,20220623,000000,82.89,89.361,82.89,88.191,112.57777805922,0
UPC.US,D,20220624,000000,85.5,85.5,53.1,59.31,12749.988920764,0
UPC.US,D,20220627,000000,55.809,60.291,49.5,57.744,2086.5555607719,0
UPC.US,D,20220628,000000,55.8,60.93,55.8,58.545,1051.5555581844,0
UPC.US,D,20220629,000000,57.591,60.3,55.8,59.4,382.82222317928,0
UPC.US,D,20220630,000000,59.4,59.4,55.296,56.484,483.13333454117,0
UPC.US,D,20220701,000000,59.391,59.4,55.125,59.157,101.08888914161,0
UPC.US,D,20220705,000000,58.5,58.5,54.243,55.107,373.15555648844,0
UPC.US,D,20220706,000000,56.043,56.6818,54.9,55.8,105.27777804097,0
UPC.US,D,20220707,000000,54.909,54.909,51.3,54.891,895.54444668331,0
UPC.US,D,20220708,000000,55.8,56.6955,51.57,55.8,255.81111175064,0
UPC.US,D,20220711,000000,53.775,55.8,51.57,55.359,140.76666701858,0
UPC.US,D,20220712,000000,54.909,54.909,51.75,54.9,267.62222289128,0
UPC.US,D,20220713,000000,51.57,55.602,50.499,55.602,272.75555623744,0
UPC.US,D,20220714,000000,51.57,54.63,51.57,53.1,184.800000462,0
UPC.US,D,20220715,000000,51.66,54.657,51.57,54.657,86.555555771944,0
UPC.US,D,20220718,000000,52.2,54.81,52.2,53.1,64.066666826833,0
UPC.US,D,20220719,000000,53.55,53.991,51.66,52.2,277.57777847172,0
UPC.US,D,20220720,000000,51.318,54.9,51.309,53.757,225.18888945186,0
UPC.US,D,20220721,000000,53.1,55.8,53.1,53.514,123.74444475381,0
UPC.US,D,20220722,000000,54.009,54.009,53.55,53.757,88.30000022075,0
UPC.US,D,20220725,000000,53.757,56.7,53.757,56.493,455.58889002786,0
UPC.US,D,20220726,000000,55.8451,55.8451,54.189,54.981,202.72222272903,0
UPC.US,D,20220727,000000,54.981,56.7,53.55,56.691,631.50000157875,0
UPC.US,D,20220728,000000,56.61,57.483,54.99,57.357,431.25555663369,0
UPC.US,D,20220729,000000,57.357,57.357,54.45,57.087,46.833333450417,0
UPC.US,D,20220801,000000,59.652,59.652,54,55.539,304.53333409467,0
UPC.US,D,20220802,000000,55.539,60.3,54.9,57.6091,799.70000199925,0
UPC.US,D,20220803,000000,58.41,59.22,57.555,58.95,781.01111306364,0
UPC.US,D,20220804,000000,58.0408,63,57.6181,59.247,1345.5111144749,0
UPC.US,D,20220805,000000,63.9,63.9,59.247,59.4,269.57777845172,0
UPC.US,D,20220808,000000,60.948,60.948,57.69,58.5,360.22222312278,0
UPC.US,D,20220809,000000,57.6,60.696,55.89,59.391,382.62222317878,0
UPC.US,D,20220810,000000,59.4,59.4,55.809,58.977,100.2000002505,0
UPC.US,D,20220811,000000,59.3908,59.3908,56.7,59.121,100.72222247403,0
UPC.US,D,20220812,000000,57.15,58.212,55.8,57.591,852.78889102086,0
UPC.US,D,20220815,000000,58.5,59.3908,56.5201,57.492,1178.4444473906,0
UPC.US,D,20220816,000000,55.386,56.7,52.848,56.7,685.05555726819,0
UPC.US,D,20220817,000000,54,56.664,54,55.7866,151.95555593544,0
UPC.US,D,20220818,000000,55.8,55.8,52.2,54.459,555.67777916697,0
UPC.US,D,20220819,000000,56.7,56.7,52.218,54.936,541.94444579931,0
UPC.US,D,20220822,000000,54,54,52.2,53.991,126.28888920461,0
UPC.US,D,20220823,000000,52.2,52.2,48.5908,50.949,991.50000247875,0
UPC.US,D,20220824,000000,51.3,52.83,51.201,51.3,266.74444511131,0
UPC.US,D,20220825,000000,50.4,50.4,49.5001,49.95,367.67777869697,0
UPC.US,D,20220826,000000,50.4,51.111,49.9681,50.877,150.63333370992,0
UPC.US,D,20220829,000000,49.5,50.4,48.6,49.5,311.22222300028,0
UPC.US,D,20220830,000000,49.5,49.5,45.018,45.018,385.43333429692,0
UPC.US,D,20220831,000000,45.036,46.341,45.036,45.918,175.22222266028,0
UPC.US,D,20220901,000000,48.3118,48.3118,45.9,47.3326,85.911111325889,0
UPC.US,D,20220902,000000,47.313,49.5,46.809,49.4728,231.75555613494,0
UPC.US,D,20220906,000000,48.573,53.1,47.7,48.6,883.64444665356,0
UPC.US,D,20220907,000000,48.6,52.2,47.7,52.2,146.000000365,0
UPC.US,D,20220908,000000,52.2,54.9,50.4,52.191,381.18888984186,0
UPC.US,D,20220909,000000,50.652,57.906,49.4908,49.5,3562.5888977954,0
UPC.US,D,20220912,000000,50.85,50.85,49.5,50.391,293.34444517781,0
UPC.US,D,20220913,000000,48.987,51.0351,47.7,49.509,82.722222429028,0
UPC.US,D,20220914,000000,48.042,55.8,48.042,53.1,643.98889049886,0
UPC.US,D,20220915,000000,52.83,59.31,52.83,56.7,527.82222354178,0
UPC.US,D,20220916,000000,58.95,58.95,55.8,57.591,274.84444513156,0
UPC.US,D,20220919,000000,54.261,56.709,54.009,56.7,101.33333358667,0
UPC.US,D,20220920,000000,58.5,60.3,54.0091,56.709,374.30000093575,0
UPC.US,D,20220921,000000,55.8,58.4908,53.911,54.27,502.6000012565,0
UPC.US,D,20220922,000000,54,54.9,53.1163,54.9,643.45555716419,0
UPC.US,D,20220923,000000,54.9001,57.6,52.2,52.2,208.71111163289,0
UPC.US,D,20220926,000000,54.9,54.9,51.165,51.165,43.066666774333,0
UPC.US,D,20220927,000000,54,54,49.5091,51.75,153.81111149564,0
UPC.US,D,20220928,000000,52.2,52.2,49.77,50.112,190.21111158664,0
UPC.US,D,20220929,000000,48.6,52.335,47.799,52.2,123.48888919761,0
UPC.US,D,20220930,000000,49.5,52.2,49.5,50.85,115.47777806647,0
UPC.US,D,20221003,000000,52.191,52.2,49.5,50.4,100.57777802922,0
UPC.US,D,20221004,000000,50.4,57.6,49.5,53.523,465.32222338553,0
UPC.US,D,20221005,000000,54.9,54.9336,51.3,52.65,218.42222276828,0
UPC.US,D,20221006,000000,56.7,58.5,54.4501,57.609,589.17777925072,0
UPC.US,D,20221007,000000,57.6001,62.73,57.6001,62.73,835.90000208975,0
UPC.US,D,20221010,000000,63.9,84.06,63.9,76.5,4174.6888993256,0
UPC.US,D,20221011,000000,78.444,82.8,75.699,81.891,1036.1444470348,0
UPC.US,D,20221012,000000,83.7,84.6,76.5,76.509,747.51111297989,0
UPC.US,D,20221013,000000,76.5,79.65,74.7,74.7,310.58888966536,0
UPC.US,D,20221014,000000,77.787,80.28,74.7,79.2,347.76666753608,0
UPC.US,D,20221017,000000,77.4,80.01,76.599,77.94,40.588888990361,0
UPC.US,D,20221018,000000,76.743,84.6,76.5,82.359,1122.2555583612,0
UPC.US,D,20221019,000000,83.7,94.5,82.251,94.5,1369.0666700893,0
UPC.US,D,20221020,000000,94.5,98.1,90.063,94.5,478.83333453042,0
UPC.US,D,20221021,000000,91.8,95.4,90,90.954,702.78889064586,0
UPC.US,D,20221024,000000,91.8,91.8,87.39,88.65,251.95555618544,0
UPC.US,D,20221025,000000,91.8,94.5,85.5,87.282,3335.3000083382,0
UPC.US,D,20221026,000000,89.1,93.564,82.809,89.55,88.144444664806,0
UPC.US,D,20221027,000000,93.474,94.5,79.11,90.9,950.81111348814,0
UPC.US,D,20221028,000000,90.9,96.984,88.2,94.5,398.66666766333,0
UPC.US,D,20221031,000000,91.8,99,91.8,97.65,1008.7000025218,0
UPC.US,D,20221101,000000,99,100.8,94.5,100.629,484.12222343253,0
UPC.US,D,20221102,000000,100.8,103.95,96.3,102.591,501.01111236364,0
UPC.US,D,20221103,000000,102.6,104.427,99.567,99.567,236.38888947986,0
UPC.US,D,20221104,000000,101.7,103.5,98.1,102.6,241.17777838072,0
UPC.US,D,20221107,000000,103.5,108.9,103.5,107.1,385.94444540931,0
UPC.US,D,20221108,000000,109.8,114.3,106.2,108.9,402.73333434017,0
UPC.US,D,20221109,000000,108,108.9,99,99.585,294.58888962536,0
UPC.US,D,20221110,000000,101.7,108.9,101.7,106.2,695.70000173925,0
UPC.US,D,20221111,000000,108.9,114.39,108.9,114.3,518.63333462992,0
UPC.US,D,20221114,000000,112.5,117,105.3,117,2125.0555608682,0
UPC.US,D,20221115,000000,116.1,116.1,110.853,111.609,138.45555590169,0
UPC.US,D,20221116,000000,108.9,121.5,103.5,120.15,1327.9555588754,0
UPC.US,D,20221117,000000,117.9,124.2,110.259,121.5,1368.722225644,0
UPC.US,D,20221118,000000,126,131.4,110.7,130.482,1863.12222688,0
UPC.US,D,20221121,000000,131.4,131.4,122.4,129.6,808.41111313214,0
UPC.US,D,20221122,000000,129.6,139.5,107.1,134.1,5061.9333459882,0
UPC.US,D,20221123,000000,139.5,139.5,129.6,135,3228.5444525158,0
UPC.US,D,20221125,000000,136.8,137.7,128.7,136.8,2948.3000073707,0
UPC.US,D,20221128,000000,138.6,144.9,133.2,143.55,2262.2000056555,0
UPC.US,D,20221129,000000,144,163.8,144,158.4,4988.9889013614,0
UPC.US,D,20221130,000000,153.9,163.8,153,162.9,2481.6666728708,0
UPC.US,D,20221201,000000,162.9,169.2,158.4,161.505,3361.0444528471,0
UPC.US,D,20221202,000000,153.9,159.3,144,156.6,7991.5889088678,0
UPC.US,D,20221205,000000,159.3,159.3,144.567,147.6,356.53333422467,0
UPC.US,D,20221206,000000,150.3,157.5,139.5,147.15,597.97777927272,0
UPC.US,D,20221207,000000,146.7,150.3,132.3,148.5,1428.2111146816,0
UPC.US,D,20221208,000000,148.5,149.4,143.1,143.1,231.97777835772,0
UPC.US,D,20221209,000000,144,145.791,139.473,144,612.70000153175,0
UPC.US,D,20221212,000000,138.6,154.8,138.6,152.1,347.77777864722,0
UPC.US,D,20221213,000000,153.9,155.7,151.2,155.7,336.91111195339,0
UPC.US,D,20221214,000000,155.7,155.7,150.3,152.1,170.15555598094,0
UPC.US,D,20221215,000000,152.46,153,108.882,144.9,1331.0111144386,0
UPC.US,D,20221216,000000,141.3,155.7,138.969,153.9,269.97777845272,0
UPC.US,D,20221219,000000,153.9,153.9,129.15,143.1,592.800001482,0
UPC.US,D,20221220,000000,140.4,147.6,130.5,143.1,1376.87778122,0
UPC.US,D,20221221,000000,132.3,147.6,132.3,144.9,193.37777826122,0
UPC.US,D,20221222,000000,143.1,150.516,143.1,145.8,115.55555584444,0
UPC.US,D,20221223,000000,149.4,149.4,144.9,144.909,69.266666839833,0
UPC.US,D,20221227,000000,144.9,149.391,139.5,144.9,391.73333431267,0
UPC.US,D,20221228,000000,144.9,151.2,144.873,146.7,1102.7333360902,0
UPC.US,D,20221229,000000,147.357,149.4,145.8,147.609,211.87777830747,0
UPC.US,D,20221230,000000,142.2,149.247,130.5,130.5,302.37777853372,0
UPC.US,D,20230103,000000,131.4,144.9,126.918,142.929,146.10000036525,0
UPC.US,D,20230104,000000,137.7,152.1,128.7,148.5,4584.2555670162,0
UPC.US,D,20230105,000000,150.3,151.092,142.2,146.619,455.95555669544,0
UPC.US,D,20230106,000000,148.5,154.8,145.611,151.776,360.23333423392,0
UPC.US,D,20230109,000000,157.5,187.2,130.05,135,33035.744527034,0
UPC.US,D,20230110,000000,134.1,149.4,128.7,128.7,502.26666792233,0
UPC.US,D,20230111,000000,138.6,152.091,108.09,108.9,34381.555641509,0
UPC.US,D,20230112,000000,111.6,115.2,81.351,81.351,18131.422267551,0
UPC.US,D,20230113,000000,84.15,87.3,81.36,83.7,911.11111338889,0
UPC.US,D,20230117,000000,88.65,104.4,83.7,104.4,1305.2333365964,0
UPC.US,D,20230118,000000,99.9,152.1,61.2,82.8,47881.455675259,0
UPC.US,D,20230119,000000,82.8,84.6,68.4,72,3324.9333416457,0
UPC.US,D,20230120,000000,73.8,78.291,73.8,76.5,762.61111301764,0
UPC.US,D,20230123,000000,74.205,79.2,73.8,76.5,829.90000207475,0
UPC.US,D,20230124,000000,76.509,77.373,67.599,73.431,829.41111318464,0
UPC.US,D,20230125,000000,70.128,74.619,70.128,71.847,145.03333369592,0
UPC.US,D,20230126,000000,75.438,77.022,72.0091,74.7,1008.5333358547,0
UPC.US,D,20230127,000000,74.7,77.391,74.7,75.6,305.63333409742,0
UPC.US,D,20230130,000000,75.564,76.158,74.34,76.149,2424.7777838397,0
UPC.US,D,20230131,000000,76.5,79.38,72.135,76.491,316.63333412492,0
UPC.US,D,20230201,000000,76.5,76.5271,73.35,76.257,331.31111193939,0
UPC.US,D,20230202,000000,74.889,77.4,74.88,77.301,313.04444522706,0
UPC.US,D,20230203,000000,76.5,77.4,74.9799,76.5,179.58888933786,0
UPC.US,D,20230206,000000,76.5,77.202,73.53,73.71,175.68888932811,0
UPC.US,D,20230207,000000,75.6,75.6,73.08,74.592,783.88889084861,0
UPC.US,D,20230208,000000,73.728,73.728,70.2,72,1066.8222248893,0
UPC.US,D,20230209,000000,68.4,71.1,63.189,64.791,665.14444610731,0
UPC.US,D,20230210,000000,62.1,64.8,62.1,64.8,304.57777853922,0
UPC.US,D,20230213,000000,62.1091,63.8998,61.2,61.2,546.04444580956,0
UPC.US,D,20230214,000000,62.1,62.1,55.8091,59.31,673.78889057336,0
UPC.US,D,20230215,000000,62.091,62.091,56.817,60.5608,388.06666763683,0
UPC.US,D,20230216,000000,58.5,62.091,58.4955,60.2101,198.31111160689,0
UPC.US,D,20230217,000000,63.9,63.9,58.5,59.346,109.67777805197,0
UPC.US,D,20230221,000000,58.5,59.706,58.5,59.553,144.42222258328,0
UPC.US,D,20230222,000000,58.5001,60.003,58.5,60.003,79.122222420028,0
UPC.US,D,20230223,000000,54.9,60.3,54.9,58.05,79.211111309139,0
UPC.US,D,20230224,000000,55.116,57.87,55.116,56.7,12.933333365667,0
UPC.US,D,20230227,000000,57.87,57.87,51.12,54.891,596.08889037911,0
UPC.US,D,20230228,000000,54.891,54.9,51.3,54.009,331.86666749633,0
UPC.US,D,20230301,000000,54,54.909,50.409,52.2,336.26666750733,0
UPC.US,D,20230302,000000,52.2,52.2,49.5,52.2,226.2000005655,0
UPC.US,D,20230303,000000,52.2,56.7,52.2,54.8998,88.233333553917,0
UPC.US,D,20230306,000000,54,58.5,52.236,54,521.52222352603,0
UPC.US,D,20230307,000000,54.0001,54.0001,53.28,53.28,62.022222377278,0
UPC.US,D,20230308,000000,57.6,57.6,53.28,57.4108,130.76666699358,0
UPC.US,D,20230309,000000,57.411,59.391,57.411,57.5055,95.011111348639,0
UPC.US,D,20230310,000000,54,58.59,51.993,53.1,51.522222351028,0
UPC.US,D,20230313,000000,52.2,52.758,51.768,51.948,117.95555585044,0
UPC.US,D,20230314,000000,51.39,54.18,51.39,51.399,86.755555772444,0
UPC.US,D,20230315,000000,52.65,52.65,49.509,50.4,283.83333404292,0
UPC.US,D,20230316,000000,49.572,50.4,47.79,50.4,238.96666726408,0
UPC.US,D,20230317,000000,52.2,56.7,50.4,53.1,119.18888918686,0
UPC.US,D,20230320,000000,53.109,53.109,53.109,53.109,11.244444472556,0
UPC.US,D,20230321,000000,54.72,54.864,53.145,53.145,111.97777805772,0
UPC.US,D,20230322,000000,56.655,56.655,54.4885,54.4885,6.5555555719444,0
UPC.US,D,20230323,000000,56.655,56.655,54,55.6582,26.455555621694,0
UPC.US,D,20230324,000000,52.2,52.2,52.2,52.2,1.1444444473056,0
UPC.US,D,20230327,000000,56.691,56.6998,52.344,52.353,41.088888991611,0
UPC.US,D,20230329,000000,55.566,55.584,53.1,53.109,45.366666780083,0
UPC.US,D,20230330,000000,54.0448,55.8,52.866,52.866,53.666666800833,0
UPC.US,D,20230331,000000,56.7,56.7,51.3,52.38,105.15555581844,0
UPC.US,D,20230403,000000,52.38,55.8,51.75,54.9,166.70000041675,0
UPC.US,D,20230404,000000,51.642,53.55,51.642,52.443,10.011111136139,0
UPC.US,D,20230405,000000,50.4,50.643,50.4,50.4,63.933333493167,0
UPC.US,D,20230406,000000,51.567,55.485,50.4,50.4,70.966666844083,0
UPC.US,D,20230410,000000,51.2551,52.8658,50.67,51.012,31.911111190889,0
UPC.US,D,20230411,000000,50.148,51.03,47.88,49.491,229.26666723983,0
UPC.US,D,20230412,000000,49.5,49.5,46.35,46.71,226.15555612094,0
UPC.US,D,20230413,000000,49.491,49.491,46.71,46.71,106.25555582119,0
UPC.US,D,20230414,000000,45.999,49.5,45.999,46.35,96.366666907583,0
UPC.US,D,20230417,000000,46.008,46.818,45.009,46.818,139.01111145864,0
UPC.US,D,20230418,000000,45.9,48.6,45.045,48.6,14.377777813722,0
UPC.US,D,20230419,000000,48.6,48.6,43.281,46.305,303.8000007595,0
UPC.US,D,20230420,000000,46.305,46.305,43.659,45.9,122.32222252803,0
UPC.US,D,20230421,000000,43.668,45.9,43.272,45.9,176.74444488631,0
UPC.US,D,20230424,000000,44.1,49.383,44.1,45,20.777777829722,0
UPC.US,D,20230425,000000,45,45,43.65,44.1,337.58888973286,0
UPC.US,D,20230426,000000,43.443,44.3395,43.2,44.19,212.50000053125,0
UPC.US,D,20230427,000000,43.6948,43.6948,43.29,43.29,41.488888992611,0
UPC.US,D,20230428,000000,43.29,47.7,43.2,43.29,240.84444504656,0
UPC.US,D,20230501,000000,43.38,54.9,43.38,54,717.48889068261,0
UPC.US,D,20230502,000000,57.5908,57.6,46.359,54.423,799.02222421978,0
UPC.US,D,20230503,000000,53.883,53.883,46.8,50.103,277.0000006925,0
UPC.US,D,20230504,000000,50.184,50.274,47.25,47.25,63.222222380278,0
UPC.US,D,20230505,000000,53.1,60.3,46.809,60.3,448.64444556606,0
UPC.US,D,20230508,000000,57.7348,62.1,45,61.2,1190.8555585327,0
UPC.US,D,20230509,000000,58.5,63.891,54,63.009,583.55555701444,0
UPC.US,D,20230510,000000,59.4,62.469,58.5,58.5,211.95555608544,0
UPC.US,D,20230511,000000,59.4001,64.8,59.4,59.4,324.86666747883,0
UPC.US,D,20230512,000000,61.2,61.2,59.0398,59.4,770.93333526067,0
UPC.US,D,20230515,000000,59.4,63.36,59.4,62.1,788.36666863758,0
UPC.US,D,20230516,000000,62.3251,62.982,53.1,60.3,254.54444508081,0
UPC.US,D,20230517,000000,56.79,60.2908,56.709,60.2908,141.44444479806,0
UPC.US,D,20230518,000000,62.9728,62.9728,56.7,62.0908,32.788888970861,0
UPC.US,D,20230519,000000,56.6458,61.902,51.4809,60.2908,383.65555651469,0
UPC.US,D,20230522,000000,55.8,62.9008,54.9,54.9,197.55555604944,0
UPC.US,D,20230523,000000,58.5,62.55,55.8,60.759,402.06666767183,0
UPC.US,D,20230524,000000,53.1,60.75,53.1,57.6,246.800000617,0
UPC.US,D,20230525,000000,55.908,57.0927,53.1,53.559,110.16666694208,0
UPC.US,D,20230526,000000,59.859,59.859,54,54,129.01111143364,0
UPC.US,D,20230530,000000,51.363,55.8,51.363,55.35,25.188888951861,0
UPC.US,D,20230531,000000,54,56.7,51.3,52.2,479.66666786583,0
UPC.US,D,20230601,000000,50.4,55.8,48.6,53.1,349.56666754058,0
UPC.US,D,20230602,000000,52.2,56.7,50.697,55.8,1122.3777805837,0
UPC.US,D,20230605,000000,56.7,62.1,56.7,60.309,590.46666814283,0
UPC.US,D,20230606,000000,57.267,64.35,57.267,61.29,925.15555786844,0
UPC.US,D,20230607,000000,62.865,84.6,58.4731,74.655,4524.4111224221,0
UPC.US,D,20230608,000000,82.89,86.4,72.9,80.82,921.34444674781,0
UPC.US,D,20230609,000000,79.2,84.6,74.25,80.64,461.82222337678,0
UPC.US,D,20230612,000000,85.5,85.5,75.69,84.231,773.62222415628,0
UPC.US,D,20230613,000000,81.666,88.2,79.542,86.85,1868.5111157824,0
UPC.US,D,20230614,000000,81.9,82.98,72.9,73.944,11899.977807528,0
UPC.US,D,20230615,000000,74.7,81.45,74.7,74.7,712.75555733744,0
UPC.US,D,20230616,000000,72.459,81,39.6,46.8,22302.711166868,0
UPC.US,D,20230620,000000,45.639,46.8,40.14,43.11,8294.0555762904,0
UPC.US,D,20230621,000000,41.814,41.814,40.5,40.518,2245.7888945034,0
UPC.US,D,20230622,000000,41.382,42.3,39.69,40.5,1031.3444470228,0
UPC.US,D,20230623,000000,41.994,41.994,40.05,41.355,612.57777930922,0
UPC.US,D,20230626,000000,41.4,41.85,36.9,38.655,4189.7111215854,0
UPC.US,D,20230627,000000,38.88,39.708,32.4,36,2783.6555625147,0
UPC.US,D,20230628,000000,35.982,36.72,32.445,35.5408,6263.7333489927,0
UPC.US,D,20230629,000000,34.479,34.479,30.735,31.5,4331.12223305,0
UPC.US,D,20230630,000000,33.3,34.65,31.77,32.4,1498.6333370799,0
UPC.US,D,20230703,000000,34.56,34.56,32.4,34.2,333.22222305528,0
UPC.US,D,20230705,000000,33.3,34.65,31.5,34.173,211.44444497306,0
UPC.US,D,20230706,000000,33.975,33.975,31.95,33.291,886.43333554942,0
UPC.US,D,20230707,000000,32.409,33.291,31.5,31.59,862.42222437828,0
UPC.US,D,20230710,000000,31.59,35.199,31.59,33.552,1070.1111137864,0
UPC.US,D,20230711,000000,32.4,34.2,32.4,33.66,520.84444574656,0
UPC.US,D,20230712,000000,33.3,33.3,32.49,32.778,638.74444604131,0
UPC.US,D,20230713,000000,33.3,34.02,32.859,33.3,1381.4555590092,0
UPC.US,D,20230714,000000,33.399,34.2,32.85,33.201,465.58889005286,0
UPC.US,D,20230717,000000,32.85,33.4711,32.6701,33.1921,655.85555719519,0
UPC.US,D,20230718,000000,33.75,33.75,32.67,32.931,577.55555699944,0
UPC.US,D,20230719,000000,32.94,33.291,32.805,33.0481,551.30000137825,0
UPC.US,D,20230720,000000,32.85,33.057,32.391,32.913,533.64444577856,0
UPC.US,D,20230721,000000,32.58,33.21,32.58,32.9406,348.00000087,0
UPC.US,D,20230724,000000,32.94,33.1246,32.283,32.292,638.65555715219,0
UPC.US,D,20230725,000000,32.625,32.625,29.7901,30.492,1340.1777811282,0
UPC.US,D,20230726,000000,31.5,31.5,30.492,31.3105,309.24444521756,0
UPC.US,D,20230727,000000,31.284,35.775,31.05,33.291,7710.2777970531,0
UPC.US,D,20230728,000000,33.6,41.55,27.45,32.55,25421.400012711,0
UPC.US,D,20230731,000000,31.8,33,29.25,31.209,3823.333335245,0
UPC.US,D,20230801,000000,30.45,31.05,27,27.3,4942.6000024713,0
UPC.US,D,20230802,000000,27,27.3,24.93,26.25,2059.8666676966,0
UPC.US,D,20230803,000000,26.4,28.05,26.25,26.7,692.5333336796,0
UPC.US,D,20230804,000000,27.45,27.6,24.45,24.8775,976.8666671551,0
UPC.US,D,20230807,000000,24.75,27.75,24.45,25.95,1498.666667416,0
UPC.US,D,20230808,000000,26.4,27.9,25.2,26.4,4574.4000022872,0
UPC.US,D,20230809,000000,24.75,26.1705,24.75,25.05,1123.1333338949,0
UPC.US,D,20230810,000000,26.1,26.55,25.05,25.05,816.666667075,0
UPC.US,D,20230811,000000,24.3,35.1,22.5,23.559,38597.933352632,0
UPC.US,D,20230814,000000,22.95,28.5,22.05,22.65,14760.40000738,0
UPC.US,D,20230815,000000,23.475,23.475,21.9,22.5,1810.000000905,0
UPC.US,D,20230816,000000,22.05,22.5,22.05,22.05,591.5333336291,0
UPC.US,D,20230817,000000,22.5,24.6,21.75,22.95,4065.2666686993,0
UPC.US,D,20230818,000000,22.2075,23.1,22.05,22.05,161.0000000805,0
UPC.US,D,20230821,000000,21.75,22.65,21.75,21.75,406.66666687,0
UPC.US,D,20230822,000000,21.75,21.75,21.6,21.75,224.4000001122,0
UPC.US,D,20230823,000000,22.2,22.725,21.3,21.3,162.1333334144,0
UPC.US,D,20230824,000000,21.45,21.6,21,21,437.6666668855,0
UPC.US,D,20230825,000000,21.525,21.525,21,21,75.0000000375,0
UPC.US,D,20230828,000000,20.43,21.45,20.43,20.7,346.7333335067,0
UPC.US,D,20230829,000000,21.45,21.9105,20.55,20.55,133.0666667332,0
UPC.US,D,20230830,000000,23.7,23.7,20.55,20.85,212.9333334398,0
UPC.US,D,20230831,000000,20.988,21,20.988,21,43.9333333553,0
UPC.US,D,20230901,000000,20.7,23.133,20.7,22.05,109.2000000546,0
UPC.US,D,20230905,000000,21.3,23.1,21.3,23.1,233.5333334501,0
UPC.US,D,20230906,000000,22.95,23.85,22.5,23.697,318.7333334927,0
UPC.US,D,20230907,000000,21.3,23.55,21.3,23.55,84.6000000423,0
UPC.US,D,20230908,000000,23.25,23.4,20.7,20.85,304.1333334854,0
UPC.US,D,20230911,000000,21.3,21.9705,20.85,21.9465,240.2666667868,0
UPC.US,D,20230912,000000,22.3125,22.8,21.312,22.668,378.2666668558,0
UPC.US,D,20230913,000000,21.3,22.2,21.3,21.45,398.6000001993,0
UPC.US,D,20230914,000000,21.4455,22.05,21.4455,22.05,119.1333333929,0
UPC.US,D,20230915,000000,21.3,22.02,21.3,22.02,93.9333333803,0
UPC.US,D,20230918,000000,21.6,21.75,20.85,20.85,74.7333333707,0
UPC.US,D,20230919,000000,21,21.9,20.4,20.4,535.333333601,0
UPC.US,D,20230920,000000,21.9,21.9,20.124,20.124,144.5333334056,0
UPC.US,D,20230921,000000,21.7215,21.837,20.616,20.616,172.8666667531,0
UPC.US,D,20230922,000000,19.8,21.6,16.665,16.95,1170.4000005852,0
UPC.US,D,20230925,000000,17.25,18.7875,16.5615,16.8,278.9333334728,0
UPC.US,D,20230926,000000,16.65,16.65,16.65,16.65,59.2666666963,0
UPC.US,D,20230927,000000,15.3675,16.53,15,15,518.1333335924,0
UPC.US,D,20230928,000000,15.45,15.6,13.65,13.65,624.5333336456,0
UPC.US,D,20230929,000000,14.4015,15.75,14.1,14.25,1695.0666675142,0
UPC.US,D,20231002,000000,14.4,20.9985,13.8015,19.35,2442.3333345545,0
UPC.US,D,20231003,000000,19.35,19.95,17.25,17.7,1119.0000005595,0
UPC.US,D,20231004,000000,18.9,18.9,17.223,17.529,147.6666667405,0
UPC.US,D,20231005,000000,17.4,17.55,17.4,17.4,118.666666726,0
UPC.US,D,20231006,000000,16.8,17.25,14.4015,15.6,434.666666884,0
UPC.US,D,20231009,000000,15.3,15.3,15.3,15.3,24.8000000124,0
UPC.US,D,20231010,000000,15.45,15.45,14.7825,15.15,437.2000002186,0
UPC.US,D,20231011,000000,15.15,16.383,14.55,15.6,496.000000248,0
UPC.US,D,20231012,000000,16.2,31.05,16.2,18,114607.2000573,0
UPC.US,D,20231013,000000,15.15,17.811,14.715,16.2,8241.9333374543,0
UPC.US,D,20231016,000000,15.45,17.55,14.85,14.85,2109.2666677213,0
UPC.US,D,20231017,000000,14.715,15.9,13.959,15.9,1970.2666676518,0
UPC.US,D,20231018,000000,15.75,16.05,14.7015,15.15,776.2000003881,0
UPC.US,D,20231019,000000,14.004,15.15,11.25,12.9,3748.6000018743,0
UPC.US,D,20231020,000000,12.9,13.0485,11.7015,11.703,475.0666669042,0
UPC.US,D,20231023,000000,12.135,12.15,11.85,11.85,682.5333336746,0
UPC.US,D,20231024,000000,12.15,15.75,11.85,14.7015,5616.000002808,0
UPC.US,D,20231025,000000,14.5515,16.254,14.5515,15.6,1361.9333340143,0
UPC.US,D,20231026,000000,15.3,20.55,15.3,16.2,3316.8666683251,0
UPC.US,D,20231027,000000,16.2,18.3,15.75,17.1,563.6666669485,0
UPC.US,D,20231030,000000,15.75,17.4,15.75,15.9,932.7333337997,0
UPC.US,D,20231031,000000,17.487,17.487,15.75,16.8,494.6000002473,0
UPC.US,D,20231101,000000,16.2,16.65,16.05,16.425,375.0666668542,0
UPC.US,D,20231102,000000,16.221,18.132,16.221,16.668,224.5333334456,0
UPC.US,D,20231103,000000,17.721,17.721,16.5,16.5,147.9333334073,0
UPC.US,D,20231106,000000,18.1305,18.1305,16.353,16.3635,116.666666725,0
UPC.US,D,20231107,000000,17.25,17.25,15.66,16.95,526.7333335967,0
UPC.US,D,20231108,000000,16.5,16.9485,16.5,16.9485,15.5333333411,0
UPC.US,D,20231109,000000,16.446,18.45,16.446,18.45,177.333333422,0
UPC.US,D,20231110,000000,16.2,16.803,16.05,16.35,218.000000109,0
UPC.US,D,20231113,000000,15.9,16.0485,15.75,15.75,329.8000001649,0
UPC.US,D,20231114,000000,14.5515,15,14.5515,14.5515,280.5333334736,0
UPC.US,D,20231115,000000,14.2515,14.2515,14.2485,14.25,156.9333334118,0
UPC.US,D,20231116,000000,12.7515,14.85,12.7515,14.25,40.8000000204,0
UPC.US,D,20231117,000000,13.8765,14.25,13.5,14.25,104.6000000523,0
UPC.US,D,20231120,000000,14.25,21.45,14.25,17.85,12893.466673113,0
UPC.US,D,20231121,000000,17.55,17.55,15.45,16.2,2528.4000012642,0
UPC.US,D,20231122,000000,15.9,16.2,14.2515,15.15,820.666667077,0
UPC.US,D,20231124,000000,15.6,15.6,15.6,15.6,33.1333333499,0
UPC.US,D,20231127,000000,15.6,15.6,12.396,13.5,1068.2000005341,0
UPC.US,D,20231128,000000,13.5015,14.85,13.2,14.415,313.0000001565,0
UPC.US,D,20231129,000000,13.65,14.409,13.2165,14.4,165.6000000828,0
UPC.US,D,20231130,000000,13.5,14.7615,12,12.672,787.5333337271,0
UPC.US,D,20231201,000000,12,14.4705,12,13.4985,1981.8000009909,0
UPC.US,D,20231204,000000,13.8045,18.45,13.8,16.8,3971.4666686524,0
UPC.US,D,20231205,000000,16.05,17.85,14.415,15.15,2471.6000012358,0
UPC.US,D,20231206,000000,15.15,18.3,15,17.25,4537.7333356022,0
UPC.US,D,20231207,000000,18.15,22.95,18.15,21.3,18650.933342659,0
UPC.US,D,20231208,000000,21.45,22.3485,20.55,21.3,1973.0666676532,0
UPC.US,D,20231211,000000,21.3,21.735,20.25,21.585,530.2666669318,0
UPC.US,D,20231212,000000,21,21.75,21,21.75,226.9333334468,0
UPC.US,D,20231213,000000,21.15,24.963,21.15,23.115,921.0000004605,0
UPC.US,D,20231214,000000,22.65,23.985,21.9,21.9,180.4000000902,0
UPC.US,D,20231215,000000,21.9,23.25,21.9,21.9,101.5333333841,0
UPC.US,D,20231218,000000,21.6,22.485,15.45,16.35,2229.6666677815,0
UPC.US,D,20231219,000000,22.5,22.5,16.95,19.95,3086.2666682098,0
UPC.US,D,20231220,000000,19.35,20.325,16.5,17.55,2657.2666679953,0
UPC.US,D,20231221,000000,17.25,18.9,16.95,17.8545,354.0666668437,0
UPC.US,D,20231222,000000,23.25,23.25,18.9,19.62,3668.0666685007,0
UPC.US,D,20231226,000000,24.3,26.1,24,24,5087.6666692105,0
UPC.US,D,20231227,000000,25.05,27.75,24.45,27.75,5791.5333362291,0
UPC.US,D,20231228,000000,28.5,30,26.4,30,4661.9333356643,0
UPC.US,D,20231229,000000,27.9,30.45,26.4,30.15,884.4000004422,0
UPC.US,D,20240102,000000,29.8365,29.8365,27.978,28.2,80.0666667067,0
UPC.US,D,20240103,000000,26.25,26.25,22.95,23.25,341.7333335042,0
UPC.US,D,20240104,000000,22.35,23.55,18.3375,22.5225,2648.4666679909,0
UPC.US,D,20240105,000000,21.9,27.7485,21.9,25.05,288.3333334775,0
UPC.US,D,20240108,000000,25.5,40.65,25.5,34.2,102546.86671794,0
UPC.US,D,20240109,000000,32.1,33,30.75,32.4,9790.9333382288,0
UPC.US,D,20240110,000000,36,40.35,35.25,38.55,22301.400011151,0
UPC.US,D,20240111,000000,40.65,42.3,39.75,42.3,5967.4000029837,0
UPC.US,D,20240112,000000,42,42,40.5,40.65,3567.8000017839,0
UPC.US,D,20240116,000000,40.65,45,30.3,40.8,14121.333340394,0
UPC.US,D,20240117,000000,32.7,39.45,32.7,36.3,1315.7333339912,0
UPC.US,D,20240118,000000,36.6,40.2,32.4,32.85,7973.2666706533,0
UPC.US,D,20240119,000000,36.5445,38.25,32.85,33,659.6000003298,0
UPC.US,D,20240122,000000,34.65,37.95,30.9,32.1,1134.8000005674,0
UPC.US,D,20240123,000000,32.25,33,30.15,30.45,580.4666669569,0
UPC.US,D,20240124,000000,28.65,31.5,28.35,28.35,2678.9333346728,0
UPC.US,D,20240125,000000,28.35,29.7,24.93,26.4,3640.9333351538,0
UPC.US,D,20240126,000000,27.6,32.55,27.6,29.4,2677.2666680053,0
UPC.US,D,20240129,000000,30.15,36.672,29.4015,35.85,3605.0666684692,0
UPC.US,D,20240130,000000,35.55,35.55,30,30.6,3965.2666686493,0
UPC.US,D,20240131,000000,29.7,35.7,29.7,31.35,1292.000000646,0
UPC.US,D,20240201,000000,32.25,33.75,29.7,29.7,1238.666667286,0
UPC.US,D,20240202,000000,32.7,44.1,30.1365,36.15,41174.533353921,0
UPC.US,D,20240205,000000,36.15,37.9905,29.25,29.4,12265.133339466,0
UPC.US,D,20240206,000000,29.1,30.975,24.0015,24.9,2535.0666679342,0
UPC.US,D,20240207,000000,24.9,25.731,24.9,24.9,885.7333337762,0
UPC.US,D,20240208,000000,24.9,24.9,17.0595,19.125,4510.2000022551,0
UPC.US,D,20240209,000000,18.75,20.688,18.3,18.3,916.8666671251,0
UPC.US,D,20240212,000000,18.3,20.1,18.3,19.9485,1185.6666672595,0
UPC.US,D,20240213,000000,19.95,21.2985,19.95,20.55,1440.4666673869,0
UPC.US,D,20240214,000000,21.3,24.6,21,23.625,3770.2666685518,0
UPC.US,D,20240215,000000,24.45,26.4,24.15,25.8,2258.1333344624,0
UPC.US,D,20240216,000000,26.85,37.35,24,36.9,47799.733357233,0
UPC.US,D,20240220,000000,27.3,29.1,25.95,26.4,9396.000004698,0
UPC.US,D,20240221,000000,26.4,26.4,24.15,25.05,1470.9333340688,0
UPC.US,D,20240222,000000,24.9,26.925,23.4015,25.8,2559.4000012797,0
UPC.US,D,20240223,000000,25.8,26.643,24.15,24.75,923.8000004619,0
UPC.US,D,20240226,000000,24.9,24.975,24,24,546.1333336064,0
UPC.US,D,20240227,000000,24.255,25.2,24.255,24.75,718.7333336927,0
UPC.US,D,20240228,000000,24.75,24.75,23.55,24,381.9333335243,0
UPC.US,D,20240229,000000,26.55,30.3,25.5,28.2,7732.666670533,0
UPC.US,D,20240301,000000,28.2,32.1,27.309,30.852,3898.8666686161,0
UPC.US,D,20240304,000000,30.15,30.45,27.45,27.45,1495.1333340809,0
UPC.US,D,20240305,000000,27.45,29.295,27.054,27.6,351.2666668423,0
UPC.US,D,20240306,000000,27.75,28.65,27.3,27.3,607.4666669704,0
UPC.US,D,20240307,000000,27.6,27.6,24.6,25.8,2616.0666679747,0
UPC.US,D,20240308,000000,26.1,26.1,24.1515,25.35,1181.8666672576,0
UPC.US,D,20240311,000000,24.45,28.323,24.45,26.55,1955.333334311,0
UPC.US,D,20240312,000000,26.1,27.75,25.05,25.35,525.2666669293,0
UPC.US,D,20240313,000000,25.5,26.25,25.05,25.95,380.666666857,0
UPC.US,D,20240314,000000,25.95,25.95,23.25,23.7,2178.0666677557,0
UPC.US,D,20240315,000000,22.8,24.2985,21.9,22.2,1295.5333339811,0
UPC.US,D,20240318,000000,22.5,24,21.975,23.25,40788.800020394,0
UPC.US,D,20240319,000000,23.25,27,20.55,26.25,16609.000008305,0
UPC.US,D,20240320,000000,27,28.95,26.85,27,4289.2000021446,0
UPC.US,D,20240321,000000,27.6,31.8,27.15,31.05,8145.8000040729,0
UPC.US,D,20240322,000000,31.5,31.5,28.95,29.7,7229.5333369481,0
UPC.US,D,20240325,000000,28.95,30,25.35,25.35,2789.4000013947,0
UPC.US,D,20240326,000000,26.6505,28.8,25.65,27.15,2620.9333346438,0
UPC.US,D,20240327,000000,27.9,29.55,27.15,28.95,6231.9333364493,0
UPC.US,D,20240328,000000,29.85,34.95,29.85,32.85,9883.4666716084,0
UPC.US,D,20240401,000000,33.15,34.95,30.9,32.85,11170.533338919,0
UPC.US,D,20240402,000000,35.4,38.7,34.65,37.5,20715.800010358,0
UPC.US,D,20240403,000000,36,42.75,36,41.25,12838.400006419,0
UPC.US,D,20240404,000000,40.65,42.15,32.055,33.9,17026.46667518,0
UPC.US,D,20240405,000000,32.85,33.9,31.65,32.1,6360.2666698468,0
UPC.US,D,20240408,000000,32.85,32.85,23.55,27,6006.5333363366,0
UPC.US,D,20240409,000000,26.7,27.75,25.95,27,7075.7333368712,0
UPC.US,D,20240410,000000,25.5,29.448,25.5,26.25,1077.0000005385,0
UPC.US,D,20240411,000000,25.5,26.754,24.75,25.05,764.5333337156,0
UPC.US,D,20240412,000000,24,28.7355,23.484,25.8,4771.2000023856,0
UPC.US,D,20240415,000000,26.7,32.25,24,31.95,6288.8666698111,0
UPC.US,D,20240416,000000,32.25,32.25,25.8,28.05,6723.8000033619,0
UPC.US,D,20240417,000000,28.05,32.4,27,30.45,5722.2666695278,0
UPC.US,D,20240418,000000,32.7,34.3485,27.6,32.85,17793.600008897,0
UPC.US,D,20240419,000000,32.55,32.5995,29.1,32.1,7689.0666705112,0
UPC.US,D,20240422,000000,31.5195,31.65,29.25,29.25,591.2666669623,0
UPC.US,D,20240423,000000,30,33.45,30,33,3483.8000017419,0
UPC.US,D,20240424,000000,33.6,34.2,31.1865,32.1615,2350.7333345087,0
UPC.US,D,20240425,000000,32.4,37.05,28.6515,34.65,9832.8000049164,0
UPC.US,D,20240426,000000,34.35,37.02,30.75,32.7,1334.666667334,0
UPC.US,D,20240429,000000,32.85,35.985,32.85,35.85,3523.333335095,0
UPC.US,D,20240430,000000,36.6,39,32.55,36.15,6666.66667,0
UPC.US,D,20240501,000000,35.0115,38.55,33.9,33.9,2059.333334363,0
UPC.US,D,20240502,000000,35.85,36.75,31.95,32.55,5445.9333360563,0
UPC.US,D,20240503,000000,31.5,32.7,31.47,32.25,1009.7333338382,0
UPC.US,D,20240506,000000,34.098,34.098,32.55,32.7,367.8666668506,0
UPC.US,D,20240507,000000,35.1,35.1,30.6,34.8,439.2000002196,0
UPC.US,D,20240508,000000,31.65,36.3,30.9,35.25,5642.4666694879,0
UPC.US,D,20240509,000000,34.254,35.25,31.95,32.25,529.4666669314,0
UPC.US,D,20240510,000000,32.55,32.55,32.55,32.55,61.4666666974,0
UPC.US,D,20240513,000000,32.7,35.8485,32.7,35.025,673.6000003368,0
UPC.US,D,20240514,000000,36.3,41.25,35.1,39.375,4587.7333356272,0
UPC.US,D,20240515,000000,38.85,44.25,37.692,38.7,5762.666669548,0
UPC.US,D,20240516,000000,40.5,40.5,35.25,37.65,738.8000003694,0
UPC.US,D,20240517,000000,36.75,39.15,34.65,38.85,981.7333338242,0
UPC.US,D,20240520,000000,38.25,40.0485,34.95,34.95,262.4000001312,0
UPC.US,D,20240521,000000,35.25,38.4,34.4385,38.25,599.5333336331,0
UPC.US,D,20240522,000000,38.475,38.475,35.4,37.35,681.0000003405,0
UPC.US,D,20240523,000000,38.4,38.4,35.4,37.5,165.1333334159,0
UPC.US,D,20240524,000000,39.45,39.7485,35.55,36,608.9333336378,0
UPC.US,D,20240528,000000,42,44.85,39.6,41.25,8212.4666707729,0
UPC.US,D,20240529,000000,42,42.153,41.25,41.7,1544.4000007722,0
UPC.US,D,20240530,000000,42,42.15,39.3135,40.05,2613.5333346401,0
UPC.US,D,20240531,000000,40.35,44.1,36,43.845,5100.2000025501,0
UPC.US,D,20240603,000000,43.5,43.5,38.1,38.85,1870.6000009353,0
UPC.US,D,20240604,000000,38.7,39,32.4015,33.3,2571.4000012857,0
UPC.US,D,20240605,000000,31.65,34.35,30.6,30.9,2073.8000010369,0
UPC.US,D,20240606,000000,32.7,35.4,31.725,34.5,2721.333334694,0
UPC.US,D,20240607,000000,42,42,37.2,37.2,7014.2000035071,0
UPC.US,D,20240610,000000,37.5,40.35,35.4,36.6,2342.0666678377,0
UPC.US,D,20240611,000000,35.25,36.549,34.5,34.5,1056.1333338614,0
UPC.US,D,20240612,000000,34.5,36.9,33.9,35.1,649.333333658,0
UPC.US,D,20240613,000000,35.85,36,35.85,36,27.8000000139,0
UPC.US,D,20240614,000000,34.95,36,33.3,33.3,1055.0000005275,0
UPC.US,D,20240617,000000,33.45,35.85,32.4,34.35,686.000000343,0
UPC.US,D,20240618,000000,34.5,35.103,34.5,34.5,388.7333335277,0
UPC.US,D,20240620,000000,34.5,34.77,34.5,34.77,115.9333333913,0
UPC.US,D,20240621,000000,35.55,43.2,35.25,39.45,9328.4000046642,0
UPC.US,D,20240624,000000,39.3,42.45,39,39.15,1925.333334296,0
UPC.US,D,20240625,000000,39.6,39.6,37.65,38.25,803.8000004019,0
UPC.US,D,20240626,000000,36.375,37.4985,35.85,35.85,280.666666807,0
UPC.US,D,20240627,000000,37.05,38.1,36,38.1,473.33333357,0
UPC.US,D,20240628,000000,37.95,37.95,36.3,37.35,268.8000001344,0
UPC.US,D,20240701,000000,35.1,37.35,35.1,36.75,120.4666667269,0
UPC.US,D,20240702,000000,39.75,48,39.75,43.5,18852.666676093,0
UPC.US,D,20240703,000000,44.25,49.8,43.5,47.1,12198.933339433,0
UPC.US,D,20240705,000000,48,53.25,47.9775,49.95,16599.000008299,0
UPC.US,D,20240708,000000,53.25,57,52.95,55.8,11570.800005785,0
UPC.US,D,20240709,000000,55.5,64.8,55.5,57.75,10649.200005325,0
UPC.US,D,20240710,000000,57.15,57.6105,43.95,51.9,12225.733339446,0
UPC.US,D,20240711,000000,51.9,54.9,45.9015,52.2,9332.8666713331,0
UPC.US,D,20240712,000000,52.5,55.5,43.05,49.5,10259.133338463,0
UPC.US,D,20240715,000000,57.9,59.7,51,52.95,17742.133342204,0
UPC.US,D,20240716,000000,54,55.35,51.75,53.4,5177.6666692555,0
UPC.US,D,20240717,000000,57.3,61.6485,55.5,58.65,17173.200008587,0
UPC.US,D,20240718,000000,58.35,60.597,58.2,59.25,6656.0666699947,0
UPC.US,D,20240719,000000,58.5,60.45,47.4015,55.65,21192.133343929,0
UPC.US,D,20240722,000000,54.15,59.55,54.15,58.35,4147.8000020739,0
UPC.US,D,20240723,000000,59.7,60,51.9,53.25,115222.13339094,0
UPC.US,D,20240724,000000,53.85,54.9,52.5,54.15,86455.533376561,0
UPC.US,D,20240725,000000,54,54.45,51.9,53.7,91513.600045757,0
UPC.US,D,20240726,000000,53.25,56.25,53.25,56.1,42059.333354363,0
UPC.US,D,20240729,000000,56.1,56.7,54,54.75,49284.933357976,0
UPC.US,D,20240730,000000,54.75,55.5,54.3,55.2,10484.600005242,0
UPC.US,D,20240731,000000,54.75,55.95,54.45,55.35,17149.133341908,0
UPC.US,D,20240801,000000,54.9,55.35,46.95,53.88,53787.06669356,0
UPC.US,D,20240802,000000,53.85,55.05,53.1,54,57540.733362104,0
UPC.US,D,20240805,000000,53.1,56.7,52.65,56.55,153167.60007658,0
UPC.US,D,20240806,000000,55.65,57,54.45,55.5,59876.266696605,0
UPC.US,D,20240807,000000,55.35,56.6895,54.6,55.2,51910.666692622,0
UPC.US,D,20240808,000000,55.05,57.45,54.75,56.85,50997.066692165,0
UPC.US,D,20240809,000000,56.1,58.725,55.8,58.05,44862.800022431,0
UPC.US,D,20240812,000000,58.95,59.25,55.05,56.55,94663.000047332,0
UPC.US,D,20240813,000000,57,57.6,44.25,54.15,150517.93340859,0
UPC.US,D,20240814,000000,53.55,58.5,49.65,55.8,165571.66674945,0
UPC.US,D,20240815,000000,55.95,56.25,54.45,54.75,134023.33340034,0
UPC.US,D,20240816,000000,54.45,56.9955,54.45,56.55,110026.66672168,0
UPC.US,D,20240819,000000,55.95,58.35,55.5,57.3,144162.13340541,0
UPC.US,D,20240820,000000,56.4,57.7485,28.8,47.4,572776.06695305,0
UPC.US,D,20240821,000000,43.95,48.9,38.2515,47.7,181632.06675748,0
UPC.US,D,20240822,000000,47.4,52.5,46.5,51.15,72776.733369722,0
UPC.US,D,20240823,000000,50.1,51.6,43.5,48.9,194982.20009749,0
UPC.US,D,20240826,000000,48.45,48.75,45.45,46.05,68277.666700806,0
UPC.US,D,20240827,000000,48.6,50.9925,40.65,46.65,155633.40007782,0
UPC.US,D,20240828,000000,45.75,50.25,45.3,48.15,80130.600040065,0
UPC.US,D,20240829,000000,47.55,51.15,46.65,49.05,150157.73340841,0
UPC.US,D,20240830,000000,47.7,50.85,45.9,48.75,141766.33340422,0
UPC.US,D,20240903,000000,48.15,48.15,43.65,44.85,167115.06675022,0
UPC.US,D,20240904,000000,43.65,47.25,42.15,45.3,60388.000030194,0
UPC.US,D,20240905,000000,45.3,47.25,44.55,45.3,84215.400042108,0
UPC.US,D,20240906,000000,45.15,46.8,42.9,43.5,138329.60006916,0
UPC.US,D,20240909,000000,43.65,45.45,42.45,43.8,59753.73336321,0
UPC.US,D,20240910,000000,44.1,47.25,42.9,46.35,183335.933425,0
UPC.US,D,20240911,000000,46.5,50.1,44.85,45.6,506227.53358645,0
UPC.US,D,20240912,000000,45.15,46.5,19.65,25.05,1393650.0673635,0
UPC.US,D,20240913,000000,16.8,18.9,5.715,8.16,2032779.8010164,0
UPC.US,D,20240916,000000,7.3605,8.136,6.9,6.9,285154.53347591,0
UPC.US,D,20240917,000000,7.05,7.1535,5.85,5.925,216552.13344161,0
UPC.US,D,20240918,000000,5.5725,5.5725,5.145,5.34,186788.20009339,0
UPC.US,D,20240919,000000,5.325,5.9835,4.815,5.118,171465.73341907,0
UPC.US,D,20240920,000000,5.3625,5.4,4.185,4.41,202370.80010119,0
UPC.US,D,20240923,000000,4.2,4.35,3.675,3.795,197064.60009853,0
UPC.US,D,20240924,000000,3.975,4.107,3.9,3.936,108901.00005445,0
UPC.US,D,20240925,000000,4.005,4.0155,3.6,3.678,104405.86671887,0
UPC.US,D,20240926,000000,3.678,3.75,3.36,3.615,155124.60007756,0
UPC.US,D,20240927,000000,3.579,3.7485,3.3825,3.51,92328.533379498,0
UPC.US,D,20240930,000000,3.6195,3.861,3.51,3.66,176999.8000885,0
UPC.US,D,20241001,000000,3.6,3.825,3.093,3.2895,131293.26673231,0
UPC.US,D,20241002,000000,3.2895,3.51,3.2895,3.4515,73995.133370331,0
UPC.US,D,20241003,000000,3.15,3.4155,3.15,3.33,63544.733365106,0
UPC.US,D,20241004,000000,3.3,3.45,3.2265,3.2685,66928.000033464,0
UPC.US,D,20241007,000000,3.33,3.435,3.15,3.216,73065.000036532,0
UPC.US,D,20241008,000000,2.955,3.27,2.955,3.2475,46323.466689828,0
UPC.US,D,20241009,000000,3.2475,3.3045,3.201,3.2565,33455.133350061,0
UPC.US,D,20241010,000000,3.225,3.8775,3.225,3.66,218973.20010949,0
UPC.US,D,20241011,000000,3.72,5.3805,3.72,4.5,742282.73370447,0
UPC.US,D,20241014,000000,4.8,5.3985,4.65,5.25,269552.06680144,0
UPC.US,D,20241015,000000,5.7,6.735,5.55,6.5865,384083.33352537,0
UPC.US,D,20241016,000000,7.05,15,4.6545,7.3215,2525179.0012626,0
UPC.US,D,20241017,000000,7.3215,7.3215,6.039,6.1275,185617.06675948,0
UPC.US,D,20241018,000000,6.435,7.26,6.1275,6.234,245644.86678949,0
UPC.US,D,20241021,000000,6.507,6.67485,5.7,6.0645,85417.266709375,0
UPC.US,D,20241022,000000,5.73,5.955,5.25,5.385,78047.06670569,0
UPC.US,D,20241023,000000,5.385,5.385,4.7685,5.385,64523.733365595,0
UPC.US,D,20241024,000000,5.3385,5.37,4.9875,5.25,18942.666676138,0
UPC.US,D,20241025,000000,4.9875,5.25,4.8015,5.07,44161.466688747,0
UPC.US,D,20241028,000000,4.938,4.95,4.65,4.7325,32425.466682879,0
UPC.US,D,20241029,000000,4.65,4.8105,4.641,4.6725,28374.066680854,0
UPC.US,D,20241030,000000,4.5,4.653,3.3,4.089,116802.8000584,0
UPC.US,D,20241031,000000,3.753,4.05,3.753,3.9405,20755.466677044,0
UPC.US,D,20241101,000000,3.9,4.3305,3.8025,4.1565,40403.400020202,0
UPC.US,D,20241104,000000,4.1565,4.2795,4.05151,4.203,22756.133344711,0
UPC.US,D,20241105,000000,4.203,4.335,4.125,4.212,19087.333342877,0
UPC.US,D,20241106,000000,4.212,4.3665,4.05,4.1505,43349.066688341,0
UPC.US,D,20241107,000000,4.005,4.0515,3.615,3.717,35399.133351033,0
UPC.US,D,20241108,000000,3.63,3.876,3.6015,3.78,26967.26668015,0
UPC.US,D,20241111,000000,3.666,3.825,3.5265,3.6765,25414.466679374,0
UPC.US,D,20241112,000000,3.6765,3.7485,3.43951,3.4995,20906.600010453,0
UPC.US,D,20241113,000000,3.3945,3.4335,2.8725,2.94,90401.066711867,0
UPC.US,D,20241114,000000,2.895,2.94,2.148,2.4315,113673.73339017,0
UPC.US,D,20241115,000000,2.4375,2.4675,1.8,2.1105,143910.66673862,0
UPC.US,D,20241118,000000,1.96,2.28,1.8119,2.15,149255,0
UPC.US,D,20241119,000000,2.16,2.16,1.9923,2.05,47463,0
UPC.US,D,20241120,000000,2.03,2.04,1.785,1.85,59438,0
UPC.US,D,20241121,000000,1.82,1.8458,1.7101,1.79,40495,0
UPC.US,D,20241122,000000,1.79,2.06,1.74,1.93,90594,0
UPC.US,D,20241125,000000,1.87,1.9731,1.85,1.86,51562,0
UPC.US,D,20241126,000000,1.86,1.885,1.74,1.81,50685,0
UPC.US,D,20241127,000000,1.780723,1.82,1.67,1.72,33161,0
UPC.US,D,20241129,000000,1.7,1.835,1.68,1.78,28467,0
UPC.US,D,20241202,000000,1.72,2.6,1.67,1.93,485886,0
UPC.US,D,20241203,000000,1.91,2.3053,1.79,2.02,689154,0
UPC.US,D,20241204,000000,1.88,1.96,1.76,1.785,165203,0
UPC.US,D,20241205,000000,1.87,1.95,1,1.05,2017135,0
UPC.US,D,20241206,000000,3.02,4.93,2.76,3.39,93729110,0
UPC.US,D,20241209,000000,1.65,1.73,1.34,1.38,5451979,0
UPC.US,D,20241210,000000,1.34,1.35,1.1,1.16,1607043,0
UPC.US,D,20241211,000000,1.11,1.1375,1.04,1.07,1039131,0
UPC.US,D,20241212,000000,1.06,1.07,0.8026,0.8102,1209147,0
UPC.US,D,20241213,000000,0.8278,0.8278,0.6806,0.7715,442720,0
UPC.US,D,20241216,000000,0.7641,0.7837,0.6707,0.68,550251,0
UPC.US,D,20241217,000000,0.7,0.719999,0.6302,0.6895,403243,0
UPC.US,D,20241218,000000,0.69,0.715,0.68,0.684064,501688,0
UPC.US,D,20241219,000000,0.7,0.7099,0.62,0.635,283362,0
UPC.US,D,20241220,000000,0.64,0.6429,0.61,0.637,240930,0
UPC.US,D,20241223,000000,0.63,0.6345,0.61,0.6302,453932,0
UPC.US,D,20241224,000000,0.6202,0.64,0.6105,0.6338,151410,0
UPC.US,D,20241226,000000,0.6536,0.7,0.61,0.685,14680235,0
UPC.US,D,20241227,000000,0.63,0.6597,0.61,0.622,1818489,0
UPC.US,D,20241230,000000,0.625,0.6298,0.61,0.6296,813076,0
UPC.US,D,20241231,000000,0.63,0.63,0.603,0.61,531714,0
UPC.US,D,20250102,000000,0.611,0.6465,0.611,0.6435,677692,0
UPC.US,D,20250103,000000,0.6316,0.66,0.6225,0.641,600612,0
UPC.US,D,20250106,000000,0.6393,0.6579,0.6266,0.6495,774097,0
UPC.US,D,20250107,000000,0.65,0.6505,0.622,0.64,451870,0
UPC.US,D,20250108,000000,0.6448,0.6448,0.610049,0.618,526559,0
UPC.US,D,20250110,000000,0.64,0.6788,0.604,0.6299,765863,0
UPC.US,D,20250113,000000,0.615,0.6185,0.517,0.52,776261,0
UPC.US,D,20250114,000000,0.51,0.57,0.51,0.54,3396974,0
UPC.US,D,20250115,000000,0.5,0.5246,0.4811,0.524,800333,0
UPC.US,D,20250116,000000,0.4918,0.519,0.4851,0.5,236535,0
UPC.US,D,20250117,000000,0.5,0.5399,0.5,0.522,328731,0
UPC.US,D,20250121,000000,0.52,0.52,0.49,0.5063,262700,0
UPC.US,D,20250122,000000,0.4911,0.51,0.486,0.4906,203783,0
UPC.US,D,20250123,000000,0.4901,0.53,0.49,0.5249,192920,0
UPC.US,D,20250124,000000,0.525,0.525,0.5,0.5022,99512,0
UPC.US,D,20250127,000000,0.4959,0.5389,0.4959,0.5013,286978,0
UPC.US,D,20250128,000000,0.5051,0.527,0.5013,0.5165,182615,0
UPC.US,D,20250129,000000,0.508,0.5164,0.4,0.45,460389,0
UPC.US,D,20250130,000000,0.44,0.45,0.408,0.42,294304,0
UPC.US,D,20250131,000000,0.4039,0.4299,0.401,0.405,123118,0
UPC.US,D,20250203,000000,0.42,0.445,0.41,0.4174,852787,0
UPC.US,D,20250204,000000,0.3,0.3,0.253,0.2699,1901861,0
UPC.US,D,20250205,000000,0.2318,0.2348,0.18,0.2055,31987895,0
UPC.US,D,20250206,000000,0.1766,0.1766,0.142,0.161,4829548,0
UPC.US,D,20250207,000000,0.2065,0.245,0.1595,0.184,144297160,0
UPC.US,D,20250210,000000,0.1769,0.186,0.1656,0.177,6984117,0
UPC.US,D,20250211,000000,0.1717,0.2055,0.16,0.1939,11716731,0
UPC.US,D,20250212,000000,0.173,0.189499,0.163,0.1845,4574754,0
UPC.US,D,20250213,000000,0.169,0.1761,0.1579,0.166,2920175,0
