<TICKER>,<PER>,<DATE>,<TIME>,<OPEN>,<HIGH>,<LOW>,<CLOSE>,<VOL>,<OPENINT>
VCIG.US,D,20230413,000000,230.913,239.415,190.19,190.19,34216.421007173,0
VCIG.US,D,20230414,000000,179.002,180.389,109.862,114.561,21093.64590499,0
VCIG.US,D,20230417,000000,116.351,116.351,93.9761,98.0034,3523.9427638383,0
VCIG.US,D,20230418,000000,94.8709,94.8709,84.131,85.0258,2928.7978182505,0
VCIG.US,D,20230419,000000,89.501,93.5283,82.7884,88.6057,1974.5949751031,0
VCIG.US,D,20230420,000000,93.5283,115.456,83.2358,91.2909,10441.103328811,0
VCIG.US,D,20230421,000000,122.616,129.553,79.6559,88.1584,49477.454268535,0
VCIG.US,D,20230424,000000,89.0536,89.0536,70.2582,73.8381,4387.7554404667,0
VCIG.US,D,20230425,000000,68.4682,88.6057,68.4682,85.0258,4764.9584097725,0
VCIG.US,D,20230426,000000,78.7606,112.771,78.7606,106.059,9594.3631088505,0
VCIG.US,D,20230427,000000,97.5561,109.638,97.5561,107.401,3167.1194810258,0
VCIG.US,D,20230428,000000,107.401,112.319,93.9761,109.191,1936.7406012877,0
VCIG.US,D,20230501,000000,105.611,129.329,105.611,117.694,1510.5772228735,0
VCIG.US,D,20230502,000000,117.694,1083.17,117.694,761.205,68664.303409849,0
VCIG.US,D,20230503,000000,337.866,351.739,217.935,237.177,17372.811235788,0
VCIG.US,D,20230504,000000,223.752,226.437,161.572,166.472,8042.1550132391,0
VCIG.US,D,20230505,000000,185.267,218.382,161.102,175.422,19825.03276693,0
VCIG.US,D,20230508,000000,185.267,291.773,174.527,187.952,105403.7608895,0
VCIG.US,D,20230509,000000,193.77,193.77,157.074,166.472,8043.1158975803,0
VCIG.US,D,20230510,000000,162.444,176.764,140.516,145.439,5209.4679752601,0
VCIG.US,D,20230511,000000,147.677,262.238,139.174,157.522,97578.899814266,0
VCIG.US,D,20230512,000000,147.677,163.339,127.539,133.804,7899.5419000809,0
VCIG.US,D,20230515,000000,136.489,159.312,127.986,139.174,10084.749315096,0
VCIG.US,D,20230516,000000,129.329,140.069,125.306,130.671,5908.1873143748,0
VCIG.US,D,20230517,000000,128.434,133.356,125.301,130.224,3318.0006687481,0
VCIG.US,D,20230518,000000,127.539,131.119,115.009,121.721,4360.8506789119,0
VCIG.US,D,20230519,000000,123.064,128.434,116.351,124.854,4954.5431249141,0
VCIG.US,D,20230522,000000,121.18,125.749,116.351,122.169,1728.3851222707,0
VCIG.US,D,20230523,000000,120.379,126.644,116.351,124.406,2353.2951362895,0
VCIG.US,D,20230524,000000,120.379,125.99,116.351,119.484,1732.2286596356,0
VCIG.US,D,20230525,000000,115.904,131.275,115.009,118.589,1920.472605929,0
VCIG.US,D,20230526,000000,117.694,119.931,109.638,110.534,1372.1651854398,0
VCIG.US,D,20230530,000000,110.534,123.064,107.401,116.351,1547.6047892325,0
VCIG.US,D,20230531,000000,116.799,126.196,111.876,123.064,2768.9781715399,0
VCIG.US,D,20230601,000000,152.151,153.047,106.063,120.826,29822.45333771,0
VCIG.US,D,20230602,000000,115.456,122.844,111.876,117.246,3345.4417378422,0
VCIG.US,D,20230605,000000,124.406,124.406,114.114,116.351,1881.7243862148,0
VCIG.US,D,20230606,000000,114.561,120.804,111.876,119.931,2508.2433228515,0
VCIG.US,D,20230607,000000,115.528,119.931,108.318,115.904,1120.0112573802,0
VCIG.US,D,20230608,000000,119.931,130.671,114.579,127.539,8393.6152206586,0
VCIG.US,D,20230609,000000,120.826,125.749,116.799,118.589,2075.7336385556,0
VCIG.US,D,20230612,000000,114.561,125.717,114.114,122.169,2228.1567104534,0
VCIG.US,D,20230613,000000,118.141,118.589,112.771,116.32,1765.3903424822,0
VCIG.US,D,20230614,000000,119.036,119.036,107.849,109.191,1149.5081720415,0
VCIG.US,D,20230615,000000,104.269,115.438,104.269,107.401,1435.2707058972,0
VCIG.US,D,20230616,000000,132.909,143.197,110.086,126.644,214312.96193273,0
VCIG.US,D,20230620,000000,170.052,506.577,159.759,324.441,2640913.9869616,0
VCIG.US,D,20230621,000000,254.183,272.083,208.09,221.962,95214.453950388,0
VCIG.US,D,20230622,000000,213.907,350.843,213.907,299.381,582538.74637671,0
VCIG.US,D,20230623,000000,299.381,304.303,253.735,272.083,64302.022577499,0
VCIG.US,D,20230626,000000,284.613,346.816,265.37,299.381,130743.15246778,0
VCIG.US,D,20230627,000000,289.983,297.143,225.99,251.945,20992.015626294,0
VCIG.US,D,20230628,000000,249.26,274.32,238.072,254.63,10607.716204353,0
VCIG.US,D,20230629,000000,259.105,272.978,236.73,252.84,8918.6826477782,0
VCIG.US,D,20230630,000000,271.95,271.95,250.39,258.72,4224.08157774,0
VCIG.US,D,20230703,000000,250.39,253.82,234.71,253.33,2762.469351843,0
VCIG.US,D,20230705,000000,245.98,250.39,224.425,228.34,3863.183623248,0
VCIG.US,D,20230706,000000,222.95,226.38,212.322,217.07,3759.693828675,0
VCIG.US,D,20230707,000000,216.58,228.472,213.15,222.95,4044.795865785,0
VCIG.US,D,20230710,000000,219.52,232.995,208.25,212.17,5269.816258023,0
VCIG.US,D,20230711,000000,208.74,214.375,196,197.96,6562.306037139,0
VCIG.US,D,20230712,000000,196,205.026,177.38,184.73,6703.020321024,0
VCIG.US,D,20230713,000000,177.87,186.2,175.42,181.3,2788.673433135,0
VCIG.US,D,20230714,000000,177.87,180.526,154.35,158.76,5132.591770011,0
VCIG.US,D,20230717,000000,174.93,185.215,165.13,173.46,4287.408107529,0
VCIG.US,D,20230718,000000,170.52,178.85,166.071,169.54,2878.591799313,0
VCIG.US,D,20230719,000000,166.11,174.925,159.789,166.11,2894.857105224,0
VCIG.US,D,20230720,000000,163.17,180.805,163.17,174.44,3068.122409094,0
VCIG.US,D,20230721,000000,176.89,188.16,167.585,186.2,3338.734650474,0
VCIG.US,D,20230724,000000,191.1,195.505,171.01,176.4,4586.204022012,0
VCIG.US,D,20230725,000000,172.97,173.46,158.76,159.25,2439.877519302,0
VCIG.US,D,20230726,000000,156.31,173.95,156.31,171.5,1723.040793927,0
VCIG.US,D,20230727,000000,168.07,177.493,158.76,163.17,1872.163240968,0
VCIG.US,D,20230728,000000,160.23,168.07,157.78,160.23,1513.26528645,0
VCIG.US,D,20230731,000000,156.8,167.09,156.8,166.11,1023.285700983,0
VCIG.US,D,20230801,000000,160.72,170.03,157.78,164.885,2759.79588249,0
VCIG.US,D,20230802,000000,160.23,166.6,150.43,150.43,1888.999975443,0
VCIG.US,D,20230803,000000,147.49,157.78,147.49,155.82,1719.59181438,0
VCIG.US,D,20230804,000000,153.37,159.74,144.06,144.55,2084.448952494,0
VCIG.US,D,20230807,000000,141.61,151.41,135.24,145.53,1249.142840904,0
VCIG.US,D,20230808,000000,142.59,142.59,134.755,137.2,982.836721917,0
VCIG.US,D,20230809,000000,134.75,145.04,134.75,143.08,1102.979577498,0
VCIG.US,D,20230810,000000,141.61,145.53,130.34,132.3,857.75509089,0
VCIG.US,D,20230811,000000,132.3,173.95,132.3,162.68,7593.816227811,0
VCIG.US,D,20230814,000000,169.05,230.3,166.6,190.12,71608.509273171,0
VCIG.US,D,20230815,000000,155.82,200.9,155.82,168.56,4323.428515224,0
VCIG.US,D,20230816,000000,160.72,177.87,153.37,158.27,3110.938735068,0
VCIG.US,D,20230817,000000,161.7,197.955,153.86,176.4,7518.999902253,0
VCIG.US,D,20230818,000000,172.97,220.01,169.236,200.9,6968.36725635,0
VCIG.US,D,20230821,000000,220.01,239.12,198.45,203.84,8017.836630462,0
VCIG.US,D,20230822,000000,196,208.74,181.3,183.951,2211.571399821,0
VCIG.US,D,20230823,000000,271.46,458.15,257.25,338.1,1399856.879761,0
VCIG.US,D,20230824,000000,316.05,327.32,259.7,268.03,49408.57078626,0
VCIG.US,D,20230825,000000,278.32,288.605,227.85,229.81,17788.509972831,0
VCIG.US,D,20230828,000000,222.46,227.267,196.98,203.105,7063.040724507,0
VCIG.US,D,20230829,000000,200.41,239.12,200.41,227.36,14914.530418356,0
VCIG.US,D,20230830,000000,230.3,277.83,226.36,277.34,21327.75482478,0
VCIG.US,D,20230831,000000,269.01,269.01,201.39,204.82,12526.979428986,0
VCIG.US,D,20230901,000000,206.29,212.415,197.47,201.39,4789.673407122,0
VCIG.US,D,20230905,000000,197.47,217.56,196,203.84,5112.408096804,0
VCIG.US,D,20230906,000000,201.39,202.37,191.1,202.37,1436.489777244,0
VCIG.US,D,20230907,000000,198.94,228.83,193.55,223.93,6106.652981838,0
VCIG.US,D,20230908,000000,231.28,244.02,218.055,227.85,3981.714233952,0
VCIG.US,D,20230911,000000,234.132,260.68,225.674,237.65,7309.714190688,0
VCIG.US,D,20230912,000000,245,249.9,218.05,227.36,3079.102000788,0
VCIG.US,D,20230913,000000,225.89,242.55,198.45,207.76,4677.367286133,0
VCIG.US,D,20230914,000000,205.8,215.365,187.366,193.06,3720.448931226,0
VCIG.US,D,20230915,000000,193.06,202.86,179.83,202.86,3069.857102949,0
VCIG.US,D,20230918,000000,202.86,202.86,191.345,194.53,1105.265291754,0
VCIG.US,D,20230919,000000,190.61,203.35,190.61,201.88,3456.816281592,0
VCIG.US,D,20230920,000000,197.96,201.88,187.18,194.53,959.142844674,0
VCIG.US,D,20230921,000000,189.14,192.609,181.31,188.16,1534.836714741,0
VCIG.US,D,20230922,000000,185.22,196.421,175.42,178.36,2547.95915055,0
VCIG.US,D,20230925,000000,173.46,177.87,161.921,164.64,2668.224455109,0
VCIG.US,D,20230926,000000,169.05,181.3,162.19,169.54,1388.448961542,0
VCIG.US,D,20230927,000000,176.4,188.16,176.4,180.32,1767.081609681,0
VCIG.US,D,20230928,000000,176.89,186.151,175.42,181.79,787.122438747,0
VCIG.US,D,20230929,000000,174.44,193.305,174.44,181.3,1250.081616402,0
VCIG.US,D,20231002,000000,183.75,191.1,179.34,187.18,880.877539569,0
VCIG.US,D,20231003,000000,186.69,195.02,186.2,195.02,905.938763733,0
VCIG.US,D,20231004,000000,199.92,210.176,182.77,192.08,1897.14283248,0
VCIG.US,D,20231005,000000,188.16,189.63,177.38,179.83,1431.040797723,0
VCIG.US,D,20231006,000000,174.44,184.24,171.5,179.34,1101.591822414,0
VCIG.US,D,20231009,000000,179.34,179.34,163.17,173.46,2239.877521902,0
VCIG.US,D,20231010,000000,173.46,183.75,170.03,180.81,1396.32651246,0
VCIG.US,D,20231011,000000,181.3,183.75,169.54,172.97,1307.489778921,0
VCIG.US,D,20231012,000000,172.97,173.95,164.15,171.5,1227.591820776,0
VCIG.US,D,20231013,000000,174.44,174.44,161.7,167.58,974.795905695,0
VCIG.US,D,20231016,000000,162.68,166.6,157.78,160.23,1945.448954301,0
VCIG.US,D,20231017,000000,159.25,159.25,143.08,143.08,2278.040786712,0
VCIG.US,D,20231018,000000,138.18,145.53,137.2,144.06,1117.938760977,0
VCIG.US,D,20231019,000000,146.02,146.02,122.5,134.26,2286.571398846,0
VCIG.US,D,20231020,000000,131.32,134.75,122.5,123.48,2120.489768352,0
VCIG.US,D,20231023,000000,122.99,125.93,113.68,118.09,912.122437122,0
VCIG.US,D,20231024,000000,121.03,138.94,117.6,127.89,1320.999982827,0
VCIG.US,D,20231025,000000,130.83,137.2,127.405,133.28,550.755094881,0
VCIG.US,D,20231026,000000,136.259,145.04,127.89,134.26,2280.122419338,0
VCIG.US,D,20231027,000000,135.73,149.45,133.28,133.28,1491.183654084,0
VCIG.US,D,20231030,000000,149.45,155.884,139.699,153.37,1666.591815069,0
VCIG.US,D,20231031,000000,155.33,181.79,155.085,165.62,3573.101994366,0
VCIG.US,D,20231101,000000,164.15,167.58,139.65,142.1,1975.673443704,0
VCIG.US,D,20231102,000000,146.02,148.47,137.881,140.14,1535.142837186,0
VCIG.US,D,20231103,000000,139.65,157.658,137.69,155.82,1785.244874751,0
VCIG.US,D,20231106,000000,158.76,160.72,147.49,147.49,879.653049789,0
VCIG.US,D,20231107,000000,145.53,164.15,144.06,152.88,1689.122427021,0
VCIG.US,D,20231108,000000,164.15,164.15,149.979,151.9,1003.836721644,0
VCIG.US,D,20231109,000000,154.84,161.411,142.1,142.1,1184.183658075,0
VCIG.US,D,20231110,000000,147,155.82,142.59,150.43,1606.142836263,0
VCIG.US,D,20231113,000000,146.51,155.33,138.67,140.14,1501.877531496,0
VCIG.US,D,20231114,000000,143.57,150.43,135.485,139.65,1763.081609733,0
VCIG.US,D,20231115,000000,146.02,154.35,140.14,149.45,3777.224440692,0
VCIG.US,D,20231116,000000,145.04,151.9,139.16,140.14,2104.591809375,0
VCIG.US,D,20231117,000000,138.67,146.461,137.2,140.14,982.85713008,0
VCIG.US,D,20231120,000000,142.1,147,140.14,140.14,1838.734669974,0
VCIG.US,D,20231121,000000,139.65,147.98,139.65,142.1,1391.183655384,0
VCIG.US,D,20231122,000000,138.67,151.9,138.67,140.63,1989.816300663,0
VCIG.US,D,20231124,000000,143.08,145.04,140.312,144.55,311.775506151,0
VCIG.US,D,20231127,000000,142.59,153.37,141.12,151.9,1160.510188995,0
VCIG.US,D,20231128,000000,153.36,179.83,122.779,139.16,10382.918232369,0
VCIG.US,D,20231129,000000,144.55,156.8,135.24,138.67,2776.714249617,0
VCIG.US,D,20231130,000000,143.57,147,129.85,131.32,2535.897926217,0
VCIG.US,D,20231201,000000,127.89,139.65,127.89,132.3,1374.632635191,0
VCIG.US,D,20231204,000000,135.24,139.16,122.975,125.44,1708.816304316,0
VCIG.US,D,20231205,000000,126.42,126.42,116.62,120.05,1702.85712072,0
VCIG.US,D,20231206,000000,122.5,130.34,119.56,125.93,1519.265286372,0
VCIG.US,D,20231207,000000,122.637,128.87,120.05,127.89,846.265295121,0
VCIG.US,D,20231208,000000,124.46,137.788,120.05,133.28,2084.979564732,0
VCIG.US,D,20231211,000000,125.93,139.356,119.07,120.05,3247.183631256,0
VCIG.US,D,20231212,000000,120.54,122.167,115.64,115.64,1960.979566344,0
VCIG.US,D,20231213,000000,118.58,118.894,111.23,112.21,2086.428544305,0
VCIG.US,D,20231214,000000,118.09,142.1,118.09,120.54,24444.591518955,0
VCIG.US,D,20231215,000000,120.54,125.548,118.58,119.56,2452.265274243,0
VCIG.US,D,20231218,000000,122.5,126.42,111.72,116.62,3369.632609256,0
VCIG.US,D,20231219,000000,114.66,115.64,105.84,109.76,3293.06118168,0
VCIG.US,D,20231220,000000,112.7,113.68,107.8,110.25,2015.244871761,0
VCIG.US,D,20231221,000000,110.74,114.116,109.76,111.23,1927.244872905,0
VCIG.US,D,20231222,000000,110.25,112.235,107.8,109.27,1074.918353373,0
VCIG.US,D,20231226,000000,108.707,112.435,107.8,107.8,865.551009156,0
VCIG.US,D,20231227,000000,109.27,112.676,105.84,107.8,1224.020392251,0
VCIG.US,D,20231228,000000,110.25,115.15,107.8,109.76,1380.244880016,0
VCIG.US,D,20231229,000000,110.304,111.715,107.8,110.74,1379.224471866,0
VCIG.US,D,20240102,000000,110.74,110.74,103.88,104.86,1450.632634203,0
VCIG.US,D,20240103,000000,105.84,106.33,97.02,97.02,1803.897935733,0
VCIG.US,D,20240104,000000,102.41,102.41,90.65,91.63,1868.77548591,0
VCIG.US,D,20240105,000000,91.63,100.94,90.65,99.96,1280.244881316,0
VCIG.US,D,20240108,000000,98,103.787,95.55,100.94,1133.591821998,0
VCIG.US,D,20240109,000000,96.53,97.9902,89.67,90.16,1708.693855338,0
VCIG.US,D,20240110,000000,90.16,97.02,88.445,91.63,1500.061204989,0
VCIG.US,D,20240111,000000,88.69,99.3671,73.5,76.44,8883.591721248,0
VCIG.US,D,20240112,000000,49,71.05,47.1625,69.09,64977.427726722,0
VCIG.US,D,20240116,000000,60.27,69.825,53.9,56.84,10808.918226831,0
VCIG.US,D,20240117,000000,55.37,56.35,48.02,52.92,7871.795816034,0
VCIG.US,D,20240118,000000,51.94,53.9,50.225,51.45,2699.142822054,0
VCIG.US,D,20240119,000000,50.47,51.45,48.5688,49.49,2547.428538312,0
VCIG.US,D,20240122,000000,49.49,56.35,49.49,55.86,5226.836666745,0
VCIG.US,D,20240123,000000,51.45,59.78,51.45,53.9,3334.836691341,0
VCIG.US,D,20240124,000000,53.9,55.37,50.47,50.47,4133.816272791,0
VCIG.US,D,20240125,000000,50.47,51.94,48.51,50.715,3208.653019512,0
VCIG.US,D,20240126,000000,49.98,50.96,47.53,47.5986,2797.938739137,0
VCIG.US,D,20240129,000000,47.7015,48.02,45.1192,46.55,2301.081602739,0
VCIG.US,D,20240130,000000,45.57,49.49,42.875,45.57,3633.632605824,0
VCIG.US,D,20240131,000000,41.65,45.962,41.65,43.1151,4958.285649828,0
VCIG.US,D,20240201,000000,43.169,46.5304,43.1445,44.1,1026.93876216,0
VCIG.US,D,20240202,000000,44.0706,46.06,43.61,44.59,1384.653043224,0
VCIG.US,D,20240205,000000,45.57,47.5055,40.7729,43.61,2211.285685539,0
VCIG.US,D,20240206,000000,42.875,44.1,41.6647,43.071,2135.693849787,0
VCIG.US,D,20240207,000000,42.63,43.855,39.445,39.9693,1688.102018871,0
VCIG.US,D,20240208,000000,40.18,46.06,40.0526,45.815,3943.408112001,0
VCIG.US,D,20240209,000000,47.04,61.74,45.815,53.41,14875.979398449,0
VCIG.US,D,20240212,000000,49.98,54.88,49.49,51.8714,1632.326509392,0
VCIG.US,D,20240213,000000,88.69,103.39,57.82,61.25,532466.9522616,0
VCIG.US,D,20240214,000000,59.29,71.05,51.45,64.68,30329.122054701,0
VCIG.US,D,20240215,000000,58.8,64.19,55.37,58.31,11905.30596768,0
VCIG.US,D,20240216,000000,56.35,57.82,51.94,51.94,6235.020327108,0
VCIG.US,D,20240220,000000,52.92,59.9172,49.98,54.88,7596.061125741,0
VCIG.US,D,20240221,000000,62.72,67.1251,55.37,61.74,215741.11964434,0
VCIG.US,D,20240222,000000,61.74,61.74,55.37,56.84,12243.367187775,0
VCIG.US,D,20240223,000000,54.88,56.8351,51.94,53.41,5171.877483786,0
VCIG.US,D,20240226,000000,53.9,54.88,51.94,51.94,4462.04075832,0
VCIG.US,D,20240227,000000,53.41,53.655,51.94,51.94,3150.081591702,0
VCIG.US,D,20240228,000000,53.41,53.9,51.94,52.92,2640.306088125,0
VCIG.US,D,20240229,000000,53.41,53.41,50.96,51.45,4177.367292633,0
VCIG.US,D,20240301,000000,50.96,52.43,49,50.47,3260.693835162,0
VCIG.US,D,20240304,000000,51.45,51.891,50.47,51.45,2119.714258158,0
VCIG.US,D,20240305,000000,51.45,52.6162,49.49,50.96,2065.428544578,0
VCIG.US,D,20240306,000000,50.96,51.94,49.98,50.96,1487.224470462,0
VCIG.US,D,20240307,000000,50.96,60.27,50.96,60.27,10431.489660309,0
VCIG.US,D,20240308,000000,58.8,60.27,53.41,53.41,5666.836661025,0
VCIG.US,D,20240311,000000,56.35,56.35,52.43,53.9,2511.265273476,0
VCIG.US,D,20240312,000000,53.9,55.86,53.9,55.86,3048.836695059,0
VCIG.US,D,20240313,000000,56.35,60.76,54.39,57.82,21782.04053316,0
VCIG.US,D,20240314,000000,55.86,57.82,53.41,54.88,4401.693820329,0
VCIG.US,D,20240315,000000,54.88,60.76,53.9,56.35,6547.448894475,0
VCIG.US,D,20240318,000000,56.35,59.045,54.88,56.35,14929.469193672,0
VCIG.US,D,20240319,000000,55.615,57.33,54.39,54.39,7001.571337551,0
VCIG.US,D,20240320,000000,55.86,57.33,54.39,55.37,5446.061153691,0
VCIG.US,D,20240321,000000,54.88,57.82,49.9751,50.96,10114.020276681,0
VCIG.US,D,20240322,000000,50.47,55.86,50.47,55.37,5017.591771506,0
VCIG.US,D,20240325,000000,54.39,60.76,54.39,57.82,7579.346840244,0
VCIG.US,D,20240326,000000,56.35,57.82,51.45,51.94,5545.061152404,0
VCIG.US,D,20240327,000000,53.41,54.39,51.94,53.41,2360.061193809,0
VCIG.US,D,20240328,000000,51.94,54.8751,49.49,51.45,3195.265264584,0
VCIG.US,D,20240401,000000,52.43,53.165,49.98,52.43,1932.714260589,0
VCIG.US,D,20240402,000000,51.94,52.0086,49,49.98,3984.755050239,0
VCIG.US,D,20240403,000000,50.96,51.45,49,49.49,2438.857111152,0
VCIG.US,D,20240404,000000,49,50.47,47.5398,48.51,2995.836695748,0
VCIG.US,D,20240405,000000,48.0396,51.94,48.0396,50.47,2028.265279755,0
VCIG.US,D,20240408,000000,48.9559,50.47,48.0151,48.51,5046.32646501,0
VCIG.US,D,20240409,000000,47.53,51.94,47.53,50.47,2773.204045581,0
VCIG.US,D,20240410,000000,49.49,53.9,49.49,53.9,2583.326497029,0
VCIG.US,D,20240411,000000,52.92,58.31,50.96,57.33,6166.591756569,0
VCIG.US,D,20240412,000000,57.82,59.78,56.35,59.29,8476.285604094,0
VCIG.US,D,20240415,000000,56.35,61.25,54.39,56.35,37715.407672965,0
VCIG.US,D,20240416,000000,56.35,56.35,53.655,55.86,3327.040773075,0
VCIG.US,D,20240417,000000,55.86,56.84,54.39,55.86,3110.571388134,0
VCIG.US,D,20240418,000000,56.84,63.7,55.37,60.76,7791.550919118,0
VCIG.US,D,20240419,000000,60.27,64.68,55.86,56.84,6689.469300792,0
VCIG.US,D,20240422,000000,59.29,59.29,54.39,56.35,12025.877394684,0
VCIG.US,D,20240423,000000,56.7616,57.82,54.39,56.84,2287.102011084,0
VCIG.US,D,20240424,000000,55.86,55.86,52.92,54.88,4310.836678653,0
VCIG.US,D,20240425,000000,54.39,58.8,51.94,57.33,5151.857075883,0
VCIG.US,D,20240426,000000,57.82,58.849,56.35,57.33,3327.101997564,0
VCIG.US,D,20240429,000000,57.82,61.25,55.86,61.25,4048.020355539,0
VCIG.US,D,20240430,000000,62.72,68.6,55.37,58.8,25964.795580825,0
VCIG.US,D,20240501,000000,58.31,59.29,55.86,56.84,4144.591782855,0
VCIG.US,D,20240502,000000,56.35,56.84,52.92,53.41,4694.224428771,0
VCIG.US,D,20240503,000000,53.41,54.39,51.45,51.94,2224.653032304,0
VCIG.US,D,20240506,000000,52.43,53.9,51.94,53.41,1078.142843127,0
VCIG.US,D,20240507,000000,53.9,54.39,52.43,53.41,1110.530597808,0
VCIG.US,D,20240508,000000,54.39,55.37,51.94,54.88,1545.775490109,0
VCIG.US,D,20240509,000000,53.9,54.88,51.45,53.9,1483.183654188,0
VCIG.US,D,20240510,000000,52.4643,52.4692,49.49,51.45,2046.102014217,0
VCIG.US,D,20240513,000000,52.92,53.41,51.45,53.41,2252.591807451,0
VCIG.US,D,20240514,000000,52.43,52.43,50.47,50.96,1966.857117288,0
VCIG.US,D,20240515,000000,51.94,52.185,45.57,48.363,8663.224377174,0
VCIG.US,D,20240516,000000,48.51,48.51,44.1,47.04,2647.816292109,0
VCIG.US,D,20240517,000000,45.6876,45.9816,42.63,43.1249,10858.673328225,0
VCIG.US,D,20240520,000000,43.61,43.61,41.7088,43.12,3888.77545965,0
VCIG.US,D,20240521,000000,43.61,44.0951,40.6798,42.14,4355.387698482,0
VCIG.US,D,20240522,000000,42.63,42.63,40.67,41.405,1211.42855568,0
VCIG.US,D,20240523,000000,42.14,43.071,39.69,40.817,2941.714247472,0
VCIG.US,D,20240524,000000,40.18,42.63,39.2,40.719,3301.693834629,0
VCIG.US,D,20240528,000000,40.18,40.2878,38.3278,39.151,3948.857091522,0
VCIG.US,D,20240529,000000,38.22,38.9305,36.5001,37.24,3139.897918365,0
VCIG.US,D,20240530,000000,36.75,37.24,34.7949,37.191,3089.755061874,0
VCIG.US,D,20240531,000000,36.75,36.995,33.4621,34.2951,2442.795886611,0
VCIG.US,D,20240603,000000,34.7655,35.0494,33.369,35.0494,3234.020366121,0
VCIG.US,D,20240604,000000,35.0497,35.7651,34.3,34.349,1015.999986792,0
VCIG.US,D,20240605,000000,34.545,35.77,33.369,34.79,2648.918332911,0
VCIG.US,D,20240606,000000,33.81,35.6622,33.3739,34.349,2724.89792376,0
VCIG.US,D,20240607,000000,36.015,36.407,29.4588,31.262,86745.570300879,0
VCIG.US,D,20240610,000000,29.4,30.87,26.9647,30.6838,8161.081526559,0
VCIG.US,D,20240611,000000,29.645,34.3,28.567,33.8492,34269.815881023,0
VCIG.US,D,20240612,000000,33.81,33.81,28.9198,32.34,6250.183592217,0
VCIG.US,D,20240613,000000,33.4768,33.81,30.4388,31.556,6101.081553339,0
VCIG.US,D,20240614,000000,30.87,31.36,29.6793,31.36,14235.673284324,0
VCIG.US,D,20240617,000000,30.87,32.291,30.87,31.6687,1944.510178803,0
VCIG.US,D,20240618,000000,31.85,31.85,29.9488,31.164,3308.224446789,0
VCIG.US,D,20240620,000000,31.36,31.36,28.861,30.625,3651.0203607,0
VCIG.US,D,20240621,000000,30.38,32.34,29.8949,32.34,2654.612210388,0
VCIG.US,D,20240624,000000,33.32,33.6091,28.3808,29.841,137836.75331016,0
VCIG.US,D,20240625,000000,29.1697,29.6205,27.44,27.93,8267.367239463,0
VCIG.US,D,20240626,000000,28.91,30.8651,27.685,30.3751,6462.183589461,0
VCIG.US,D,20240627,000000,30.38,30.38,28.469,28.91,2582.816292954,0
VCIG.US,D,20240628,000000,29.4,30.135,28.2289,29.351,2659.775475627,0
VCIG.US,D,20240701,000000,29.3804,29.9929,28.4788,28.91,2821.530575565,0
VCIG.US,D,20240702,000000,29.939,30.3751,28.6993,30.1399,23032.571129148,0
VCIG.US,D,20240703,000000,29.2873,29.4,28.469,28.5915,2897.959146,0
VCIG.US,D,20240705,000000,28.5866,28.616,26.9794,27.6654,4949.265241782,0
VCIG.US,D,20240708,000000,27.5503,27.6801,25.725,26.705,5181.081565299,0
VCIG.US,D,20240709,000000,26.7246,26.95,24.5,25.9308,8536.571317596,0
VCIG.US,D,20240710,000000,25.6417,25.9259,24.5735,25.3036,2743.959148002,0
VCIG.US,D,20240711,000000,25.333,26.4061,25.0978,25.97,2549.204048493,0
VCIG.US,D,20240712,000000,25.7446,27.93,25.1909,27.9055,5748.795843633,0
VCIG.US,D,20240715,000000,27.881,27.93,25.0439,25.6858,5886.142780623,0
VCIG.US,D,20240716,000000,25.48,25.725,24.5588,25.1419,3913.591785858,0
VCIG.US,D,20240717,000000,25.1615,25.97,24.5642,25.186,3653.26525863,0
VCIG.US,D,20240718,000000,25.382,25.382,23.569,24.451,7848.550918377,0
VCIG.US,D,20240719,000000,24.598,24.9851,23.5935,24.451,3232.44893757,0
VCIG.US,D,20240722,000000,24.1766,24.451,22.54,23.2554,4174.265251857,0
VCIG.US,D,20240723,000000,23.52,23.52,20.4575,21.3493,19236.693627474,0
VCIG.US,D,20240724,000000,21.7658,21.7658,20.09,20.5114,10324.652927004,0
VCIG.US,D,20240725,000000,20.7074,25.9602,20.482,22.736,31842.775096248,0
VCIG.US,D,20240726,000000,24.01,24.01,14.7245,16.8021,124501.18205495,0
VCIG.US,D,20240729,000000,17.101,17.15,15.435,16.1161,20709.816057303,0
VCIG.US,D,20240730,000000,16.66,16.905,14.9597,15.631,30008.020018059,0
VCIG.US,D,20240731,000000,15.19,15.7094,14.3668,14.9989,17547.081404541,0
VCIG.US,D,20240801,000000,15.3615,15.68,13.72,14.2051,13360.836561003,0
VCIG.US,D,20240802,000000,14.455,14.553,12.8625,13.9013,8090.857037676,0
VCIG.US,D,20240805,000000,12.7351,14.21,12.3088,13.72,9521.795794584,0
VCIG.US,D,20240806,000000,14.2688,14.6951,13.4799,14.1414,2411.265274776,0
VCIG.US,D,20240807,000000,14.014,14.749,13.2594,13.5951,8883.408047781,0
VCIG.US,D,20240808,000000,13.818,13.9601,11.0495,11.6522,17365.040590581,0
VCIG.US,D,20240809,000000,11.27,11.8948,9.8686,10.6183,34482.24444969,0
VCIG.US,D,20240812,000000,10.78,11.417,9.947,10.0205,35804.264840667,0
VCIG.US,D,20240813,000000,10.29,10.486,8.9131,9.2169,42620.570874504,0
VCIG.US,D,20240814,000000,9.8,9.8,8.428,8.81015,33736.448541018,0
VCIG.US,D,20240815,000000,8.918,12.6371,8.918,11.123,122551.5698354,0
VCIG.US,D,20240816,000000,11.074,11.6375,9.7461,10.8045,42941.509645842,0
VCIG.US,D,20240819,000000,12.25,13.23,10.0695,10.2361,156938.83469449,0
VCIG.US,D,20240820,000000,11.025,11.0397,9.0748,9.604,61587.182872836,0
VCIG.US,D,20240821,000000,9.947,10.4909,9.653,10.1381,29393.571046455,0
VCIG.US,D,20240822,000000,10.3243,10.535,9.5697,10.0744,63601.284887469,0
VCIG.US,D,20240823,000000,10.5105,11.2308,9.7069,10.8927,74901.794944644,0
VCIG.US,D,20240826,000000,10.78,11.76,10.388,11.4562,29860.917979155,0
VCIG.US,D,20240827,000000,12.25,12.446,8.7759,9.1581,401618.13763611,0
VCIG.US,D,20240828,000000,9.408,9.506,8.4378,8.6289,116735.46787019,0
VCIG.US,D,20240829,000000,8.6779,8.967,7.7518,7.9919,84641.141756808,0
VCIG.US,D,20240830,000000,8.232,8.7024,7.9919,8.0703,56922.631913067,0
VCIG.US,D,20240903,000000,8.6387,8.771,6.713,6.9776,653888.07313211,0
VCIG.US,D,20240904,000000,6.762,7.2765,6.419,7.1295,114100.67198608,0
VCIG.US,D,20240905,000000,6.6738,7.4725,6.6738,6.9972,65173.652213967,0
VCIG.US,D,20240906,000000,6.9727,6.9776,6.4925,6.7032,52876.774822806,0
VCIG.US,D,20240909,000000,6.86,7.0021,6.5415,6.8747,61011.509410932,0
VCIG.US,D,20240910,000000,6.762,6.9531,5.5615,6.0025,230118.40517173,0
VCIG.US,D,20240911,000000,6.076,6.9727,6.0025,6.6101,104602.77415037,0
VCIG.US,D,20240912,000000,6.3945,6.8992,6.272,6.3112,58534.631892111,0
VCIG.US,D,20240913,000000,6.86,6.86,6.272,6.5121,115030.28421889,0
VCIG.US,D,20240916,000000,6.4484,6.4925,6.0123,6.0956,86324.060102277,0
VCIG.US,D,20240917,000000,6.37,6.3798,5.9682,6.0711,76404.937782246,0
VCIG.US,D,20240918,000000,6.0221,6.566,5.8359,6.1299,124321.05960832,0
VCIG.US,D,20240919,000000,6.321,7.399,6.174,7.301,301828.09811705,0
VCIG.US,D,20240920,000000,7.3402,8.33,6.6493,6.98363,203592.89531248,0
VCIG.US,D,20240923,000000,6.9874,7.2471,6.6493,7.1344,78365.529593493,0
VCIG.US,D,20240924,000000,6.86,7.252,6.6052,6.9188,130057.63096231,0
VCIG.US,D,20240925,000000,6.4092,6.86,6.37,6.8208,52283.489116233,0
VCIG.US,D,20240926,000000,6.9972,8.0605,6.86,7.7812,130767.87585104,0
VCIG.US,D,20240927,000000,7.9331,8.82,7.4039,7.742,236684.46631086,0
VCIG.US,D,20240930,000000,7.791,7.9576,7.3941,7.546,62499.774697707,0
VCIG.US,D,20241001,000000,7.644,8.183,7.4333,7.9772,222074.42568446,0
VCIG.US,D,20241002,000000,7.203,7.3108,6.37,6.4533,179522.42623764,0
VCIG.US,D,20241003,000000,6.4533,7.203,6.419,6.6983,80417.162219883,0
VCIG.US,D,20241004,000000,6.762,6.86,6.4533,6.5562,41559.121908711,0
VCIG.US,D,20241007,000000,6.3749,6.7277,6.3749,6.664,44496.672890931,0
VCIG.US,D,20241008,000000,6.664,6.664,5.8849,6.272,38636.897456904,0
VCIG.US,D,20241009,000000,6.566,7.0805,6.272,6.6689,142608.36549303,0
VCIG.US,D,20241010,000000,6.909,6.9923,6.37,6.8355,39538.550506407,0
VCIG.US,D,20241011,000000,6.7179,6.811,6.468,6.664,37283.836250004,0
VCIG.US,D,20241014,000000,6.664,6.86,4.949,5.047,295077.64922522,0
VCIG.US,D,20241015,000000,5.047,5.1254,4.0033,4.214,342914.81186864,0
VCIG.US,D,20241016,000000,4.41,4.41,3.9984,4.2679,159588.79384371,0
VCIG.US,D,20241017,000000,4.41,4.41,4.067,4.165,162376.73258298,0
VCIG.US,D,20241018,000000,4.018,5.1254,4.018,4.3953,382850.87257396,0
VCIG.US,D,20241021,000000,4.1699,4.802,4.1699,4.704,332726.42424598,0
VCIG.US,D,20241022,000000,4.165,5.1352,4.165,5.0323,595564.31878828,0
VCIG.US,D,20241023,000000,5.047,5.0862,4.5227,4.8069,190268.60977141,0
VCIG.US,D,20241024,000000,5.047,5.047,4.1062,4.1454,323940.95497244,0
VCIG.US,D,20241025,000000,4.0229,4.3414,3.675,4.0768,423714.79041007,0
VCIG.US,D,20241028,000000,3.92,4.0768,3.5917,3.7534,240343.99687553,0
VCIG.US,D,20241029,000000,5.5468,6.6885,4.1062,4.6256,6476669.9158033,0
VCIG.US,D,20241030,000000,4.2287,4.41,4.0719,4.2581,433814.48415633,0
VCIG.US,D,20241031,000000,4.2434,4.2581,3.871,3.9445,384001.79092634,0
VCIG.US,D,20241101,000000,3.4251,3.4251,2.695,2.9645,542148.0337684,0
VCIG.US,D,20241104,000000,2.8567,3.087,2.6558,2.9106,284675.64936044,0
VCIG.US,D,20241105,000000,2.7,3.22,2.7,2.85,520323,0
VCIG.US,D,20241106,000000,2.75,2.84,2.0401,2.21,632636,0
VCIG.US,D,20241107,000000,2.18,2.47,2.01,2.37,313813,0
VCIG.US,D,20241108,000000,2.26,2.31,2.05,2.06,307260,0
VCIG.US,D,20241111,000000,2.05,2.0934,1.47,1.66,766723,0
VCIG.US,D,20241112,000000,1.59,1.93,1.59,1.68,514810,0
VCIG.US,D,20241113,000000,1.67,1.67,1.38,1.53,279138,0
VCIG.US,D,20241114,000000,1.49,1.8,1.45,1.66,384239,0
VCIG.US,D,20241115,000000,1.66,1.7299,1.56,1.62,171840,0
VCIG.US,D,20241118,000000,1.64,1.64,1.49,1.53,184283,0
VCIG.US,D,20241119,000000,1.55,1.74,1.52,1.56,336278,0
VCIG.US,D,20241120,000000,1.56,1.97,1.56,1.87,716912,0
VCIG.US,D,20241121,000000,1.89,2.35,1.77,2.15,612509,0
VCIG.US,D,20241122,000000,2.16,2.3,1.91,1.975,595382,0
VCIG.US,D,20241125,000000,1.98,2.05,1.75,1.82,609926,0
VCIG.US,D,20241126,000000,1.82,1.89,1.68,1.79,233074,0
VCIG.US,D,20241127,000000,2.49,7.74,2.33,4.1,257576246,0
VCIG.US,D,20241129,000000,5,5.49,4.17,4.39,29910616,0
VCIG.US,D,20241202,000000,4.38,4.99,3.02,3.18,7135870,0
VCIG.US,D,20241203,000000,3.06,3.17,2.45,2.5,3199876,0
VCIG.US,D,20241204,000000,2.95,3.67,2.51,2.54,22181690,0
VCIG.US,D,20241205,000000,2.58,2.6,2.11,2.19,2936477,0
VCIG.US,D,20241206,000000,2.23,2.4,2.1301,2.17,1683916,0
VCIG.US,D,20241209,000000,2.17,2.255,1.96,2.06,1681136,0
VCIG.US,D,20241210,000000,2.08,2.23,1.97,2.12,1937573,0
VCIG.US,D,20241211,000000,2.04,2.085,1.6,1.69,2006914,0
VCIG.US,D,20241212,000000,1.7,1.71,1.58,1.61,734870,0
VCIG.US,D,20241213,000000,1.97,2.24,1.8,1.83,55957477,0
VCIG.US,D,20241216,000000,1.69,1.86,1.51,1.63,4071635,0
VCIG.US,D,20241217,000000,1.63,1.63,1.53,1.58,1657689,0
VCIG.US,D,20241218,000000,1.59,1.66,1.4405,1.49,1850906,0
VCIG.US,D,20241219,000000,1.49,1.62,1.47,1.57,1122780,0
VCIG.US,D,20241220,000000,1.54,1.68,1.5,1.61,1110365,0
VCIG.US,D,20241223,000000,1.6,1.75,1.55,1.7,819262,0
VCIG.US,D,20241224,000000,1.7,1.745,1.6308,1.72,413582,0
VCIG.US,D,20241226,000000,1.71,1.95,1.71,1.87,1375074,0
VCIG.US,D,20241227,000000,1.98,1.99,1.6,1.67,2061017,0
VCIG.US,D,20241230,000000,1.77,1.9,1.61,1.835,4896607,0
VCIG.US,D,20241231,000000,1.88,1.882,1.74,1.76,1433976,0
VCIG.US,D,20250102,000000,1.85,1.85,1.66,1.665,1054827,0
VCIG.US,D,20250103,000000,1.7,1.94,1.67,1.89,1394155,0
VCIG.US,D,20250106,000000,1.89,1.9,1.82,1.88,584431,0
VCIG.US,D,20250107,000000,1.9,1.9,1.7106,1.75,1078613,0
VCIG.US,D,20250108,000000,1.74,1.77,1.66,1.73,585701,0
VCIG.US,D,20250110,000000,1.73,1.7699,1.68,1.74,617727,0
VCIG.US,D,20250113,000000,1.73,2,1.675,1.96,1383266,0
VCIG.US,D,20250114,000000,1.88,2.055,1.86,1.95,1427758,0
VCIG.US,D,20250115,000000,2.01,2.15,1.52,1.535,6614319,0
VCIG.US,D,20250116,000000,1.6,1.63,1.28,1.3,2919197,0
VCIG.US,D,20250117,000000,1.41,1.43,1.25,1.3,7047308,0
VCIG.US,D,20250121,000000,1.39,1.43,1.27,1.27,10633658,0
VCIG.US,D,20250122,000000,1.28,1.3,1.08,1.19,2954505,0
VCIG.US,D,20250123,000000,1.23,1.36,1.18,1.28,2579418,0
VCIG.US,D,20250124,000000,1.22,1.2201,1.15,1.2,1334684,0
VCIG.US,D,20250127,000000,1.51,1.51,1.08,1.11,22039542,0
VCIG.US,D,20250128,000000,1.1,1.14,1.03,1.06,2945198,0
VCIG.US,D,20250129,000000,1.03,1.05,0.95,0.9821,1933528,0
VCIG.US,D,20250130,000000,1.01,1.1452,0.98,1.12,1914973,0
VCIG.US,D,20250131,000000,1.1,1.11,1.03,1.04,1003400,0
VCIG.US,D,20250203,000000,1.01,1.06,1,1.03,1343977,0
VCIG.US,D,20250204,000000,1.03,1.06,1,1,1451978,0
VCIG.US,D,20250205,000000,1,1.1804,0.94,1.03,2216947,0
VCIG.US,D,20250206,000000,1.03,1.045,0.98,1,1092803,0
VCIG.US,D,20250207,000000,0.99,1.01,0.925,0.9518,1194765,0
VCIG.US,D,20250210,000000,0.9519,0.99,0.925,0.9549,977713,0
VCIG.US,D,20250211,000000,0.93,0.96,0.891,0.9076,858118,0
VCIG.US,D,20250212,000000,0.9654,0.9924,0.91,0.9527,2868022,0
VCIG.US,D,20250213,000000,0.9133,0.935,0.8919,0.8985,1066983,0
