<TICKER>,<PER>,<DATE>,<TIME>,<OPEN>,<HIGH>,<LOW>,<CLOSE>,<VOL>,<OPENINT>
VMAR.US,D,20201124,000000,1489.05,2322,1444.5,1949.4,30726.6740587111,0
VMAR.US,D,20201125,000000,1956.15,2146.5,1741.5,1918.35,9929.503698738941,0
VMAR.US,D,20201127,000000,1927.8,2057.19,1822.5,1906.2,3271.696294660415,0
VMAR.US,D,20201130,000000,1906.2,1967.63,1755,1775.25,4721.59259023174,0
VMAR.US,D,20201201,000000,1784.7,1822.5,1509.3,1726.65,9481.02962488908,0
VMAR.US,D,20201202,000000,1647,1664.55,1540.35,1555.2,4881.992590151563,0
VMAR.US,D,20201203,000000,1607.85,1810.35,1580.85,1767.15,4708.518516164259,0
VMAR.US,D,20201204,000000,1779.3,2038.5,1676.7,2012.85,7231.540737125015,0
VMAR.US,D,20201207,000000,1971,2047.95,1795.5,1811.7,4754.548145770897,0
VMAR.US,D,20201208,000000,1845.45,1888.65,1675.35,1741.5,5285.725923283052,0
VMAR.US,D,20201209,000000,1768.5,1976.4,1688.85,1788.75,8184.251847759749,0
VMAR.US,D,20201210,000000,1732.05,1811.7,1714.5,1792.8,2690.577776432533,0
VMAR.US,D,20201211,000000,1755,1822.5,1687.5,1688.85,2648.9555542310445,0
VMAR.US,D,20201214,000000,1748.25,1748.28,1572.75,1621.35,3079.614813275052,0
VMAR.US,D,20201215,000000,1626.75,1659.15,1512,1605.15,2525.392591329941,0
VMAR.US,D,20201216,000000,1580.85,1640.25,1557.4,1607.85,1194.4666660694222,0
VMAR.US,D,20201217,000000,1647,2052,1630.4,1745.55,16952.414806338697,0
VMAR.US,D,20201218,000000,1769.85,1867.01,1714.5,1757.7,3444.6222204999335,0
VMAR.US,D,20201221,000000,1849.5,2253.15,1840.05,2141.1,17321.16295430217,0
VMAR.US,D,20201222,000000,2263.01,2416.5,2043.41,2114.1,11227.718512904503,0
VMAR.US,D,20201223,000000,2092.5,2200.5,1979.1,2031.75,3552.192590816474,0
VMAR.US,D,20201224,000000,2087.1,2087.1,1842.75,1906.2,3442.1333316123114,0
VMAR.US,D,20201228,000000,1930.5,1941.3,1809,1888.65,2181.9333322424,0
VMAR.US,D,20201229,000000,1842.75,1875.15,1710.45,1784.7,3262.155553924511,0
VMAR.US,D,20201230,000000,1779.3,1929.15,1757.7,1875.15,1947.1851842115927,0
VMAR.US,D,20201231,000000,1827.9,1867.05,1786.05,1815.75,1010.5111106058555,0
VMAR.US,D,20210104,000000,1823.85,1875.15,1741.5,1845.45,1391.2296289339924,0
VMAR.US,D,20210105,000000,1829.25,1962.9,1804.95,1931.85,2282.637035895696,0
VMAR.US,D,20210106,000000,1987.2,2159.11,1892.7,1903.5,5115.274071516393,0
VMAR.US,D,20210107,000000,1952.1,2010.15,1933.2,1961.55,1320.125925265874,0
VMAR.US,D,20210108,000000,1960.2,1991.25,1776.6,1800.9,2878.9259244865184,0
VMAR.US,D,20210111,000000,1836,1971,1815.75,1898.1,3814.392590685385,0
VMAR.US,D,20210112,000000,1881.9,1890,1804.96,1853.55,1755.792591714652,0
VMAR.US,D,20210113,000000,1858.95,1964.25,1822.5,1922.4,1849.5999990751775,0
VMAR.US,D,20210114,000000,1956.15,2282.85,1947.06,2134.35,5175.992590004563,0
VMAR.US,D,20210115,000000,2160,2180.25,1919.7,1939.95,3437.725924207052,0
VMAR.US,D,20210119,000000,1957.5,2119.5,1903.55,2079,3608.511109306822,0
VMAR.US,D,20210120,000000,2037.15,2079,1949.4,1996.65,1497.1703696218296,0
VMAR.US,D,20210121,000000,2027.7,2120.85,1991.25,2106,1919.8740731141258,0
VMAR.US,D,20210122,000000,2092.5,2227.5,2065.5,2111.4,3179.903702113763,0
VMAR.US,D,20210125,000000,2147.85,2158.65,1938.6,2049.3,2362.681480300096,0
VMAR.US,D,20210126,000000,2022.3,2137.05,1998,2083.05,1885.3481472054295,0
VMAR.US,D,20210127,000000,2022.3,2133,1903.5,2025,3381.822220531289,0
VMAR.US,D,20210128,000000,2043.9,2124.9,1939.95,2108.7,4917.251849393192,0
VMAR.US,D,20210129,000000,2068.2,2101.95,1950.75,2002.05,2262.711109979733,0
VMAR.US,D,20210201,000000,1999.35,2037.15,1930.5,1998,1228.9111104966444,0
VMAR.US,D,20210202,000000,1998,2004.81,1877.85,1895.4,1557.696295517415,0
VMAR.US,D,20210203,000000,1910.25,1993.95,1863,1945.35,1525.540739978015,0
VMAR.US,D,20210204,000000,1953.45,2001.62,1931.85,1954.8,687.0370366935185,0
VMAR.US,D,20210205,000000,1962.9,2043.9,1911.6,1977.75,876.5703699320852,0
VMAR.US,D,20210208,000000,2012.85,2361.13,1958.85,2188.35,5769.970367485363,0
VMAR.US,D,20210209,000000,2177.55,2214,2065.5,2182.95,2062.5703693390965,0
VMAR.US,D,20210210,000000,2226.15,2227.5,2010.15,2099.25,1243.6962956744148,0
VMAR.US,D,20210211,000000,2160,2176.72,2010.15,2025,906.7407402873704,0
VMAR.US,D,20210212,000000,2025,2091.15,2025,2045.25,1170.9111105256445,0
VMAR.US,D,20210216,000000,2092.5,2102.63,2025,2034.45,1102.6074068561036,0
VMAR.US,D,20210217,000000,2052,2075.63,1923.75,1942.65,1106.4518512986258,0
VMAR.US,D,20210218,000000,1934.55,1948.05,1810.35,1824.53,1520.6296288693704,0
VMAR.US,D,20210219,000000,1842.75,1917,1829.25,1883.25,1062.0296290986148,0
VMAR.US,D,20210222,000000,1876.5,1891.35,1768.5,1771.2,1238.7999993806443,0
VMAR.US,D,20210223,000000,1755,1755,1455.38,1611.9,1661.9407399097258,0
VMAR.US,D,20210224,000000,1647,1647,1570.05,1607.85,924.1407402786704,0
VMAR.US,D,20210225,000000,1607.85,1671.3,1530.21,1549.8,1304.037036385074,0
VMAR.US,D,20210226,000000,1552.5,1615.95,1498.5,1540.35,1050.8370365116184,0
VMAR.US,D,20210301,000000,1588.95,1593,1532.25,1533.6,835.4222218045111,0
VMAR.US,D,20210302,000000,1560.6,1563.3,1499.85,1517.4,672.6148144785075,0
VMAR.US,D,20210303,000000,1512,1536.3,1375.2,1381.05,916.5999995417,0
VMAR.US,D,20210304,000000,1372.95,1408,1215,1246.05,1920.392591632385,0
VMAR.US,D,20210305,000000,1282.5,1321.65,1121.85,1252.8,1121.4296290689038,0
VMAR.US,D,20210308,000000,1298.7,1304.1,1215,1228.5,935.4148143471075,0
VMAR.US,D,20210309,000000,1248.75,1301.38,1248.75,1277.1,549.9555552805778,0
VMAR.US,D,20210310,000000,1312.2,1377,1300.05,1306.8,812.9037032972518,0
VMAR.US,D,20210311,000000,1348.65,1376.33,1316.25,1363.5,470.79999976460005,0
VMAR.US,D,20210312,000000,1354.05,1383.62,1323,1358.1,312.11111095505555,0
VMAR.US,D,20210315,000000,1371.6,1404,1359.45,1385.1,322.3555553943778,0
VMAR.US,D,20210316,000000,1387.8,1398.6,1320.3,1343.25,370.5851849998926,0
VMAR.US,D,20210317,000000,1320.3,1335.13,1282.5,1290.6,577.0962960077482,0
VMAR.US,D,20210318,000000,1306.8,1306.8,1215,1221.75,588.4814811872407,0
VMAR.US,D,20210319,000000,1239.3,1263.06,1201.5,1216.35,634.1481478310741,0
VMAR.US,D,20210322,000000,1225.8,1246.05,1170.45,1170.45,544.4518515796259,0
VMAR.US,D,20210323,000000,1167.75,1186.63,1074.6,1096.2,737.0814811129408,0
VMAR.US,D,20210324,000000,1111.05,1146.46,1023.3,1038.15,588.9925922980963,0
VMAR.US,D,20210325,000000,1005.75,1018.48,931.5,1012.5,1086.9777772342889,0
VMAR.US,D,20210326,000000,1065.96,1069.2,954.45,958.5,935.6148143470074,0
VMAR.US,D,20210329,000000,970.65,1012.5,947.7,990.9,380.8814812910407,0
VMAR.US,D,20210330,000000,969.3,1046.25,966.609,1040.85,540.2074071373037,0
VMAR.US,D,20210331,000000,1077.3,1077.3,1012.5,1012.5,542.5185182472593,0
VMAR.US,D,20210401,000000,1015.2,1066.5,1015.2,1021.95,276.99259245409627,0
VMAR.US,D,20210405,000000,1035.45,1073.23,1017.9,1036.8,334.3703702031852,0
VMAR.US,D,20210406,000000,1040.85,1100.25,1020.6,1090.8,747.8222218483111,0
VMAR.US,D,20210407,000000,1093.5,1113.75,1035.45,1044.9,557.7629626840815,0
VMAR.US,D,20210408,000000,1044.9,1247.4,1019.25,1182.6,5717.259256400629,0
VMAR.US,D,20210409,000000,1188,1206.77,1067.85,1071.9,1024.4074068952036,0
VMAR.US,D,20210412,000000,1066.5,1096.2,963.9,977.4,810.8666662612334,0
VMAR.US,D,20210413,000000,981.45,981.45,934.2,947.7,640.1629626428814,0
VMAR.US,D,20210414,000000,967.95,967.95,895.05,911.25,776.5555551672777,0
VMAR.US,D,20210415,000000,931.5,931.5,819.45,831.6,1168.3555549714222,0
VMAR.US,D,20210416,000000,837,874.8,823.5,857.25,646.9629626394815,0
VMAR.US,D,20210419,000000,865.35,865.35,816.75,831.6,361.1999998194,0
VMAR.US,D,20210420,000000,830.25,848.772,811.35,819.45,269.08888875434445,0
VMAR.US,D,20210421,000000,819.45,899.1,819.45,891,783.7259255340629,0
VMAR.US,D,20210422,000000,907.2,945,877.5,918,873.0222217857112,0
VMAR.US,D,20210423,000000,922.05,935.226,884.25,916.65,597.651851553026,0
VMAR.US,D,20210426,000000,911.25,958.5,907.2,949.05,571.6148145290074,0
VMAR.US,D,20210427,000000,945,985.5,918,918,476.9037034652518,0
VMAR.US,D,20210428,000000,918,959.85,915.3,950.4,319.88888872894444,0
VMAR.US,D,20210429,000000,958.5,999,912.6,984.15,587.6888885950444,0
VMAR.US,D,20210430,000000,976.05,1031.4,965.25,965.25,247.34814802447409,0
VMAR.US,D,20210503,000000,966.6,1058.38,965.25,999,576.4814811932407,0
VMAR.US,D,20210504,000000,989.55,1005.75,931.5,976.05,295.0296294821148,0
VMAR.US,D,20210505,000000,981.45,997.65,959.85,977.4,399.9851849851926,0
VMAR.US,D,20210506,000000,988.2,997.65,918,931.5,387.88148128754074,0
VMAR.US,D,20210507,000000,935.55,971.982,909.9,969.3,670.422221887011,0
VMAR.US,D,20210510,000000,967.95,978.75,922.05,945,327.5851850213926,0
VMAR.US,D,20210511,000000,919.35,978.75,918.009,938.25,288.36296281878145,0
VMAR.US,D,20210512,000000,926.1,993.6,926.1,982.8,581.2888885982444,0
VMAR.US,D,20210513,000000,985.5,1036.13,970.65,1001.7,575.8148145269074,0
VMAR.US,D,20210514,000000,1013.85,1065.15,999,1009.8,279.4222220825111,0
VMAR.US,D,20210517,000000,1026,1032.75,965.25,970.65,289.8962961513481,0
VMAR.US,D,20210518,000000,976.05,1010.46,959.85,970.65,248.26666654253336,0
VMAR.US,D,20210519,000000,959.85,959.85,872.1,886.95,591.7333330374667,0
VMAR.US,D,20210520,000000,891,930.825,891,908.55,237.67407395523705,0
VMAR.US,D,20210521,000000,918,936.9,904.023,926.1,380.0074072174037,0
VMAR.US,D,20210524,000000,939.6,939.6,905.85,928.8,168.77037028598517,0
VMAR.US,D,20210525,000000,928.8,928.8,870.75,907.2,457.59999977120003,0
VMAR.US,D,20210526,000000,895.05,918,872.1,893.7,381.70370351285186,0
VMAR.US,D,20210527,000000,896.4,931.5,896.4,926.1,237.4148146961074,0
VMAR.US,D,20210528,000000,938.25,1001.7,927.45,994.95,561.2444441638222,0
VMAR.US,D,20210601,000000,1030.05,1040.85,996.3,1026,597.2370367384185,0
VMAR.US,D,20210602,000000,1026,1417.5,1016.55,1350,10100.814809764408,0
VMAR.US,D,20210603,000000,1296,1363.5,1227.15,1362.15,2188.355554461422,0
VMAR.US,D,20210604,000000,1377,1397.25,1225.8,1306.8,829.2666662520334,0
VMAR.US,D,20210607,000000,1336.5,1390.5,1312.2,1390.5,700.577777427489,0
VMAR.US,D,20210608,000000,1417.5,1599.75,1417.5,1590.3,1950.274073098948,0
VMAR.US,D,20210609,000000,1564.65,1601.89,1421.55,1421.55,785.9555551625778,0
VMAR.US,D,20210610,000000,1441.8,1618.65,1421.55,1555.2,914.3037032465519,0
VMAR.US,D,20210611,000000,1578.15,1610.33,1530.9,1552.5,561.5999997192,0
VMAR.US,D,20210614,000000,1545.75,1545.75,1405.33,1485,487.8074071635037,0
VMAR.US,D,20210615,000000,1530.9,1530.9,1424.25,1468.8,204.4148147126074,0
VMAR.US,D,20210616,000000,1445.85,1445.85,1323,1356.75,614.2148145077074,0
VMAR.US,D,20210617,000000,1340.55,1376.98,1319.95,1356.75,217.11851840995925,0
VMAR.US,D,20210618,000000,1356.75,1367.55,1317.61,1358.1,157.33333325466666,0
VMAR.US,D,20210621,000000,1364.85,1364.85,1287.9,1321.65,343.6666664948333,0
VMAR.US,D,20210622,000000,1313.55,1394.55,1287.9,1394.55,241.81481469390738,0
VMAR.US,D,20210623,000000,1394.55,1456.65,1314.9,1348.79,205.9703702673852,0
VMAR.US,D,20210624,000000,1354.05,1382.4,1296,1312.2,390.6370368417185,0
VMAR.US,D,20210625,000000,1333.8,1344.58,1223.1,1256.85,423.8222220103111,0
VMAR.US,D,20210628,000000,1256.85,1282.5,1233.9,1278.45,201.31851841785925,0
VMAR.US,D,20210629,000000,1320.3,1327.05,1293.3,1324.35,316.12592576786295,0
VMAR.US,D,20210630,000000,1329.75,1329.75,1247.4,1289.25,225.9851850721926,0
VMAR.US,D,20210701,000000,1277.1,1298.7,1270.35,1270.35,219.1629628533815,0
VMAR.US,D,20210702,000000,1275.75,1329.75,1264.95,1327.05,653.9925922655963,0
VMAR.US,D,20210706,000000,1328.4,1348.65,1215,1215,531.4222219565111,0
VMAR.US,D,20210707,000000,1210.95,1247.38,1146.15,1163.7,447.0518516283259,0
VMAR.US,D,20210708,000000,1147.5,1147.5,1073.25,1085.4,739.525925556163,0
VMAR.US,D,20210709,000000,1085.4,1137.65,1085.4,1098.9,250.94074061527036,0
VMAR.US,D,20210712,000000,1113.75,1171.8,1084.06,1165.05,531.3999997343,0
VMAR.US,D,20210713,000000,1154.25,1185.3,1120.5,1127.25,171.97037028438518,0
VMAR.US,D,20210714,000000,1135.35,1135.35,1080,1101.6,168.48888880464443,0
VMAR.US,D,20210715,000000,1082.7,1098.9,1042.2,1059.75,201.89629619534813,0
VMAR.US,D,20210716,000000,1069.2,1093.5,1036.8,1036.8,172.2074073213037,0
VMAR.US,D,20210719,000000,1063.8,1075.95,994.95,1007.1,241.27407395343704,0
VMAR.US,D,20210720,000000,1057.05,1057.05,1007.1,1027.35,122.25925919812963,0
VMAR.US,D,20210721,000000,1020.6,1073.25,1001.7,1005.75,359.22962945001484,0
VMAR.US,D,20210722,000000,1026,1047.6,974.7,1003.05,265.56296283018145,0
VMAR.US,D,20210723,000000,1004.4,1024.65,986.85,1008.45,107.75555550167778,0
VMAR.US,D,20210726,000000,1005.75,1020.58,969.3,969.3,212.08148137544075,0
VMAR.US,D,20210727,000000,974.7,974.7,928.8,936.9,125.68888882604445,0
VMAR.US,D,20210728,000000,931.5,993.6,927.459,985.5,259.0148146853074,0
VMAR.US,D,20210729,000000,974.025,1008.45,931.509,938.25,167.6074073236037,0
VMAR.US,D,20210730,000000,932.85,955.125,932.85,936.9,384.78518499279255,0
VMAR.US,D,20210802,000000,956.583,956.583,934.2,939.6,163.66666658483334,0
VMAR.US,D,20210803,000000,953.1,953.1,912.6,939.6,223.0666665551333,0
VMAR.US,D,20210804,000000,945,963.9,924.75,959.85,220.4296295194148,0
VMAR.US,D,20210805,000000,973.35,973.35,940.95,957.15,143.91851844655926,0
VMAR.US,D,20210806,000000,959.85,969.192,946.35,955.8,165.9851851021926,0
VMAR.US,D,20210809,000000,977.4,1034.1,961.2,1005.75,293.02222207571106,0
VMAR.US,D,20210810,000000,999,1000.35,973.359,996.3,141.50370363295187,0
VMAR.US,D,20210811,000000,985.5,998.325,976.05,988.2,175.65185176402593,0
VMAR.US,D,20210812,000000,978.75,992.25,949.05,949.05,94.98518513769258,0
VMAR.US,D,20210813,000000,945,977.4,904.5,904.5,196.50370360545185,0
VMAR.US,D,20210816,000000,897.75,905.85,872.1,889.65,244.9999998775,0
VMAR.US,D,20210817,000000,885.6,900.099,824.85,851.85,374.1629627758815,0
VMAR.US,D,20210818,000000,861.3,861.3,834.3,843.75,155.6222221444111,0
VMAR.US,D,20210819,000000,845.1,853.2,823.5,835.65,182.6592591679296,0
VMAR.US,D,20210820,000000,828.9,859.95,828.9,841.725,194.3851850879926,0
VMAR.US,D,20210823,000000,845.1,879.525,841.05,874.814,130.07407400903705,0
VMAR.US,D,20210824,000000,878.85,990.9,878.85,977.4,569.6666663818334,0
VMAR.US,D,20210825,000000,993.6,996.3,951.75,976.05,156.72592584756296,0
VMAR.US,D,20210826,000000,962.55,965.25,797.85,832.95,3555.7629611851257,0
VMAR.US,D,20210827,000000,837,964.953,811.35,931.5,2042.6814804600965,0
VMAR.US,D,20210830,000000,919.35,930.177,861.759,874.8,583.8148145229075,0
VMAR.US,D,20210831,000000,862.65,890.325,856.575,866.7,370.54814796287405,0
VMAR.US,D,20210901,000000,872.1,889.65,839.714,843.75,402.15555535447777,0
VMAR.US,D,20210902,000000,861.3,889.65,846.464,866.7,276.8814813430408,0
VMAR.US,D,20210903,000000,862.65,881.55,823.5,843.75,648.1555552314778,0
VMAR.US,D,20210907,000000,861.3,882.09,839.7,857.25,448.22222199811114,0
VMAR.US,D,20210908,000000,864,872.1,836.325,853.2,223.03703692551852,0
VMAR.US,D,20210909,000000,850.5,916.65,838.35,915.3,614.8296293222148,0
VMAR.US,D,20210910,000000,918,942.3,901.935,927.45,602.5555552542778,0
VMAR.US,D,20210913,000000,940.95,958.5,919.35,938.25,791.4962959005481,0
VMAR.US,D,20210914,000000,938.25,938.25,911.25,936.9,467.56296272918144,0
VMAR.US,D,20210915,000000,938.25,938.25,916.65,924.75,155.92592584796296,0
VMAR.US,D,20210916,000000,939.6,939.6,904.5,922.05,166.66666658333332,0
VMAR.US,D,20210917,000000,924.75,967.95,907.2,924.75,451.93333310736665,0
VMAR.US,D,20210920,000000,913.95,924.75,859.95,915.3,339.74814797827406,0
VMAR.US,D,20210921,000000,920.7,920.7,896.4,904.5,80.1999999599,0
VMAR.US,D,20210922,000000,900.45,900.45,870.75,870.75,199.72592582606296,0
VMAR.US,D,20210923,000000,870.75,883.103,870.75,878.85,103.29629624464815,0
VMAR.US,D,20210924,000000,873.45,884.25,870.75,870.75,84.85925921682963,0
VMAR.US,D,20210927,000000,884.25,920.7,877.5,919.35,300.19259244249633,0
VMAR.US,D,20210928,000000,919.35,945,911.25,931.5,357.71111093225556,0
VMAR.US,D,20210929,000000,932.85,951.75,922.05,935.55,180.56296287268148,0
VMAR.US,D,20210930,000000,932.85,939.6,907.209,924.75,100.12592587586296,0
VMAR.US,D,20211001,000000,930.15,969.3,920.7,967.95,168.5851851008926,0
VMAR.US,D,20211004,000000,969.3,992.25,908.55,915.3,424.6444442321222,0
VMAR.US,D,20211005,000000,918,934.533,891,897.75,153.8074073305037,0
VMAR.US,D,20211006,000000,896.4,913.932,854.55,872.1,303.53333318156666,0
VMAR.US,D,20211007,000000,877.5,907.2,877.5,899.1,99.97777772778889,0
VMAR.US,D,20211008,000000,909.9,923.4,895.05,912.6,85.6074073646037,0
VMAR.US,D,20211011,000000,912.6,919.35,874.8,880.2,60.32592589576297,0
VMAR.US,D,20211012,000000,877.5,918,877.5,905.85,99.17037032078518,0
VMAR.US,D,20211013,000000,897.75,927.315,897.75,922.05,106.24444439132222,0
VMAR.US,D,20211014,000000,920.7,920.7,859.95,878.85,511.50370344795186,0
VMAR.US,D,20211015,000000,899.1,900.45,864,877.5,238.9999998805,0
VMAR.US,D,20211018,000000,877.5,877.5,849.15,851.85,120.8296295692148,0
VMAR.US,D,20211019,000000,865.35,870.75,837,837,191.31851842285926,0
VMAR.US,D,20211020,000000,850.5,876.15,850.5,870.75,257.18518505659256,0
VMAR.US,D,20211021,000000,870.75,918,846.45,850.5,330.74074057537035,0
VMAR.US,D,20211022,000000,858.6,870.75,842.4,868.05,406.94074053727036,0
VMAR.US,D,20211025,000000,884.25,970.65,884.25,945,974.1333328462666,0
VMAR.US,D,20211026,000000,970.65,972,888.3,924.75,360.54814796787406,0
VMAR.US,D,20211027,000000,951.75,958.5,908.55,958.5,336.2074072393037,0
VMAR.US,D,20211028,000000,958.5,962.55,930.15,938.25,303.60740725560373,0
VMAR.US,D,20211029,000000,946.35,969.3,940.95,953.1,444.5629627406814,0
VMAR.US,D,20211101,000000,958.5,969.3,934.2,962.55,378.12592573686294,0
VMAR.US,D,20211102,000000,958.5,958.5,904.5,913.95,326.6296294663148,0
VMAR.US,D,20211103,000000,905.85,912.6,884.25,896.4,354.3925924153963,0
VMAR.US,D,20211104,000000,889.65,931.5,859.95,859.95,292.9777776312889,0
VMAR.US,D,20211105,000000,868.05,897.791,853.2,853.2,281.37777763708885,0
VMAR.US,D,20211108,000000,847.8,891,831.6,870.75,514.4370367798185,0
VMAR.US,D,20211109,000000,880.2,884.25,859.95,872.1,262.8666665352333,0
VMAR.US,D,20211110,000000,876.137,876.137,847.8,861.3,157.67407399523705,0
VMAR.US,D,20211111,000000,876.15,889.637,850.5,855.9,237.71851839965925,0
VMAR.US,D,20211112,000000,857.25,897.75,853.2,889.65,194.27407397693705,0
VMAR.US,D,20211115,000000,903.15,904.5,864,874.8,209.88148137654073,0
VMAR.US,D,20211116,000000,891,891,838.35,866.025,433.7999997831,0
VMAR.US,D,20211117,000000,855.9,877.5,837,877.5,242.71111098975555,0
VMAR.US,D,20211118,000000,859.95,876.15,823.5,851.85,219.9851850751926,0
VMAR.US,D,20211119,000000,837,891,830.264,891,446.3407405175704,0
VMAR.US,D,20211122,000000,903.15,969.282,864,897.278,2379.9037025137627,0
VMAR.US,D,20211123,000000,943.65,944.406,850.5,869.4,434.92592570846296,0
VMAR.US,D,20211124,000000,878.85,911.232,864.014,896.4,515.0370367795185,0
VMAR.US,D,20211126,000000,895.05,895.05,843.75,855.9,308.9037035492518,0
VMAR.US,D,20211129,000000,858.6,877.5,816.75,827.55,204.84444434202223,0
VMAR.US,D,20211130,000000,827.55,837,795.15,835.65,342.58518501389256,0
VMAR.US,D,20211201,000000,826.2,859.95,805.964,818.1,556.9111108326555,0
VMAR.US,D,20211202,000000,810,842.4,766.8,783,300.0296294796148,0
VMAR.US,D,20211203,000000,783,792.45,731.7,758.7,746.4444440712223,0
VMAR.US,D,20211206,000000,768.15,783,743.702,770.175,219.14074063117036,0
VMAR.US,D,20211207,000000,793.8,852.795,783,834.3,541.2814812108408,0
VMAR.US,D,20211208,000000,857.25,859.95,815.4,826.2,91.97037032438519,0
VMAR.US,D,20211209,000000,818.1,864,816.75,853.2,222.63703692571852,0
VMAR.US,D,20211210,000000,838.35,857.25,810,830.25,82.95555551407777,0
VMAR.US,D,20211213,000000,820.8,850.5,810,822.15,339.92592575596296,0
VMAR.US,D,20211214,000000,845.1,857.25,730.35,745.2,575.2814811938408,0
VMAR.US,D,20211215,000000,742.5,783,735.75,735.75,295.1555554079778,0
VMAR.US,D,20211216,000000,741.15,780.3,731.7,746.55,660.9999996695,0
VMAR.US,D,20211217,000000,724.95,741.164,685.8,703.35,399.32592572626294,0
VMAR.US,D,20211220,000000,711.45,738.45,677.7,710.1,348.94814797367405,0
VMAR.US,D,20211221,000000,708.75,732.74,680.4,685.8,335.6814813136407,0
VMAR.US,D,20211222,000000,704.025,710.762,670.95,687.15,392.02222202621107,0
VMAR.US,D,20211223,000000,688.5,715.5,670.937,704.7,566.0666663836333,0
VMAR.US,D,20211227,000000,700.65,715.5,668.993,684.45,464.7185182861593,0
VMAR.US,D,20211228,000000,676.35,682.425,646.65,656.1,376.4962961080481,0
VMAR.US,D,20211229,000000,637.2,645.975,616.95,621,604.9333330308666,0
VMAR.US,D,20211230,000000,648,648,615.6,625.05,429.6222220074111,0
VMAR.US,D,20211231,000000,627.75,676.35,614.25,653.4,629.3333330186666,0
VMAR.US,D,20220103,000000,658.8,675,643.95,662.837,234.93333321586667,0
VMAR.US,D,20220104,000000,750.6,769.5,681.75,739.8,4716.103701345674,0
VMAR.US,D,20220105,000000,739.8,739.8,666.9,670.95,1000.9333328328665,0
VMAR.US,D,20220106,000000,665.55,680.4,649.269,661.5,302.4296294784148,0
VMAR.US,D,20220107,000000,653.4,675,648,650.7,168.03703695301854,0
VMAR.US,D,20220110,000000,673.65,704.7,637.2,642.6,294.53333318606667,0
VMAR.US,D,20220111,000000,650.7,683.1,629.1,641.25,126.94814808467409,0
VMAR.US,D,20220112,000000,652.05,654.075,631.8,631.8,157.87407399513702,0
VMAR.US,D,20220113,000000,642.6,643.572,594,594,344.2074072353037,0
VMAR.US,D,20220114,000000,584.55,670.95,567,612.9,461.9481479171741,0
VMAR.US,D,20220118,000000,607.5,621,600.75,618.3,348.39259241839625,0
VMAR.US,D,20220119,000000,615.6,634.5,596.025,608.175,152.5925925162963,0
VMAR.US,D,20220120,000000,600.75,612.9,587.25,591.3,183.5999999082,0
VMAR.US,D,20220121,000000,614.25,614.25,579.164,594,159.59999992020002,0
VMAR.US,D,20220124,000000,592.65,592.65,528.12,565.65,221.57777766698888,0
VMAR.US,D,20220125,000000,594,606.15,554.85,600.75,139.28148141184073,0
VMAR.US,D,20220126,000000,606.15,607.5,567,585.9,94.92592587846296,0
VMAR.US,D,20220127,000000,580.5,607.5,564.3,572.4,245.5185183957593,0
VMAR.US,D,20220128,000000,579.15,587.25,533.25,564.3,581.9555552645778,0
VMAR.US,D,20220131,000000,587.25,671.369,587.25,637.2,969.9555550705778,0
VMAR.US,D,20220201,000000,689.85,691.2,653.4,668.25,354.4444442672222,0
VMAR.US,D,20220202,000000,668.25,703.35,650.7,664.2,226.03703692401854,0
VMAR.US,D,20220203,000000,688.5,688.5,653.4,668.25,71.34074070507037,0
VMAR.US,D,20220204,000000,665.55,665.55,637.2,641.25,290.6666665213333,0
VMAR.US,D,20220207,000000,669.6,669.6,638.55,641.25,296.11851837045924,0
VMAR.US,D,20220208,000000,637.2,669.6,637.2,648,181.68148139064076,0
VMAR.US,D,20220209,000000,642.6,648,616.95,625.05,312.0074072514037,0
VMAR.US,D,20220210,000000,621,627.75,600.75,627.75,324.88148131904074,0
VMAR.US,D,20220211,000000,634.5,756,634.5,718.2,3332.8592575928074,0
VMAR.US,D,20220214,000000,747.9,747.9,676.499,741.15,491.33333308766663,0
VMAR.US,D,20220215,000000,758.7,828.9,742.5,815.4,496.5999997517,0
VMAR.US,D,20220216,000000,828.9,940.95,796.5,913.95,1218.3037030945852,0
VMAR.US,D,20220217,000000,913.95,927.45,853.2,886.95,477.65925902042966,0
VMAR.US,D,20220218,000000,877.5,888.3,810,861.3,550.1703700952852,0
VMAR.US,D,20220222,000000,854.55,911.223,834.3,873.45,547.6962960224481,0
VMAR.US,D,20220223,000000,870.75,911.25,861.327,895.05,354.348147970974,0
VMAR.US,D,20220224,000000,877.5,877.5,797.85,866.7,696.777777429389,0
VMAR.US,D,20220225,000000,877.5,924.75,866.7,915.3,790.2296292345148,0
VMAR.US,D,20220228,000000,953.1,1003.05,918,992.25,1160.5999994197334,0
VMAR.US,D,20220301,000000,1005.75,1046.25,978.75,988.2,667.1407404071704,0
VMAR.US,D,20220302,000000,985.5,1048.95,985.5,1011.83,351.1777776021889,0
VMAR.US,D,20220303,000000,1012.5,1035.45,987.264,1024.65,515.548147890374,0
VMAR.US,D,20220304,000000,1015.2,1023.3,949.05,965.25,278.7481480087741,0
VMAR.US,D,20220307,000000,957.15,957.15,831.6,849.15,759.4444440647222,0
VMAR.US,D,20220308,000000,839.7,886.14,839.7,855.225,82.0074073664037,0
VMAR.US,D,20220309,000000,873.45,898.884,855.9,865.35,106.1925925394963,0
VMAR.US,D,20220310,000000,846.45,864,843.75,861.3,148.12592585186297,0
VMAR.US,D,20220311,000000,853.2,901.8,853.2,889.65,261.4666665359333,0
VMAR.US,D,20220314,000000,878.85,878.85,816.75,818.1,276.43703689881846,0
VMAR.US,D,20220315,000000,835.151,849.15,810,823.5,277.11851837995926,0
VMAR.US,D,20220316,000000,823.5,955.8,750.6,891,632.4814811652408,0
VMAR.US,D,20220317,000000,935.55,951.75,862.65,918,563.0888886073444,0
VMAR.US,D,20220318,000000,918,929.475,876.15,900.45,338.0888887198445,0
VMAR.US,D,20220321,000000,891,903.15,877.5,877.5,91.17777773218889,0
VMAR.US,D,20220322,000000,882.9,901.8,822.15,855.9,430.34074052557037,0
VMAR.US,D,20220323,000000,868.05,876.15,819.45,824.85,470.9555553200778,0
VMAR.US,D,20220324,000000,891,891,824.85,830.25,177.39259250389628,0
VMAR.US,D,20220325,000000,892.35,903.15,843.75,854.55,139.27407400443704,0
VMAR.US,D,20220328,000000,842.4,904.5,837,839.7,171.3777776920889,0
VMAR.US,D,20220329,000000,850.5,877.5,845.1,859.95,100.28888883874446,0
VMAR.US,D,20220330,000000,853.2,891,852.444,864,146.5851851118926,0
VMAR.US,D,20220331,000000,870.75,891,838.35,891,106.68888883554445,0
VMAR.US,D,20220401,000000,897.075,931.482,857.25,877.5,186.77037027698518,0
VMAR.US,D,20220404,000000,865.688,877.5,843.75,870.75,80.1925925524963,0
VMAR.US,D,20220405,000000,864,864,816.75,829.575,132.05185178582593,0
VMAR.US,D,20220406,000000,810,827.55,783,796.487,204.31111100895555,0
VMAR.US,D,20220407,000000,795.15,796.5,762.75,783,130.45185178662592,0
VMAR.US,D,20220408,000000,783,793.8,742.5,745.2,145.71851844565927,0
VMAR.US,D,20220411,000000,745.2,745.2,708.75,708.75,115.77037031248517,0
VMAR.US,D,20220412,000000,734.4,734.4,692.55,692.55,86.51851847525927,0
VMAR.US,D,20220413,000000,714.15,714.15,677.808,692.55,136.97037030188517,0
VMAR.US,D,20220414,000000,702,702,675,675,114.22962957251482,0
VMAR.US,D,20220418,000000,688.5,688.5,627.75,642.6,277.84444430552225,0
VMAR.US,D,20220419,000000,648,702,648,681.75,309.5925924377963,0
VMAR.US,D,20220420,000000,681.75,701.325,669.614,675,143.27407400243703,0
VMAR.US,D,20220421,000000,674.325,678.942,637.2,643.95,134.4296295624148,0
VMAR.US,D,20220422,000000,661.5,685.8,646.65,672.3,80.69629625594816,0
VMAR.US,D,20220425,000000,668.25,675,650.12,664.2,127.97037030638518,0
VMAR.US,D,20220426,000000,666.9,666.9,594,595.35,214.76296285558146,0
VMAR.US,D,20220427,000000,607.5,633.15,589.95,602.1,140.87407400363705,0
VMAR.US,D,20220428,000000,623.7,660.15,588.6,594,57.25185182322593,0
VMAR.US,D,20220429,000000,585.9,607.5,585.9,606.15,74.88148144404074,0
VMAR.US,D,20220502,000000,607.5,612.9,560.25,576.45,129.5777777129889,0
VMAR.US,D,20220503,000000,594,618.3,576.45,611.55,242.20740728630366,0
VMAR.US,D,20220504,000000,611.55,614.25,577.976,610.2,64.03703700501852,0
VMAR.US,D,20220505,000000,614.25,629.1,567,587.25,79.68888884904445,0
VMAR.US,D,20220506,000000,589.95,598.05,571.226,597.915,50.93333330786666,0
VMAR.US,D,20220509,000000,579.15,579.15,531.9,543.213,218.32592581676298,0
VMAR.US,D,20220510,000000,552.15,564.368,507.6,507.6,177.87407398513702,0
VMAR.US,D,20220511,000000,519.75,537.287,507.614,511.245,280.4962961560481,0
VMAR.US,D,20220512,000000,518.4,525.15,499.5,506.831,159.84444436452222,0
VMAR.US,D,20220513,000000,527.85,564.179,506.25,553.5,109.37037031568518,0
VMAR.US,D,20220516,000000,571.05,571.05,541.35,543.173,76.1925925544963,0
VMAR.US,D,20220517,000000,542.7,565.65,541.35,565.65,28.488888874644445,0
VMAR.US,D,20220518,000000,546.75,553.5,541.35,552.15,56.28888886074444,0
VMAR.US,D,20220519,000000,541.35,544.091,529.2,540,56.05185182382592,0
VMAR.US,D,20220520,000000,533.25,579.15,525.15,571.05,33.41481479810741,0
VMAR.US,D,20220523,000000,567,574.628,530.55,573.75,20.807407397003704,0
VMAR.US,D,20220524,000000,569.133,575.424,533.25,535.95,38.185185166092594,0
VMAR.US,D,20220525,000000,534.6,558.9,533.25,535.95,26.074074061037038,0
VMAR.US,D,20220526,000000,548.1,561.6,540.014,560.25,105.82222216931112,0
VMAR.US,D,20220527,000000,577.8,580.5,559.278,580.5,128.5999999357,0
VMAR.US,D,20220531,000000,587.25,587.25,556.2,561.087,80.74074070037037,0
VMAR.US,D,20220601,000000,580.5,580.5,560.169,573.75,50.7999999746,0
VMAR.US,D,20220602,000000,580.487,580.487,561.6,567,105.25925920662964,0
VMAR.US,D,20220603,000000,542.7,580.176,542.7,565.65,84.08148143944074,0
VMAR.US,D,20220606,000000,561.6,581.85,548.1,581.85,25.429629616914816,0
VMAR.US,D,20220607,000000,553.5,572.4,540,572.4,95.55555550777778,0
VMAR.US,D,20220608,000000,567.675,575.1,553.5,575.1,34.133333316266665,0
VMAR.US,D,20220609,000000,549.45,567,549.45,565.65,81.4074073667037,0
VMAR.US,D,20220610,000000,558.225,581.85,553.055,580.5,144.0074073354037,0
VMAR.US,D,20220613,000000,552.15,553.5,513,515.7,157.45185177312592,0
VMAR.US,D,20220614,000000,526.5,526.5,472.5,477.9,154.31111103395557,0
VMAR.US,D,20220615,000000,490.05,492.75,463.05,483.3,153.38518510849258,0
VMAR.US,D,20220616,000000,480.6,514.202,452.25,452.25,66.2074073743037,0
VMAR.US,D,20220617,000000,452.25,484.515,452.25,479.25,46.911111087655556,0
VMAR.US,D,20220621,000000,479.25,514.35,462.416,501.552,55.28888886124444,0
VMAR.US,D,20220622,000000,537.3,537.3,452.804,515.7,82.94074069927036,0
VMAR.US,D,20220623,000000,560.25,591.3,526.5,577.8,164.50370362145185,0
VMAR.US,D,20220624,000000,595.35,607.5,568.35,570.389,120.75555549517779,0
VMAR.US,D,20220627,000000,619.65,619.65,588.6,607.487,125.35555549287778,0
VMAR.US,D,20220628,000000,607.5,674.987,607.5,645.624,148.38518511099258,0
VMAR.US,D,20220629,000000,670.95,670.95,609.026,649.35,81.5925925517963,0
VMAR.US,D,20220630,000000,653.4,654.75,608.85,627.764,137.88888881994444,0
VMAR.US,D,20220701,000000,625.05,647.987,621.014,643.95,49.28148145684074,0
VMAR.US,D,20220705,000000,648,648,624.227,637.875,26.288888875744444,0
VMAR.US,D,20220706,000000,648,650.7,575.1,622.35,72.04444440842222,0
VMAR.US,D,20220707,000000,634.5,634.5,598.685,630.45,18.333333324166667,0
VMAR.US,D,20220708,000000,620.109,629.1,620.109,629.1,7.888888884944444,0
VMAR.US,D,20220711,000000,615.6,631.125,611.55,619.65,63.5851851533926,0
VMAR.US,D,20220712,000000,628.29,724.91,622.35,670.95,467.3185182848593,0
VMAR.US,D,20220713,000000,668.25,787.955,668.25,762.737,317.7851850262926,0
VMAR.US,D,20220714,000000,768.15,843.75,715.514,828.185,863.651851420026,0
VMAR.US,D,20220715,000000,850.5,891,832.95,860.963,689.2296292850148,0
VMAR.US,D,20220718,000000,834.3,855.9,742.5,792.45,923.5703699085852,0
VMAR.US,D,20220719,000000,870.75,870.75,837,845.775,527.3777775140888,0
VMAR.US,D,20220720,000000,854.55,854.55,787.05,811.35,312.325925769763,0
VMAR.US,D,20220721,000000,793.8,808.488,734.036,757.35,328.4888887246444,0
VMAR.US,D,20220722,000000,791.1,804.6,758.7,784.35,214.04444433742222,0
VMAR.US,D,20220725,000000,795.15,795.15,753.3,789.75,86.02962958661482,0
VMAR.US,D,20220726,000000,787.05,823.5,765.45,795.15,128.57037030608518,0
VMAR.US,D,20220727,000000,783,814.05,762.75,770.85,84.70370366135185,0
VMAR.US,D,20220728,000000,762.75,781.461,762.75,764.1,108.54074068647037,0
VMAR.US,D,20220729,000000,773.55,788.4,761.886,788.4,189.1629628683815,0
VMAR.US,D,20220801,000000,788.4,861.3,787.05,843.75,439.8666664467333,0
VMAR.US,D,20220802,000000,826.2,840.47,807.3,807.3,70.94814811267408,0
VMAR.US,D,20220803,000000,849.15,850.5,742.5,742.5,212.73333322696666,0
VMAR.US,D,20220804,000000,741.15,769.5,737.1,768.137,144.8370369646185,0
VMAR.US,D,20220805,000000,750.6,764.087,750.6,753.3,56.78518515679259,0
VMAR.US,D,20220808,000000,749.25,762.75,737.1,756,112.55555549927777,0
VMAR.US,D,20220809,000000,766.8,766.8,737.1,742.5,69.86666663173334,0
VMAR.US,D,20220810,000000,749.25,788.4,723.128,756,166.69629621294814,0
VMAR.US,D,20220811,000000,769.5,870.75,769.5,863.312,872.2518514157259,0
VMAR.US,D,20220812,000000,878.85,1186.65,878.85,949.05,8137.32592185723,0
VMAR.US,D,20220815,000000,951.75,976.734,878.85,939.6,552.474073797837,0
VMAR.US,D,20220816,000000,943.65,1066.5,943.65,999,962.1333328522666,0
VMAR.US,D,20220817,000000,962.55,1030.83,951.75,1003.05,544.6888886165444,0
VMAR.US,D,20220818,000000,1002.13,1009.4,911.25,938.25,334.26666649953336,0
VMAR.US,D,20220819,000000,963.9,963.9,877.5,919.35,142.6074073361037,0
VMAR.US,D,20220822,000000,880.2,938.637,864,904.5,667.3703700366851,0
VMAR.US,D,20220823,000000,897.75,947.7,857.25,898.736,685.5703700275852,0
VMAR.US,D,20220824,000000,924.75,972,891,915.3,974.4962958090481,0
VMAR.US,D,20220825,000000,931.5,972,904.5,963.9,251.69629617044816,0
VMAR.US,D,20220826,000000,966.6,966.6,918,943.65,412.1999997939,0
VMAR.US,D,20220829,000000,953.1,953.1,843.75,862.65,699.3333329836667,0
VMAR.US,D,20220830,000000,897.75,945,850.5,869.4,436.3777775595889,0
VMAR.US,D,20220831,000000,869.4,895.091,843.75,868.05,386.68148128814073,0
VMAR.US,D,20220901,000000,891,909.9,843.75,909.9,241.8074072865037,0
VMAR.US,D,20220902,000000,903.15,924.75,869.414,897.75,143.92592585396295,0
VMAR.US,D,20220906,000000,885.6,892.499,810,826.2,242.4148146936074,0
VMAR.US,D,20220907,000000,837,869.387,822.15,858.6,55.829629601714814,0
VMAR.US,D,20220908,000000,842.4,843.75,810,830.304,109.68888883404445,0
VMAR.US,D,20220909,000000,843.75,864,820.004,824.85,305.92592577296296,0
VMAR.US,D,20220912,000000,814.05,839.376,812.7,829.629,149.75555548067777,0
VMAR.US,D,20220913,000000,831.6,842.4,812.7,814.05,80.97037032988518,0
VMAR.US,D,20220914,000000,820.8,824.85,780.975,803.25,248.27407394993702,0
VMAR.US,D,20220915,000000,819.45,836.109,810,810.014,19.192592582996294,0
VMAR.US,D,20220916,000000,810.014,843.75,801.198,830.25,106.0074073544037,0
VMAR.US,D,20220919,000000,823.5,823.5,778.95,789.75,170.32592584076298,0
VMAR.US,D,20220920,000000,791.1,791.1,742.5,761.4,165.05925917672963,0
VMAR.US,D,20220921,000000,751.95,751.95,691.214,695.25,370.9703701848852,0
VMAR.US,D,20220922,000000,708.75,744.525,694.575,744.525,374.8814812940407,0
VMAR.US,D,20220923,000000,742.5,742.5,676.35,706.05,252.57037024408518,0
VMAR.US,D,20220926,000000,708.75,735.75,642.857,658.8,331.9629627969815,0
VMAR.US,D,20220927,000000,662.85,695.25,654.75,666.9,138.95555548607777,0
VMAR.US,D,20220928,000000,660.15,722.21,660.15,706.05,270.70370356835184,0
VMAR.US,D,20220929,000000,704.7,704.7,641.25,658.8,332.0444442784222,0
VMAR.US,D,20220930,000000,654.75,720.9,654.75,683.775,225.34074062807036,0
VMAR.US,D,20221003,000000,680.4,691.2,673.65,691.2,59.18518515559259,0
VMAR.US,D,20221004,000000,683.1,706.05,673.853,681.75,154.94814807067405,0
VMAR.US,D,20221005,000000,664.2,665.456,641.25,649.35,83.57777773598889,0
VMAR.US,D,20221006,000000,639.9,692.847,639.9,675,61.16296293238148,0
VMAR.US,D,20221007,000000,683.91,683.91,641.264,650.7,36.044444426422224,0
VMAR.US,D,20221010,000000,643.95,654.75,580.514,614.237,91.84444439852221,0
VMAR.US,D,20221011,000000,598.847,652.05,560.25,611.537,165.79259250969628,0
VMAR.US,D,20221012,000000,611.55,612.9,587.264,587.264,87.14814810457408,0
VMAR.US,D,20221013,000000,571.05,606.15,553.5,595.35,64.86666663423334,0
VMAR.US,D,20221014,000000,606.15,655.709,581.85,581.85,180.51111102085557,0
VMAR.US,D,20221017,000000,575.1,625.982,575.1,594,80.41481477460741,0
VMAR.US,D,20221018,000000,602.1,650.16,602.1,630.288,70.97037033488519,0
VMAR.US,D,20221019,000000,648,661.5,623.7,634.5,43.1999999784,0
VMAR.US,D,20221020,000000,657.437,657.437,634.5,637.2,19.703703693851853,0
VMAR.US,D,20221021,000000,641.291,708.75,639.9,678.983,99.95555550557778,0
VMAR.US,D,20221024,000000,719.55,719.55,663.12,664.511,35.1925925749963,0
VMAR.US,D,20221025,000000,676.364,707.238,673.637,679.55,43.86666664473333,0
VMAR.US,D,20221026,000000,729,729,675,681.48,105.09629624374816,0
VMAR.US,D,20221027,000000,689.175,689.175,665.55,666.009,17.333333324666665,0
VMAR.US,D,20221028,000000,689.85,697.41,661.5,673.65,48.1999999759,0
VMAR.US,D,20221031,000000,685.8,685.8,662.85,673.65,44.71111108875555,0
VMAR.US,D,20221101,000000,685.8,685.8,661.433,661.433,26.014814801807407,0
VMAR.US,D,20221102,000000,662.85,669.924,614.25,633.15,22.451851840625928,0
VMAR.US,D,20221103,000000,616.95,619.65,600.899,619.515,69.81481477990741,0
VMAR.US,D,20221104,000000,630.45,650.106,623.444,643.815,31.674074058237036,0
VMAR.US,D,20221107,000000,661.5,687.69,641.25,641.25,115.8296295717148,0
VMAR.US,D,20221108,000000,641.264,648,641.264,645.3,64.02222219021111,0
VMAR.US,D,20221109,000000,632.88,665.55,612.495,618.3,86.24444440132221,0
VMAR.US,D,20221110,000000,627.291,661.932,622.35,622.35,180.48148139124075,0
VMAR.US,D,20221111,000000,646.65,658.8,609.39,614.25,86.49629625304814,0
VMAR.US,D,20221114,000000,607.5,631.8,585.09,591.3,128.74074067637036,0
VMAR.US,D,20221115,000000,591.3,610.727,580.5,604.8,63.44444441272223,0
VMAR.US,D,20221116,000000,607.5,611.537,575.1,592.65,70.19259255749628,0
VMAR.US,D,20221117,000000,606.15,606.15,589.95,595.35,20.251851841725927,0
VMAR.US,D,20221118,000000,594,594.068,576.464,583.875,48.437037012818514,0
VMAR.US,D,20221121,000000,583.2,591.3,573.75,573.75,30.21481479970741,0
VMAR.US,D,20221122,000000,575.411,624.254,575.411,579.15,121.96296290198147,0
VMAR.US,D,20221123,000000,575.1,602.775,567,587.237,20.88148147104074,0
VMAR.US,D,20221125,000000,587.25,627.737,582.863,604.125,93.94074069377037,0
VMAR.US,D,20221128,000000,626.4,661.5,604.8,604.8,138.67407400473704,0
VMAR.US,D,20221129,000000,615.6,658.733,608.85,630.099,58.91851848905927,0
VMAR.US,D,20221130,000000,621,658.8,607.5,608.85,118.69629623694814,0
VMAR.US,D,20221201,000000,611.55,626.4,580.5,587.25,173.92592583896297,0
VMAR.US,D,20221202,000000,608.85,716.85,594,684.45,672.0148144788075,0
VMAR.US,D,20221205,000000,745.2,762.75,686.381,722.25,149.7999999251,0
VMAR.US,D,20221206,000000,726.3,747.887,708.75,735.75,198.03703693801853,0
VMAR.US,D,20221207,000000,750.6,750.6,708.75,719.55,160.31851843835926,0
VMAR.US,D,20221208,000000,705.848,731.7,705.848,708.75,104.53333328106667,0
VMAR.US,D,20221209,000000,708.75,756,689.85,736.425,190.83703694161852,0
VMAR.US,D,20221212,000000,730.35,737.1,689.864,699.3,71.22962959401482,0
VMAR.US,D,20221213,000000,700.65,700.65,681.075,692.955,53.04444441792222,0
VMAR.US,D,20221214,000000,681.75,685.004,661.5,664.2,130.12592586086296,0
VMAR.US,D,20221215,000000,684.45,686.435,667.575,672.3,67.44444441072221,0
VMAR.US,D,20221216,000000,687.15,735.75,684.45,696.6,173.2370369504185,0
VMAR.US,D,20221219,000000,702,703.35,627.075,631.8,175.36296287528148,0
VMAR.US,D,20221220,000000,634.5,664.2,627.75,630.45,102.59999994869999,0
VMAR.US,D,20221221,000000,642.6,642.6,631.112,639.9,36.77777775938889,0
VMAR.US,D,20221222,000000,639.9,648,607.5,641.25,105.23703698441852,0
VMAR.US,D,20221223,000000,648,664.092,648,650.7,110.7925925371963,0
VMAR.US,D,20221227,000000,650.7,675,650.7,668.25,211.17777767218888,0
VMAR.US,D,20221228,000000,657.45,675,651.294,675,45.429629606914816,0
VMAR.US,D,20221229,000000,669.6,676.742,625.388,648.27,244.4592591370296,0
VMAR.US,D,20221230,000000,646.65,646.65,614.25,622.35,64.82222218981111,0
VMAR.US,D,20230103,000000,622.35,652.037,621,625.05,34.037037020018516,0
VMAR.US,D,20230104,000000,618.3,625.995,616.289,625.995,25.733333320466663,0
VMAR.US,D,20230105,000000,614.25,626.063,614.25,614.25,39.72592590606296,0
VMAR.US,D,20230106,000000,614.25,626.819,614.25,622.35,43.3925925708963,0
VMAR.US,D,20230109,000000,627.75,645.287,627.75,627.75,52.03703701101852,0
VMAR.US,D,20230110,000000,627.75,631.854,607.5,607.5,98.08888883984444,0
VMAR.US,D,20230111,000000,576.45,610.2,576.45,591.3,107.95555550157778,0
VMAR.US,D,20230112,000000,575.1,599.4,573.75,579.474,112.95555549907778,0
VMAR.US,D,20230113,000000,580.5,643.95,580.5,597.375,141.96296289198148,0
VMAR.US,D,20230117,000000,592.65,612.441,592.65,599.414,25.16296295038148,0
VMAR.US,D,20230118,000000,602.1,614.25,576.464,576.464,61.24444441382222,0
VMAR.US,D,20230119,000000,567,589.95,567,568.35,46.68888886554444,0
VMAR.US,D,20230120,000000,560.25,625.05,560.25,618.3,174.7555554681778,0
VMAR.US,D,20230123,000000,615.6,640.724,580.514,601.911,148.3777777035889,0
VMAR.US,D,20230124,000000,594,599.4,572.4,599.4,90.51851847325925,0
VMAR.US,D,20230125,000000,599.4,599.4,584.55,587.25,104.95555550307778,0
VMAR.US,D,20230126,000000,594,600.737,580.865,596.7,117.28148142284073,0
VMAR.US,D,20230127,000000,641.25,653.4,581.85,591.3,168.6074073231037,0
VMAR.US,D,20230130,000000,594,595.242,548.1,553.5,79.82962958971481,0
VMAR.US,D,20230131,000000,567,576.437,542.255,548.1,108.92592587146297,0
VMAR.US,D,20230201,000000,548.1,548.1,506.264,522.45,857.4592588305296,0
VMAR.US,D,20230202,000000,522.45,566.393,513,534.6,600.7851848847926,0
VMAR.US,D,20230203,000000,545.4,593.987,541.256,583.2,309.2296294750148,0
VMAR.US,D,20230206,000000,583.2,634.5,583.2,622.35,139.80740733750372,0
VMAR.US,D,20230207,000000,606.825,626.4,594,608.85,90.95555551007779,0
VMAR.US,D,20230208,000000,619.65,621,610.2,610.2,13.437037030318518,0
VMAR.US,D,20230209,000000,610.2,621,596.754,596.754,57.23703700841851,0
VMAR.US,D,20230210,000000,591.611,596.025,567,567,189.4222221275111,0
VMAR.US,D,20230213,000000,558.9,618.3,558.9,558.9,610.9185182130592,0
VMAR.US,D,20230214,000000,596.7,596.7,554.85,577.301,132.03703697101852,0
VMAR.US,D,20230215,000000,590.855,603.167,577.8,577.8,35.17777776018889,0
VMAR.US,D,20230216,000000,611.55,627.75,610.214,627.75,77.77037033148518,0
VMAR.US,D,20230217,000000,608.85,621,603.45,606.15,53.85185182492593,0
VMAR.US,D,20230221,000000,619.65,619.65,587.25,587.25,24.74074072837037,0
VMAR.US,D,20230222,000000,602.1,602.1,573.75,573.75,54.52592589866296,0
VMAR.US,D,20230223,000000,573.764,577.8,569.7,569.7,58.22222219311111,0
VMAR.US,D,20230224,000000,569.7,574.358,554.85,562.073,22.385185173992593,0
VMAR.US,D,20230227,000000,561.614,583.2,553.5,557.55,83.47407403233704,0
VMAR.US,D,20230228,000000,554.864,573.75,554.85,573.75,32.3925925763963,0
VMAR.US,D,20230301,000000,573.75,573.75,557.55,557.55,30.92592591046296,0
VMAR.US,D,20230302,000000,553.5,575.1,553.5,573.75,34.859259241829626,0
VMAR.US,D,20230303,000000,569.7,579.15,558.59,558.968,63.69629626444815,0
VMAR.US,D,20230306,000000,557.55,571.05,537.341,542.7,69.38518515049259,0
VMAR.US,D,20230307,000000,542.7,546.75,542.7,546.75,14.14074073367037,0
VMAR.US,D,20230308,000000,546.75,546.75,540,540,54.06666663963333,0
VMAR.US,D,20230309,000000,529.268,549.005,525.15,533.25,87.02222217871112,0
VMAR.US,D,20230310,000000,523.8,565.65,523.8,537.3,78.82962959021481,0
VMAR.US,D,20230313,000000,527.054,546.075,515.7,515.714,83.11851847695927,0
VMAR.US,D,20230314,000000,515.714,523.787,506.25,507.33,209.54814804337408,0
VMAR.US,D,20230315,000000,506.25,510.192,498.015,498.015,34.5999999827,0
VMAR.US,D,20230316,000000,483.3,486.797,472.5,485.663,148.28888881474444,0
VMAR.US,D,20230317,000000,478.886,486,469.8,473.85,129.37037030568519,0
VMAR.US,D,20230320,000000,467.1,472.5,463.05,465.804,173.9333332463667,0
VMAR.US,D,20230321,000000,469.8,499.041,463.05,489.888,183.13333324176668,0
VMAR.US,D,20230322,000000,468.815,506.25,468.815,505.575,83.55555551377778,0
VMAR.US,D,20230323,000000,490.685,506.25,490.685,493.506,55.58518515739259,0
VMAR.US,D,20230324,000000,490.347,514.35,490.347,514.35,66.85925922582963,0
VMAR.US,D,20230327,000000,492.764,540,492.764,527.85,74.1777777406889,0
VMAR.US,D,20230328,000000,519.75,533.237,513,533.237,21.83703702611852,0
VMAR.US,D,20230329,000000,538.65,540,515.7,533.25,68.99259255809629,0
VMAR.US,D,20230330,000000,540,550.8,528.08,533.25,74.68148144414074,0
VMAR.US,D,20230331,000000,527.85,549.41,527.85,540,74.48148144424074,0
VMAR.US,D,20230403,000000,528.579,566.987,510.3,538.65,283.74814800627405,0
VMAR.US,D,20230404,000000,536.355,561.492,519.75,561.492,44.985185162692595,0
VMAR.US,D,20230405,000000,531.9,564.3,511.65,535.95,49.96296293798148,0
VMAR.US,D,20230406,000000,525.015,545.981,515.714,523.8,24.696296283948147,0
VMAR.US,D,20230410,000000,515.7,564.3,500.85,517.617,188.71851842415927,0
VMAR.US,D,20230411,000000,531.266,540.905,522.45,540.905,11.777777771888887,0
VMAR.US,D,20230412,000000,546.75,546.75,507.6,521.1,60.64444441412222,0
VMAR.US,D,20230413,000000,508.937,540,507.6,540,8.081481477440741,0
VMAR.US,D,20230414,000000,517.523,535.95,517.05,522.45,70.57037033508519,0
VMAR.US,D,20230417,000000,526.5,526.5,523.301,523.301,6.748148144774074,0
VMAR.US,D,20230418,000000,521.1,537.206,521.1,537.206,26.155555542477778,0
VMAR.US,D,20230419,000000,518.346,567,513,559.575,95.82222217431112,0
VMAR.US,D,20230420,000000,556.2,556.2,523.422,530.55,61.67407404323704,0
VMAR.US,D,20230421,000000,523.8,565.65,523.8,530.429,41.50370368295185,0
VMAR.US,D,20230424,000000,529.2,556.187,525.069,541.35,37.970370351385185,0
VMAR.US,D,20230425,000000,542.97,542.97,529.875,529.875,22.42222221101111,0
VMAR.US,D,20230426,000000,528.471,528.471,511.11,519.075,24.392592580396293,0
VMAR.US,D,20230427,000000,521.1,521.775,508.964,521.1,47.65925923542962,0
VMAR.US,D,20230428,000000,512.649,537.3,510.3,534.6,61.807407376503704,0
VMAR.US,D,20230501,000000,514.35,530.55,514.35,519.75,46.429629606414814,0
VMAR.US,D,20230502,000000,511.65,530.55,506.628,513,78.67407403473705,0
VMAR.US,D,20230503,000000,511.65,554.85,510.368,544.05,120.8370369766185,0
VMAR.US,D,20230504,000000,517.185,535.95,517.185,523.8,44.570370348085184,0
VMAR.US,D,20230505,000000,515.7,536.18,510.732,522.747,25.711111098255557,0
VMAR.US,D,20230508,000000,512.285,516.267,494.1,507.6,49.64444441962222,0
VMAR.US,D,20230509,000000,509.909,523.8,507.6,510.3,61.75555552467778,0
VMAR.US,D,20230510,000000,511.65,540,510.3,529.875,165.10370362115185,0
VMAR.US,D,20230511,000000,540,540,522.45,526.5,322.56296280168146,0
VMAR.US,D,20230512,000000,521.235,521.37,492.75,494.775,98.08888883984444,0
VMAR.US,D,20230515,000000,488.7,496.8,487.35,491.4,17.82962962071481,0
VMAR.US,D,20230516,000000,489.051,506.385,489.051,499.5,109.37037031568518,0
VMAR.US,D,20230517,000000,507.6,533.25,504.563,529.2,24.911111098655557,0
VMAR.US,D,20230518,000000,521.1,537.3,521.1,526.5,36.05185183382592,0
VMAR.US,D,20230519,000000,523.8,534.641,523.8,533.25,93.08888884234445,0
VMAR.US,D,20230522,000000,527.85,533.601,526.5,527.85,44.651851829525924,0
VMAR.US,D,20230523,000000,534.614,543.578,526.5,526.5,45.71851849565926,0
VMAR.US,D,20230524,000000,537.3,538.65,526.514,531.981,32.51111109485555,0
VMAR.US,D,20230525,000000,531.9,542.025,526.5,538.65,103.24444439282222,0
VMAR.US,D,20230526,000000,538.664,538.664,513,529.2,61.37037033968518,0
VMAR.US,D,20230530,000000,520.047,520.425,493.425,517.037,120.27407401393702,0
VMAR.US,D,20230531,000000,488.7,514.35,488.7,498.15,127.4074073437037,0
VMAR.US,D,20230601,000000,573.75,627.75,540,560.925,1936.0148138467628,0
VMAR.US,D,20230602,000000,573.75,600.615,569.7,587.25,215.69629618844814,0
VMAR.US,D,20230605,000000,599.4,599.4,564.3,571.05,180.88888879844444,0
VMAR.US,D,20230606,000000,600.75,661.5,598.05,661.5,2682.111109770111,0
VMAR.US,D,20230607,000000,699.3,756,662.85,675,5010.007404902437,0
VMAR.US,D,20230608,000000,731.7,731.7,669.6,681.75,1911.4666657109778,0
VMAR.US,D,20230609,000000,712.8,715.5,576.45,604.8,1597.940739941726,0
VMAR.US,D,20230612,000000,615.6,619.65,583.2,594,698.5777774284888,0
VMAR.US,D,20230613,000000,604.8,688.5,594.135,672.3,706.348147794974,0
VMAR.US,D,20230614,000000,672.3,672.3,627.75,627.75,659.9777774477889,0
VMAR.US,D,20230615,000000,600.75,600.75,561.6,579.15,1061.2296290990148,0
VMAR.US,D,20230616,000000,573.75,587.25,553.5,561.6,599.074073774537,0
VMAR.US,D,20230620,000000,565.65,565.65,548.1,558.9,424.8370368246185,0
VMAR.US,D,20230621,000000,562.95,566.393,550.625,560.25,202.9925924910963,0
VMAR.US,D,20230622,000000,554.85,554.85,523.8,531.9,432.3111108949555,0
VMAR.US,D,20230623,000000,533.25,534.263,516.375,525.15,484.2666664245333,0
VMAR.US,D,20230626,000000,526.5,537.3,513,535.95,430.26666645153335,0
VMAR.US,D,20230627,000000,541.35,541.35,522.45,526.5,298.1037035546518,0
VMAR.US,D,20230628,000000,518.4,528.525,511.65,511.65,423.71851830665923,0
VMAR.US,D,20230629,000000,526.5,533.264,508.95,511.65,405.7037035008518,0
VMAR.US,D,20230630,000000,538.65,538.65,495.45,503.55,614.6148145075074,0
VMAR.US,D,20230703,000000,503.55,519.075,495.45,513,358.0074072284037,0
VMAR.US,D,20230705,000000,515.7,521.1,499.5,503.55,461.65925902842963,0
VMAR.US,D,20230706,000000,522.45,522.45,472.5,477.9,604.4518515496259,0
VMAR.US,D,20230707,000000,481.95,488.7,472.5,481.95,628.3111107969555,0
VMAR.US,D,20230710,000000,486,489.78,467.1,473.85,640.9925922720963,0
VMAR.US,D,20230711,000000,486,490.05,463.05,475.2,856.8814810530407,0
VMAR.US,D,20230712,000000,490.05,490.05,465.764,479.25,547.1851849115926,0
VMAR.US,D,20230713,000000,475.2,489.915,471.245,480.6,636.3999996818,0
VMAR.US,D,20230714,000000,479.25,486,464.4,486,349.79259241769626,0
VMAR.US,D,20230717,000000,486,533.237,486,526.5,887.0814810379408,0
VMAR.US,D,20230718,000000,538.65,559.278,513,546.75,1187.9777771838,0
VMAR.US,D,20230719,000000,546.75,553.5,515.7,534.6,413.0148146083074,0
VMAR.US,D,20230720,000000,541.35,541.35,486,507.6,1105.1629624103816,0
VMAR.US,D,20230721,000000,513,513,483.975,498.15,526.377777514589,0
VMAR.US,D,20230724,000000,498.15,521.1,484.65,502.2,298.2148146657074,0
VMAR.US,D,20230725,000000,499.5,544.05,499.5,514.35,568.7925923081963,0
VMAR.US,D,20230726,000000,508.95,584.55,508.95,576.45,2295.5481470003406,0
VMAR.US,D,20230727,000000,587.25,587.25,527.85,580.5,1238.229629010548,0
VMAR.US,D,20230728,000000,580.5,599.4,556.2,584.55,1240.4962956760592,0
VMAR.US,D,20230731,000000,606.15,652.05,594,629.1,2360.133332153311,0
VMAR.US,D,20230801,000000,530.55,540.675,507.6,525.15,4445.518516295814,0
VMAR.US,D,20230802,000000,523.8,527.85,513,518.4,1239.8666660466888,0
VMAR.US,D,20230803,000000,538.65,597.375,533.25,567,5197.814812215963,0
VMAR.US,D,20230804,000000,592.65,592.65,546.75,576.45,2695.985183837237,0
VMAR.US,D,20230807,000000,594,596.7,553.5,565.65,1134.192592025474,0
VMAR.US,D,20230808,000000,556.2,558.9,528.525,542.7,1412.170369664274,0
VMAR.US,D,20230809,000000,540,549.45,534.6,546.75,473.58518494839257,0
VMAR.US,D,20230810,000000,552.15,552.15,532.575,545.4,805.3777773750888,0
VMAR.US,D,20230811,000000,540,561.6,534.6,560.25,585.0740737815371,0
VMAR.US,D,20230814,000000,553.5,560.25,532.71,540,488.7111108667555,0
VMAR.US,D,20230815,000000,531.9,538.65,507.6,511.65,1009.3481476434741,0
VMAR.US,D,20230816,000000,510.3,513,485.325,499.5,926.1555550924778,0
VMAR.US,D,20230817,000000,507.6,507.6,453.6,464.4,880.8592588188296,0
VMAR.US,D,20230818,000000,469.8,473.85,450.9,454.95,369.57777759298887,0
VMAR.US,D,20230821,000000,469.8,483.3,445.5,467.1,394.8296294322148,0
VMAR.US,D,20230822,000000,475.2,475.2,449.55,468.45,233.51851840175925,0
VMAR.US,D,20230823,000000,459,486,456.287,476.55,553.7703700934851,0
VMAR.US,D,20230824,000000,481.95,486,460.35,477.9,292.03703689101854,0
VMAR.US,D,20230825,000000,473.85,479.25,461.7,467.1,285.6370368942185,0
VMAR.US,D,20230828,000000,476.55,476.55,459,473.85,244.9925924700963,0
VMAR.US,D,20230829,000000,472.5,487.364,457.65,487.35,347.7999998261,0
VMAR.US,D,20230830,000000,477.9,540,473.85,522.45,630.1999996849,0
VMAR.US,D,20230831,000000,515.7,518.373,498.15,502.2,440.8296294092148,0
VMAR.US,D,20230901,000000,504.9,516.74,494.1,508.95,445.00740718490374,0
VMAR.US,D,20230905,000000,508.95,508.95,481.545,506.25,267.31111097745554,0
VMAR.US,D,20230906,000000,500.85,504.9,484.637,484.65,602.1703700692851,0
VMAR.US,D,20230907,000000,480.614,484.65,474.066,476.55,100.69629624594815,0
VMAR.US,D,20230908,000000,472.5,477.225,459,463.05,437.1777775591889,0
VMAR.US,D,20230911,000000,471.542,471.542,454.95,460.35,346.51111093785556,0
VMAR.US,D,20230912,000000,463.05,463.05,448.2,453.6,99.35555550587777,0
VMAR.US,D,20230913,000000,453.6,460.35,449.55,452.25,131.32592586026297,0
VMAR.US,D,20230914,000000,453.6,477.9,442.8,464.4,775.4814810937407,0
VMAR.US,D,20230915,000000,472.5,479.25,451.926,460.35,103.70370365185185,0
VMAR.US,D,20230918,000000,459,471.15,457.65,463.55,54.13333330626667,0
VMAR.US,D,20230919,000000,471.15,477.9,444.15,453.6,379.43703684731855,0
VMAR.US,D,20230920,000000,458.987,471.137,437.4,442.8,200.92592582546294,0
VMAR.US,D,20230921,000000,434.7,442.8,421.781,429.3,388.5185183242593,0
VMAR.US,D,20230922,000000,429.3,429.3,380.849,388.8,976.6592587709297,0
VMAR.US,D,20230925,000000,384.75,421.835,369.9,383.4,480.0148145748075,0
VMAR.US,D,20230926,000000,378,400.95,337.5,357.75,417.2814812728408,0
VMAR.US,D,20230927,000000,346.95,372.6,346.95,357.75,110.91851846305926,0
VMAR.US,D,20230928,000000,355.05,359.1,301.05,313.2,902.1777773266889,0
VMAR.US,D,20230929,000000,315.9,338.85,294.3,326.7,523.5111108493555,0
VMAR.US,D,20231002,000000,306.45,323.595,303.75,303.75,244.30370358155184,0
VMAR.US,D,20231003,000000,303.75,319.95,290.25,298.35,268.2814813473408,0
VMAR.US,D,20231004,000000,299.7,318.06,290.25,295.65,230.74814803277408,0
VMAR.US,D,20231005,000000,310.5,329.4,299.714,324,366.0222220392111,0
VMAR.US,D,20231006,000000,333.45,346.95,322.731,340.2,196.4444443462222,0
VMAR.US,D,20231009,000000,341.55,363.15,337.5,342.9,102.77777772638889,0
VMAR.US,D,20231010,000000,359.1,359.1,339.525,356.4,167.4370369533185,0
VMAR.US,D,20231011,000000,363.15,363.15,328.05,328.05,248.14074061667037,0
VMAR.US,D,20231012,000000,328.05,364.5,313.2,322.65,132.49629623004816,0
VMAR.US,D,20231013,000000,322.65,345.6,310.973,337.5,195.28148138384074,0
VMAR.US,D,20231016,000000,333.45,341.55,319.95,328.05,156.3999999218,0
VMAR.US,D,20231017,000000,321.3,343.454,315.927,326.7,64.54814811587407,0
VMAR.US,D,20231018,000000,322.65,323.312,309.15,309.15,114.93333327586666,0
VMAR.US,D,20231019,000000,310.5,310.5,290.25,290.25,111.15555549997778,0
VMAR.US,D,20231020,000000,298.35,298.35,249.75,249.75,479.9777775377889,0
VMAR.US,D,20231023,000000,257.85,317.25,256.5,263.25,146.3851851119926,0
VMAR.US,D,20231024,000000,263.25,308.88,263.25,265.95,214.76296285558146,0
VMAR.US,D,20231025,000000,260.55,266.436,256.5,256.5,154.67407399673704,0
VMAR.US,D,20231026,000000,256.5,267.3,251.114,267.3,180.34074065057038,0
VMAR.US,D,20231027,000000,253.8,279.45,253.8,264.6,242.48888876764445,0
VMAR.US,D,20231030,000000,263.25,276.75,255.164,256.5,150.8148147394074,0
VMAR.US,D,20231031,000000,253.8,256.514,243,244.35,110.85185179642593,0
VMAR.US,D,20231101,000000,268.65,268.65,236.25,259.2,250.20740728230368,0
VMAR.US,D,20231102,000000,257.85,268.65,249.561,268.65,217.06666655813333,0
VMAR.US,D,20231103,000000,265.95,329.4,265.95,294.3,931.4592587935296,0
VMAR.US,D,20231106,000000,310.5,310.5,262.575,286.2,203.24444434282222,0
VMAR.US,D,20231107,000000,278.1,279.45,265.95,265.95,93.67407402723704,0
VMAR.US,D,20231108,000000,283.5,303.507,263.696,268.65,59.111111081555556,0
VMAR.US,D,20231109,000000,268.772,283.5,256.5,256.5,246.71851839515926,0
VMAR.US,D,20231110,000000,258.687,271.35,248.4,256.5,91.05185180632593,0
VMAR.US,D,20231113,000000,263.25,275.4,261.9,271.35,400.4666664664333,0
VMAR.US,D,20231114,000000,248.4,265.95,236.25,259.241,624.3703700581852,0
VMAR.US,D,20231115,000000,268.65,268.65,255.15,255.15,200.21481471470742,0
VMAR.US,D,20231116,000000,256.5,256.5,243,248.4,270.90370356825184,0
VMAR.US,D,20231117,000000,272.7,272.7,244.35,253.8,338.28148131234076,0
VMAR.US,D,20231120,000000,247.05,260.496,239.031,249.75,323.3481479864741,0
VMAR.US,D,20231121,000000,244.35,249.75,238.95,243,204.1777776756889,0
VMAR.US,D,20231122,000000,247.05,256.298,236.507,252.45,121.11111105055555,0
VMAR.US,D,20231124,000000,245.7,251.856,243,249.75,72.77037033398518,0
VMAR.US,D,20231127,000000,256.5,256.5,241.65,244.35,211.1481480425741,0
VMAR.US,D,20231128,000000,237.6,244.35,218.714,232.2,833.3555551388778,0
VMAR.US,D,20231129,000000,234.9,234.9,189,197.1,1847.7185175946147,0
VMAR.US,D,20231130,000000,201.15,201.15,170.1,178.214,1799.4074065077036,0
VMAR.US,D,20231201,000000,184.95,189,136.35,175.5,1508.7555548011335,0
VMAR.US,D,20231204,000000,162,170.1,141.764,143.1,2791.399998604267,0
VMAR.US,D,20231205,000000,143.1,159.3,141.75,151.2,1435.3851844675037,0
VMAR.US,D,20231206,000000,159.3,205.2,155.925,195.75,1907.7703694164518,0
VMAR.US,D,20231207,000000,213.3,226.125,196.736,207.9,1224.3555549434222,0
VMAR.US,D,20231208,000000,203.85,208.913,180.9,191.7,398.7925923931963,0
VMAR.US,D,20231211,000000,184.95,197.1,172.8,172.8,663.0888885573445,0
VMAR.US,D,20231212,000000,166.05,171.45,163.35,168.75,172.7999999136,0
VMAR.US,D,20231213,000000,167.4,187.65,167.4,184.95,505.63703678421854,0
VMAR.US,D,20231214,000000,167.4,175.5,149.85,162,2885.3777763350663,0
VMAR.US,D,20231215,000000,159.3,162,156.425,159.3,520.4666664064333,0
VMAR.US,D,20231218,000000,157.95,172.8,154.17,157.95,851.8074069815037,0
VMAR.US,D,20231219,000000,163.35,164.7,153.9,157.95,955.5037032259519,0
VMAR.US,D,20231220,000000,157.95,157.95,151.2,155.925,1013.1185180119593,0
VMAR.US,D,20231221,000000,155.25,157.95,148.946,151.2,923.9629625009813,0
VMAR.US,D,20231222,000000,151.2,155.25,149.85,155.25,977.4148143261075,0
VMAR.US,D,20231226,000000,155.25,162,144.45,151.2,846.674073650737,0
VMAR.US,D,20231227,000000,149.85,153.9,143.1,152.55,841.3555551348777,0
VMAR.US,D,20231228,000000,149.85,156.6,147.15,151.2,1384.5407400484592,0
VMAR.US,D,20231229,000000,148.5,152.55,145.8,147.15,542.4888886176444,0
VMAR.US,D,20240102,000000,148.5,155.25,140.4,143.1,726.2074070443037,0
VMAR.US,D,20240103,000000,141.75,141.75,135,136.35,289.125925781363,0
VMAR.US,D,20240104,000000,136.35,136.35,126.9,130.275,871.1851847495926,0
VMAR.US,D,20240105,000000,126.522,130.95,125.55,128.237,1442.9333326118444,0
VMAR.US,D,20240108,000000,129.6,129.6,108,116.1,7959.888884908889,0
VMAR.US,D,20240109,000000,110.025,115.425,108.675,111.51,1038.9703698508852,0
VMAR.US,D,20240110,000000,108.338,109.35,105.3,107.447,1846.7851842617702,0
VMAR.US,D,20240111,000000,107.366,111.51,103.95,106.65,533.999999733,0
VMAR.US,D,20240112,000000,108,111.902,103.95,108.675,643.651851530026,0
VMAR.US,D,20240116,000000,108,112.037,104.085,107.852,441.1999997794,0
VMAR.US,D,20240117,000000,108,108,101.52,106.38,320.7777776173889,0
VMAR.US,D,20240118,000000,105.246,109.35,101.939,108.338,1471.7925918566518,0
VMAR.US,D,20240119,000000,106.596,106.596,93.15,101.385,5617.140737932193,0
VMAR.US,D,20240122,000000,98.55,107.987,98.307,103.613,778.5333329440667,0
VMAR.US,D,20240123,000000,103.599,108,101.25,103.68,740.1851848150926,0
VMAR.US,D,20240124,000000,107.73,107.838,101.385,107.73,593.6074071106037,0
VMAR.US,D,20240125,000000,110.43,110.43,102.6,107.433,805.4814810787407,0
VMAR.US,D,20240126,000000,108,108,102.641,102.681,590.0962960012482,0
VMAR.US,D,20240129,000000,101.25,103.95,98.55,101.588,192.6148147185074,0
VMAR.US,D,20240130,000000,102.6,103.95,96.7545,101.925,269.7999998651,0
VMAR.US,D,20240131,000000,98.577,103.937,98.5635,103.653,124.9777777152889,0
VMAR.US,D,20240201,000000,101.25,107.973,99.9,101.79,269.1999998654,0
VMAR.US,D,20240202,000000,101.25,107.325,101.25,104.558,155.674073996237,0
VMAR.US,D,20240205,000000,104.598,106.65,101.25,104.322,229.2296295150148,0
VMAR.US,D,20240206,000000,108,108,102.6,107.325,335.33333316566666,0
VMAR.US,D,20240207,000000,108,108,102.6,107.46,180.5555554652778,0
VMAR.US,D,20240208,000000,106.65,110.7,105.975,105.975,880.4666662264333,0
VMAR.US,D,20240209,000000,107.987,108,103.275,107.001,315.91851836055923,0
VMAR.US,D,20240212,000000,108,114.75,105.3,114.615,549.9851849101926,0
VMAR.US,D,20240213,000000,109.35,114.75,108,111.065,119.5999999402,0
VMAR.US,D,20240214,000000,121.5,127.319,108.338,121.5,1027.4444439307222,0
VMAR.US,D,20240215,000000,132.3,136.35,114.75,114.75,1085.5777772349888,0
VMAR.US,D,20240216,000000,118.8,124.875,111.105,111.105,524.325925663763,0
VMAR.US,D,20240220,000000,110.7,115.115,108,113.4,603.3999996983,0
VMAR.US,D,20240221,000000,118.922,120.148,108,110.7,244.13333321126666,0
VMAR.US,D,20240222,000000,113.4,113.4,108,110.7,245.97777765478887,0
VMAR.US,D,20240223,000000,109.35,110.7,101.25,106.313,2778.3999986108224,0
VMAR.US,D,20240226,000000,108,110.025,103.41,109.796,522.451851590626,0
VMAR.US,D,20240227,000000,110.7,110.7,102.667,105.3,263.4370369053185,0
VMAR.US,D,20240228,000000,103.95,108,101.25,108,357.2148146362074,0
VMAR.US,D,20240229,000000,108,108,105.3,106.65,315.8666665087333,0
VMAR.US,D,20240301,000000,108,108,102.641,105.3,678.6296292903148,0
VMAR.US,D,20240304,000000,108,108,103.95,104.085,332.8962961298481,0
VMAR.US,D,20240305,000000,105.3,108,101.25,102.6,678.0814811424408,0
VMAR.US,D,20240306,000000,103.95,104.153,101.25,103.95,359.3999998203,0
VMAR.US,D,20240307,000000,104.355,105.3,101.264,102.411,392.07407387803704,0
VMAR.US,D,20240308,000000,101.25,103.95,101.25,101.493,179.8074073175037,0
VMAR.US,D,20240311,000000,101.493,105.3,97.2,98.55,592.9185182220592,0
VMAR.US,D,20240312,000000,98.55,98.766,93.1365,93.15,482.2592590181296,0
VMAR.US,D,20240313,000000,93.15,93.15,84.1185,86.4,568.1629626788814,0
VMAR.US,D,20240314,000000,83.835,87.75,79.65,86.4,371.2074072218037,0
VMAR.US,D,20240315,000000,83.6865,87.75,78.3,87.615,640.1629626428814,0
VMAR.US,D,20240318,000000,87.75,87.75,79.6365,80.3385,410.3851849799926,0
VMAR.US,D,20240319,000000,80.541,84.3345,76.95,79.704,244.13333321126666,0
VMAR.US,D,20240320,000000,84.375,84.375,78.3,79.677,310.474073918837,0
VMAR.US,D,20240321,000000,83.7,85.05,79.65,80.3385,304.0370368850185,0
VMAR.US,D,20240322,000000,83.7,85.1036,80.3385,81,414.7333331259666,0
VMAR.US,D,20240325,000000,81,81,78.354,81,143.68888881704444,0
VMAR.US,D,20240326,000000,81,81,78.3675,80.9865,352.8814813050407,0
VMAR.US,D,20240327,000000,78.57,81,78.3675,81,194.5851850878926,0
VMAR.US,D,20240328,000000,81,83.025,79.65,80.3655,478.11851827945924,0
VMAR.US,D,20240401,000000,78.8265,87.75,77.625,81,320.2518516917259,0
VMAR.US,D,20240402,000000,81,83.6865,78.3405,80.9865,154.9629628854815,0
VMAR.US,D,20240403,000000,79.65,97.2,78.3,82.917,2496.7999987516446,0
VMAR.US,D,20240404,000000,86.4,94.5,81,91.1115,802.6296292283148,0
VMAR.US,D,20240405,000000,97.092,97.2,87.75,89.127,417.874073865137,0
VMAR.US,D,20240408,000000,87.8175,87.8175,87.75,87.8175,250.82962950421484,0
VMAR.US,D,20240409,000000,89.1,93.015,86.4,87.4125,288.4814813372407,0
VMAR.US,D,20240410,000000,86.4,87.4125,81.1485,81.3375,183.5925925007963,0
VMAR.US,D,20240411,000000,81.675,83.295,78.3,81.4725,142.0074073364037,0
VMAR.US,D,20240412,000000,81,87.372,80.325,87.372,216.97777766928888,0
VMAR.US,D,20240415,000000,87.75,87.75,74.385,76.815,757.7703699914852,0
VMAR.US,D,20240416,000000,79.65,81,69.12,69.147,611.7407404348704,0
VMAR.US,D,20240417,000000,80.7705,81,69.147,71.9685,781.8962959053481,0
VMAR.US,D,20240418,000000,71.9415,75.3975,69.12,75.3975,315.91851836055923,0
VMAR.US,D,20240419,000000,75.6,75.6,71.145,72.225,260.33333320316666,0
VMAR.US,D,20240422,000000,71.5635,79.65,70.2135,79.2315,206.72592582256294,0
VMAR.US,D,20240423,000000,79.2045,79.2045,76.4775,76.9905,190.89629620084816,0
VMAR.US,D,20240424,000000,75.465,77.6115,67.5,73.035,419.73333312346665,0
VMAR.US,D,20240425,000000,70.2,76.0725,70.2,76.005,1772.8962954098815,0
VMAR.US,D,20240426,000000,77.085,80.838,74.25,80.7435,588.0814811874408,0
VMAR.US,D,20240429,000000,82.35,87.75,76.896,87.075,306.70370355035186,0
VMAR.US,D,20240430,000000,87.75,89.0865,82.35,82.35,113.88888883194444,0
VMAR.US,D,20240501,000000,87.75,87.75,82.35,84.807,80.78518514479259,0
VMAR.US,D,20240502,000000,86.4,87.75,82.35,82.35,134.29629622914814,0
VMAR.US,D,20240503,000000,83.16,89.1,77.247,80.9595,247.1777776541889,0
VMAR.US,D,20240506,000000,83.484,86.67,75.6,81.999,148.78518511079258,0
VMAR.US,D,20240507,000000,80.3385,87.75,80.325,87.75,276.5925924542963,0
VMAR.US,D,20240508,000000,85.7115,92.88,83.7,89.613,715.2074070498037,0
VMAR.US,D,20240509,000000,91.8,103.95,86.535,103.95,3022.237035525874,0
VMAR.US,D,20240510,000000,102.722,102.951,91.476,94.635,1137.7925920236519,0
VMAR.US,D,20240513,000000,97.2,100.589,91.8,97.1325,479.7037034638518,0
VMAR.US,D,20240514,000000,99.9,101.25,92.34,93.231,289.76296281808146,0
VMAR.US,D,20240515,000000,93.15,94.5,88.3575,94.365,110.68148142614073,0
VMAR.US,D,20240516,000000,97.8075,97.8075,91.8,93.8115,212.50370359745185,0
VMAR.US,D,20240517,000000,94.5,94.5,92.0835,94.0779,216.54074063247037,0
VMAR.US,D,20240520,000000,96.7005,97.1865,89.1,89.1,118.00740734840372,0
VMAR.US,D,20240521,000000,95.175,97.2,81,83.7,276.2074072693037,0
VMAR.US,D,20240522,000000,84.915,93.015,81,87.7363,959.6370365572185,0
VMAR.US,D,20240523,000000,85.104,87.75,82.35,82.35,140.74814807777406,0
VMAR.US,D,20240524,000000,82.6787,87.75,82.35,83.3625,139.86666659673335,0
VMAR.US,D,20240528,000000,82.35,83.3625,81,83.3488,156.31111103295555,0
VMAR.US,D,20240529,000000,85.05,85.05,78.3,81.0135,162.51111102985556,0
VMAR.US,D,20240530,000000,82.35,87.75,81.0135,86.7375,149.8296295547148,0
VMAR.US,D,20240531,000000,87.75,87.75,81.1485,84.24,162.25185177072592,0
VMAR.US,D,20240603,000000,87.75,91.8,84.51,84.672,166.59259250929628,0
VMAR.US,D,20240604,000000,87.75,87.75,81.0001,83.7,108.74074068637037,0
VMAR.US,D,20240605,000000,86.13,87.75,76.95,85.0365,535.4962960285482,0
VMAR.US,D,20240606,000000,82.3501,83.7,79.785,79.785,459.87407384413706,0
VMAR.US,D,20240607,000000,83.7135,87.75,83.7,86.3325,371.5703701845852,0
VMAR.US,D,20240610,000000,88.965,94.5,83.7135,87.75,702.9703700188852,0
VMAR.US,D,20240611,000000,85.185,87.75,78.489,87.75,366.6296294463148,0
VMAR.US,D,20240612,000000,86.4,87.75,78.3,83.1735,411.5111109053555,0
VMAR.US,D,20240613,000000,81,87.4787,78.3,79.65,873.325925489263,0
VMAR.US,D,20240614,000000,81,81,75.6,76.2615,296.2370368889185,0
VMAR.US,D,20240617,000000,74.925,74.979,71.55,74.979,540.2814812113407,0
VMAR.US,D,20240618,000000,72.5625,74.115,67.5405,68.8365,501.6666664158333,0
VMAR.US,D,20240620,000000,68.85,90.4365,67.581,85.185,5777.222219333555,0
VMAR.US,D,20240621,000000,85.05,85.05,72.9,74.3715,1091.0666661211333,0
VMAR.US,D,20240624,000000,78.3,79.65,68.85,72.9,1497.1851844365926,0
VMAR.US,D,20240625,000000,74.25,74.25,63.4501,67.473,905.6370365842185,0
VMAR.US,D,20240626,000000,68.85,74.25,64.9755,70.8818,1019.3703698606852,0
VMAR.US,D,20240627,000000,73.8045,79.515,71.55,78.9075,822.1111107000555,0
VMAR.US,D,20240628,000000,81.27,102.533,75.8565,94.5,24453.318506292235,0
VMAR.US,D,20240701,000000,73.116,78.3,66.1095,67.5,5714.437034179786,0
VMAR.US,D,20240702,000000,64.8,64.8,56.7,63.072,2795.9111097132,0
VMAR.US,D,20240703,000000,62.1,67.5,57.6459,61.425,1334.3555548884221,0
VMAR.US,D,20240705,000000,60.858,67.5,58.455,62.775,1394.3999993028224,0
VMAR.US,D,20240708,000000,63.3015,67.5,62.1,62.1135,553.7629626860816,0
VMAR.US,D,20240709,000000,63.45,65.88,60.75,62.0865,568.7037034193519,0
VMAR.US,D,20240710,000000,63.855,63.855,60.075,60.291,369.09629611174813,0
VMAR.US,D,20240711,000000,59.535,65.394,59.076,63.45,383.6296294378148,0
VMAR.US,D,20240712,000000,63.45,68.823,56.7,63.4635,1309.2444437898666,0
VMAR.US,D,20240715,000000,62.235,66.15,60.9323,64.152,225.8222221093111,0
VMAR.US,D,20240716,000000,66.015,66.15,60.588,61.479,519.8370367771184,0
VMAR.US,D,20240717,000000,61.4655,66.2445,60.5205,62.3025,577.9111108221555,0
VMAR.US,D,20240718,000000,62.1,65.4615,59.4001,65.3624,159.82222214231112,0
VMAR.US,D,20240719,000000,66.15,66.15,60.75,60.75,257.91851838955927,0
VMAR.US,D,20240722,000000,60.75,60.966,56.7,59.4,552.4444441682223,0
VMAR.US,D,20240723,000000,59.2245,62.3295,57.375,58.725,182.40740731620372,0
VMAR.US,D,20240724,000000,54,63.45,54,58.7318,537.3629626942815,0
VMAR.US,D,20240725,000000,58.725,63.234,56.7,60.6825,170.53333324806667,0
VMAR.US,D,20240726,000000,60.563,64.0575,59.8861,60.7635,252.67407394773704,0
VMAR.US,D,20240729,000000,61.8975,61.8975,58.1175,58.1175,227.0222221087111,0
VMAR.US,D,20240730,000000,59.4675,63.45,56.0925,56.0925,626.5037033904518,0
VMAR.US,D,20240731,000000,54,59.4,54,55.08,372.08888870284443,0
VMAR.US,D,20240801,000000,56.214,58.6845,54.1485,54.54,101.84444439352222,0
VMAR.US,D,20240802,000000,54,55.134,49.95,52.65,400.2962960961481,0
VMAR.US,D,20240805,000000,50.5573,52.65,49.95,51.894,426.2814812683407,0
VMAR.US,D,20240806,000000,51.8805,52.65,49.95,51.3,241.68148136064076,0
VMAR.US,D,20240807,000000,52.002,52.7072,49.95,50.1795,112.86666661023334,0
VMAR.US,D,20240808,000000,52.1775,56.268,49.95,51.5025,150.74074066537037,0
VMAR.US,D,20240809,000000,54.0675,55.4175,51.2865,51.84,261.7185183876593,0
VMAR.US,D,20240812,000000,51.3,56.7,51.3,51.3824,50.96296293748148,0
VMAR.US,D,20240813,000000,52.65,56.7,49.95,51.624,332.5481479818741,0
VMAR.US,D,20240814,000000,51.624,67.5,49.95,53.46,663.7037033718518,0
VMAR.US,D,20240815,000000,56.133,65.8665,55.35,56.8351,134.28148141434073,0
VMAR.US,D,20240816,000000,62.1,62.1,56.7136,59.562,224.45185173962594,0
VMAR.US,D,20240819,000000,59.4,60.9525,59.4,60.156,124.84444438202222,0
VMAR.US,D,20240820,000000,49.95,54,47.25,47.25,4471.881479245563,0
VMAR.US,D,20240821,000000,49.6125,59.1975,47.25,54,6994.977774280244,0
VMAR.US,D,20240822,000000,40.68,42.48,36.09,37.8,30778.88885811,0
VMAR.US,D,20240823,000000,37.8,39.96,30.15,32.0409,22203.666644463,0
VMAR.US,D,20240826,000000,32.31,32.31,23.58,29.07,22957.666643709,0
VMAR.US,D,20240827,000000,26.73,31.23,24.84,26.46,18877.666647789,0
VMAR.US,D,20240828,000000,27.45,27.63,23.94,24.66,32807.666633859,0
VMAR.US,D,20240829,000000,23.22,28.6191,21.78,24.12,37901.888850987,0
VMAR.US,D,20240830,000000,24.66,25.74,20.79,22.23,10378.222211844,0
VMAR.US,D,20240903,000000,22.59,23.04,19.08,21.06,15779.222206443,0
VMAR.US,D,20240904,000000,20.34,20.88,16.47,16.65,17816.777759960998,0
VMAR.US,D,20240905,000000,16.56,16.65,14.85,16.29,14586.444429858,0
VMAR.US,D,20240906,000000,15.66,16.1991,13.77,14.94,15039.333318294,0
VMAR.US,D,20240909,000000,14.67,17.64,13.68,16.65,35942.555519613,0
VMAR.US,D,20240910,000000,16.47,17.37,14.49,15.03,33396.888855492,0
VMAR.US,D,20240911,000000,14.94,15.48,13.05,14.31,14886.333318447,0
VMAR.US,D,20240912,000000,14.31,14.4,12.69,13.5,52604.666614062,0
VMAR.US,D,20240913,000000,22.23,26.73,5.94,7.0173,3894433.218327789,0
VMAR.US,D,20240916,000000,7.3809,7.92,6.6132,7.1667,307726.777470051,0
VMAR.US,D,20240917,000000,6.84,7.1091,5.94,6.291,110403.777667374,0
VMAR.US,D,20240918,000000,6.1596,6.1992,5.13,5.427,119211.666547455,0
VMAR.US,D,20240919,000000,6.6663,7.47,6.3,6.759,1325826.220896396,0
VMAR.US,D,20240920,000000,6.3,6.534,5.5809,6.3765,120428.88876846,0
VMAR.US,D,20240923,000000,5.85,6.3,5.634,5.922,62371.222159851,0
VMAR.US,D,20240924,000000,5.76,5.9535,5.148,5.2578,51527.111059584,0
VMAR.US,D,20240925,000000,5.13,5.58,4.9419,5.364,41716.777736061,0
VMAR.US,D,20240926,000000,5.265,5.4,4.95,5.13,32021.222190201,0
VMAR.US,D,20240927,000000,5.085,5.22,4.95,5.067,23657.888865230998,0
VMAR.US,D,20240930,000000,5.274,5.2956,5.04,5.1732,12625.666654041,0
VMAR.US,D,20241001,000000,5.2947,5.2947,4.95,5.0148,13041.777764736,0
VMAR.US,D,20241002,000000,5.04,5.1714,4.779,4.8159,15924.333317409,0
VMAR.US,D,20241003,000000,4.8141,4.86,4.5495,4.7691,16958.666649708,0
VMAR.US,D,20241004,000000,4.725,4.95,4.1157,4.3731,110051.333223282,0
VMAR.US,D,20241007,000000,4.365,4.95,4.23,4.527,151950.888736938,0
VMAR.US,D,20241008,000000,4.29,4.99,3.6014,3.9,582496,0
VMAR.US,D,20241009,000000,3.64,3.95,3.14,3.1962,223611,0
VMAR.US,D,20241010,000000,3.07,3.85,2.69,3,245306,0
VMAR.US,D,20241011,000000,3.03,3.4,2.88,3.22,88325,0
VMAR.US,D,20241014,000000,3.22,5.3499,3.1001,4.64,3051134,0
VMAR.US,D,20241015,000000,4.41,5.09,4.08,4.08,396508,0
VMAR.US,D,20241016,000000,4.07,4.4,3.5,4.21,190809,0
VMAR.US,D,20241017,000000,4.39,4.5998,4.2,4.3,134138,0
VMAR.US,D,20241018,000000,4.26,4.31,3.85,3.92,125467,0
VMAR.US,D,20241021,000000,3.88,4.1202,3.6,3.65,74029,0
VMAR.US,D,20241022,000000,3.67,3.9499,3.67,3.8,80583,0
VMAR.US,D,20241023,000000,3.85,4.11,3.8124,4.02,83203,0
VMAR.US,D,20241024,000000,4.08,4.18,3.81,3.92,126555,0
VMAR.US,D,20241025,000000,3.92,4.2,3.69,3.95,178191,0
VMAR.US,D,20241028,000000,4,4.0607,3.71,3.82,50796,0
VMAR.US,D,20241029,000000,3.85,3.89,3.52,3.63,119886,0
VMAR.US,D,20241030,000000,3.63,3.695,3.35,3.45,50492,0
VMAR.US,D,20241031,000000,3.4,3.69,3.35,3.36,48003,0
VMAR.US,D,20241101,000000,3.35,3.46,3.22,3.22,47435,0
VMAR.US,D,20241104,000000,3.23,3.45,3.2,3.2,42775,0
VMAR.US,D,20241105,000000,3.27,3.3014,3.09,3.27,102577,0
VMAR.US,D,20241106,000000,3.42,3.42,3.16,3.17,39142,0
VMAR.US,D,20241107,000000,3.23,3.23,2.88,2.99,335379,0
VMAR.US,D,20241108,000000,4.01,4.07,3.2146,3.37,24075522,0
VMAR.US,D,20241111,000000,3.01,3.29,2.85,3.12,390717,0
VMAR.US,D,20241112,000000,2.9,3.17,2.9,3.09,207868,0
VMAR.US,D,20241113,000000,2.89,3,2.76,2.85,361319,0
VMAR.US,D,20241114,000000,2.93,3.01,2.81,2.9,221431,0
VMAR.US,D,20241115,000000,2.87,2.97,2.76,2.76,90562,0
VMAR.US,D,20241118,000000,2.82,2.8892,2.53,2.78,152454,0
VMAR.US,D,20241119,000000,2.71,2.9776,2.65,2.91,128149,0
VMAR.US,D,20241120,000000,2.88,3,2.69,2.73,141854,0
VMAR.US,D,20241121,000000,2.83,2.98,2.7328,2.77,447348,0
VMAR.US,D,20241122,000000,2.65,2.8,2.55,2.7,168373,0
VMAR.US,D,20241125,000000,2.7,2.79,2.4,2.43,217329,0
VMAR.US,D,20241126,000000,2.43,2.5294,2.2,2.3,62153,0
VMAR.US,D,20241127,000000,2.21,2.294,2.08,2.08,207096,0
VMAR.US,D,20241129,000000,2.1,2.35,2.1,2.2,54898,0
VMAR.US,D,20241202,000000,2.72,2.72,1.98,1.99,8167344,0
VMAR.US,D,20241203,000000,1.83,1.88,1.54,1.8,728463,0
VMAR.US,D,20241204,000000,1.73,1.79,1.62,1.66,328206,0
VMAR.US,D,20241205,000000,1.63,1.799,1.63,1.77,316897,0
VMAR.US,D,20241206,000000,1.77,1.8303,1.71,1.72,149502,0
VMAR.US,D,20241209,000000,1.77,1.7833,1.6,1.65,367470,0
VMAR.US,D,20241210,000000,1.69,1.8,1.6,1.73,310759,0
VMAR.US,D,20241211,000000,1.8,1.83,1.68,1.76,275628,0
VMAR.US,D,20241212,000000,1.77,1.7897,1.68,1.71,212763,0
VMAR.US,D,20241213,000000,1.72,1.7474,1.38,1.45,855169,0
VMAR.US,D,20241216,000000,1.52,1.5981,1.45,1.47,520667,0
VMAR.US,D,20241217,000000,1.51,1.55,1.3,1.46,386758,0
VMAR.US,D,20241218,000000,1.5,1.5398,1.44,1.5,268606,0
VMAR.US,D,20241219,000000,1.54,1.59,1.48,1.5,341315,0
VMAR.US,D,20241220,000000,1.52,1.53,1.42,1.49,189069,0
VMAR.US,D,20241223,000000,1.55,1.73,1.4897,1.55,554017,0
VMAR.US,D,20241224,000000,1.64,1.65,1.47,1.49,6217847,0
VMAR.US,D,20241226,000000,1.47,1.61,1.43,1.57,541332,0
VMAR.US,D,20241227,000000,1.64,1.7629,1.52,1.62,883901,0
VMAR.US,D,20241230,000000,1.59,1.62,1.52,1.55,428594,0
VMAR.US,D,20241231,000000,1.57,1.71,1.56,1.59,641913,0
VMAR.US,D,20250102,000000,1.58,1.64,1.5,1.51,216735,0
VMAR.US,D,20250103,000000,1.54,1.615,1.52,1.6,202989,0
VMAR.US,D,20250106,000000,1.62,1.64,1.57,1.58,166970,0
VMAR.US,D,20250107,000000,1.59,1.71,1.561,1.65,207238,0
VMAR.US,D,20250108,000000,1.68,1.68,1.51,1.52,236845,0
VMAR.US,D,20250110,000000,2.3,3.9,2.05,2.15,175570209,0
VMAR.US,D,20250113,000000,1.67,1.73,1.51,1.64,3821664,0
VMAR.US,D,20250114,000000,1.52,1.5584,1.4,1.4,10787790,0
VMAR.US,D,20250115,000000,2.03,2.55,1.7,2.05,67133187,0
VMAR.US,D,20250116,000000,1.8,1.95,1.77,1.83,1820560,0
VMAR.US,D,20250117,000000,1.81,1.97,1.79,1.91,1264337,0
VMAR.US,D,20250121,000000,1.96,1.96,1.7921,1.84,987059,0
VMAR.US,D,20250122,000000,1.85,1.95,1.85,1.85,1077655,0
VMAR.US,D,20250123,000000,1.78,1.81,1.57,1.62,1004213,0
VMAR.US,D,20250124,000000,1.64,1.66,1.52,1.55,478569,0
VMAR.US,D,20250127,000000,1.5,1.58,1.44,1.45,811069,0
VMAR.US,D,20250128,000000,1.47,1.48,1.4,1.43,565658,0
VMAR.US,D,20250129,000000,1.45,1.47,1.41,1.41,264569,0
VMAR.US,D,20250130,000000,1.42,1.42,1.21,1.21,916777,0
VMAR.US,D,20250131,000000,1.3,1.3,1.2501,1.28,600332,0
VMAR.US,D,20250203,000000,1.2,1.23,1.13,1.16,473077,0
VMAR.US,D,20250204,000000,1.17,1.27,1.12,1.25,1576506,0
VMAR.US,D,20250205,000000,1.24,1.311,1.2,1.24,1164502,0
VMAR.US,D,20250206,000000,1.25,1.26,1.21,1.22,1644903,0
VMAR.US,D,20250207,000000,1.24,1.24,1.14,1.18,747096,0
VMAR.US,D,20250210,000000,1.19,1.25,1.16,1.17,817454,0
VMAR.US,D,20250211,000000,1.14,1.16,1.07,1.09,608985,0
VMAR.US,D,20250212,000000,1.19,1.19,1.13,1.17,717236,0
VMAR.US,D,20250213,000000,1.1305,1.18,1.1305,1.16,206494,0
