<TICKER>,<PER>,<DATE>,<TIME>,<OPEN>,<HIGH>,<LOW>,<CLOSE>,<VOL>,<OPENINT>
WKME.US,D,20210616,000000,31.25,31.64,27.25,28.81,6176688,0
WKME.US,D,20210617,000000,29.25,29.8,28.73,28.77,930305,0
WKME.US,D,20210618,000000,28.73,29.66,28.3101,29.06,297922,0
WKME.US,D,20210621,000000,29.69,30.13,29.205,30,329124,0
WKME.US,D,20210622,000000,30.5,30.5,29.12,29.7,191632,0
WKME.US,D,20210623,000000,29.9,30.3,29.13,30.2,151870,0
WKME.US,D,20210624,000000,29.94,30.815,29.56,30.32,363965,0
WKME.US,D,20210625,000000,30.34,30.37,29.88,30.14,123552,0
WKME.US,D,20210628,000000,30.29,30.5,29.5001,30,166036,0
WKME.US,D,20210629,000000,30.24,30.36,29.66,30.21,286037,0
WKME.US,D,20210630,000000,30.27,30.43,28.8,29.26,290467,0
WKME.US,D,20210701,000000,29.5895,30.1,28.65,29.17,355827,0
WKME.US,D,20210702,000000,29.04,30.02,29.04,29.86,157931,0
WKME.US,D,20210706,000000,30.03,30.44,29.8,30.12,199192,0
WKME.US,D,20210707,000000,30.04,30.47,29,29.3,231253,0
WKME.US,D,20210708,000000,29.27,29.95,28.55,29.48,211336,0
WKME.US,D,20210709,000000,29.53,30.96,29.36,30.89,268914,0
WKME.US,D,20210712,000000,31.49,32.04,29.31,29.85,638169,0
WKME.US,D,20210713,000000,30.18,30.5,29.39,29.58,230471,0
WKME.US,D,20210714,000000,29.69,30.2,28.8,29.13,126749,0
WKME.US,D,20210715,000000,29.12,30.19,28.6,29.91,254403,0
WKME.US,D,20210716,000000,30.1,30.1,28.95,29.06,89850,0
WKME.US,D,20210719,000000,29.15,29.83,28.67,29.69,133615,0
WKME.US,D,20210720,000000,30,30.4361,28.75,28.89,244944,0
WKME.US,D,20210721,000000,29.25,29.77,28.27,29.6,108517,0
WKME.US,D,20210722,000000,29.65,29.71,28.75,29.18,89932,0
WKME.US,D,20210723,000000,29.32,29.52,28.8,29.48,44558,0
WKME.US,D,20210726,000000,29.5,29.5,28.31,28.72,241642,0
WKME.US,D,20210727,000000,28.51,29.25,28.27,28.67,116566,0
WKME.US,D,20210728,000000,28.6,28.9397,28.49,28.8,50075,0
WKME.US,D,20210729,000000,28.97,28.98,28.68,28.8,19170,0
WKME.US,D,20210730,000000,28.8,28.8,27.03,27.74,117984,0
WKME.US,D,20210802,000000,27.91,28.19,27.05,27.78,77404,0
WKME.US,D,20210803,000000,27.5,27.74,27.1501,27.62,65893,0
WKME.US,D,20210804,000000,27.54,28.2,27.3401,27.87,38619,0
WKME.US,D,20210805,000000,27.95,28.26,27.12,27.99,119724,0
WKME.US,D,20210806,000000,27.99,28.17,27.5001,28.01,13369,0
WKME.US,D,20210809,000000,27.91,28.67,27.285,27.37,31145,0
WKME.US,D,20210810,000000,27.4,28.0404,25.4705,25.52,124218,0
WKME.US,D,20210811,000000,26.15,26.77,24.9369,25.16,112535,0
WKME.US,D,20210812,000000,24.82,25.4165,23.33,24,191916,0
WKME.US,D,20210813,000000,23.9,24.48,23.72,24.32,277941,0
WKME.US,D,20210816,000000,24.32,24.32,23,23.15,163594,0
WKME.US,D,20210817,000000,23.01,23.46,22.18,23.12,133415,0
WKME.US,D,20210818,000000,23.74,24.5,23,24.25,131452,0
WKME.US,D,20210819,000000,24.2,25.1196,24,24.32,194259,0
WKME.US,D,20210820,000000,24.2548,24.76,24.05,24.5,47760,0
WKME.US,D,20210823,000000,24.33,25.6994,24.32,25.31,166756,0
WKME.US,D,20210824,000000,25.47,26.89,25.275,26.7,104700,0
WKME.US,D,20210825,000000,26.66,27.28,26.28,26.79,44843,0
WKME.US,D,20210826,000000,26.44,26.94,25.92,25.96,132626,0
WKME.US,D,20210827,000000,26.21,26.37,25.21,25.76,135847,0
WKME.US,D,20210830,000000,25.75,27.24,25.1181,27.07,198515,0
WKME.US,D,20210831,000000,27.27,28.215,26.34,27.74,131676,0
WKME.US,D,20210901,000000,27.98,29.25,27.32,29.14,211081,0
WKME.US,D,20210902,000000,29.14,29.14,28.34,28.45,217324,0
WKME.US,D,20210903,000000,28.62,29.35,28.5,29.22,70878,0
WKME.US,D,20210907,000000,29.36,29.5,28.61,28.88,118590,0
WKME.US,D,20210908,000000,29,29,28.3,28.69,154193,0
WKME.US,D,20210909,000000,28.2,28.89,28.01,28.38,93840,0
WKME.US,D,20210910,000000,28.53,29.1,28.425,28.89,264199,0
WKME.US,D,20210913,000000,28.94,29.5,28.1401,29.3,204788,0
WKME.US,D,20210914,000000,29.16,31.57,29.16,31.43,399900,0
WKME.US,D,20210915,000000,31.91,31.99,30.5,31.41,212054,0
WKME.US,D,20210916,000000,31.5,32.7,31,32.46,173587,0
WKME.US,D,20210917,000000,32.44,34.42,32.4,33.47,192849,0
WKME.US,D,20210920,000000,32.54,33.48,30.5,33.05,372777,0
WKME.US,D,20210921,000000,32.96,33.47,31.085,32.63,186048,0
WKME.US,D,20210922,000000,32.32,32.77,30.9149,31.43,189045,0
WKME.US,D,20210923,000000,31.07,31.75,30.435,30.74,284863,0
WKME.US,D,20210924,000000,30.73,31.23,30.1,30.38,297210,0
WKME.US,D,20210927,000000,30.45,30.73,29.125,30.14,159765,0
WKME.US,D,20210928,000000,29.8,30.09,28.46,29.71,219156,0
WKME.US,D,20210929,000000,29.5,30.04,29.2,29.24,105824,0
WKME.US,D,20210930,000000,29.34,30.3,28.41,29.75,325702,0
WKME.US,D,20211001,000000,29.66,30.99,28.53,28.71,58329,0
WKME.US,D,20211004,000000,28.29,28.67,26.68,26.93,97115,0
WKME.US,D,20211005,000000,26.98,28.18,26.5896,26.97,92014,0
WKME.US,D,20211006,000000,26.67,27.3385,25.53,26.86,230849,0
WKME.US,D,20211007,000000,27.15,28.05,26.6,26.72,181223,0
WKME.US,D,20211008,000000,26.97,27.48,25.87,26.21,215281,0
WKME.US,D,20211011,000000,26.14,26.21,24.03,24.63,259962,0
WKME.US,D,20211012,000000,24.86,25.1528,23.84,23.85,112539,0
WKME.US,D,20211013,000000,24.09,24.96,23.41,24.28,183391,0
WKME.US,D,20211014,000000,24.35,25.07,23.76,24.28,232673,0
WKME.US,D,20211015,000000,24.57,24.57,23.08,23.74,253584,0
WKME.US,D,20211018,000000,23.73,23.73,22.78,23.24,182755,0
WKME.US,D,20211019,000000,23.16,25.03,22.873,24.54,214098,0
WKME.US,D,20211020,000000,24.69,24.945,23.66,24.38,151901,0
WKME.US,D,20211021,000000,24.37,25.69,24.245,24.95,130881,0
WKME.US,D,20211022,000000,25.31,25.31,24.14,24.43,138682,0
WKME.US,D,20211025,000000,24.67,26.3294,24.5,25.95,190392,0
WKME.US,D,20211026,000000,25.91,26.7738,25.16,25.16,99045,0
WKME.US,D,20211027,000000,25.51,26.03,24.54,25.13,130918,0
WKME.US,D,20211028,000000,25.46,26.28,25,26.15,132034,0
WKME.US,D,20211029,000000,25.97,26.26,25.31,25.36,90422,0
WKME.US,D,20211101,000000,25.42,26.2614,24.87,25.16,71941,0
WKME.US,D,20211102,000000,25,25.2,24.53,24.63,71463,0
WKME.US,D,20211103,000000,24.55,25.18,24.0005,24.93,54035,0
WKME.US,D,20211104,000000,25.1,25.8,24.59,24.61,77244,0
WKME.US,D,20211105,000000,24.46,25.5,24.41,24.83,243110,0
WKME.US,D,20211108,000000,25,26.33,24.75,26.2,327415,0
WKME.US,D,20211109,000000,26.34,27.475,25.8,27.34,170977,0
WKME.US,D,20211110,000000,26.43,27.2,24.45,24.46,364645,0
WKME.US,D,20211111,000000,25,25.218,23.63,24.35,181559,0
WKME.US,D,20211112,000000,24.35,25,23.65,23.75,157671,0
WKME.US,D,20211115,000000,23.46,23.74,22.21,22.41,230939,0
WKME.US,D,20211116,000000,22.45,22.75,22.02,22.34,114626,0
WKME.US,D,20211117,000000,22.38,22.8601,21.52,21.75,165235,0
WKME.US,D,20211118,000000,21.77,22.25,21.34,22.22,174776,0
WKME.US,D,20211119,000000,22.08,23.18,21.67,23.04,246870,0
WKME.US,D,20211122,000000,26.28,27,22.25,22.28,744390,0
WKME.US,D,20211123,000000,23,23.09,20.25,20.56,499680,0
WKME.US,D,20211124,000000,20.56,21.01,19.65,20.71,277990,0
WKME.US,D,20211126,000000,20.2066,20.68,19.68,20.41,113278,0
WKME.US,D,20211129,000000,20.61,20.61,19.53,19.67,212464,0
WKME.US,D,20211130,000000,19.59,19.67,18.37,18.9,481884,0
WKME.US,D,20211201,000000,19.66,19.92,17.71,17.78,510550,0
WKME.US,D,20211202,000000,17.79,18.335,17.2701,17.55,522917,0
WKME.US,D,20211203,000000,17.9,18.8134,16.6001,16.81,242343,0
WKME.US,D,20211206,000000,16.75,17.865,15.81,17.41,389788,0
WKME.US,D,20211207,000000,17.72,19.13,17.69,18.83,170589,0
WKME.US,D,20211208,000000,19.05,20.78,18.46,19.93,524375,0
WKME.US,D,20211209,000000,19.68,19.95,18.47,18.73,272110,0
WKME.US,D,20211210,000000,18.82,19.39,18.04,19,696505,0
WKME.US,D,20211213,000000,19.15,20.85,19,20.15,723016,0
WKME.US,D,20211214,000000,19.67,20.8,18.62,18.86,544373,0
WKME.US,D,20211215,000000,18.63,19.8,18,19.73,326828,0
WKME.US,D,20211216,000000,19.01,19.96,18.47,18.75,532488,0
WKME.US,D,20211217,000000,18.39,20.39,18.14,20.17,320001,0
WKME.US,D,20211220,000000,18.86,19.87,18.86,19.39,187803,0
WKME.US,D,20211221,000000,19.81,20.17,19.31,19.58,369734,0
WKME.US,D,20211222,000000,19.71,20.07,19.3738,19.51,315244,0
WKME.US,D,20211223,000000,19.59,20.2,19.25,20.16,137770,0
WKME.US,D,20211227,000000,20.16,20.24,19.56,19.83,100569,0
WKME.US,D,20211228,000000,19.78,19.85,19.01,19.29,96529,0
WKME.US,D,20211229,000000,19.17,19.65,18.55,19.48,125162,0
WKME.US,D,20211230,000000,19.34,20.12,19.34,19.92,99684,0
WKME.US,D,20211231,000000,19.89,20.66,19.44,19.63,233586,0
WKME.US,D,20220103,000000,19.61,19.98,18.805,19.89,151263,0
WKME.US,D,20220104,000000,19.87,19.87,18.35,19.05,163119,0
WKME.US,D,20220105,000000,18.73,19.38,18.15,18.27,153500,0
WKME.US,D,20220106,000000,18.08,18.3733,17.52,17.64,236249,0
WKME.US,D,20220107,000000,17.62,18.25,17.19,18.04,130685,0
WKME.US,D,20220110,000000,17.95,17.96,16.85,17.87,151354,0
WKME.US,D,20220111,000000,17.87,18.81,17.65,18.73,93018,0
WKME.US,D,20220112,000000,18.92,19.195,18.19,18.28,87723,0
WKME.US,D,20220113,000000,18.47,18.5,17.42,17.5,118951,0
WKME.US,D,20220114,000000,17.17,17.78,16.81,16.99,138404,0
WKME.US,D,20220118,000000,16.6,17.16,16.415,16.58,158962,0
WKME.US,D,20220119,000000,16.78,17.13,16.275,16.65,138410,0
WKME.US,D,20220120,000000,17.02,17.59,16.995,17.14,159813,0
WKME.US,D,20220121,000000,17.08,17.08,16.11,16.25,111540,0
WKME.US,D,20220124,000000,15.85,16.46,15.05,16.32,213498,0
WKME.US,D,20220125,000000,15.97,16.72,15.4475,15.71,175094,0
WKME.US,D,20220126,000000,15.98,16.73,15.64,15.74,145869,0
WKME.US,D,20220127,000000,16.06,16.57,15.1,15.19,112677,0
WKME.US,D,20220128,000000,15.38,16.29,14.76,16.23,137598,0
WKME.US,D,20220131,000000,16.29,17.5,16,17.43,81399,0
WKME.US,D,20220201,000000,17.68,18.57,17.68,18.49,312538,0
WKME.US,D,20220202,000000,18.3,18.82,16.82,17.06,233209,0
WKME.US,D,20220203,000000,16.41,16.79,16.04,16.63,71622,0
WKME.US,D,20220204,000000,16.59,17.38,16.29,17.28,48140,0
WKME.US,D,20220207,000000,17.27,17.75,16.43,17.49,173701,0
WKME.US,D,20220208,000000,17.38,17.67,17.06,17.5,122882,0
WKME.US,D,20220209,000000,17.64,18.24,17.42,17.79,225392,0
WKME.US,D,20220210,000000,17.27,18.49,17.24,17.39,209596,0
WKME.US,D,20220211,000000,17.5,17.5,16.03,16.28,144165,0
WKME.US,D,20220214,000000,16,16.97,15.81,16.26,325977,0
WKME.US,D,20220215,000000,16.8336,17.08,16.02,16.96,238194,0
WKME.US,D,20220216,000000,16.81,17.64,16.27,17.09,138504,0
WKME.US,D,20220217,000000,15.7,16.415,12.4,12.73,1361622,0
WKME.US,D,20220218,000000,13.45,15.14,13.1,13.79,843993,0
WKME.US,D,20220222,000000,13.7,14.26,13.44,13.86,312483,0
WKME.US,D,20220223,000000,14.09,15.025,13.89,14.21,357167,0
WKME.US,D,20220224,000000,13.83,15.235,13.7,15.19,531018,0
WKME.US,D,20220225,000000,15.33,15.33,14.66,15.12,263501,0
WKME.US,D,20220228,000000,15.06,15.52,14.6,15.28,259201,0
WKME.US,D,20220301,000000,15.27,15.37,14.43,15.01,224492,0
WKME.US,D,20220302,000000,15.03,15.03,14.2,14.36,79303,0
WKME.US,D,20220303,000000,14.47,14.48,13.56,14,217073,0
WKME.US,D,20220304,000000,13.83,13.96,13.085,13.13,239530,0
WKME.US,D,20220307,000000,13.22,13.686,12.8,12.83,140314,0
WKME.US,D,20220308,000000,12.79,13.22,12.24,12.78,142937,0
WKME.US,D,20220309,000000,13.13,13.85,13.13,13.67,90329,0
WKME.US,D,20220310,000000,13.37,13.37,12.88,13.29,41487,0
WKME.US,D,20220311,000000,13.41,13.41,12.46,12.46,164136,0
WKME.US,D,20220314,000000,12.32,12.41,11.5,11.7,244839,0
WKME.US,D,20220315,000000,11.73,13.2,11.73,12.64,351411,0
WKME.US,D,20220316,000000,12.87,13.25,12.48,13.24,181251,0
WKME.US,D,20220317,000000,13.03,14.15,13.03,14.01,155893,0
WKME.US,D,20220318,000000,14,14.86,13.74,14.55,171172,0
WKME.US,D,20220321,000000,14.44,15.2,14.2,14.74,136750,0
WKME.US,D,20220322,000000,14.78,15.16,14.5192,15.03,114542,0
WKME.US,D,20220323,000000,14.89,15.49,14.455,14.78,105638,0
WKME.US,D,20220324,000000,14.74,15.8,14.465,14.93,72579,0
WKME.US,D,20220325,000000,15.07,15.29,14.47,15.1,163217,0
WKME.US,D,20220328,000000,15,15.61,14.35,14.88,231554,0
WKME.US,D,20220329,000000,15.07,15.45,14.89,15.18,112798,0
WKME.US,D,20220330,000000,15.18,15.555,15.03,15.2,57367,0
WKME.US,D,20220331,000000,15.03,15.23,14.7344,15.09,65820,0
WKME.US,D,20220401,000000,15.11,15.48,14.82,15.1,81030,0
WKME.US,D,20220404,000000,15.3,16.31,15.3,16.18,140568,0
WKME.US,D,20220405,000000,16,16.45,15.3,15.48,87606,0
WKME.US,D,20220406,000000,15.25,15.25,14.47,14.87,134477,0
WKME.US,D,20220407,000000,14.72,15.18,14.71,14.87,53628,0
WKME.US,D,20220408,000000,14.78,14.78,14.15,14.37,53106,0
WKME.US,D,20220411,000000,14.22,14.78,13.88,14.67,56066,0
WKME.US,D,20220412,000000,14.85,15.2399,14.44,14.52,52805,0
WKME.US,D,20220413,000000,14.56,15.89,14.53,15.07,53649,0
WKME.US,D,20220414,000000,15.17,15.41,14.63,15.31,132753,0
WKME.US,D,20220418,000000,15.04,15.19,14.1661,14.85,70341,0
WKME.US,D,20220419,000000,14.78,15.54,14.78,15.34,54510,0
WKME.US,D,20220420,000000,15.26,16.5,15.1365,15.55,179857,0
WKME.US,D,20220421,000000,15.81,16.34,14.71,14.91,142481,0
WKME.US,D,20220422,000000,14.76,15.5,14.5,14.8,77928,0
WKME.US,D,20220425,000000,14.77,15.5,14.6,15.43,77271,0
WKME.US,D,20220426,000000,15.53,15.53,14.81,14.92,80498,0
WKME.US,D,20220427,000000,15.345,16.5,15.07,16.1,178714,0
WKME.US,D,20220428,000000,16.29,17.16,16.1,16.84,220284,0
WKME.US,D,20220429,000000,16.56,17.95,15.58,15.87,387715,0
WKME.US,D,20220502,000000,15.7,17.18,15.18,16.4,188930,0
WKME.US,D,20220503,000000,16.42,16.73,15.99,16.31,35186,0
WKME.US,D,20220504,000000,16.29,16.5,15.45,15.99,170479,0
WKME.US,D,20220505,000000,15.68,16.265,14.915,15.25,62200,0
WKME.US,D,20220506,000000,15.13,15.2,14.2101,14.44,148678,0
WKME.US,D,20220509,000000,14.2,14.25,12.34,13.01,184935,0
WKME.US,D,20220510,000000,13.3,13.75,12.65,13.33,132168,0
WKME.US,D,20220511,000000,13,13.205,11.88,12.35,366504,0
WKME.US,D,20220512,000000,12.07,13.35,11.93,12.18,180906,0
WKME.US,D,20220513,000000,12.5,12.78,11.93,12.09,222966,0
WKME.US,D,20220516,000000,12.06,12.68,11.58,12.53,132197,0
WKME.US,D,20220517,000000,12.93,13.365,11.63,11.89,198836,0
WKME.US,D,20220518,000000,11.74,12.08,11.4,11.59,257761,0
WKME.US,D,20220519,000000,11.62,12.67,11.545,12.55,190324,0
WKME.US,D,20220520,000000,12.85,13.37,12.445,13.28,292202,0
WKME.US,D,20220523,000000,13.23,13.24,11.97,12.2,137170,0
WKME.US,D,20220524,000000,10.35,10.35,7.72,8,1286564,0
WKME.US,D,20220525,000000,8.28,9.25,7.6,9.07,625427,0
WKME.US,D,20220526,000000,8.71,9.66,8.4241,9.14,255025,0
WKME.US,D,20220527,000000,9.3,10.07,9.0227,9.84,218805,0
WKME.US,D,20220531,000000,10.02,10.02,9.4,9.83,333550,0
WKME.US,D,20220601,000000,9.76,10.16,9.56,9.56,227900,0
WKME.US,D,20220602,000000,9.47,10.24,9.355,9.9,278881,0
WKME.US,D,20220603,000000,9.86,10.12,9.6,9.88,153129,0
WKME.US,D,20220606,000000,10.03,10.09,9.6,9.67,86525,0
WKME.US,D,20220607,000000,9.41,9.66,9.15,9.4,151100,0
WKME.US,D,20220608,000000,9.37,9.9881,9,9.66,196047,0
WKME.US,D,20220609,000000,9.58,9.75,9.32,9.46,159208,0
WKME.US,D,20220610,000000,9.22,9.36,8.72,8.72,266275,0
WKME.US,D,20220613,000000,8.42,8.68,7.82,8.68,275720,0
WKME.US,D,20220614,000000,8.53,9.34,8.53,9.18,137903,0
WKME.US,D,20220615,000000,9.33,9.67,9.1,9.47,62689,0
WKME.US,D,20220616,000000,9.26,9.3,8.695,9.08,361869,0
WKME.US,D,20220617,000000,8.94,9.65,8.94,9.47,142546,0
WKME.US,D,20220621,000000,9.36,10.25,9.36,9.89,108430,0
WKME.US,D,20220622,000000,9.74,10.19,9.64,10.07,43235,0
WKME.US,D,20220623,000000,10.19,10.28,9.67,10.12,290918,0
WKME.US,D,20220624,000000,10.14,10.75,10.09,10.6,775946,0
WKME.US,D,20220627,000000,10.44,10.74,9.82,10.1,107116,0
WKME.US,D,20220628,000000,10.11,10.54,9.93,10.14,163770,0
WKME.US,D,20220629,000000,10.04,10.17,9.6699,9.89,109264,0
WKME.US,D,20220630,000000,9.7,10.13,9.7,10.13,107374,0
WKME.US,D,20220701,000000,10.12,10.69,10.07,10.46,156192,0
WKME.US,D,20220705,000000,10.29,11.18,10.1665,11.06,185746,0
WKME.US,D,20220706,000000,11.12,11.12,10.24,10.38,230097,0
WKME.US,D,20220707,000000,10.36,10.72,9.885,9.96,235311,0
WKME.US,D,20220708,000000,9.84,10.17,9.62,9.9,134129,0
WKME.US,D,20220711,000000,9.85,10.1,9.4208,9.73,384197,0
WKME.US,D,20220712,000000,9.68,9.68,8.7,9.005,196368,0
WKME.US,D,20220713,000000,8.81,9.4,8.785,9.05,90742,0
WKME.US,D,20220714,000000,9.15,9.15,8.63,8.73,106131,0
WKME.US,D,20220715,000000,8.75,9.01,8.38,8.96,73641,0
WKME.US,D,20220718,000000,9,9.3,8.695,8.91,203256,0
WKME.US,D,20220719,000000,8.98,9.325,8.84,9.02,311704,0
WKME.US,D,20220720,000000,9,9.77,8.74,9.74,379548,0
WKME.US,D,20220721,000000,9.79,9.98,9.2,9.87,299357,0
WKME.US,D,20220722,000000,9.06,9.87,9.05,9.22,184672,0
WKME.US,D,20220725,000000,9.17,9.27,8.67,9.12,160263,0
WKME.US,D,20220726,000000,9.03,9.03,8.61,8.62,64753,0
WKME.US,D,20220727,000000,8.81,9.25,8.7,9.13,48756,0
WKME.US,D,20220728,000000,9.18,9.32,8.82,9.27,75233,0
WKME.US,D,20220729,000000,9.32,9.5739,9.08,9.4,53051,0
WKME.US,D,20220801,000000,9.38,9.58,9.08,9.38,96379,0
WKME.US,D,20220802,000000,9.23,9.44,9.01,9.34,119236,0
WKME.US,D,20220803,000000,9.36,10.46,9.36,10.28,165738,0
WKME.US,D,20220804,000000,10.17,10.31,9.85,10.19,73294,0
WKME.US,D,20220805,000000,9.98,11.02,9.96,10.75,127595,0
WKME.US,D,20220808,000000,10.82,11.48,10.82,11.38,198582,0
WKME.US,D,20220809,000000,11.07,11.36,10.69,11.36,448246,0
WKME.US,D,20220810,000000,11.44,11.84,10.83,11.23,276298,0
WKME.US,D,20220811,000000,10.76,13.01,10.75,12.26,449585,0
WKME.US,D,20220812,000000,12.35,13.81,12.26,13.74,266208,0
WKME.US,D,20220815,000000,13.73,13.77,13.04,13.5,112420,0
WKME.US,D,20220816,000000,13.49,14.8,13.31,14.32,252795,0
WKME.US,D,20220817,000000,14.12,14.58,13.81,13.85,247688,0
WKME.US,D,20220818,000000,13.82,14.07,13.17,13.36,114346,0
WKME.US,D,20220819,000000,13.27,13.27,12.41,12.43,170598,0
WKME.US,D,20220822,000000,12.39,12.72,11.6528,12.05,263436,0
WKME.US,D,20220823,000000,12,12.85,12,12.15,207886,0
WKME.US,D,20220824,000000,12.1,12.6,12.07,12.13,101390,0
WKME.US,D,20220825,000000,12.1,12.415,11.65,12.37,194697,0
WKME.US,D,20220826,000000,12.44,12.703,11.53,11.68,268151,0
WKME.US,D,20220829,000000,11.66,12.7299,11.46,11.63,101983,0
WKME.US,D,20220830,000000,11.74,12.33,11.32,11.62,123409,0
WKME.US,D,20220831,000000,11.63,12.17,11.5,11.75,119994,0
WKME.US,D,20220901,000000,11.63,11.76,10.6,11.03,140497,0
WKME.US,D,20220902,000000,11.28,11.44,10.735,10.98,181554,0
WKME.US,D,20220906,000000,10.91,11.1,10.29,10.39,151067,0
WKME.US,D,20220907,000000,10.49,10.68,10.11,10.52,185926,0
WKME.US,D,20220908,000000,10.41,11.03,10.4,11.03,261794,0
WKME.US,D,20220909,000000,11.14,11.76,10.98,10.99,74055,0
WKME.US,D,20220912,000000,10.99,11.25,10.75,11.06,84745,0
WKME.US,D,20220913,000000,10.07,10.3347,9.29,9.74,368580,0
WKME.US,D,20220914,000000,9.74,9.74,9.35,9.47,116312,0
WKME.US,D,20220915,000000,9.44,9.47,9.05,9.29,186120,0
WKME.US,D,20220916,000000,9.1,9.32,9.03,9.07,66004,0
WKME.US,D,20220919,000000,9.03,9.23,8.85,9.09,88233,0
WKME.US,D,20220920,000000,9.02,9.16,8.75,8.95,86899,0
WKME.US,D,20220921,000000,8.95,9.26,8.7932,8.81,87727,0
WKME.US,D,20220922,000000,8.82,8.92,8.51,8.65,141740,0
WKME.US,D,20220923,000000,8.54,8.8,8.35,8.43,87938,0
WKME.US,D,20220926,000000,8.26,8.6,8.11,8.11,58114,0
WKME.US,D,20220927,000000,8.16,8.52,8.1,8.26,69307,0
WKME.US,D,20220928,000000,8.27,8.7,8.11,8.67,33749,0
WKME.US,D,20220929,000000,8.58,8.77,8.2,8.59,90419,0
WKME.US,D,20220930,000000,8.54,9.08,8.47,8.5,94404,0
WKME.US,D,20221003,000000,8.56,8.74,8.32,8.53,43917,0
WKME.US,D,20221004,000000,8.83,9.39,8.83,9.08,70155,0
WKME.US,D,20221005,000000,8.9,9.36,8.71,9.2,47347,0
WKME.US,D,20221006,000000,9.15,9.46,9,9.16,52993,0
WKME.US,D,20221007,000000,9.03,9.2,8.841,8.86,43516,0
WKME.US,D,20221010,000000,8.86,8.86,8.61,8.69,37829,0
WKME.US,D,20221011,000000,8.73,8.85,8.08,8.76,116552,0
WKME.US,D,20221012,000000,8.75,8.75,8.2,8.59,35750,0
WKME.US,D,20221013,000000,8.36,8.83,8.1425,8.4,86014,0
WKME.US,D,20221014,000000,8.28,8.29,7.765,7.95,192413,0
WKME.US,D,20221017,000000,8.16,8.3796,8.01,8.05,102881,0
WKME.US,D,20221018,000000,7.92,8.5,7.92,8.41,177240,0
WKME.US,D,20221019,000000,8.38,8.38,7.83,7.93,195908,0
WKME.US,D,20221020,000000,7.94,8.12,7.63,7.68,244266,0
WKME.US,D,20221021,000000,7.73,7.84,7.56,7.78,89337,0
WKME.US,D,20221024,000000,7.76,8.1,7.51,7.86,131812,0
WKME.US,D,20221025,000000,7.78,8.01,7.78,7.9,246643,0
WKME.US,D,20221026,000000,7.81,8.16,7.81,8.03,75002,0
WKME.US,D,20221027,000000,8.09,8.6,8.0301,8.52,50566,0
WKME.US,D,20221028,000000,8.4,8.6,8.25,8.41,78269,0
WKME.US,D,20221031,000000,8.45,9,8.3,8.92,103884,0
WKME.US,D,20221101,000000,9.05,9.09,8.79,8.8,47577,0
WKME.US,D,20221102,000000,8.65,8.65,7.84,7.92,209643,0
WKME.US,D,20221103,000000,7.84,8.11,7.53,7.58,85050,0
WKME.US,D,20221104,000000,7.71,7.7265,7.14,7.49,202365,0
WKME.US,D,20221107,000000,7.57,7.57,7.17,7.36,102409,0
WKME.US,D,20221108,000000,7.31,7.42,7.13,7.22,46766,0
WKME.US,D,20221109,000000,7.14,7.14,6.87,6.995,105725,0
WKME.US,D,20221110,000000,7.4,7.6,7.15,7.39,125191,0
WKME.US,D,20221111,000000,7.42,8.09,7.22,7.99,166245,0
WKME.US,D,20221114,000000,7.99,7.99,7.46,7.72,143181,0
WKME.US,D,20221115,000000,8.25,9.2,7.93,9.03,182212,0
WKME.US,D,20221116,000000,8.96,9.04,8.21,8.68,91499,0
WKME.US,D,20221117,000000,8.61,8.8243,8.23,8.45,44462,0
WKME.US,D,20221118,000000,8.53,8.59,8.055,8.37,42825,0
WKME.US,D,20221121,000000,8.22,8.55,8.1801,8.37,62072,0
WKME.US,D,20221122,000000,8.33,8.4,8.11,8.38,70473,0
WKME.US,D,20221123,000000,8.25,8.6,8.01,8.4,127652,0
WKME.US,D,20221125,000000,8.3,8.43,8.01,8.35,70226,0
WKME.US,D,20221128,000000,8.16,8.47,8.13,8.21,43572,0
WKME.US,D,20221129,000000,8.12,8.34,8.015,8.19,71036,0
WKME.US,D,20221130,000000,8.07,8.8,7.92,8.75,147681,0
WKME.US,D,20221201,000000,8.77,9.24,8.685,9.13,78844,0
WKME.US,D,20221202,000000,8.86,9.25,8.6,9.09,170224,0
WKME.US,D,20221205,000000,9.16,9.17,8.4792,9.02,107626,0
WKME.US,D,20221206,000000,9.02,9.02,8.56,8.84,89340,0
WKME.US,D,20221207,000000,8.73,9.13,8.57,9.09,65924,0
WKME.US,D,20221208,000000,9.16,9.625,9.09,9.41,58963,0
WKME.US,D,20221209,000000,9.32,9.65,9.04,9.08,108061,0
WKME.US,D,20221212,000000,9.07,9.77,9.015,9.74,138327,0
WKME.US,D,20221213,000000,9.94,10.61,9.8,10.4,202295,0
WKME.US,D,20221214,000000,10.45,10.89,10.1,10.43,173939,0
WKME.US,D,20221215,000000,10.3,10.61,9.97,10.16,134676,0
WKME.US,D,20221216,000000,10.02,10.96,9.92,10.65,232197,0
WKME.US,D,20221219,000000,10.74,10.94,10.15,10.47,184069,0
WKME.US,D,20221220,000000,10.38,10.5,10.03,10.39,107970,0
WKME.US,D,20221221,000000,10.27,10.92,9.91,10.58,143566,0
WKME.US,D,20221222,000000,9.5,10.29,9.5,9.89,74561,0
WKME.US,D,20221223,000000,9.84,10.06,9.65,10.04,46197,0
WKME.US,D,20221227,000000,10.03,10.095,9.41,9.5,81788,0
WKME.US,D,20221228,000000,9.51,9.91,9.26,9.63,54235,0
WKME.US,D,20221229,000000,9.74,10.7,9.74,10.31,92496,0
WKME.US,D,20221230,000000,10.27,11.22,10.25,11.18,149802,0
WKME.US,D,20230103,000000,11.2,11.69,10.77,11.14,97445,0
WKME.US,D,20230104,000000,11.1,11.66,10.5832,11.11,116785,0
WKME.US,D,20230105,000000,10.96,11.21,10.7,10.7,44580,0
WKME.US,D,20230106,000000,10.71,10.71,9.69,9.86,76810,0
WKME.US,D,20230109,000000,9.91,10.35,9.76,9.91,48546,0
WKME.US,D,20230110,000000,10.02,10.26,9.73,9.89,48508,0
WKME.US,D,20230111,000000,9.71,10.145,9.71,9.93,52413,0
WKME.US,D,20230112,000000,9.08,10,9.08,9.6,84119,0
WKME.US,D,20230113,000000,9.4,9.64,9.03,9.16,108351,0
WKME.US,D,20230117,000000,9.27,9.86,9.03,9.3,251470,0
WKME.US,D,20230118,000000,9.33,9.77,9.33,9.36,113838,0
WKME.US,D,20230119,000000,9.41,9.6,9.14,9.42,98884,0
WKME.US,D,20230120,000000,9.39,10.42,9.39,10.34,99215,0
WKME.US,D,20230123,000000,10.23,10.7,10.07,10.52,116273,0
WKME.US,D,20230124,000000,10.33,10.81,9.91,10.51,56470,0
WKME.US,D,20230125,000000,10.38,10.83,9.99,10.53,56137,0
WKME.US,D,20230126,000000,10.68,11.105,10.68,10.76,72699,0
WKME.US,D,20230127,000000,10.8,10.85,10.48,10.75,97786,0
WKME.US,D,20230130,000000,10.27,10.55,10.1,10.12,73767,0
WKME.US,D,20230131,000000,10.475,10.725,10.04,10.19,58280,0
WKME.US,D,20230201,000000,10.29,10.64,10.22,10.6,147936,0
WKME.US,D,20230202,000000,10.82,11.54,10.595,11.2,236499,0
WKME.US,D,20230203,000000,10.95,11.26,10.67,10.67,110505,0
WKME.US,D,20230206,000000,10.56,10.69,10.22,10.42,88441,0
WKME.US,D,20230207,000000,10.51,11.23,10.21,10.99,49522,0
WKME.US,D,20230208,000000,11.03,11.16,10.85,10.98,23358,0
WKME.US,D,20230209,000000,11.19,11.44,10.79,10.87,19553,0
WKME.US,D,20230210,000000,10.86,10.93,10.65,10.79,29472,0
WKME.US,D,20230213,000000,10.75,11.15,10.74,11.11,32600,0
WKME.US,D,20230214,000000,11,11.63,10.6715,11.1,103789,0
WKME.US,D,20230215,000000,10.65,11.85,10.65,11.74,114084,0
WKME.US,D,20230216,000000,11.88,11.9,10.97,11.7,154682,0
WKME.US,D,20230217,000000,11.4,11.575,10.69,11.09,242416,0
WKME.US,D,20230221,000000,10.71,11,10.55,10.71,55705,0
WKME.US,D,20230222,000000,10.6,10.715,10.21,10.42,88245,0
WKME.US,D,20230223,000000,10.51,10.55,10.02,10.13,52758,0
WKME.US,D,20230224,000000,10,10.615,9.64,9.79,68423,0
WKME.US,D,20230227,000000,9.77,10.13,9.59,9.97,47890,0
WKME.US,D,20230228,000000,9.9,10.17,9.57,9.85,98274,0
WKME.US,D,20230301,000000,9.95,9.97,9.395,9.49,73523,0
WKME.US,D,20230302,000000,9.21,9.7,9.21,9.53,63001,0
WKME.US,D,20230303,000000,9.6,9.94,9.5275,9.63,42009,0
WKME.US,D,20230306,000000,9.56,9.96,9.41,9.69,94916,0
WKME.US,D,20230307,000000,9.75,10.5,9.63,10.26,85614,0
WKME.US,D,20230308,000000,10.22,10.4899,9.965,10.35,54532,0
WKME.US,D,20230309,000000,10.27,10.4,9.79,10,137246,0
WKME.US,D,20230310,000000,9.89,9.89,8.67,9.32,192499,0
WKME.US,D,20230313,000000,9.16,9.51,8.58,9.2,117923,0
WKME.US,D,20230314,000000,9.31,9.42,9.04,9.14,36772,0
WKME.US,D,20230315,000000,8.97,9.53,8.97,9.36,48135,0
WKME.US,D,20230316,000000,9.31,9.9,9,9.52,81385,0
WKME.US,D,20230317,000000,9.43,9.5,9.17,9.18,55974,0
WKME.US,D,20230320,000000,9.19,9.23,8.935,9.16,70840,0
WKME.US,D,20230321,000000,9.18,9.7208,9.18,9.59,55866,0
WKME.US,D,20230322,000000,9.54,9.92,9.5,9.87,87001,0
WKME.US,D,20230323,000000,9.89,10.27,9.375,9.83,61869,0
WKME.US,D,20230324,000000,9.76,10.08,9.64,9.97,29462,0
WKME.US,D,20230327,000000,9.88,10.08,9.8,10,18334,0
WKME.US,D,20230328,000000,10.02,10.27,10.01,10.11,21280,0
WKME.US,D,20230329,000000,10.27,10.48,10.15,10.42,24538,0
WKME.US,D,20230330,000000,10.5,10.7142,10.23,10.25,107148,0
WKME.US,D,20230331,000000,10.24,10.81,10.24,10.64,38854,0
WKME.US,D,20230403,000000,10.52,10.52,9.81,10.03,87646,0
WKME.US,D,20230404,000000,9.97,10.34,9.97,10.16,22683,0
WKME.US,D,20230405,000000,10.16,10.16,9.99,10.11,15923,0
WKME.US,D,20230406,000000,9.99,10.77,9.99,10.77,19523,0
WKME.US,D,20230410,000000,10.42,10.83,10.23,10.74,36784,0
WKME.US,D,20230411,000000,10.85,10.8592,10.35,10.67,19802,0
WKME.US,D,20230412,000000,10.55,10.81,9.98,10.71,52077,0
WKME.US,D,20230413,000000,10.64,10.64,9.76,10.35,85850,0
WKME.US,D,20230414,000000,10.35,10.98,10.06,10.92,60460,0
WKME.US,D,20230417,000000,10.82,10.93,10.16,10.61,36357,0
WKME.US,D,20230418,000000,10.61,11.44,10.47,11.15,73420,0
WKME.US,D,20230419,000000,10.89,11.19,10.45,10.76,102928,0
WKME.US,D,20230420,000000,10.7,10.99,10.47,10.56,68089,0
WKME.US,D,20230421,000000,10.68,10.92,10.5501,10.71,20095,0
WKME.US,D,20230424,000000,10.72,10.72,10.5,10.53,11182,0
WKME.US,D,20230425,000000,10.52,10.59,10.28,10.45,22078,0
WKME.US,D,20230426,000000,10.28,10.79,10.28,10.67,68695,0
WKME.US,D,20230427,000000,10.68,10.92,10.23,10.23,44757,0
WKME.US,D,20230428,000000,10.27,10.6,10.21,10.44,99618,0
WKME.US,D,20230501,000000,10.34,10.48,10.17,10.33,62593,0
WKME.US,D,20230502,000000,10.031,10.475,10,10.21,65692,0
WKME.US,D,20230503,000000,9.63,10.335,9.63,9.82,36752,0
WKME.US,D,20230504,000000,9.81,10.02,9.31,9.86,203614,0
WKME.US,D,20230505,000000,9.97,10.195,9.67,10,126096,0
WKME.US,D,20230508,000000,9.4,10.06,9.26,9.57,109561,0
WKME.US,D,20230509,000000,9.57,9.6647,9.01,9.12,23205,0
WKME.US,D,20230510,000000,9.11,9.3,8.69,8.88,54870,0
WKME.US,D,20230511,000000,8.76,9.12,8.27,8.49,91201,0
WKME.US,D,20230512,000000,8.49,8.63,8.21,8.4,86385,0
WKME.US,D,20230515,000000,8.6,9.05,8.46,8.8,151049,0
WKME.US,D,20230516,000000,8.77,9.05,8.54,8.66,116913,0
WKME.US,D,20230517,000000,7.9,9.85,7.82,9.25,135116,0
WKME.US,D,20230518,000000,9.15,10.2,9.15,9.78,117572,0
WKME.US,D,20230519,000000,9.69,10.35,9.66,10,122457,0
WKME.US,D,20230522,000000,9.85,10.275,9.2,9.52,126193,0
WKME.US,D,20230523,000000,9.33,9.55,9.01,9.15,85687,0
WKME.US,D,20230524,000000,8.99,9.23,8.8187,9.09,142758,0
WKME.US,D,20230525,000000,8.83,9.69,8.83,9.54,87315,0
WKME.US,D,20230526,000000,9.47,9.99,9.41,9.61,103515,0
WKME.US,D,20230530,000000,9.61,9.95,9.2501,9.69,101045,0
WKME.US,D,20230531,000000,9.66,10.02,9.4822,9.91,638297,0
WKME.US,D,20230601,000000,9.73,9.92,9.47,9.5,64277,0
WKME.US,D,20230602,000000,9.5,9.5,9,9.13,47368,0
WKME.US,D,20230605,000000,9.13,9.425,8.895,9.38,49680,0
WKME.US,D,20230606,000000,9.38,9.46,9.11,9.44,48309,0
WKME.US,D,20230607,000000,9.42,9.635,9.12,9.34,82854,0
WKME.US,D,20230608,000000,9.27,9.5,8.93,9.4,41162,0
WKME.US,D,20230609,000000,9.4,9.57,9.16,9.32,30625,0
WKME.US,D,20230612,000000,9.24,9.6,9.15,9.52,75212,0
WKME.US,D,20230613,000000,9.58,9.7,9.12,9.64,103916,0
WKME.US,D,20230614,000000,9.55,9.6,9.18,9.44,70655,0
WKME.US,D,20230615,000000,9.3,9.53,9.05,9.41,71915,0
WKME.US,D,20230616,000000,9.33,9.39,8.88,9.17,125426,0
WKME.US,D,20230620,000000,9.04,9.18,8.8625,9.08,45964,0
WKME.US,D,20230621,000000,8.92,9.07,8.76,8.83,81933,0
WKME.US,D,20230622,000000,8.7,8.75,8.48,8.57,91281,0
WKME.US,D,20230623,000000,8.54,8.55,8.31,8.48,62027,0
WKME.US,D,20230626,000000,8.37,8.72,8.135,8.5,74573,0
WKME.US,D,20230627,000000,8.5,8.95,8.5,8.68,45268,0
WKME.US,D,20230628,000000,8.59,9,8.59,8.95,37141,0
WKME.US,D,20230629,000000,8.72,9.305,8.72,9.1,90752,0
WKME.US,D,20230630,000000,9.07,9.67,9.07,9.6,106682,0
WKME.US,D,20230703,000000,9.51,9.82,9.475,9.71,23538,0
WKME.US,D,20230705,000000,9.92,9.92,9.54,9.69,48816,0
WKME.US,D,20230706,000000,9.51,9.54,8.88,9.08,100256,0
WKME.US,D,20230707,000000,9.04,9.11,8.72,8.8,49569,0
WKME.US,D,20230710,000000,8.73,9.19,8.5,8.94,172878,0
WKME.US,D,20230711,000000,9,9.0688,8.69,8.7,63299,0
WKME.US,D,20230712,000000,8.73,8.89,8.51,8.57,45291,0
WKME.US,D,20230713,000000,8.61,9.08,8.57,8.68,42198,0
WKME.US,D,20230714,000000,8.63,9.06,8.63,9.05,74929,0
WKME.US,D,20230717,000000,8.95,9.36,8.95,9.35,62980,0
WKME.US,D,20230718,000000,9.24,9.4701,9.24,9.38,49048,0
WKME.US,D,20230719,000000,9.3,9.46,8.72,8.75,57760,0
WKME.US,D,20230720,000000,8.78,8.86,8.38,8.65,142103,0
WKME.US,D,20230721,000000,8.7,8.79,8.49,8.65,91973,0
WKME.US,D,20230724,000000,8.6,8.8967,8.6,8.77,53655,0
WKME.US,D,20230725,000000,8.73,9.08,8.57,8.8,70605,0
WKME.US,D,20230726,000000,8.8,8.93,8.7335,8.87,29207,0
WKME.US,D,20230727,000000,8.91,8.95,8.68,8.8,75456,0
WKME.US,D,20230728,000000,8.59,8.88,8.52,8.52,36346,0
WKME.US,D,20230731,000000,8.61,9.24,8.39,8.99,90124,0
WKME.US,D,20230801,000000,8.88,9.07,8.81,8.92,42512,0
WKME.US,D,20230802,000000,8.76,9,8.6779,8.8,60461,0
WKME.US,D,20230803,000000,8.975,8.975,8.51,8.65,66252,0
WKME.US,D,20230804,000000,8.7,8.7624,8.5,8.73,229113,0
WKME.US,D,20230807,000000,8.84,8.98,8.7325,8.84,121850,0
WKME.US,D,20230808,000000,8.8,8.91,8.24,8.27,117319,0
WKME.US,D,20230809,000000,8.35,8.35,7.82,7.9,105660,0
WKME.US,D,20230810,000000,8.55,8.7515,8.06,8.45,521424,0
WKME.US,D,20230811,000000,8.5,8.6785,8.2642,8.58,230397,0
WKME.US,D,20230814,000000,8.51,8.66,8.28,8.49,138514,0
WKME.US,D,20230815,000000,8.38,8.9,8.3015,8.7,240445,0
WKME.US,D,20230816,000000,8.73,9,8.63,8.86,350921,0
WKME.US,D,20230817,000000,8.88,8.92,8.6561,8.88,123038,0
WKME.US,D,20230818,000000,8.77,9.05,8.5459,8.98,47440,0
WKME.US,D,20230821,000000,9.05,9.05,8.76,8.84,213351,0
WKME.US,D,20230822,000000,8.84,9.16,8.59,9.09,598181,0
WKME.US,D,20230823,000000,9.06,9.93,9.02,9.85,264674,0
WKME.US,D,20230824,000000,9.8,9.99,9.66,9.84,119923,0
WKME.US,D,20230825,000000,9.73,10.155,9.6628,10.1,156571,0
WKME.US,D,20230828,000000,10.1,10.3,10.07,10.22,96924,0
WKME.US,D,20230829,000000,10.22,10.73,10.22,10.66,156211,0
WKME.US,D,20230830,000000,10.56,10.73,10.2801,10.37,82866,0
WKME.US,D,20230831,000000,10.35,10.5608,10.04,10.11,211642,0
WKME.US,D,20230901,000000,10.1,10.17,9.74,9.97,97936,0
WKME.US,D,20230905,000000,9.74,9.93,9.68,9.68,90079,0
WKME.US,D,20230906,000000,9.65,9.77,9.5,9.6,114286,0
WKME.US,D,20230907,000000,9.41,9.685,9.09,9.61,89320,0
WKME.US,D,20230908,000000,9.56,9.6,9.3,9.52,101413,0
WKME.US,D,20230911,000000,9.5,9.98,9.5,9.95,179054,0
WKME.US,D,20230912,000000,9.82,10.08,9.78,9.78,158668,0
WKME.US,D,20230913,000000,9.67,9.67,9,9,139210,0
WKME.US,D,20230914,000000,9.01,9.05,8.64,8.71,111880,0
WKME.US,D,20230915,000000,8.7,8.79,8.25,8.53,101279,0
WKME.US,D,20230918,000000,8.53,8.59,8.34,8.39,41045,0
WKME.US,D,20230919,000000,8.31,8.5,8.22,8.39,50422,0
WKME.US,D,20230920,000000,8.37,8.62,8.205,8.34,82976,0
WKME.US,D,20230921,000000,8.28,8.55,8.1776,8.22,59728,0
WKME.US,D,20230922,000000,8.24,8.41,8.15,8.2,41427,0
WKME.US,D,20230925,000000,8.1,8.23,8.01,8.19,48865,0
WKME.US,D,20230926,000000,8.08,8.4,8.08,8.36,123048,0
WKME.US,D,20230927,000000,8.43,8.51,8.2,8.5,64651,0
WKME.US,D,20230928,000000,8.45,8.99,8.3801,8.99,133994,0
WKME.US,D,20230929,000000,9.11,9.69,9.11,9.48,164022,0
WKME.US,D,20231002,000000,9.39,9.47,8.91,8.95,58364,0
WKME.US,D,20231003,000000,8.81,8.89,8.39,8.72,79511,0
WKME.US,D,20231004,000000,8.74,8.79,8.525,8.71,53504,0
WKME.US,D,20231005,000000,8.69,8.79,8.41,8.7,127148,0
WKME.US,D,20231006,000000,8.67,8.805,8.55,8.59,89804,0
WKME.US,D,20231009,000000,8.48,8.505,8.32,8.42,77433,0
WKME.US,D,20231010,000000,8.49,8.91,8.49,8.79,67362,0
WKME.US,D,20231011,000000,8.88,9.05,8.82,8.92,66776,0
WKME.US,D,20231012,000000,8.71,8.88,8.53,8.67,68410,0
WKME.US,D,20231013,000000,8.68,8.73,8.45,8.52,50870,0
WKME.US,D,20231016,000000,8.5,9.07,8.275,8.85,151960,0
WKME.US,D,20231017,000000,8.78,8.9461,8.67,8.85,52958,0
WKME.US,D,20231018,000000,8.83,9.22,8.665,9.1,75800,0
WKME.US,D,20231019,000000,9.1,9.16,8.87,8.94,118235,0
WKME.US,D,20231020,000000,8.83,9.05,8.79,8.95,62028,0
WKME.US,D,20231023,000000,9.05,9.05,8.82,8.86,64249,0
WKME.US,D,20231024,000000,9.05,9.38,8.94,9.34,37642,0
WKME.US,D,20231025,000000,9.33,9.37,8.94,9,50722,0
WKME.US,D,20231026,000000,8.9,9.03,8.77,8.93,45386,0
WKME.US,D,20231027,000000,9.01,9.035,8.8,8.87,32030,0
WKME.US,D,20231030,000000,8.92,9.15,8.75,9.11,44316,0
WKME.US,D,20231031,000000,9.1,9.56,8.9575,9.39,108201,0
WKME.US,D,20231101,000000,9.29,9.29,8.53,8.92,70659,0
WKME.US,D,20231102,000000,8.85,9.29,8.85,9.2,37288,0
WKME.US,D,20231103,000000,9.31,9.535,9.07,9.34,44394,0
WKME.US,D,20231106,000000,9.46,9.46,9.01,9.4,39941,0
WKME.US,D,20231107,000000,9.31,9.55,9.31,9.47,50844,0
WKME.US,D,20231108,000000,9.395,9.54,9.22,9.41,37656,0
WKME.US,D,20231109,000000,9.38,9.47,9.09,9.14,21638,0
WKME.US,D,20231110,000000,9.035,9.62,9.035,9.45,72247,0
WKME.US,D,20231113,000000,9.29,9.73,9.01,9.71,89497,0
WKME.US,D,20231114,000000,9.7,9.95,9.2096,9.82,172871,0
WKME.US,D,20231115,000000,9.9,10.115,9.74,10.04,115178,0
WKME.US,D,20231116,000000,9.61,10.06,9.49,10,267442,0
WKME.US,D,20231117,000000,9.94,10.27,9.94,10.19,89832,0
WKME.US,D,20231120,000000,9.81,10.21,9.63,9.73,129380,0
WKME.US,D,20231121,000000,9.6,9.95,9.46,9.46,46676,0
WKME.US,D,20231122,000000,9.44,9.6699,9.35,9.35,48848,0
WKME.US,D,20231124,000000,9.26,9.76,9.26,9.35,38385,0
WKME.US,D,20231127,000000,9.23,9.415,9.05,9.07,87948,0
WKME.US,D,20231128,000000,9.0033,9.12,8.95,9.01,134245,0
WKME.US,D,20231129,000000,9.05,9.48,9.04,9.4,81305,0
WKME.US,D,20231130,000000,9.38,9.9,9.38,9.82,206735,0
WKME.US,D,20231201,000000,9.54,10.04,9.54,9.97,234365,0
WKME.US,D,20231204,000000,9.9,10.42,9.8813,10.22,191590,0
WKME.US,D,20231205,000000,10.13,10.385,9.9,10.25,140470,0
WKME.US,D,20231206,000000,10.35,10.54,10.13,10.21,81706,0
WKME.US,D,20231207,000000,10.08,10.256,9.98,10.04,219432,0
WKME.US,D,20231208,000000,10.01,10.19,10.01,10.12,33379,0
WKME.US,D,20231211,000000,10.03,10.21,9.835,9.93,69705,0
WKME.US,D,20231212,000000,9.8,10.05,9.7,9.96,82584,0
WKME.US,D,20231213,000000,9.93,10.1,9.8,10.02,149116,0
WKME.US,D,20231214,000000,10.12,10.135,9.62,9.87,138150,0
WKME.US,D,20231215,000000,9.86,9.88,9.45,9.45,120916,0
WKME.US,D,20231218,000000,9.47,9.96,9.44,9.79,244474,0
WKME.US,D,20231219,000000,9.77,9.96,9.61,9.65,162862,0
WKME.US,D,20231220,000000,9.66,9.81,9.35,9.36,46245,0
WKME.US,D,20231221,000000,9.47,9.71,9.39,9.69,62300,0
WKME.US,D,20231222,000000,9.72,9.9,9.6132,9.86,65386,0
WKME.US,D,20231226,000000,9.81,9.92,9.7509,9.92,29601,0
WKME.US,D,20231227,000000,9.81,9.9,9.73,9.86,33380,0
WKME.US,D,20231228,000000,9.8,9.99,9.69,9.98,155052,0
WKME.US,D,20231229,000000,9.91,10.68,9.91,10.67,371399,0
WKME.US,D,20240102,000000,10.42,10.5471,9.96,9.96,161894,0
WKME.US,D,20240103,000000,9.95,10.07,9.75,9.93,109542,0
WKME.US,D,20240104,000000,9.87,10.37,9.86,10.37,56145,0
WKME.US,D,20240105,000000,10.36,10.56,10.335,10.48,105002,0
WKME.US,D,20240108,000000,10.44,10.96,10.31,10.78,75020,0
WKME.US,D,20240109,000000,10.71,10.98,10.71,10.98,32639,0
WKME.US,D,20240110,000000,10.99,11,10.531,10.76,175424,0
WKME.US,D,20240111,000000,10.69,10.89,10.667,10.8,41974,0
WKME.US,D,20240112,000000,10.27,10.6701,10.23,10.37,83198,0
WKME.US,D,20240116,000000,10.37,10.64,10.315,10.64,101591,0
WKME.US,D,20240117,000000,10.64,10.64,10.41,10.57,63994,0
WKME.US,D,20240118,000000,10.49,10.62,10.24,10.24,44042,0
WKME.US,D,20240119,000000,10.23,10.4,10.0926,10.35,48981,0
WKME.US,D,20240122,000000,10.48,10.595,10.39,10.48,51281,0
WKME.US,D,20240123,000000,10.48,10.58,10.35,10.58,77277,0
WKME.US,D,20240124,000000,10.67,10.67,10.35,10.37,15007,0
WKME.US,D,20240125,000000,10.3,10.56,10.29,10.51,41507,0
WKME.US,D,20240126,000000,10.59,10.76,10.52,10.67,77574,0
WKME.US,D,20240129,000000,10.57,10.78,10.54,10.74,53881,0
WKME.US,D,20240130,000000,10.74,10.74,10.28,10.39,50072,0
WKME.US,D,20240131,000000,10.39,10.59,10.27,10.3,47707,0
WKME.US,D,20240201,000000,10.43,10.435,10.25,10.4,29009,0
WKME.US,D,20240202,000000,10.3,10.4,10.22,10.36,35139,0
WKME.US,D,20240205,000000,10.31,10.31,10.08,10.22,18327,0
WKME.US,D,20240206,000000,10.21,10.21,10.1,10.21,22001,0
WKME.US,D,20240207,000000,10.21,10.29,10.14,10.29,33369,0
WKME.US,D,20240208,000000,10.3071,10.51,10.2,10.46,34736,0
WKME.US,D,20240209,000000,10.61,10.6999,10.51,10.62,46944,0
WKME.US,D,20240212,000000,10.51,10.75,10.24,10.24,95660,0
WKME.US,D,20240213,000000,10.11,10.15,9.8,9.84,272109,0
WKME.US,D,20240214,000000,9.87,10.16,9.85,9.99,27216,0
WKME.US,D,20240215,000000,9.99,10.195,9.93,10.08,40448,0
WKME.US,D,20240216,000000,9.98,10.42,9.9101,10.35,80025,0
WKME.US,D,20240220,000000,10.35,10.48,10.15,10.16,67386,0
WKME.US,D,20240221,000000,10.47,10.48,9.73,10.1,119525,0
WKME.US,D,20240222,000000,10.49,10.49,9.8,9.96,112535,0
WKME.US,D,20240223,000000,9.59,9.77,9.13,9.48,181501,0
WKME.US,D,20240226,000000,9.41,9.665,9.25,9.4,137274,0
WKME.US,D,20240227,000000,9.34,9.6,9.31,9.4,106770,0
WKME.US,D,20240228,000000,9.37,9.54,9.295,9.42,46086,0
WKME.US,D,20240229,000000,9.31,9.5,9.23,9.31,72601,0
WKME.US,D,20240301,000000,9.35,9.55,9.3,9.34,100627,0
WKME.US,D,20240304,000000,9.31,9.31,8.805,8.93,139211,0
WKME.US,D,20240305,000000,8.85,9,8.32,8.85,221727,0
WKME.US,D,20240306,000000,8.91,8.99,8.44,8.79,113479,0
WKME.US,D,20240307,000000,8.88,8.959,8.6668,8.82,72148,0
WKME.US,D,20240308,000000,8.84,8.85,8.55,8.79,85996,0
WKME.US,D,20240311,000000,8.76,8.84,8.56,8.63,129725,0
WKME.US,D,20240312,000000,8.62,8.68,8.5,8.61,53024,0
WKME.US,D,20240313,000000,8.58,8.838,8.5247,8.7,143691,0
WKME.US,D,20240314,000000,8.65,8.68,8.48,8.55,109488,0
WKME.US,D,20240315,000000,8.52,8.62,8.43,8.6,165035,0
WKME.US,D,20240318,000000,8.59,8.75,8.44,8.68,35288,0
WKME.US,D,20240319,000000,8.67,8.69,8.5,8.56,69924,0
WKME.US,D,20240320,000000,8.6,8.6822,8.55,8.59,77730,0
WKME.US,D,20240321,000000,8.63,8.775,8.48,8.5,114408,0
WKME.US,D,20240322,000000,8.46,8.59,8.43,8.49,27818,0
WKME.US,D,20240325,000000,8.35,8.5,8.35,8.46,29829,0
WKME.US,D,20240326,000000,8.5,8.5625,8.3,8.38,34717,0
WKME.US,D,20240327,000000,8.43,8.47,8.27,8.42,48292,0
WKME.US,D,20240328,000000,8.43,8.6,8.31,8.6,119446,0
WKME.US,D,20240401,000000,8.3447,8.5418,8.2,8.37,62724,0
WKME.US,D,20240402,000000,8.31,8.3636,8.17,8.32,31608,0
WKME.US,D,20240403,000000,8.3,8.33,8.16,8.2,57605,0
WKME.US,D,20240404,000000,8.22,8.4,8.2,8.2,36852,0
WKME.US,D,20240405,000000,8.2,8.3,8.16,8.21,41086,0
WKME.US,D,20240408,000000,8.27,8.325,8.19,8.24,54404,0
WKME.US,D,20240409,000000,8.24,8.32,8.17,8.18,77083,0
WKME.US,D,20240410,000000,8.09,8.2,7.99,8.11,50244,0
WKME.US,D,20240411,000000,8.11,8.29,8.05,8.24,49723,0
WKME.US,D,20240412,000000,8.1197,8.1197,7.9,7.93,100785,0
WKME.US,D,20240415,000000,7.91,8.07,7.61,7.79,198770,0
WKME.US,D,20240416,000000,7.76,7.915,7.6,7.71,146293,0
WKME.US,D,20240417,000000,7.665,7.87,7.665,7.82,91370,0
WKME.US,D,20240418,000000,7.82,8.05,7.75,7.99,118978,0
WKME.US,D,20240419,000000,7.91,7.91,7.67,7.86,83908,0
WKME.US,D,20240422,000000,7.82,7.94,7.75,7.91,38150,0
WKME.US,D,20240423,000000,7.99,8.1416,7.96,8.03,26297,0
WKME.US,D,20240424,000000,8,8.01,7.78,7.93,233474,0
WKME.US,D,20240425,000000,7.77,7.8681,7.76,7.77,34159,0
WKME.US,D,20240426,000000,7.84,8.015,7.84,7.93,42610,0
WKME.US,D,20240429,000000,8.05,8.07,7.89,7.96,64803,0
WKME.US,D,20240430,000000,7.94,7.98,7.75,7.78,142156,0
WKME.US,D,20240501,000000,7.76,7.94,7.71,7.74,141611,0
WKME.US,D,20240502,000000,7.81,7.92,7.73,7.79,193031,0
WKME.US,D,20240503,000000,7.83,8.13,7.81,8.11,248398,0
WKME.US,D,20240506,000000,8,8.31,8,8.21,103569,0
WKME.US,D,20240507,000000,8.2,8.34,8.1,8.31,79704,0
WKME.US,D,20240508,000000,8.215,8.28,8.01,8.1,126303,0
WKME.US,D,20240509,000000,8.11,8.3,8.09,8.21,138264,0
WKME.US,D,20240510,000000,8.16,8.27,7.83,8,79822,0
WKME.US,D,20240513,000000,8.01,8.24,8.01,8.21,59022,0
WKME.US,D,20240514,000000,8.22,8.2838,8.15,8.16,29033,0
WKME.US,D,20240515,000000,8.21,8.4,8.15,8.32,35503,0
WKME.US,D,20240516,000000,8.34,8.6,8.25,8.39,198881,0
WKME.US,D,20240517,000000,8.35,8.4213,8.32,8.39,31831,0
WKME.US,D,20240520,000000,8.47,8.47,8.17,8.19,171200,0
WKME.US,D,20240521,000000,8.11,8.11,7.78,7.82,325808,0
WKME.US,D,20240522,000000,8.69,9.33,8.052,8.51,465584,0
WKME.US,D,20240523,000000,8.63,9.04,8.45,8.72,338716,0
WKME.US,D,20240524,000000,8.74,9.27,8.71,9.22,274056,0
WKME.US,D,20240528,000000,9.36,9.55,9.315,9.4,222352,0
WKME.US,D,20240529,000000,9.39,9.48,9.15,9.46,118399,0
WKME.US,D,20240530,000000,9.46,9.535,9.21,9.24,121868,0
WKME.US,D,20240531,000000,9.24,9.24,8.91,9.1,269200,0
WKME.US,D,20240603,000000,9.1,9.41,9.1,9.15,110542,0
WKME.US,D,20240604,000000,9.1,9.65,9.1,9.64,116872,0
WKME.US,D,20240605,000000,13.72,13.805,13.67,13.78,20773472,0
WKME.US,D,20240606,000000,13.75,13.82,13.74,13.75,2882572,0
WKME.US,D,20240607,000000,13.76,13.78,13.7,13.78,4057608,0
WKME.US,D,20240610,000000,13.75,13.78,13.73,13.75,571888,0
WKME.US,D,20240611,000000,13.75,13.79,13.71,13.76,2269297,0
WKME.US,D,20240612,000000,13.75,13.785,13.74,13.74,695849,0
WKME.US,D,20240613,000000,13.75,13.76,13.72,13.73,1240110,0
WKME.US,D,20240614,000000,13.73,13.77,13.71,13.76,3341846,0
WKME.US,D,20240617,000000,13.75,13.84,13.75,13.8,438736,0
WKME.US,D,20240618,000000,13.79,13.83,13.77,13.78,312476,0
WKME.US,D,20240620,000000,13.78,13.82,13.76,13.8,474492,0
WKME.US,D,20240621,000000,13.8,13.9,13.78,13.9,456947,0
WKME.US,D,20240624,000000,13.8,13.8601,13.79,13.8,388587,0
WKME.US,D,20240625,000000,13.81,14.09,13.78,14,827337,0
WKME.US,D,20240626,000000,13.91,14.02,13.91,13.98,380585,0
WKME.US,D,20240627,000000,13.95,14.04,13.91,13.99,1117333,0
WKME.US,D,20240628,000000,13.98,13.98,13.88,13.97,403603,0
WKME.US,D,20240701,000000,13.93,13.98,13.84,13.87,415856,0
WKME.US,D,20240702,000000,13.88,13.9,13.83,13.88,135253,0
WKME.US,D,20240703,000000,13.85,13.94,13.84,13.9,554399,0
WKME.US,D,20240705,000000,13.9,13.93,13.86,13.91,123097,0
WKME.US,D,20240708,000000,13.9,13.93,13.88,13.91,204168,0
WKME.US,D,20240709,000000,13.89,13.96,13.89,13.9,354381,0
WKME.US,D,20240710,000000,13.88,13.93,13.86,13.87,375768,0
WKME.US,D,20240711,000000,13.88,13.91,13.87,13.9,161866,0
WKME.US,D,20240712,000000,13.89,13.91,13.87,13.87,143706,0
WKME.US,D,20240715,000000,13.89,13.92,13.86,13.9,794360,0
WKME.US,D,20240716,000000,13.89,13.93,13.88,13.89,228732,0
WKME.US,D,20240717,000000,13.89,13.89,13.845,13.86,504955,0
WKME.US,D,20240718,000000,13.89,13.95,13.84,13.87,457992,0
WKME.US,D,20240719,000000,13.88,13.91,13.84,13.85,380467,0
WKME.US,D,20240722,000000,13.85,13.895,13.85,13.85,212044,0
WKME.US,D,20240723,000000,13.86,13.91,13.83,13.85,512774,0
WKME.US,D,20240724,000000,13.86,13.88,13.83,13.87,286629,0
WKME.US,D,20240725,000000,13.85,13.88,13.84,13.85,454065,0
WKME.US,D,20240726,000000,13.87,13.91,13.85,13.87,583855,0
WKME.US,D,20240729,000000,13.86,13.89,13.85,13.86,548869,0
WKME.US,D,20240730,000000,13.87,13.91,13.85,13.9,558059,0
WKME.US,D,20240731,000000,13.9,13.95,13.88,13.88,637741,0
WKME.US,D,20240801,000000,13.89,13.92,13.88,13.88,1064775,0
WKME.US,D,20240802,000000,13.88,13.91,13.85,13.88,606373,0
WKME.US,D,20240805,000000,13.85,13.885,13.77,13.84,1175316,0
WKME.US,D,20240806,000000,13.83,13.9,13.79,13.87,603809,0
WKME.US,D,20240807,000000,13.87,13.88,13.84,13.86,895195,0
WKME.US,D,20240808,000000,13.86,13.89,13.84,13.89,467394,0
WKME.US,D,20240809,000000,13.87,13.92,13.85,13.9,306724,0
WKME.US,D,20240812,000000,13.85,13.9,13.85,13.88,804381,0
WKME.US,D,20240813,000000,13.88,13.88,13.84,13.86,1258741,0
WKME.US,D,20240814,000000,13.85,13.86,13.83,13.85,547648,0
WKME.US,D,20240815,000000,13.85,13.86,13.78,13.78,817756,0
WKME.US,D,20240816,000000,13.81,13.86,13.79,13.86,202516,0
WKME.US,D,20240819,000000,13.84,13.85,13.805,13.82,546761,0
WKME.US,D,20240820,000000,13.82,13.84,13.795,13.8,450488,0
WKME.US,D,20240821,000000,13.81,13.85,13.79,13.85,94147,0
WKME.US,D,20240822,000000,13.82,13.85,13.805,13.83,207072,0
WKME.US,D,20240823,000000,13.83,13.86,13.82,13.85,277995,0
WKME.US,D,20240826,000000,13.83,13.85,13.82,13.83,312486,0
WKME.US,D,20240827,000000,13.83,13.85,13.83,13.84,142340,0
WKME.US,D,20240828,000000,13.84,13.86,13.84,13.84,150477,0
WKME.US,D,20240829,000000,13.84,13.86,13.83,13.84,202989,0
WKME.US,D,20240830,000000,13.85,13.87,13.83,13.87,209817,0
WKME.US,D,20240903,000000,13.84,13.88,13.83,13.88,214299,0
WKME.US,D,20240904,000000,13.84,13.92,13.84,13.85,215871,0
WKME.US,D,20240905,000000,13.85,13.87,13.84,13.86,295672,0
WKME.US,D,20240906,000000,13.98,13.98,13.875,13.93,1671962,0
WKME.US,D,20240909,000000,13.93,13.96,13.93,13.95,451527,0
WKME.US,D,20240910,000000,13.96,13.965,13.92,13.95,1131504,0
WKME.US,D,20240911,000000,13.96,13.96,13.94,13.95,1320938,0
