<TICKER>,<PER>,<DATE>,<TIME>,<OPEN>,<HIGH>,<LOW>,<CLOSE>,<VOL>,<OPENINT>
WNW.US,D,20201215,000000,279.3,459.9,255.85,421.75,13962.400013962,0
WNW.US,D,20201216,000000,472.5,2357.95,471.8,2278.5,93189.485807475,0
WNW.US,D,20201217,000000,1909.12,5623.8,1894.55,4287.5,90285.657233143,0
WNW.US,D,20201218,000000,3544.88,3745,2529.1,2729.3,33401.971461973,0
WNW.US,D,20201221,000000,2450,2651.25,1750,1856.4,21507.742878651,0
WNW.US,D,20201222,000000,1803.2,1803.2,1347.5,1437.1,19558.342876701,0
WNW.US,D,20201223,000000,1400,2048.2,1146.25,1994.3,71093.771499665,0
WNW.US,D,20201224,000000,1793.75,1958.95,1575.35,1575.35,15916.457158774,0
WNW.US,D,20201228,000000,1575.2,1714.65,1438.5,1482.6,8366.5428655094,0
WNW.US,D,20201229,000000,1458.8,1627.5,1354.85,1379.35,6773.6571496308,0
WNW.US,D,20201230,000000,1431.85,1463,1312.5,1357.65,3969.7714325412,0
WNW.US,D,20201231,000000,1358,1442,1312.5,1313.55,3803.1714323746,0
WNW.US,D,20210104,000000,1316,1347.5,1160.95,1190.7,2997.2571458544,0
WNW.US,D,20210105,000000,1190,1400,1190,1399.3,4334.571432906,0
WNW.US,D,20210106,000000,1381.45,1400,1235.5,1286.6,3540.4857178262,0
WNW.US,D,20210107,000000,1291.5,1387.4,1291.5,1307.6,6647.2000066472,0
WNW.US,D,20210108,000000,1326.85,1343.63,1137.5,1176.35,7857.4571507146,0
WNW.US,D,20210111,000000,1176,1189.66,1008,1018.15,11538.600011539,0
WNW.US,D,20210112,000000,1055.95,1063.65,997.678,1024.8,6807.285721093,0
WNW.US,D,20210113,000000,1039.85,1075.2,987,1032.5,6831.6857211174,0
WNW.US,D,20210114,000000,1050,1050,945.658,991.55,3744.6000037446,0
WNW.US,D,20210115,000000,966,979.433,854.084,872.55,4589.8000045898,0
WNW.US,D,20210119,000000,899.5,938,814.8,814.8,4789.9142905042,0
WNW.US,D,20210120,000000,854.7,885.15,769.65,805,6797.14286394,0
WNW.US,D,20210121,000000,797.3,811.3,733.25,785.75,5522.2571483794,0
WNW.US,D,20210122,000000,812,821.8,753.753,773.5,5057.285719343,0
WNW.US,D,20210125,000000,782.25,1004.5,775.253,889,27314.4857416,0
WNW.US,D,20210126,000000,910,935.725,745.85,768.6,19527.285733813,0
WNW.US,D,20210127,000000,750.75,768.95,686,691.25,10081.02858151,0
WNW.US,D,20210128,000000,707.35,746.886,693,697.9,8717.5428658604,0
WNW.US,D,20210129,000000,725.9,735,623,625.45,5977.0857202628,0
WNW.US,D,20210201,000000,637,672,599.9,627.9,10687.971439259,0
WNW.US,D,20210202,000000,647.5,664.321,556.85,576.1,10519.685724805,0
WNW.US,D,20210203,000000,577.5,611.128,549.85,582.4,10627.400010627,0
WNW.US,D,20210204,000000,590.1,611.1,542.5,555.1,8816.857151674,0
WNW.US,D,20210205,000000,567.7,577.5,525.654,548.45,9535.5428666784,0
WNW.US,D,20210208,000000,560,647.146,549.5,583.1,18972.142876115,0
WNW.US,D,20210209,000000,591.5,594.3,521.5,543.55,16791.685731077,0
WNW.US,D,20210210,000000,551.6,551.6,508.55,522.2,8249.3428653922,0
WNW.US,D,20210211,000000,519.75,558.6,485.8,556.85,69151.685783437,0
WNW.US,D,20210212,000000,607.6,1190,606.55,1126.65,633137.51491885,0
WNW.US,D,20210216,000000,1004.85,1233.75,805,814.1,107903.71439362,0
WNW.US,D,20210217,000000,831.6,866.95,577.85,591.15,70521.342927664,0
WNW.US,D,20210218,000000,634.55,845.25,614.25,666.4,189529.82876096,0
WNW.US,D,20210219,000000,703.5,742,593.25,594.3,74709.857217567,0
WNW.US,D,20210222,000000,615.65,618.1,509.6,516.6,38225.51432394,0
WNW.US,D,20210223,000000,495.25,507.15,420.7,458.85,42309.657185167,0
WNW.US,D,20210224,000000,467.25,513.1,455,479.5,30045.771458617,0
WNW.US,D,20210225,000000,502.25,524.65,420,422.45,51125.485765411,0
WNW.US,D,20210226,000000,440.3,440.3,385,400.75,24715.91431043,0
WNW.US,D,20210301,000000,417.2,469.35,387.25,443.8,41187.200041187,0
WNW.US,D,20210302,000000,437.5,441,402.5,411.6,18609.085732895,0
WNW.US,D,20210303,000000,406.7,431.2,369.25,427,36628.942893772,0
WNW.US,D,20210304,000000,402.5,413.7,337.4,344.75,31041.742888185,0
WNW.US,D,20210305,000000,343,359.8,290.5,343.7,33966.057176823,0
WNW.US,D,20210308,000000,335.65,367.15,334.495,347.9,15394.828586823,0
WNW.US,D,20210309,000000,362.6,419.3,355.25,385.35,32075.228603504,0
WNW.US,D,20210310,000000,404.25,406,359.1,369.95,19281.542876424,0
WNW.US,D,20210311,000000,383.6,409.5,361.55,400.4,26109.971454681,0
WNW.US,D,20210312,000000,385,397.25,369.25,387.8,11670.657154528,0
WNW.US,D,20210315,000000,389.2,431.725,352.8,429.8,82235.028653664,0
WNW.US,D,20210316,000000,418.95,426.296,371,380.1,36856.142893999,0
WNW.US,D,20210317,000000,367.5,415.45,363.65,401.8,28955.371457527,0
WNW.US,D,20210318,000000,402.5,579.6,385.703,417.55,361457.45750431,0
WNW.US,D,20210319,000000,437.85,494.2,410.042,469,112524.88582681,0
WNW.US,D,20210322,000000,480.725,515.833,432.95,443.45,70326.314356041,0
WNW.US,D,20210323,000000,447.65,454.996,408.1,413,27326.228598755,0
WNW.US,D,20210324,000000,416.5,416.5,346.5,346.85,41264.08575555,0
WNW.US,D,20210325,000000,335.443,368.55,332.5,357,23997.314309712,0
WNW.US,D,20210326,000000,362.95,374.5,336.35,353.15,22664.457165522,0
WNW.US,D,20210329,000000,350,359.45,329.35,332.5,13523.600013524,0
WNW.US,D,20210330,000000,336,345.8,316.05,338.1,10071.600010072,0
WNW.US,D,20210331,000000,350,364.934,347.56,353.5,11860.542869003,0
WNW.US,D,20210401,000000,361.9,370.825,343,351.05,12872.800012873,0
WNW.US,D,20210405,000000,360.5,414.645,347.203,406,63057.114348771,0
WNW.US,D,20210406,000000,388.85,392,353.5,365.05,27954.628599383,0
WNW.US,D,20210407,000000,360.5,365.05,345.8,357,15437.057158294,0
WNW.US,D,20210408,000000,355.25,375.9,339.85,365.75,25607.828597036,0
WNW.US,D,20210409,000000,363.65,363.65,343.7,355.25,11254.457154112,0
WNW.US,D,20210412,000000,354.9,354.9,317.8,320.6,26477.34288362,0
WNW.US,D,20210413,000000,323.75,336,318.85,333.55,9971.857152829,0
WNW.US,D,20210414,000000,334.25,340.2,319.2,330.05,8562.8857228486,0
WNW.US,D,20210415,000000,338.8,338.8,308,317.8,11330.942868474,0
WNW.US,D,20210416,000000,319.2,321.688,304.15,316.05,8497.6857227834,0
WNW.US,D,20210419,000000,313.95,316.746,295.75,299.25,8002.2571508594,0
WNW.US,D,20210420,000000,300.3,306.25,281.05,287.35,8975.142866118,0
WNW.US,D,20210421,000000,284.2,308,282.103,305.2,6411.8857206976,0
WNW.US,D,20210422,000000,306.95,326.2,298.2,313.6,15753.05715861,0
WNW.US,D,20210423,000000,314.65,324.1,305.55,310.1,8793.2000087932,0
WNW.US,D,20210426,000000,314.3,327.25,305.55,319.2,10799.428582228,0
WNW.US,D,20210427,000000,320.95,367.5,319.2,332.15,72836.542929979,0
WNW.US,D,20210428,000000,336,342.65,319.9,326.9,21260.514306975,0
WNW.US,D,20210429,000000,327.25,330.4,305.55,314.3,10513.942867657,0
WNW.US,D,20210430,000000,307.3,324.45,306.95,313.95,7423.8857217096,0
WNW.US,D,20210503,000000,317.8,325.15,298.55,321.65,19909.400019909,0
WNW.US,D,20210504,000000,315,319.9,288.4,299.25,22695.657165553,0
WNW.US,D,20210505,000000,296.1,302.4,290.15,294,6601.7428637446,0
WNW.US,D,20210506,000000,289.8,292.25,273.388,277.2,10330.685724616,0
WNW.US,D,20210507,000000,280,290.5,269.594,273.7,7961.9714365334,0
WNW.US,D,20210510,000000,274.75,275.1,252,257.6,14520.485728806,0
WNW.US,D,20210511,000000,240.8,262.5,231.35,253.05,8304.1714368756,0
WNW.US,D,20210512,000000,251.3,258.055,241.15,241.5,5476.857148334,0
WNW.US,D,20210513,000000,243.6,252.752,214.9,217.35,18392.057161249,0
WNW.US,D,20210514,000000,224.7,253.4,217.7,243.95,28665.542885808,0
WNW.US,D,20210517,000000,240.45,243.25,227.5,238,7533.4857218192,0
WNW.US,D,20210518,000000,240.1,262.115,234.5,247.1,12621.257155478,0
WNW.US,D,20210519,000000,242.55,272.125,241.325,261.1,21903.514307618,0
WNW.US,D,20210520,000000,261.1,262.5,239.753,244.3,15994.857158852,0
WNW.US,D,20210521,000000,245,251.646,238.35,245.35,8442.5142941568,0
WNW.US,D,20210524,000000,247.8,254.45,241.5,242.9,11686.485725972,0
WNW.US,D,20210525,000000,244.65,264.25,241.5,256.55,19758.028591187,0
WNW.US,D,20210526,000000,266,287,249.55,252,27483.228598912,0
WNW.US,D,20210527,000000,252,255.5,246.75,248.5,5897.2571487544,0
WNW.US,D,20210528,000000,250.25,267.75,248.15,249.9,9153.8285805824,0
WNW.US,D,20210601,000000,247.45,257.25,239.4,245.7,33075.857175933,0
WNW.US,D,20210602,000000,243.25,243.25,219.45,223.65,56150.285770436,0
WNW.US,D,20210603,000000,225.75,266,220.5,234.15,65055.085779341,0
WNW.US,D,20210604,000000,233.1,236.95,224,230.3,17055.828588484,0
WNW.US,D,20210607,000000,230.3,239.75,229.25,236.95,12416.885726703,0
WNW.US,D,20210608,000000,239.4,253.75,232.085,253.05,20284.942877428,0
WNW.US,D,20210609,000000,257.6,260.396,240.45,245.35,21387.685735673,0
WNW.US,D,20210610,000000,245.35,246.75,231,239.05,14170.00001417,0
WNW.US,D,20210611,000000,243.25,254.45,229.6,234.5,25442.714311157,0
WNW.US,D,20210614,000000,232.064,261.247,231.35,257.6,55281.085769567,0
WNW.US,D,20210615,000000,248.5,251.3,231.7,235.2,27297.857170155,0
WNW.US,D,20210616,000000,236.25,244.3,232.75,234.85,16167.400016167,0
WNW.US,D,20210617,000000,238,240.45,230.65,232.4,11880.40001188,0
WNW.US,D,20210618,000000,231,236.95,221.9,226.8,17167.34287431,0
WNW.US,D,20210621,000000,226.1,226.1,215.6,218.05,10757.714296472,0
WNW.US,D,20210622,000000,217.7,219.348,211.753,216.3,9245.000009245,0
WNW.US,D,20210623,000000,216.3,232.75,216.3,225.05,10801.22858223,0
WNW.US,D,20210624,000000,228.2,232.75,223.3,232.75,8483.857151341,0
WNW.US,D,20210625,000000,236.25,279.3,234.85,259,143678.11442939,0
WNW.US,D,20210628,000000,252.7,293.65,243.25,253.05,94427.428665856,0
WNW.US,D,20210629,000000,256.9,262.5,236.95,241.85,27073.857169931,0
WNW.US,D,20210630,000000,238.35,241.15,229.95,231,18702.971447274,0
WNW.US,D,20210701,000000,300.65,343,263.55,287,655411.77208398,0
WNW.US,D,20210702,000000,273.7,284.9,262.5,279.65,46215.142903358,0
WNW.US,D,20210706,000000,269.5,271.6,242.9,253.05,30471.142887614,0
WNW.US,D,20210707,000000,250.95,258.296,228.55,232.75,17470.857160328,0
WNW.US,D,20210708,000000,225.75,237.65,218.75,230.3,13579.028585008,0
WNW.US,D,20210709,000000,235.2,239.75,224,236.25,14552.771443124,0
WNW.US,D,20210712,000000,238.35,238.7,222.6,224.35,7711.4857219972,0
WNW.US,D,20210713,000000,225.05,230.482,219.1,220.5,6594.28572088,0
WNW.US,D,20210714,000000,221.2,225.046,210.7,211.05,10193.771438765,0
WNW.US,D,20210715,000000,213.5,221.196,203.7,207.2,10326.771438898,0
WNW.US,D,20210716,000000,208.95,210,198.1,200.2,7691.42857912,0
WNW.US,D,20210719,000000,192.5,214.55,190.47,210.35,13516.171442088,0
WNW.US,D,20210720,000000,202.65,215.25,196.7,210.7,10823.000010823,0
WNW.US,D,20210721,000000,212.8,222.95,210,221.9,7784.8285792134,0
WNW.US,D,20210722,000000,218.4,222.25,209.475,219.45,4790.6857190764,0
WNW.US,D,20210723,000000,211.4,217,192.5,195.3,17556.057160413,0
WNW.US,D,20210726,000000,193.2,194.95,182.7,188.3,7335.9714359074,0
WNW.US,D,20210727,000000,188.3,189,177.782,179.55,6693.6000066936,0
WNW.US,D,20210728,000000,185.125,191.534,182,187.25,5299.2285767278,0
WNW.US,D,20210729,000000,187.95,195.146,185.5,189.7,4541.2285759698,0
WNW.US,D,20210730,000000,187.25,188.65,178.5,180.6,4234.6000042346,0
WNW.US,D,20210802,000000,184.45,188.65,182.35,183.05,3026.6285744552,0
WNW.US,D,20210803,000000,181.3,203,179.739,187.25,18112.742875256,0
WNW.US,D,20210804,000000,184.8,187.95,178.85,181.65,5187.000005187,0
WNW.US,D,20210805,000000,181.65,181.65,173.25,173.6,8893.5142946078,0
WNW.US,D,20210806,000000,177.8,185.846,170.1,177.45,5985.8857202716,0
WNW.US,D,20210809,000000,178.85,191.45,175.7,183.75,5482.4857197682,0
WNW.US,D,20210810,000000,185.5,187.6,176.75,177.45,3692.6857179784,0
WNW.US,D,20210811,000000,179.2,185.15,176.05,183.4,3350.3428604932,0
WNW.US,D,20210812,000000,184.8,185.706,175.35,179.2,1840.857144698,0
WNW.US,D,20210813,000000,179.55,183.4,173.292,175,3541.714289256,0
WNW.US,D,20210816,000000,173.25,173.6,162.75,170.1,5900.1714344716,0
WNW.US,D,20210817,000000,168,168.35,161.7,164.15,4488.7714330602,0
WNW.US,D,20210818,000000,164.15,168.7,158.55,159.95,5394.9142911092,0
WNW.US,D,20210819,000000,157.5,158.9,149.8,150.85,4865.0571477222,0
WNW.US,D,20210820,000000,150.5,162.4,150.5,153.65,3741.000003741,0
WNW.US,D,20210823,000000,155.05,167.3,154,162.75,5889.2571487464,0
WNW.US,D,20210824,000000,163.8,183.225,163.8,172.9,9758.5142954728,0
WNW.US,D,20210825,000000,170.8,186.382,169.75,177.45,3764.6857180504,0
WNW.US,D,20210826,000000,176.05,185.5,175.577,177.8,3502.9142892172,0
WNW.US,D,20210827,000000,175.7,183.746,175,180.25,3630.6571464878,0
WNW.US,D,20210830,000000,184.45,184.45,170.45,171.85,4451.1142901654,0
WNW.US,D,20210831,000000,173.95,178.5,169.75,175,3011.6000030116,0
WNW.US,D,20210901,000000,178.5,181.3,175,176.75,3954.28571824,0
WNW.US,D,20210902,000000,176.05,183.246,173.6,181.3,4265.1142899794,0
WNW.US,D,20210903,000000,178.85,182.7,175.7,177.1,1805.71428752,0
WNW.US,D,20210907,000000,175,184.45,175,180.25,3733.9428608768,0
WNW.US,D,20210908,000000,177.45,183.05,170.45,172.9,3009.857145867,0
WNW.US,D,20210909,000000,169.75,179.896,169.75,177.45,7880.5428650234,0
WNW.US,D,20210910,000000,176.05,176.568,165.55,166.6,2753.9714313254,0
WNW.US,D,20210913,000000,163.45,169.4,161.003,166.95,3523.1142892374,0
WNW.US,D,20210914,000000,166.25,169.032,157.5,157.5,2760.9428599038,0
WNW.US,D,20210915,000000,158.55,160.52,152.25,153.3,2463.2285738918,0
WNW.US,D,20210916,000000,153.65,165.928,151.2,163.45,5250.9142909652,0
WNW.US,D,20210917,000000,162.05,164.5,154.518,154.7,4155.9142898702,0
WNW.US,D,20210920,000000,152.25,154.105,144.9,147.7,3834.6857181204,0
WNW.US,D,20210921,000000,147.7,151.683,144.9,147,1992.0285734206,0
WNW.US,D,20210922,000000,150.5,152.25,147.7,149.8,1608.6571444658,0
WNW.US,D,20210923,000000,155.004,155.004,148.053,151.55,2403.4571452606,0
WNW.US,D,20210924,000000,148.4,151.2,145.6,147.7,2905.7714314772,0
WNW.US,D,20210927,000000,146.3,156.8,146.3,154.7,3549.3142892636,0
WNW.US,D,20210928,000000,154.35,157.5,147,149.45,1866.714287581,0
WNW.US,D,20210929,000000,150.5,151.525,144.55,145.6,2137.6000021376,0
WNW.US,D,20210930,000000,146.65,149.8,140,144.2,3569.428574998,0
WNW.US,D,20211001,000000,144.55,147.35,133.7,135.8,4092.0857183778,0
WNW.US,D,20211004,000000,139.419,139.419,126,128.1,3972.3714325438,0
WNW.US,D,20211005,000000,129.5,135.45,126.35,130.2,3094.142860237,0
WNW.US,D,20211006,000000,127.75,130.55,122.5,124.95,2725.7428598686,0
WNW.US,D,20211007,000000,127.4,131.95,124.6,125.3,4893.1142906074,0
WNW.US,D,20211008,000000,126.7,131.6,119.35,121.1,6651.9142923662,0
WNW.US,D,20211011,000000,122.15,130.55,120.05,127.75,3121.857145979,0
WNW.US,D,20211012,000000,128.45,130.2,122.5,128.8,5010.3714335818,0
WNW.US,D,20211013,000000,127.75,138.95,126,134.05,2955.6000029556,0
WNW.US,D,20211014,000000,137.55,138.25,129.5,130.2,2653.857145511,0
WNW.US,D,20211015,000000,130.55,136.5,130.2,130.9,2162.3428593052,0
WNW.US,D,20211018,000000,130.2,135.8,126.567,135.1,2133.9428592768,0
WNW.US,D,20211019,000000,134.4,135.8,129.85,133.35,2105.3142878196,0
WNW.US,D,20211020,000000,135.1,144.546,133,140,7620.0285790486,0
WNW.US,D,20211021,000000,138.25,148.4,136.5,137.55,3341.7428604846,0
WNW.US,D,20211022,000000,136.5,137.55,126,126,4162.85714702,0
WNW.US,D,20211025,000000,127.75,131.25,126,128.1,1910.5428590534,0
WNW.US,D,20211026,000000,130.2,130.2,122.5,125.65,3042.6285744712,0
WNW.US,D,20211027,000000,124.25,125.3,119.434,121.8,2908.857145766,0
WNW.US,D,20211028,000000,121.45,124.25,117.25,119.7,3248.8000032488,0
WNW.US,D,20211029,000000,123.55,125.527,117.603,118.3,2089.6571449468,0
WNW.US,D,20211101,000000,119.7,122.297,118.3,120.05,3223.285717509,0
WNW.US,D,20211102,000000,121.8,121.8,117.25,120.4,2022.8285734514,0
WNW.US,D,20211103,000000,120.05,124.6,117.25,124.6,2558.8000025588,0
WNW.US,D,20211104,000000,125.65,125.65,120.4,122.5,2498.4857167842,0
WNW.US,D,20211105,000000,121.1,123.896,116.55,119.7,2293.571430865,0
WNW.US,D,20211108,000000,120.4,120.4,116.627,117.25,2618.7714311902,0
WNW.US,D,20211109,000000,118.3,118.65,113.05,114.8,3821.2285752498,0
WNW.US,D,20211110,000000,113.4,120.4,111.65,115.5,2622.428574051,0
WNW.US,D,20211111,000000,115.85,118.646,114.1,117.6,2221.6857165074,0
WNW.US,D,20211112,000000,118.3,217,116.55,161.7,1301594.5441587,0
WNW.US,D,20211115,000000,138.25,158.2,136.5,157.15,67410.600067411,0
WNW.US,D,20211116,000000,145.6,153.65,136.85,143.85,30691.371459263,0
WNW.US,D,20211117,000000,143.5,143.5,127.4,130.55,14911.257157768,0
WNW.US,D,20211118,000000,130.2,130.406,119,119.35,9750.7714383222,0
WNW.US,D,20211119,000000,119.35,123.063,113.155,114.45,9770.9142954852,0
WNW.US,D,20211122,000000,114.8,116.123,105.7,111.3,8865.6000088656,0
WNW.US,D,20211123,000000,111.3,112.535,106.75,109.2,9160.428580589,0
WNW.US,D,20211124,000000,110.25,122.5,110.25,118.3,13284.771441856,0
WNW.US,D,20211126,000000,115.15,115.15,107.1,109.2,6425.8857207116,0
WNW.US,D,20211129,000000,109.9,110.25,103.603,106.05,6099.2571489564,0
WNW.US,D,20211130,000000,104.65,105.7,101.5,105.7,4167.8857184536,0
WNW.US,D,20211201,000000,105,110.589,96.25,96.25,8083.5428652264,0
WNW.US,D,20211202,000000,98,104.65,97.3,101.15,4668.857147526,0
WNW.US,D,20211203,000000,103.6,103.95,92.0535,93.45,7952.9428650958,0
WNW.US,D,20211206,000000,93.45,93.45,85.0605,91.35,5974.7428631176,0
WNW.US,D,20211207,000000,91.35,96.25,91.35,94.85,4108.4000041084,0
WNW.US,D,20211208,000000,98,99.75,93.8,94.5,4513.1714330846,0
WNW.US,D,20211209,000000,94.85,97.3,90.3,94.85,5947.3428630902,0
WNW.US,D,20211210,000000,94.85,97.9265,86.1,88.2,3451.0857177368,0
WNW.US,D,20211213,000000,88.55,94.15,84.7,88.9,2136.9714307084,0
WNW.US,D,20211214,000000,87.85,90.65,84.42,85.4,2623.3142883376,0
WNW.US,D,20211215,000000,86.1,91.35,84,85.75,3041.2285744698,0
WNW.US,D,20211216,000000,89.25,92.2705,81.55,84.35,2852.4571457096,0
WNW.US,D,20211217,000000,82.6,87.5,79.7055,87.5,3927.14286107,0
WNW.US,D,20211220,000000,86.8,86.8,78.4,80.5,2460.6571453178,0
WNW.US,D,20211221,000000,80.85,83.3,80.5,82.25,1860.00000186,0
WNW.US,D,20211222,000000,83.65,85.05,80.5,85.05,4679.4857189652,0
WNW.US,D,20211223,000000,85.75,91,82.3165,83.65,6409.4571492666,0
WNW.US,D,20211227,000000,83.65,89.2465,83.65,85.05,5848.0285772766,0
WNW.US,D,20211228,000000,84,89.25,83.055,85.75,6533.7428636766,0
WNW.US,D,20211229,000000,85.75,99.05,85.05,89.95,17956.857160814,0
WNW.US,D,20211230,000000,88.55,111.65,82.25,88.2,49123.485763409,0
WNW.US,D,20211231,000000,86.8,91.35,82.6,82.6,13998.285728284,0
WNW.US,D,20220103,000000,82.25,87.1465,82.25,85.75,3160.4000031604,0
WNW.US,D,20220104,000000,88.2,88.2,82.25,87.5,3915.0285753436,0
WNW.US,D,20220105,000000,86.45,88.2,80.85,81.2,4916.571433488,0
WNW.US,D,20220106,000000,84,84,75.25,77.7,3685.857146543,0
WNW.US,D,20220107,000000,77.133,80.5,75.95,76.3,2148.0285735766,0
WNW.US,D,20220110,000000,76.65,77,72.45,73.15,3378.8857176646,0
WNW.US,D,20220111,000000,72.8,77.7,72.8,77,2312.5142880268,0
WNW.US,D,20220112,000000,77,81.55,74.9,78.4,2826.7428599696,0
WNW.US,D,20220113,000000,78.575,81.9,74.2,76.3,2089.142859232,0
WNW.US,D,20220114,000000,77,79.7965,70.35,74.55,4630.1142903444,0
WNW.US,D,20220118,000000,72.1,75.95,70.35,72.45,2741.6571455988,0
WNW.US,D,20220119,000000,71.134,73.7485,64.575,66.5,3749.2285751778,0
WNW.US,D,20220120,000000,69.65,71.05,65.1,65.45,2358.4857166442,0
WNW.US,D,20220121,000000,66.5,67.55,61.25,61.95,2684.0571455412,0
WNW.US,D,20220124,000000,61.95,61.95,54.25,58.8,6488.3714350598,0
WNW.US,D,20220125,000000,63,63,58.8,61.95,3307.6285747362,0
WNW.US,D,20220126,000000,64.05,64.4,59.85,61.6,3023.9428601668,0
WNW.US,D,20220127,000000,61.25,63,55.65,58.8,2819.000002819,0
WNW.US,D,20220128,000000,57.4,60.0145,54.9535,58.6845,989.428572418,0
WNW.US,D,20220131,000000,60.543,65.8,57.5155,64.75,4196.5142899108,0
WNW.US,D,20220201,000000,66.5,70,64.0535,68.95,4418.000004418,0
WNW.US,D,20220202,000000,70.7,71.05,65.401,68.25,3399.6000033996,0
WNW.US,D,20220203,000000,65.8,66.7555,64.4,66.5,1197.2000011972,0
WNW.US,D,20220204,000000,65.1,70,65.1,68.95,3507.9714320794,0
WNW.US,D,20220207,000000,70.35,73.15,66.15,71.4,2059.3142877736,0
WNW.US,D,20220208,000000,70.35,71.75,67.55,69.65,843.4571437006,0
WNW.US,D,20220209,000000,68.25,71.75,68.25,69.65,2383.000002383,0
WNW.US,D,20220210,000000,69.3,73.4965,68.95,71.4,2560.1714311316,0
WNW.US,D,20220211,000000,72.45,78.4,70,71.75,3294.3142890086,0
WNW.US,D,20220214,000000,69.65,72.975,67.3155,68.6,1605.3428587482,0
WNW.US,D,20220215,000000,71.05,73.5,70.35,73.5,2023.714287738,0
WNW.US,D,20220216,000000,75.6,75.6,70.7,73.15,1302.714287017,0
WNW.US,D,20220217,000000,77,114.45,64.05,70.7,407609.94326475,0
WNW.US,D,20220218,000000,65.8,68.5615,59.15,60.9,15333.600015334,0
WNW.US,D,20220222,000000,58.1,60.55,56.7,59.15,5823.8000058238,0
WNW.US,D,20220223,000000,60.55,60.55,52.85,53.2,8118.2571509754,0
WNW.US,D,20220224,000000,52.5,59.472,51.1,58.8,5120.5142908348,0
WNW.US,D,20220225,000000,58.8,60.9,56.7,60.9,3581.8857178676,0
WNW.US,D,20220228,000000,58.45,93.45,49,50.05,330573.77175915,0
WNW.US,D,20220301,000000,53.9,77,44.8,46.55,254488.94311163,0
WNW.US,D,20220302,000000,47.6,48.65,40.6,42.7,42785.228614214,0
WNW.US,D,20220303,000000,42.7,42.7,40.25,40.25,23657.514309372,0
WNW.US,D,20220304,000000,40.25,40.6,37.8,39.55,16888.257159745,0
WNW.US,D,20220307,000000,39.9,41.3,35,37.1,18881.285733167,0
WNW.US,D,20220308,000000,36.4,36.533,33.985,34.538,20310.742877454,0
WNW.US,D,20220309,000000,35,38.1465,34.65,37.1,11855.114297569,0
WNW.US,D,20220310,000000,37.8,37.8,35.35,36.4,7191.6000071916,0
WNW.US,D,20220311,000000,35.7,35.7,32.375,32.935,10572.628582001,0
WNW.US,D,20220314,000000,33.18,33.18,28.658,29.925,9183.6000091836,0
WNW.US,D,20220315,000000,30.1035,31.5,29.7535,30.4395,9454.5142951688,0
WNW.US,D,20220316,000000,32.277,42.35,29.12,30.8,146247.02871768,0
WNW.US,D,20220317,000000,31.857,32.2,29.876,31.3075,18824.800018825,0
WNW.US,D,20220318,000000,31.157,36.4,30.9785,35,37371.4286088,0
WNW.US,D,20220321,000000,35,35.35,32.5675,34.2965,9850.714295565,0
WNW.US,D,20220322,000000,38.5,46.9,37.45,40.95,247196.82881863,0
WNW.US,D,20220323,000000,39.55,43.4,38.85,41.3,22924.942880068,0
WNW.US,D,20220324,000000,40.25,42.7,38.15,42.7,26766.542883909,0
WNW.US,D,20220325,000000,42,42.7,38.85,39.55,21859.057164716,0
WNW.US,D,20220328,000000,40.6,42.6475,39.2,40.95,11684.48572597,0
WNW.US,D,20220329,000000,41.65,42.35,39.62,40.95,22308.514308023,0
WNW.US,D,20220330,000000,40.6,41.125,38.85,39.55,9954.3142956686,0
WNW.US,D,20220331,000000,39.55,39.9,30.7895,30.7895,78286.457221144,0
WNW.US,D,20220401,000000,31.5315,32.41,26.9535,27.475,74963.742932107,0
WNW.US,D,20220404,000000,28.616,29.4,27.475,28.0175,38072.885752359,0
WNW.US,D,20220405,000000,27.6675,28.35,24.15,27.6465,20741.714306456,0
WNW.US,D,20220406,000000,26.25,29.75,25.956,27.9965,26914.314312629,0
WNW.US,D,20220407,000000,27.405,28.7,27.1425,28.35,10354.971438926,0
WNW.US,D,20220408,000000,28.1435,29.4,27.3,27.643,14701.857157559,0
WNW.US,D,20220411,000000,27.3,27.65,25.676,26.6,13216.714298931,0
WNW.US,D,20220412,000000,26.25,26.95,25.1965,26.229,8461.000008461,0
WNW.US,D,20220413,000000,25.865,26.4215,24.5,26.0225,11881.371440453,0
WNW.US,D,20220414,000000,25.6095,26.229,24.185,25.0145,7620.0571504772,0
WNW.US,D,20220418,000000,24.85,24.85,23.625,24.794,5961.3714345328,0
WNW.US,D,20220419,000000,24.325,26.2465,23.8,25.5815,6511.6000065116,0
WNW.US,D,20220420,000000,25.165,25.55,24.3285,24.857,2481.0857167668,0
WNW.US,D,20220421,000000,25.354,25.354,22.925,24.2515,9279.3142949936,0
WNW.US,D,20220422,000000,24.5,24.85,23.975,24.3285,4599.0571474562,0
WNW.US,D,20220425,000000,24.15,26.95,23.877,26.0785,8325.5142940398,0
WNW.US,D,20220426,000000,26.25,26.425,21.7,24.5,28694.657171552,0
WNW.US,D,20220427,000000,24.3215,24.675,24.052,24.3215,5190.857148048,0
WNW.US,D,20220428,000000,24.64,24.843,24.15,24.815,3371.9142890862,0
WNW.US,D,20220429,000000,24.57,26.25,24.5,25.2,6267.0857205528,0
WNW.US,D,20220502,000000,25.2,26.2465,25.2,25.9,4168.6571470258,0
WNW.US,D,20220503,000000,26.2465,26.95,25.2035,26.4215,3906.6285753352,0
WNW.US,D,20220504,000000,25.9805,26.25,24.6225,26.1765,3272.5142889868,0
WNW.US,D,20220505,000000,24.5385,25.7635,23.471,24.15,3194.1142889084,0
WNW.US,D,20220506,000000,24.465,25.55,23.975,24.3565,3261.9142889762,0
WNW.US,D,20220509,000000,24.3425,24.3425,21.735,22.75,3938.0285753666,0
WNW.US,D,20220510,000000,23.8,23.8035,21.7,23.45,3985.142861128,0
WNW.US,D,20220511,000000,24.136,24.136,21.735,22.176,2406.8857166926,0
WNW.US,D,20220512,000000,21.7315,23.5235,21.7315,22.3195,2623.142859766,0
WNW.US,D,20220513,000000,21.651,23.45,21.651,22.75,2551.7428596946,0
WNW.US,D,20220516,000000,23.45,23.45,21.7175,23.443,2524.3428596672,0
WNW.US,D,20220517,000000,23.443,25.025,23.443,24.15,4463.0857187488,0
WNW.US,D,20220518,000000,24.8115,24.8115,21.4725,22.575,5496.9428626398,0
WNW.US,D,20220519,000000,22.7535,23.1,22.575,22.75,2254.2000022542,0
WNW.US,D,20220520,000000,23.1,23.1,22.05,22.743,3783.2000037832,0
WNW.US,D,20220523,000000,22.4,23.1,22.0535,22.435,2985.6857172714,0
WNW.US,D,20220524,000000,22.9215,23.1,22.05,22.554,1426.3142871406,0
WNW.US,D,20220525,000000,22.75,23.45,22.05,22.729,3561.2285749898,0
WNW.US,D,20220526,000000,22.358,23.45,22.358,23.1385,3486.6285749152,0
WNW.US,D,20220527,000000,23.443,23.8,22.75,23.3835,1920.7428590636,0
WNW.US,D,20220531,000000,23.8,26.243,23.1,24.85,3378.2571462354,0
WNW.US,D,20220601,000000,25.2,25.2,23.8035,24.7695,2892.3142886066,0
WNW.US,D,20220602,000000,24.6085,25.9,22.7885,24.101,5892.4857201782,0
WNW.US,D,20220603,000000,23.94,24.85,23.45,24.248,1936.6285733652,0
WNW.US,D,20220606,000000,24.78,24.78,18.3925,20.475,34807.828606236,0
WNW.US,D,20220607,000000,20.0235,21.245,19.8625,20.7743,4022.3428611652,0
WNW.US,D,20220608,000000,21.7,21.7,20.881,21.35,4903.2285763318,0
WNW.US,D,20220609,000000,21,26.25,19.607,22.7325,53411.62862484,0
WNW.US,D,20220610,000000,23.772,23.772,21.035,22.4,4386.857147244,0
WNW.US,D,20220613,000000,21.7,22.708,20.3,21.756,4252.8857185386,0
WNW.US,D,20220614,000000,20.832,20.832,19.1135,19.6,3650.3142893646,0
WNW.US,D,20220615,000000,20.412,22.0465,19.761,21.7245,16010.914301725,0
WNW.US,D,20220616,000000,21.7,21.7,20.3,21.322,2997.0571458542,0
WNW.US,D,20220617,000000,20.6815,23.345,20.3,21.735,3019.2571458764,0
WNW.US,D,20220621,000000,22.4,22.4,19.761,21.0498,5923.1714344946,0
WNW.US,D,20220622,000000,20.839,22.4,20.3875,20.692,2593.8000025938,0
WNW.US,D,20220623,000000,21.0035,23.5865,20.1285,21.42,14585.371443157,0
WNW.US,D,20220624,000000,21.42,22.75,21.42,21.7385,2166.0571450232,0
WNW.US,D,20220627,000000,22.05,22.05,20.825,21.238,1800.1714303716,0
WNW.US,D,20220628,000000,21.6825,22.015,20.86,21.35,2846.571431418,0
WNW.US,D,20220629,000000,20.7095,21.35,19.9675,20.6465,2240.571430812,0
WNW.US,D,20220630,000000,20.3,20.7855,20.0165,20.335,976.571429548,0
WNW.US,D,20220701,000000,20.335,21.35,20.0165,20.9125,1331.285715617,0
WNW.US,D,20220705,000000,20.3,22.7815,20.09,22.75,3507.857146365,0
WNW.US,D,20220706,000000,22.414,23.45,21.7,23.107,2700.0000027,0
WNW.US,D,20220707,000000,23.107,24.43,21.791,23.8,7550.2571504074,0
WNW.US,D,20220708,000000,22.134,24.15,21.35,24.15,1397.571429969,0
WNW.US,D,20220711,000000,25.0075,25.018,22.372,24.325,7792.2571506494,0
WNW.US,D,20220712,000000,22.4,24.5,22.4,23.625,1217.714286932,0
WNW.US,D,20220713,000000,22.722,25.0215,22.7185,23.9505,1713.8000017138,0
WNW.US,D,20220714,000000,23.1994,24.85,23.1994,24.143,789.4000007894,0
WNW.US,D,20220715,000000,24.493,27.762,24.15,25.725,14082.114299796,0
WNW.US,D,20220718,000000,25.725,27.3,24.71,26.131,3844.1142895584,0
WNW.US,D,20220719,000000,25.7075,26.8485,24.8535,25.375,2502.0857167878,0
WNW.US,D,20220720,000000,24.955,26.11,24.85,25.7722,3049.6857173354,0
WNW.US,D,20220721,000000,25.676,26.2465,24.85,25.3995,1344.0285727726,0
WNW.US,D,20220722,000000,26.6,26.6,23.8035,24.136,2256.0857165418,0
WNW.US,D,20220725,000000,25.2,25.2,23.45,24.346,2999.857145857,0
WNW.US,D,20220726,000000,24.85,25.0985,23.45,24.1465,1682.4857159682,0
WNW.US,D,20220727,000000,25.2,25.2,23.1105,24.3775,2522.142859665,0
WNW.US,D,20220728,000000,24.8325,24.8325,23.8,23.87,2344.0285737726,0
WNW.US,D,20220729,000000,24.8325,24.8325,21.735,23.7825,4998.9142907132,0
WNW.US,D,20220801,000000,24.5,24.5,21.742,22.75,2587.428574016,0
WNW.US,D,20220802,000000,21.7,23.1,21.7,22.589,4166.285718452,0
WNW.US,D,20220803,000000,22.4728,23.8,22.05,23.8,3679.2571465364,0
WNW.US,D,20220804,000000,22.9145,25.8965,22.7535,24.4331,5431.0571482882,0
WNW.US,D,20220805,000000,24.5,25.2,23.8315,24.185,1559.0285729876,0
WNW.US,D,20220808,000000,24.5,25.9,24.5,25.5885,3881.142861024,0
WNW.US,D,20220809,000000,27.139,27.139,23.8035,24.283,3169.0857174548,0
WNW.US,D,20220810,000000,24.3845,25.2,23.8,24.4965,1737.2000017372,0
WNW.US,D,20220811,000000,24.2305,25.2,24.08,24.08,4554.9142902692,0
WNW.US,D,20220812,000000,24.4125,24.5,23.1,24.423,5708.857148566,0
WNW.US,D,20220815,000000,23.9575,25.2,23.8,24.85,4872.6857191584,0
WNW.US,D,20220816,000000,24.8535,25.1825,23.9435,24.731,2292.142859435,0
WNW.US,D,20220817,000000,25.2,25.2,23.9085,23.9155,2277.285716563,0
WNW.US,D,20220818,000000,24.2515,24.2515,23.8,23.919,1975.3428591182,0
WNW.US,D,20220819,000000,23.933,24.1395,23.1,23.1,4924.7714334962,0
WNW.US,D,20220822,000000,23.8,25.9,23.3135,24.85,11080.342868223,0
WNW.US,D,20220823,000000,24.5,25.1265,23.9785,24.479,2296.8285737254,0
WNW.US,D,20220824,000000,24.4965,24.85,23.982,24.5035,2576.285716862,0
WNW.US,D,20220825,000000,24.8535,25.2,24.4175,25.193,4408.5428615514,0
WNW.US,D,20220826,000000,25.1825,25.1825,24.094,24.15,3273.857146131,0
WNW.US,D,20220829,000000,24.5,25.5115,24.1745,24.99,2744.571431316,0
WNW.US,D,20220830,000000,25.34,25.34,23.8035,24.2795,1495.0857157808,0
WNW.US,D,20220831,000000,24.15,24.4965,24.0485,24.276,677.3714292488,0
WNW.US,D,20220901,000000,24.829,28.5425,24.675,25.6445,42826.685757112,0
WNW.US,D,20220902,000000,24.535,25.837,22.75,24.6155,5948.9714345204,0
WNW.US,D,20220906,000000,24.332,25.2,22.75,23.8,4048.142861191,0
WNW.US,D,20220907,000000,23.681,24.85,23.275,23.7405,2247.5428593904,0
WNW.US,D,20220908,000000,23.5305,23.9695,23.1,23.4588,3578.0857178638,0
WNW.US,D,20220909,000000,23.7825,24.15,23.4535,23.9855,1729.3428588722,0
WNW.US,D,20220912,000000,23.982,25.865,23.9785,24.2795,1564.000001564,0
WNW.US,D,20220913,000000,23.814,24.15,23.7055,23.8314,1429.4000014294,0
WNW.US,D,20220914,000000,23.59,24.2312,23.59,23.905,1317.2000013172,0
WNW.US,D,20220915,000000,24.5,24.5,22.785,24.0695,1162.9714297344,0
WNW.US,D,20220916,000000,23.5165,24.0695,23.1,23.6652,2325.000002325,0
WNW.US,D,20220919,000000,23.5725,23.863,22.0955,22.8532,2137.8000021378,0
WNW.US,D,20220920,000000,22.855,24.5,22.855,23.0965,2030.2571448874,0
WNW.US,D,20220921,000000,23.975,25.193,23.5095,23.877,2669.2285740978,0
WNW.US,D,20220922,000000,24.85,26.6,24.5,25.095,8403.6857226894,0
WNW.US,D,20220923,000000,25.2742,25.2742,24.2585,24.2585,2485.8285739144,0
WNW.US,D,20220926,000000,24.5,27.314,23.9715,26.2535,10996.600010997,0
WNW.US,D,20220927,000000,28,29.75,27.3,27.3,7680.2571505374,0
WNW.US,D,20220928,000000,27.9965,28.0035,26.25,27.5905,2534.4000025344,0
WNW.US,D,20220929,000000,28,29.05,27.3,27.6465,1659.8000016598,0
WNW.US,D,20220930,000000,27.65,29.6905,27.65,28.7,3392.4571462496,0
WNW.US,D,20221003,000000,29.05,30.198,28.7,29.575,2114.000002114,0
WNW.US,D,20221004,000000,29.925,30.3625,29.05,29.218,2138.6285735672,0
WNW.US,D,20221005,000000,31.15,31.71,28.413,30.1735,4832.2000048322,0
WNW.US,D,20221006,000000,31.5,31.85,30.1,30.8,1622.0285730506,0
WNW.US,D,20221007,000000,31.4965,31.8465,29.8165,30.835,6070.7428632136,0
WNW.US,D,20221010,000000,31.675,31.675,29.7395,30.8175,1411.1142871254,0
WNW.US,D,20221011,000000,30.45,44.45,30.45,40.95,241771.34309891,0
WNW.US,D,20221012,000000,36.05,51.1,36.05,47.25,92984.914378699,0
WNW.US,D,20221013,000000,47.25,54.25,45.15,53.2,54784.942911928,0
WNW.US,D,20221014,000000,52.5,60.55,49.0035,59.85,32885.142890028,0
WNW.US,D,20221017,000000,59.85,66.85,54.25,59.15,26716.885741003,0
WNW.US,D,20221018,000000,57.4,59.85,49.35,56,14177.371442749,0
WNW.US,D,20221019,000000,52.15,57.0465,43.05,43.75,25113.771453685,0
WNW.US,D,20221020,000000,43.75,52.5,41.3,48.65,21109.771449681,0
WNW.US,D,20221021,000000,47.6,55.6465,47.2535,52.15,33060.542890203,0
WNW.US,D,20221024,000000,44.8,52.15,43.75,49.7,19045.885733332,0
WNW.US,D,20221025,000000,50.05,52.4965,43.75,44.8,17679.057160536,0
WNW.US,D,20221026,000000,42,42,33.887,34.825,26543.942883687,0
WNW.US,D,20221027,000000,35,35.35,32.9,34.2965,7356.0857216418,0
WNW.US,D,20221028,000000,33.8835,35,27.3,32.55,51417.085765703,0
WNW.US,D,20221031,000000,36.05,37.0965,33.957,33.957,11304.342868447,0
WNW.US,D,20221101,000000,33.6,34.965,33.6,33.7575,2423.5428595664,0
WNW.US,D,20221102,000000,33.95,35,33.6175,34.3,983.3142866976,0
WNW.US,D,20221103,000000,33.95,36.05,33.782,35.35,1462.6285728912,0
WNW.US,D,20221104,000000,35.7,36.05,34.643,35.7,1089.2000010892,0
WNW.US,D,20221107,000000,36.4,36.4,34.9125,35.7,1856.2285732848,0
WNW.US,D,20221108,000000,35,35.875,34.055,34.055,1226.8285726554,0
WNW.US,D,20221109,000000,37.1,39.2,34.8705,38.15,3898.714289613,0
WNW.US,D,20221110,000000,39.9,42,39.2,42,3397.2285748258,0
WNW.US,D,20221111,000000,41.3,46.9,41.3,45.15,5081.8000050818,0
WNW.US,D,20221114,000000,44.1,49,44.1,48.3,3494.9428606378,0
WNW.US,D,20221115,000000,50.05,51.8,44.8,45.85,2434.9142881492,0
WNW.US,D,20221116,000000,45.5,46.55,42.35,44.8,2301.2571451584,0
WNW.US,D,20221117,000000,43.4,45.85,43.4,45.15,1654.2000016542,0
WNW.US,D,20221118,000000,45.85,47.25,44.499,45.5,1256.4000012564,0
WNW.US,D,20221121,000000,44.1,47.25,43.75,46.55,1516.5428586594,0
WNW.US,D,20221122,000000,45.85,46.55,44.1,45.15,8399.857151257,0
WNW.US,D,20221123,000000,46.55,46.55,44.1,45.5,1898.857144756,0
WNW.US,D,20221125,000000,44.45,45.85,44.1,44.912,1222.428572651,0
WNW.US,D,20221128,000000,45.675,46.55,44.45,45.5,742.2000007422,0
WNW.US,D,20221129,000000,45.367,46.55,43.05,45.5,1681.2000016812,0
WNW.US,D,20221130,000000,45.5,46.2,44.8,45.5,1124.5428582674,0
WNW.US,D,20221201,000000,45.5,46.2,44.8035,45.766,416.6571432738,0
WNW.US,D,20221202,000000,44.8945,47.25,44.8945,47.25,1325.6857156114,0
WNW.US,D,20221205,000000,48.3,51.8,47.425,50.75,9800.6571526578,0
WNW.US,D,20221206,000000,51.8,51.8,47.25,49.021,1706.5142874208,0
WNW.US,D,20221207,000000,49.35,50.7465,47.635,49.3535,1385.6857156714,0
WNW.US,D,20221208,000000,49.7,50.6835,47.6,49.35,1217.1714297886,0
WNW.US,D,20221209,000000,49.7,50.75,48.3,50.75,1349.8857156356,0
WNW.US,D,20221212,000000,49.35,52.5,49.35,52.15,2774.0285742026,0
WNW.US,D,20221213,000000,54.25,64.05,39.9,64.05,25116.342882259,0
WNW.US,D,20221214,000000,65.45,94.5,65.45,91,37389.885751676,0
WNW.US,D,20221215,000000,89.95,94.15,65.8,78.4,25149.60002515,0
WNW.US,D,20221216,000000,80.85,89.95,47.075,50.75,39721.62861115,0
WNW.US,D,20221219,000000,68.95,69.3,50.771,60.55,29175.114314889,0
WNW.US,D,20221220,000000,62.65,68.6,52.85,67.55,16792.600016793,0
WNW.US,D,20221221,000000,70.875,81.6585,10.9655,11.193,757818.2864721,0
WNW.US,D,20221222,000000,10.605,11.9,9.45,10.1325,392128.94324927,0
WNW.US,D,20221223,000000,9.8,10.2515,7.42,7.7,298094.62886952,0
WNW.US,D,20221227,000000,7.861,7.861,6.335,6.657,242960.5431001,0
WNW.US,D,20221228,000000,6.65,7.14,6.51,6.8285,103420.25724628,0
WNW.US,D,20221229,000000,6.7235,8.19,6.7235,7.028,204703.11449042,0
WNW.US,D,20221230,000000,7.028,7.3115,6.475,6.685,103216.54296036,0
WNW.US,D,20230103,000000,7.0175,7.0175,6.51,6.65,68030.942925174,0
WNW.US,D,20230104,000000,6.713,8.3405,6.517,7.7,311171.4288826,0
WNW.US,D,20230105,000000,7.35,9.625,7.35,9.093,333099.2003331,0
WNW.US,D,20230106,000000,8.9845,8.9845,7.336,8.183,141986.05728484,0
WNW.US,D,20230109,000000,7.854,9.1,7.525,7.875,152823.9715814,0
WNW.US,D,20230110,000000,8.05,8.05,7.4025,7.735,73348.17150192,0
WNW.US,D,20230111,000000,7.7875,8.6765,7.525,8.365,139890.14299703,0
WNW.US,D,20230112,000000,8.75,8.8095,7.805,8.295,79419.971507991,0
WNW.US,D,20230113,000000,8.155,9.4465,8.155,9.4325,145338.82871677,0
WNW.US,D,20230117,000000,9.1,9.1315,8.5785,8.75,72786.914358501,0
WNW.US,D,20230118,000000,8.75,8.82,7.7,7.77,88067.971516639,0
WNW.US,D,20230119,000000,7.7,8.078,7.525,7.945,55362.885769649,0
WNW.US,D,20230120,000000,7.7,7.98,7.595,7.98,46299.657189157,0
WNW.US,D,20230123,000000,7.875,8.015,7.735,7.903,33919.971462491,0
WNW.US,D,20230124,000000,8.162,9.0965,8.12,8.715,183061.11446878,0
WNW.US,D,20230125,000000,8.4,9.8,8.1305,9.296,190355.82876178,0
WNW.US,D,20230126,000000,9.59,9.625,8.61,8.96,78088.428649517,0
WNW.US,D,20230127,000000,8.75,9.09996,8.435,8.9145,45398.17147397,0
WNW.US,D,20230130,000000,8.9145,9.7195,8.575,9.4465,60166.828631595,0
WNW.US,D,20230131,000000,9.555,9.555,8.9285,9.1,24569.257167426,0
WNW.US,D,20230201,000000,9.3695,9.38,8.8025,9.2015,38912.142896055,0
WNW.US,D,20230202,000000,8.925,10.045,8.925,9.625,75660.628647089,0
WNW.US,D,20230203,000000,9.625,11.2,9.625,10.7625,112131.62868356,0
WNW.US,D,20230206,000000,11.2385,11.2385,10.2025,10.2235,32489.428603918,0
WNW.US,D,20230207,000000,10.0625,10.5,9.135,9.5725,36297.571464869,0
WNW.US,D,20230208,000000,9.793,9.793,8.4,8.687,72692.628644121,0
WNW.US,D,20230209,000000,8.925,9.198,8.4385,8.575,21200.057164057,0
WNW.US,D,20230210,000000,8.715,8.8725,8.043,8.33,28526.485742812,0
WNW.US,D,20230213,000000,8.05,8.3125,7.777,8.2075,10131.371438703,0
WNW.US,D,20230214,000000,8.05,8.4,7.7805,7.9135,18187.371446759,0
WNW.US,D,20230215,000000,8.05,8.61,7.8995,8.54,17540.771446112,0
WNW.US,D,20230216,000000,8.393,8.75,8.2985,8.68,11019.400011019,0
WNW.US,D,20230217,000000,8.624,8.624,8.0535,8.295,8340.285722626,0
WNW.US,D,20230221,000000,8.75,8.75,7.777,8.05,9227.4857235132,0
WNW.US,D,20230222,000000,7.868,8.3615,7.2835,7.595,21587.514307302,0
WNW.US,D,20230223,000000,7.595,7.6965,7.13825,7.665,15084.48572937,0
WNW.US,D,20230224,000000,7.434,7.63346,7.07,7.28,12176.571440748,0
WNW.US,D,20230227,000000,7.14,7.6125,7.14,7.399,7474.2000074742,0
WNW.US,D,20230228,000000,7.35,7.7,7.35,7.364,4453.3428615962,0
WNW.US,D,20230301,000000,7.3535,7.7,7.14,7.1435,6903.9428640468,0
WNW.US,D,20230302,000000,7.35,7.5075,7.1435,7.196,15015.71430073,0
WNW.US,D,20230303,000000,7.3675,7.86796,7.21,7.532,55950.428627379,0
WNW.US,D,20230306,000000,7.875,7.875,7.175,7.189,12248.857155106,0
WNW.US,D,20230307,000000,7.3885,7.50046,6.4715,6.9335,27740.285742026,0
WNW.US,D,20230308,000000,6.923,7.28,6.923,6.9965,6299.9142920142,0
WNW.US,D,20230309,000000,6.923,6.93,6.4855,6.566,16091.171444663,0
WNW.US,D,20230310,000000,6.755,6.818,5.9675,6.23,23690.742880834,0
WNW.US,D,20230313,000000,6.125,6.2965,5.6,6.09,9407.4857236932,0
WNW.US,D,20230314,000000,5.9115,6.3,5.9115,6.286,3932.6571467898,0
WNW.US,D,20230315,000000,6.1075,6.3035,5.95,6.181,9941.857152799,0
WNW.US,D,20230316,000000,6.195,6.44,5.9535,6.1075,4251.3714328228,0
WNW.US,D,20230317,000000,6.825,6.825,5.7785,6.055,10327.171438899,0
WNW.US,D,20230320,000000,5.95,6.3,5.95,6.2125,6618.3428637612,0
WNW.US,D,20230321,000000,6.02,6.4365,6.02,6.3875,4666.3142903806,0
WNW.US,D,20230322,000000,6.3735,6.3735,6.1285,6.223,4506.0571473632,0
WNW.US,D,20230323,000000,5.8765,6.4365,5.8765,6.209,3596.2285750248,0
WNW.US,D,20230324,000000,5.964,6.2265,5.88,6.055,5791.142862934,0
WNW.US,D,20230327,000000,6.125,6.615,5.9535,6.615,4256.6571471138,0
WNW.US,D,20230328,000000,6.5975,6.5975,6.125,6.2615,6075.7714346472,0
WNW.US,D,20230329,000000,6.573,6.573,6.055,6.258,4797.6571476548,0
WNW.US,D,20230330,000000,6.335,6.5275,6.055,6.3,6309.2571491664,0
WNW.US,D,20230331,000000,6.573,6.6885,6.16,6.174,17649.114303363,0
WNW.US,D,20230403,000000,6.3,6.587,6.1285,6.4435,2135.4000021354,0
WNW.US,D,20230404,000000,6.629,6.629,6.055,6.2615,3940.7428610836,0
WNW.US,D,20230405,000000,6.0375,7.2835,6.0375,6.7515,51800.542908943,0
WNW.US,D,20230406,000000,7,7.07,6.5415,6.65,8301.6571511588,0
WNW.US,D,20230410,000000,6.475,7.1575,6.475,7.1575,12483.714298198,0
WNW.US,D,20230411,000000,7.14,7.1575,6.4785,7,7161.4857214472,0
WNW.US,D,20230412,000000,6.8565,7.245,6.6605,7.077,5205.0857194908,0
WNW.US,D,20230413,000000,7.175,7.21,6.909,7.168,5492.4857197782,0
WNW.US,D,20230414,000000,7.6195,7.6195,7.007,7.315,7801.3714363728,0
WNW.US,D,20230417,000000,7.378,7.6265,7.175,7.1925,2591.7714311632,0
WNW.US,D,20230418,000000,7.0175,7.5425,7,7.3465,4714.2571475714,0
WNW.US,D,20230419,000000,7.35,7.35,7,7.182,1779.1714303506,0
WNW.US,D,20230420,000000,7,7.49,6.82503,7.0875,5412.5142911268,0
WNW.US,D,20230421,000000,6.825,7.33246,6.825,7.028,3013.6857172994,0
WNW.US,D,20230424,000000,6.832,7.35,6.832,7.1645,2550.6285739792,0
WNW.US,D,20230425,000000,7.5215,7.5215,6.3875,6.58,6113.000006113,0
WNW.US,D,20230426,000000,6.58,7,6.118,6.559,6352.7428634956,0
WNW.US,D,20230427,000000,6.615,6.818,6.3,6.37,7915.571436487,0
WNW.US,D,20230428,000000,6.3735,7.6965,6.3,6.895,136163.57156474,0
WNW.US,D,20230501,000000,6.9475,8.2845,6.755,7.84178,85526.800085527,0
WNW.US,D,20230502,000000,8.05,8.74646,6.895,7.154,80133.857222991,0
WNW.US,D,20230503,000000,6.93,7.3465,6.475,6.944,26926.085741212,0
WNW.US,D,20230504,000000,6.734,7.28,6.2965,6.72,12745.342869888,0
WNW.US,D,20230505,000000,6.475,7.035,6.44,6.4435,9662.285723948,0
WNW.US,D,20230508,000000,6.615,6.615,6.412,6.47045,16361.685730647,0
WNW.US,D,20230509,000000,6.4505,6.4645,5.95,6.223,10996.657153854,0
WNW.US,D,20230510,000000,6.12853,6.769,6.12853,6.5555,8585.8285800144,0
WNW.US,D,20230511,000000,6.6395,6.8705,6.174,6.559,11373.400011373,0
WNW.US,D,20230512,000000,6.72,6.72,6.37,6.37,7385.6000073856,0
WNW.US,D,20230515,000000,6.6815,6.6815,6.0585,6.258,4225.2285756538,0
WNW.US,D,20230516,000000,6.125,6.384,6.125,6.2265,4505.9714330774,0
WNW.US,D,20230517,000000,6.055,6.4295,6.055,6.2965,8631.42858006,0
WNW.US,D,20230518,000000,6.37,6.468,6.146,6.4645,11078.028582507,0
WNW.US,D,20230519,000000,6.4645,6.72,6.3,6.65,9508.142866651,0
WNW.US,D,20230522,000000,6.643,6.7025,5.985,6.3,10924.171439496,0
WNW.US,D,20230523,000000,6.2475,6.454,6.2405,6.391,1906.1714304776,0
WNW.US,D,20230524,000000,6.349,6.5275,6.125,6.3315,3835.0571466922,0
WNW.US,D,20230525,000000,5.992,6.328,5.831,5.9745,7480.4571503376,0
WNW.US,D,20230526,000000,5.845,6.251,5.7925,5.9465,3199.1142889134,0
WNW.US,D,20230530,000000,6.1285,6.244,5.775,6.1845,3452.000003452,0
WNW.US,D,20230531,000000,6.23,6.244,5.775,5.9535,6752.1142924664,0
WNW.US,D,20230601,000000,6.503,6.53446,5.91503,6.3,3497.714289212,0
WNW.US,D,20230602,000000,6.02,6.965,6.02,6.8355,27364.942884508,0
WNW.US,D,20230605,000000,6.993,6.993,6.356,6.65,9779.9428669228,0
WNW.US,D,20230606,000000,6.832,6.832,6.524,6.8145,5102.000005102,0
WNW.US,D,20230607,000000,6.8215,7,6.6815,6.8915,3652.8285750814,0
WNW.US,D,20230608,000000,7,7,6.6885,6.9615,3793.0857180788,0
WNW.US,D,20230609,000000,6.9615,6.9965,6.314,6.65,3107.000003107,0
WNW.US,D,20230612,000000,7,7,6.3245,6.615,5349.1142910634,0
WNW.US,D,20230613,000000,6.65,6.65,6.3,6.475,2077.14285922,0
WNW.US,D,20230614,000000,6.601,7,6.405,6.6255,4572.6857188584,0
WNW.US,D,20230615,000000,6.6465,6.82146,6.3,6.643,4735.6000047356,0
WNW.US,D,20230616,000000,6.65,6.79,6.44,6.79,4523.6000045236,0
WNW.US,D,20230620,000000,6.342,6.7305,6.321,6.7165,2485.6857167714,0
WNW.US,D,20230621,000000,6.706,6.706,6.3,6.5625,1626.3428587692,0
WNW.US,D,20230622,000000,6.475,6.9125,6.335,6.6465,5160.6571480178,0
WNW.US,D,20230623,000000,6.622,6.8565,6.30703,6.7165,2888.3714314598,0
WNW.US,D,20230626,000000,6.65,6.65,6.4785,6.65,2069.8285734984,0
WNW.US,D,20230627,000000,6.65,6.65,6.4925,6.6395,1518.57143009,0
WNW.US,D,20230628,000000,6.64296,6.64296,6.405,6.608,1635.6285730642,0
WNW.US,D,20230629,000000,6.58,6.58,6.0235,6.23,3793.4000037934,0
WNW.US,D,20230630,000000,6.1285,6.2965,5.95,6.146,4209.3714327808,0
WNW.US,D,20230703,000000,6.9825,6.9825,6.3,6.58,2310.714288025,0
WNW.US,D,20230705,000000,6.65,6.65,6.3175,6.5835,2757.6000027576,0
WNW.US,D,20230706,000000,6.3,6.5485,5.95,6.4715,4552.8285759814,0
WNW.US,D,20230707,000000,6.545,6.874,6.3035,6.615,9611.7714381832,0
WNW.US,D,20230710,000000,6.734,6.755,6.3,6.7025,3974.7428611176,0
WNW.US,D,20230711,000000,6.3595,6.65,6.3,6.51,1322.000001322,0
WNW.US,D,20230712,000000,6.51,6.7375,6.4015,6.6465,7770.7428649136,0
WNW.US,D,20230713,000000,6.755,6.825,6.4785,6.496,5883.7428630266,0
WNW.US,D,20230714,000000,6.825,6.825,6.0445,6.5415,8619.8857229056,0
WNW.US,D,20230717,000000,6.5765,6.685,6.335,6.65,5452.9714340244,0
WNW.US,D,20230718,000000,6.601,6.65,6.4155,6.65,4071.4571469286,0
WNW.US,D,20230719,000000,6.44,7.2625,6.44,6.895,8950.0857232358,0
WNW.US,D,20230720,000000,6.895,7,6.4995,6.965,2016.6285734452,0
WNW.US,D,20230721,000000,6.9545,6.9545,6.475,6.8425,1596.3428587392,0
WNW.US,D,20230724,000000,6.8215,6.8215,6.531,6.65,4141.142861284,0
WNW.US,D,20230725,000000,6.3175,6.6815,6.3175,6.4925,1180.6285726092,0
WNW.US,D,20230726,000000,6.475,6.6465,6.475,6.51,1028.6571438858,0
WNW.US,D,20230727,000000,6.706,6.706,6.16,6.23,3664.3142893786,0
WNW.US,D,20230728,000000,6.3,6.4715,6.1775,6.4365,4759.4857190452,0
WNW.US,D,20230731,000000,6.5625,6.5625,6.3,6.377,5782.285720068,0
WNW.US,D,20230801,000000,6.65,6.6535,6.195,6.3,4236.9714328084,0
WNW.US,D,20230802,000000,6.5415,6.5415,6.1565,6.2265,3303.8285747324,0
WNW.US,D,20230803,000000,6.125,6.3,6.125,6.125,3906.7428610496,0
WNW.US,D,20230804,000000,6.125,6.3,6.125,6.258,2494.5428596374,0
WNW.US,D,20230807,000000,6.44,6.44,6.05755,6.111,3640.8857179266,0
WNW.US,D,20230808,000000,6.2895,6.2895,6.02,6.14075,1796.6571446538,0
WNW.US,D,20230809,000000,6.2615,6.2825,5.915,5.9535,6910.9428640538,0
WNW.US,D,20230810,000000,5.95,6.16,5.88,5.9465,10867.428582296,0
WNW.US,D,20230811,000000,5.88,6.0165,5.88,5.95,8407.9142941222,0
WNW.US,D,20230814,000000,5.95,5.95,5.67,5.915,3560.4000035604,0
WNW.US,D,20230815,000000,6.0095,6.0095,5.775,5.838,2323.2000023232,0
WNW.US,D,20230816,000000,5.663,5.94296,5.25,5.7435,7812.8857220986,0
WNW.US,D,20230817,000000,5.705,5.9465,5.6,5.642,3286.6857175724,0
WNW.US,D,20230818,000000,5.6,5.7715,5.5125,5.7225,4726.714290441,0
WNW.US,D,20230821,000000,5.775,5.775,5.285,5.5055,6006.7714345782,0
WNW.US,D,20230822,000000,5.6,5.691,5.362,5.3935,14689.971443261,0
WNW.US,D,20230823,000000,5.5125,5.6,5.3165,5.6,16161.685730447,0
WNW.US,D,20230824,000000,5.439,5.502,4.4135,4.935,290328.42886176,0
WNW.US,D,20230825,000000,4.109,4.676,4.109,4.5185,20618.514306333,0
WNW.US,D,20230828,000000,4.515,4.515,4.221,4.438,7720.9714362924,0
WNW.US,D,20230829,000000,4.585,4.585,4.27,4.4905,3613.5428607564,0
WNW.US,D,20230830,000000,4.41,4.47996,4.263,4.3085,6658.0857209438,0
WNW.US,D,20230831,000000,4.263,4.396,4.0425,4.2,7447.9714360194,0
WNW.US,D,20230901,000000,4.1965,4.305,3.6925,3.9235,23505.685737791,0
WNW.US,D,20230905,000000,4.2,4.2,3.78,3.85,6747.9142924622,0
WNW.US,D,20230906,000000,4.0425,4.0425,3.6785,3.948,11835.400011835,0
WNW.US,D,20230907,000000,3.7135,4.0215,3.7135,3.934,2416.5142881308,0
WNW.US,D,20230908,000000,4.109,4.1615,3.9375,4.1405,1952.4000019524,0
WNW.US,D,20230911,000000,4.1965,4.1965,3.85,4.032,4759.2000047592,0
WNW.US,D,20230912,000000,4.165,4.1965,3.9795,3.9795,5208.7714337802,0
WNW.US,D,20230913,000000,3.9795,4.15446,3.85,4.1335,2699.6000026996,0
WNW.US,D,20230914,000000,3.983,4.1265,3.8395,4.004,7309.6000073096,0
WNW.US,D,20230915,000000,4.06,4.06,3.71003,4.0215,10875.628582304,0
WNW.US,D,20230918,000000,4.193,4.3575,3.892,4.1825,17472.542874615,0
WNW.US,D,20230919,000000,4.375,4.375,3.5875,4.2,10757.200010757,0
WNW.US,D,20230920,000000,4.375,4.375,3.78,4.1335,10561.342867704,0
WNW.US,D,20230921,000000,4.13,4.13,3.997,4.01103,3514.5142892288,0
WNW.US,D,20230922,000000,4.0075,4.116,3.85,3.92,5018.7428621616,0
WNW.US,D,20230925,000000,3.8255,4.2,3.6365,3.955,12803.342869946,0
WNW.US,D,20230926,000000,4.375,4.375,3.745,3.815,2935.1714315066,0
WNW.US,D,20230927,000000,3.815,4.1615,3.6925,3.7765,5587.0857198728,0
WNW.US,D,20230928,000000,4.0565,4.0565,3.7345,3.843,2387.2571452444,0
WNW.US,D,20230929,000000,4.0425,4.0425,3.71,3.78,1599.3142873136,0
WNW.US,D,20231002,000000,3.885,3.885,3.402,3.6575,18675.400018675,0
WNW.US,D,20231003,000000,3.843,3.843,3.2375,3.451,17362.257160219,0
WNW.US,D,20231004,000000,3.0975,3.5,3.0835,3.3425,167729.7715963,0
WNW.US,D,20231005,000000,6.097,6.776,4.69,4.9,3394063.9462512,0
WNW.US,D,20231006,000000,4.3715,4.69,3.675,4.0215,305707.82887714,0
WNW.US,D,20231009,000000,3.6505,3.66282,3.3775,3.472,65124.771493696,0
WNW.US,D,20231010,000000,3.4125,3.633,3.38621,3.542,38077.942895221,0
WNW.US,D,20231011,000000,3.4685,3.5525,3.22,3.304,49589.628621018,0
WNW.US,D,20231012,000000,3.4055,3.9865,3.3985,3.584,83088.485797374,0
WNW.US,D,20231013,000000,3.465,3.465,3.227,3.374,27374.114313088,0
WNW.US,D,20231016,000000,3.325,3.3845,3.1675,3.2235,273982.74313113,0
WNW.US,D,20231017,000000,3.829,3.99,3.395,3.5525,323083.28603737,0
WNW.US,D,20231018,000000,3.5875,3.7345,3.339,3.605,45864.057188721,0
WNW.US,D,20231019,000000,3.472,3.472,3.22,3.3775,33971.000033971,0
WNW.US,D,20231020,000000,3.255,3.42296,3.115,3.115,27698.085741984,0
WNW.US,D,20231023,000000,3.15,3.1675,2.9085,2.975,22806.885737093,0
WNW.US,D,20231024,000000,3.0905,3.234,2.975,3.1675,11701.885725988,0
WNW.US,D,20231025,000000,3.15,3.28125,2.975,3.1885,6549.285720835,0
WNW.US,D,20231026,000000,3.1675,3.2235,3.0765,3.129,7554.28572184,0
WNW.US,D,20231027,000000,3.15,3.43,3.06789,3.2585,15262.200015262,0
WNW.US,D,20231030,000000,2.877,3.2585,2.877,3.1395,6666.5428638094,0
WNW.US,D,20231031,000000,3.2935,4.207,3.136,4.025,511176.37193975,0
WNW.US,D,20231101,000000,3.941,4.452,3.6785,4.333,336999.97176557,0
WNW.US,D,20231102,000000,3.9865,3.9865,3.1885,3.85353,121361.48583565,0
WNW.US,D,20231103,000000,3.738,3.843,3.514,3.696,32459.400032459,0
WNW.US,D,20231106,000000,3.521,4.0915,3.521,3.93746,52365.200052365,0
WNW.US,D,20231107,000000,3.8185,3.95846,3.325,3.5805,46154.800046155,0
WNW.US,D,20231108,000000,3.472,3.6155,3.3565,3.3565,27006.971455578,0
WNW.US,D,20231109,000000,3.353,3.395,3.1535,3.2235,17307.085731593,0
WNW.US,D,20231110,000000,3.3985,3.42884,2.989,3.101,23037.628594466,0
WNW.US,D,20231113,000000,3.108,3.262,3.0835,3.108,8995.2571518524,0
WNW.US,D,20231114,000000,3.2445,3.2655,3.08,3.171,12180.914297895,0
WNW.US,D,20231115,000000,3.08,3.22,3.08,3.1535,10640.342867783,0
WNW.US,D,20231116,000000,3.1675,3.2515,3.1535,3.227,3915.2571467724,0
WNW.US,D,20231117,000000,3.3565,3.3565,2.8,2.975,15683.457158541,0
WNW.US,D,20231120,000000,3.22,3.22,2.91903,3.0485,8572.1714371436,0
WNW.US,D,20231121,000000,3.0555,3.14646,2.9435,2.9925,7611.8285790404,0
WNW.US,D,20231122,000000,3.087,3.094,2.891,2.94,8550.2000085502,0
WNW.US,D,20231124,000000,2.94,3.01,2.891,2.982,4564.5142902788,0
WNW.US,D,20231127,000000,3.073,3.115,2.926,3.0275,5418.2571482754,0
WNW.US,D,20231128,000000,2.905,2.905,2.8175,2.821,12961.657155819,0
WNW.US,D,20231129,000000,2.905,2.905,2.835,2.849,13638.914299353,0
WNW.US,D,20231130,000000,2.8,2.807,2.3975,2.5235,75728.714361443,0
WNW.US,D,20231201,000000,2.4465,2.905,2.3275,2.905,395619.94325276,0
WNW.US,D,20231204,000000,2.73,2.947,2.345,2.52,175124.60017512,0
WNW.US,D,20231205,000000,4.095,5.74,2.527,2.8,4734524.3190202,0
WNW.US,D,20231206,000000,3.01,3.283,2.4675,3.255,392405.40039241,0
WNW.US,D,20231207,000000,2.793,2.905,2.59,2.709,143810.94300095,0
WNW.US,D,20231208,000000,2.6075,2.765,2.485,2.625,71580.857214438,0
WNW.US,D,20231211,000000,2.6635,2.674,2.485,2.52,61292.028632721,0
WNW.US,D,20231212,000000,2.583,2.583,2.345,2.457,52208.342909351,0
WNW.US,D,20231213,000000,2.4605,2.555,2.415,2.52,35157.5428923,0
WNW.US,D,20231214,000000,2.66,2.7125,2.555,2.667,199235.54305638,0
WNW.US,D,20231215,000000,2.6425,2.758,2.576,2.6215,44595.71433031,0
WNW.US,D,20231218,000000,2.555,2.66,2.485,2.5585,36209.371464781,0
WNW.US,D,20231219,000000,2.625,2.835,2.506,2.765,85298.657228156,0
WNW.US,D,20231220,000000,2.35,2.6297,1.8,2.3,261061,0
WNW.US,D,20231221,000000,2.28,2.28,1.72,1.91,517945,0
WNW.US,D,20231222,000000,1.94,2.2684,1.94,2.1923,79257,0
WNW.US,D,20231226,000000,2.2,2.2956,2.19,2.29,38618,0
WNW.US,D,20231227,000000,2.26,2.7,2.26,2.65,117097,0
WNW.US,D,20231228,000000,2.65,3.32,2.55,3.09,277425,0
WNW.US,D,20231229,000000,3.14,3.7,3.14,3.38,332843,0
WNW.US,D,20240102,000000,3.33,3.5346,2.53,3.45,409853,0
WNW.US,D,20240103,000000,3.34,3.68,3.25,3.6193,79170,0
WNW.US,D,20240104,000000,3.51,3.78,3.131,3.56,88799,0
WNW.US,D,20240105,000000,3.51,3.61,3.3342,3.36,18029,0
WNW.US,D,20240108,000000,3.3,3.36,3.05,3.05,81028,0
WNW.US,D,20240109,000000,2.99,3.125,2.9136,3.02,25008,0
WNW.US,D,20240110,000000,2.97,3.48,2.9481,3.29,70323,0
WNW.US,D,20240111,000000,3.17,3.6,3.17,3.51,58526,0
WNW.US,D,20240112,000000,3.45,3.99,3.44,3.56,66163,0
WNW.US,D,20240116,000000,3.5733,4.09,3.5145,3.8,61404,0
WNW.US,D,20240117,000000,3.7,4.09,3.61,3.91,34001,0
WNW.US,D,20240118,000000,3.89,4.5,3.862,4.28,48516,0
WNW.US,D,20240119,000000,4.46,5.71,4.43,5.19,205492,0
WNW.US,D,20240122,000000,5.08,6.8499,5.01,6.33,133079,0
WNW.US,D,20240123,000000,6.66,8.1,6.1,7.77,217185,0
WNW.US,D,20240124,000000,7.83,9.34,7.83,9.34,179049,0
WNW.US,D,20240125,000000,8.99,9.4241,7.75,8.33,103722,0
WNW.US,D,20240126,000000,8.52,11.1098,8.52,10.3,259208,0
WNW.US,D,20240129,000000,9.7,10.0573,7.62,7.75,180015,0
WNW.US,D,20240130,000000,7.75,8.53,2.16,2.22,1005452,0
WNW.US,D,20240131,000000,2.21,2.21,1.71,1.8394,391756,0
WNW.US,D,20240201,000000,1.92,2.05,1.1728,1.21,817854,0
WNW.US,D,20240202,000000,1.23,1.2454,1.01,1.0231,683617,0
WNW.US,D,20240205,000000,1.02,1.03,0.93,1,251305,0
WNW.US,D,20240206,000000,1,1.54,0.97,1.45,7048011,0
WNW.US,D,20240207,000000,1.43,1.44,1.14,1.18,1078575,0
WNW.US,D,20240208,000000,1.39,1.88,1.3,1.68,4897120,0
WNW.US,D,20240209,000000,1.5,1.522,1.29,1.39,644034,0
WNW.US,D,20240212,000000,1.37,1.41,1.25,1.38,324632,0
WNW.US,D,20240213,000000,1.4,1.4797,1.19,1.25,479268,0
WNW.US,D,20240214,000000,1.3,1.43,1.25,1.35,1894805,0
WNW.US,D,20240215,000000,1.34,1.37,1.2601,1.32,238454,0
WNW.US,D,20240216,000000,1.32,1.39,1.27,1.39,261783,0
WNW.US,D,20240220,000000,1.31,1.353,1.28,1.31,114536,0
WNW.US,D,20240221,000000,1.28,1.38,1.24,1.27,108927,0
WNW.US,D,20240222,000000,1.3,1.4,1.21,1.22,191987,0
WNW.US,D,20240223,000000,1.22,1.28,1.1,1.18,240812,0
WNW.US,D,20240226,000000,1.17,1.289,1.15,1.24,102320,0
WNW.US,D,20240227,000000,1.25,1.29,1.17,1.24,98915,0
WNW.US,D,20240228,000000,1.21,1.24,1.19,1.19,81457,0
WNW.US,D,20240229,000000,1.19,1.27,1.18,1.19,103949,0
WNW.US,D,20240301,000000,1.19,1.24,1.18,1.22,44493,0
WNW.US,D,20240304,000000,1.27,1.27,1.1307,1.2,100425,0
WNW.US,D,20240305,000000,1.2,1.2,1.14,1.15,87517,0
WNW.US,D,20240306,000000,1.19,1.225,1.11,1.2,95734,0
WNW.US,D,20240307,000000,1.16,1.23,1.16,1.19,66276,0
WNW.US,D,20240308,000000,1.22,1.24,1.15,1.23,111869,0
WNW.US,D,20240311,000000,1.22,1.25,1.2,1.21,64094,0
WNW.US,D,20240312,000000,1.25,1.3597,1.2391,1.3,110841,0
WNW.US,D,20240313,000000,1.26,1.3,1.24,1.25,55794,0
WNW.US,D,20240314,000000,1.28,1.28,1.15,1.17,41431,0
WNW.US,D,20240315,000000,1.19,1.215,1.1201,1.2,65309,0
WNW.US,D,20240318,000000,1.33,1.6,1.22,1.26,1051888,0
WNW.US,D,20240319,000000,1.24,1.24,1.16,1.18,129257,0
WNW.US,D,20240320,000000,1.18,1.26,1.13,1.17,200918,0
WNW.US,D,20240321,000000,1.19,1.19,1.1,1.14,97346,0
WNW.US,D,20240322,000000,1.1,1.14,1,1.08,225898,0
WNW.US,D,20240325,000000,1.08,1.08,0.98,1.015,132825,0
WNW.US,D,20240326,000000,1,1.0505,1,1,119304,0
WNW.US,D,20240327,000000,1.03,1.0441,0.985,1.01,44744,0
WNW.US,D,20240328,000000,1,1.05,1,1.01,43817,0
WNW.US,D,20240401,000000,1.04,1.04,0.98,1.02,46596,0
WNW.US,D,20240402,000000,1.03,1.03,0.9811,1,38833,0
WNW.US,D,20240403,000000,0.99,1.02,0.98,0.99,61061,0
WNW.US,D,20240404,000000,0.99,1.02,0.99,1,40003,0
WNW.US,D,20240405,000000,0.9901,1,0.9702,1,40904,0
WNW.US,D,20240408,000000,0.97,1.01,0.9668,0.994,68986,0
WNW.US,D,20240409,000000,1.01,1.01,0.9941,1.01,20083,0
WNW.US,D,20240410,000000,1.66,2,1.19,1.33,55902866,0
WNW.US,D,20240411,000000,1.16,1.27,1.05,1.14,1556567,0
WNW.US,D,20240412,000000,1.11,1.18,1.06,1.12,511090,0
WNW.US,D,20240415,000000,1.16,1.17,1.02,1.05,3214128,0
WNW.US,D,20240416,000000,1.02,1.06,0.99,1.05,357761,0
WNW.US,D,20240417,000000,1.06,1.08,0.9801,1.04,277787,0
WNW.US,D,20240418,000000,1,1.23,1,1.09,1028843,0
WNW.US,D,20240419,000000,1.07,1.08,1.03,1.08,166844,0
WNW.US,D,20240422,000000,1.08,1.11,1.0423,1.1,103365,0
WNW.US,D,20240423,000000,1.07,1.09,1.04,1.05,129514,0
WNW.US,D,20240424,000000,1.06,1.07,1.03,1.06,127980,0
WNW.US,D,20240425,000000,1.03,1.05,1,1.03,123508,0
WNW.US,D,20240426,000000,1.02,1.07,0.99,1.04,249979,0
WNW.US,D,20240429,000000,1.03,1.07,1.03,1.05,84244,0
WNW.US,D,20240430,000000,1.05,1.06,1,1.02,94913,0
WNW.US,D,20240501,000000,1.02,1.0509,1,1.03,52266,0
WNW.US,D,20240502,000000,1.05,1.05,0.991,1.03,51258,0
WNW.US,D,20240503,000000,1.02,1.08,1.02,1.05,125043,0
WNW.US,D,20240506,000000,1.08,1.08,1.01,1.03,47335,0
WNW.US,D,20240507,000000,1.02,1.0698,1.012,1.0201,46185,0
WNW.US,D,20240508,000000,1.01,1.03,1,1.02,91078,0
WNW.US,D,20240509,000000,1.02,1.06,1.01,1.0401,67296,0
WNW.US,D,20240510,000000,1.0583,1.3,1.0488,1.12,2223644,0
WNW.US,D,20240513,000000,1.08,1.14,1.07,1.1,205534,0
WNW.US,D,20240514,000000,1.08,1.13,1.08,1.09,201062,0
WNW.US,D,20240515,000000,1.07,1.1,1.0004,1.06,254889,0
WNW.US,D,20240516,000000,1.09,1.09,1.03,1.06,112920,0
WNW.US,D,20240517,000000,1.04,1.0899,1.02,1.05,923068,0
WNW.US,D,20240520,000000,1.11,1.29,1.09,1.14,802186,0
WNW.US,D,20240521,000000,1.05,1.1483,1.05,1.08,272551,0
WNW.US,D,20240522,000000,1.07,1.15,1.05,1.12,237945,0
WNW.US,D,20240523,000000,1.13,1.15,1.06,1.075,100747,0
WNW.US,D,20240524,000000,1.08,1.1099,1.05,1.088,154014,0
WNW.US,D,20240528,000000,1.05,1.1,1.03,1.04,77633,0
WNW.US,D,20240529,000000,1.06,1.06,1.02,1.0499,68836,0
WNW.US,D,20240530,000000,1.03,1.07,1.02,1.025,101346,0
WNW.US,D,20240531,000000,1.03,1.05,1.01,1.0299,108055,0
WNW.US,D,20240603,000000,1.0169,1.04,1,1.03,121642,0
WNW.US,D,20240604,000000,1.06,1.06,1,1.05,161485,0
WNW.US,D,20240605,000000,1.12,1.12,1.04,1.08,259233,0
WNW.US,D,20240606,000000,1.07,1.09,1.03,1.03,80113,0
WNW.US,D,20240607,000000,1.03,1.07,1,1.01,106495,0
WNW.US,D,20240610,000000,1.03,1.04,1,1.02,48483,0
WNW.US,D,20240611,000000,1.0267,1.03,1.008,1.02,16530,0
WNW.US,D,20240612,000000,1.03,1.04,1,1.0099,40131,0
WNW.US,D,20240613,000000,1.02,1.03,0.9821,0.9999,71114,0
WNW.US,D,20240614,000000,0.985,1.0212,0.985,0.99,65780,0
WNW.US,D,20240617,000000,1,1.019,0.938,0.95,82111,0
WNW.US,D,20240618,000000,0.99,0.99,0.95,0.97,61362,0
WNW.US,D,20240620,000000,0.95,0.9701,0.91,0.96,62255,0
WNW.US,D,20240621,000000,0.95,0.9797,0.9258,0.95,22756,0
WNW.US,D,20240624,000000,0.9697,0.9697,0.902,0.912,47629,0
WNW.US,D,20240625,000000,0.92,0.92,0.8331,0.835,99924,0
WNW.US,D,20240626,000000,0.85,0.86,0.84,0.8504,38130,0
WNW.US,D,20240627,000000,0.8551,0.9,0.8503,0.9,37784,0
WNW.US,D,20240628,000000,0.9,0.9,0.837,0.88,24014,0
WNW.US,D,20240701,000000,0.88,0.93,0.8601,0.860201,14907,0
WNW.US,D,20240702,000000,0.87,0.885,0.77,0.85,77390,0
WNW.US,D,20240703,000000,0.8595,0.8595,0.84,0.845,12553,0
WNW.US,D,20240705,000000,0.85,0.8822,0.76,0.7775,94184,0
WNW.US,D,20240708,000000,0.7946,0.80141,0.71,0.7236,83475,0
WNW.US,D,20240709,000000,0.74,0.74,0.712,0.735,37871,0
WNW.US,D,20240710,000000,0.74,0.7848,0.73,0.7401,19621,0
WNW.US,D,20240711,000000,0.759241,0.76,0.7309,0.7578,58538,0
WNW.US,D,20240712,000000,0.7578,0.79,0.7578,0.7821,49142,0
WNW.US,D,20240715,000000,0.803,0.8919,0.785,0.89,5218665,0
WNW.US,D,20240716,000000,1.07,1.16,0.86,0.91,11524597,0
WNW.US,D,20240717,000000,0.9807,1.54,0.9605,1.28,16953128,0
WNW.US,D,20240718,000000,1.12,1.27,1.02,1.18,1251673,0
WNW.US,D,20240719,000000,1.12,1.15,0.945,0.947,701533,0
WNW.US,D,20240722,000000,0.9948,1.13,0.921,1.13,321803,0
WNW.US,D,20240723,000000,1.03,1.05,1,1,217768,0
WNW.US,D,20240724,000000,1,1.07,0.9011,0.96,290976,0
WNW.US,D,20240725,000000,0.96,1,0.93,0.9999,88950,0
WNW.US,D,20240726,000000,0.98,1.1,0.952,1.0685,439866,0
WNW.US,D,20240729,000000,0.9918,1.05,0.97,0.996,205680,0
WNW.US,D,20240730,000000,1,1,0.9518,0.961,81272,0
WNW.US,D,20240731,000000,0.97,0.99,0.934,0.95,108896,0
WNW.US,D,20240801,000000,0.96,0.974,0.921,0.93,32153,0
WNW.US,D,20240802,000000,0.93,0.93,0.88,0.905,138981,0
WNW.US,D,20240805,000000,0.85,0.8701,0.8,0.84,80265,0
WNW.US,D,20240806,000000,0.86,0.929999,0.8001,0.834,37682,0
WNW.US,D,20240807,000000,0.82,0.88,0.82,0.83,26708,0
WNW.US,D,20240808,000000,0.84,0.89,0.8298,0.85,29245,0
WNW.US,D,20240809,000000,0.85,0.889999,0.83,0.8473,11825,0
WNW.US,D,20240812,000000,0.869,0.869,0.8,0.82,62513,0
WNW.US,D,20240813,000000,0.802,0.82,0.772499,0.8003,78026,0
WNW.US,D,20240814,000000,0.8179,0.8265,0.7216,0.758,152146,0
WNW.US,D,20240815,000000,0.7353,0.78,0.72,0.764,61987,0
WNW.US,D,20240816,000000,0.779,0.7799,0.7401,0.766,38038,0
WNW.US,D,20240819,000000,0.78,0.8321,0.78,0.81,45037,0
WNW.US,D,20240820,000000,0.82,0.86,0.79028,0.82,70985,0
WNW.US,D,20240821,000000,0.859,0.888,0.82,0.87,52889,0
WNW.US,D,20240822,000000,0.888,0.894499,0.8,0.89,31272,0
WNW.US,D,20240823,000000,0.9301,0.9799,0.9,0.911,133785,0
WNW.US,D,20240826,000000,0.8645,0.8801,0.8499,0.87,72796,0
WNW.US,D,20240827,000000,0.77,0.8501,0.77,0.84,39666,0
WNW.US,D,20240828,000000,0.7996,0.86,0.78,0.7945,29273,0
WNW.US,D,20240829,000000,0.82,0.8696,0.81,0.824999,11258,0
WNW.US,D,20240830,000000,0.8201,0.8611,0.8201,0.8231,21989,0
WNW.US,D,20240903,000000,0.81,0.83,0.8014,0.82,31530,0
WNW.US,D,20240904,000000,0.8,0.845,0.7901,0.81,22069,0
WNW.US,D,20240905,000000,0.839,0.839,0.8,0.8094,8568,0
WNW.US,D,20240906,000000,0.81,0.82,0.78,0.8,15386,0
WNW.US,D,20240909,000000,0.79,0.8,0.79,0.7963,30331,0
WNW.US,D,20240910,000000,0.82,0.82,0.795,0.795,13605,0
WNW.US,D,20240911,000000,0.865,0.96,0.83,0.95,566449,0
WNW.US,D,20240912,000000,0.8835,0.8871,0.81,0.8466,72200,0
WNW.US,D,20240913,000000,0.85,0.8858,0.84,0.8471,53361,0
WNW.US,D,20240916,000000,0.85,0.871601,0.8213,0.84,41393,0
WNW.US,D,20240917,000000,0.8168,0.87,0.8168,0.84,31491,0
WNW.US,D,20240918,000000,0.87,0.87,0.805,0.84,44932,0
WNW.US,D,20240919,000000,0.82,0.86,0.81,0.8285,45769,0
WNW.US,D,20240920,000000,0.8286,0.8525,0.77,0.7925,112796,0
WNW.US,D,20240923,000000,0.79,0.818,0.78,0.809,24640,0
WNW.US,D,20240924,000000,0.82,0.83,0.7801,0.7967,54930,0
WNW.US,D,20240925,000000,0.7952,0.8,0.7684,0.793999,45247,0
WNW.US,D,20240926,000000,0.8,0.95,0.8,0.8755,575474,0
WNW.US,D,20240927,000000,0.85,0.9469,0.85,0.8718,1072004,0
WNW.US,D,20240930,000000,0.833801,0.8899,0.7777,0.8599,502212,0
WNW.US,D,20241001,000000,0.8341,0.849,0.79,0.805,95624,0
WNW.US,D,20241002,000000,0.8122,0.87,0.790101,0.87,174439,0
WNW.US,D,20241003,000000,0.84,0.84,0.8076,0.812,48968,0
WNW.US,D,20241004,000000,0.825,0.85,0.82,0.849,143911,0
WNW.US,D,20241007,000000,0.8478,0.855,0.83,0.83,40192,0
WNW.US,D,20241008,000000,0.81,0.829,0.7988,0.8172,105351,0
WNW.US,D,20241009,000000,0.81,0.825,0.793,0.7999,78807,0
WNW.US,D,20241010,000000,0.819,0.82,0.7821,0.818,115079,0
WNW.US,D,20241011,000000,0.82,0.82,0.7895,0.7924,39524,0
WNW.US,D,20241014,000000,0.8075,0.8099,0.781,0.7999,17550,0
WNW.US,D,20241015,000000,0.800001,0.800001,0.7601,0.782,65161,0
WNW.US,D,20241016,000000,0.803,0.8545,0.7703,0.791,320804,0
WNW.US,D,20241017,000000,0.82,0.8226,0.771,0.7777,70129,0
WNW.US,D,20241018,000000,0.78,0.798,0.7623,0.77,73053,0
WNW.US,D,20241021,000000,0.784,0.8005,0.7503,0.78,112972,0
WNW.US,D,20241022,000000,0.798,0.81,0.77,0.8025,49319,0
WNW.US,D,20241023,000000,0.8025,0.813,0.78,0.8002,45364,0
WNW.US,D,20241024,000000,0.79,0.848,0.7733,0.7733,115394,0
WNW.US,D,20241025,000000,0.806,0.806,0.7607,0.788019,70816,0
WNW.US,D,20241028,000000,0.77,0.81,0.77,0.8051,24047,0
WNW.US,D,20241029,000000,0.8216,0.8323,0.8008,0.8102,22032,0
WNW.US,D,20241030,000000,0.8012,0.8012,0.78765,0.79,12080,0
WNW.US,D,20241031,000000,0.79,0.792501,0.77,0.7701,46515,0
WNW.US,D,20241101,000000,0.7879,0.795,0.7702,0.78,25947,0
WNW.US,D,20241104,000000,0.77,0.785,0.7603,0.78,33910,0
WNW.US,D,20241105,000000,0.7615,0.794999,0.7615,0.783,27587,0
WNW.US,D,20241106,000000,0.7611,0.7833,0.7601,0.78,61364,0
WNW.US,D,20241107,000000,0.764115,0.79,0.7628,0.784,27542,0
WNW.US,D,20241108,000000,0.8099,0.8323,0.7812,0.799,97970,0
WNW.US,D,20241111,000000,0.806,0.82,0.7701,0.7933,32089,0
WNW.US,D,20241112,000000,0.832,0.832,0.7701,0.7801,31154,0
WNW.US,D,20241113,000000,0.78,0.81,0.78,0.795,33351,0
WNW.US,D,20241114,000000,0.81,0.81,0.7801,0.799,51939,0
WNW.US,D,20241115,000000,0.799,0.8788,0.77,0.85,166195,0
WNW.US,D,20241118,000000,0.83,0.83,0.8,0.82,47133,0
WNW.US,D,20241119,000000,0.8101,0.82,0.8,0.8001,27415,0
WNW.US,D,20241120,000000,0.800001,0.8049,0.781,0.7999,14936,0
WNW.US,D,20241121,000000,0.805,0.837425,0.78,0.83,47079,0
WNW.US,D,20241122,000000,0.7915,0.840199,0.7915,0.8355,67060,0
WNW.US,D,20241125,000000,0.8204,0.8499,0.815,0.845,2251328,0
WNW.US,D,20241126,000000,0.85,0.985,0.81,0.96,572660,0
WNW.US,D,20241127,000000,0.98,1.05,0.9028,0.9999,163918,0
WNW.US,D,20241129,000000,1.02,1.0284,0.9501,0.979,90365,0
WNW.US,D,20241202,000000,1.01,1.01,0.9501,0.9761,75948,0
WNW.US,D,20241203,000000,0.9344,0.9761,0.9301,0.9502,107476,0
WNW.US,D,20241204,000000,0.9084,0.98,0.9084,0.95505,52046,0
WNW.US,D,20241205,000000,0.96,1.02,0.95,0.991,46812,0
WNW.US,D,20241206,000000,0.98,1.18,0.98,1.115,450177,0
WNW.US,D,20241209,000000,1.14,1.26,1.0901,1.2,301350,0
WNW.US,D,20241210,000000,1.22,1.323,1.17,1.291,307349,0
WNW.US,D,20241211,000000,1.31,1.53,1.2,1.3,705978,0
WNW.US,D,20241212,000000,1.34,1.49,1.3,1.44,549043,0
WNW.US,D,20241213,000000,1.44,1.6428,1.3963,1.61,723690,0
WNW.US,D,20241216,000000,1.6,1.65,1.44,1.51,458205,0
WNW.US,D,20241217,000000,1.53,1.68,1.5,1.58,559729,0
WNW.US,D,20241218,000000,1.6066,1.88,1.4,1.81,714983,0
WNW.US,D,20241219,000000,1.67,1.8499,1.67,1.75,377333,0
WNW.US,D,20241220,000000,1.71,2.4,1.71,2.14,1085806,0
WNW.US,D,20241223,000000,2.13,2.17,1.9,1.97,246187,0
WNW.US,D,20241224,000000,1.99,2.25,1.99,2.19,157006,0
WNW.US,D,20241226,000000,1.78,1.91,1.65,1.74,1936747,0
WNW.US,D,20241227,000000,1.68,2.31,1.6,2.3,1749917,0
WNW.US,D,20241230,000000,2.2,3.02,2,2.02,2786331,0
WNW.US,D,20241231,000000,1.93,2.23,1.64,2.08,1841425,0
WNW.US,D,20250102,000000,2.07,3.2,2.042,2.6,5615215,0
WNW.US,D,20250103,000000,2.81,3.48,2.2,2.78,11370722,0
WNW.US,D,20250106,000000,2.81,3.28,2.7,2.95,18812309,0
WNW.US,D,20250107,000000,2.94,3.1,2.77,3.06,8818312,0
WNW.US,D,20250108,000000,3.01,3.5,2.94,3.3,14904350,0
WNW.US,D,20250110,000000,3.3,3.49,3.15,3.28,4958901,0
WNW.US,D,20250113,000000,3.2,3.21,2.98,3,11034907,0
WNW.US,D,20250114,000000,3.01,3.16,0.95,0.95,12778271,0
WNW.US,D,20250115,000000,0.4975,0.4975,0.31,0.3874,29586040,0
WNW.US,D,20250116,000000,0.3071,0.338,0.28,0.308,9338478,0
WNW.US,D,20250117,000000,0.289,0.3744,0.2661,0.3675,11542484,0
WNW.US,D,20250121,000000,0.35,0.357799,0.2511,0.2626,11229222,0
WNW.US,D,20250122,000000,0.25,0.2568,0.2202,0.228,5419326,0
WNW.US,D,20250123,000000,0.239,0.239,0.2013,0.2044,4969831,0
WNW.US,D,20250124,000000,0.213,0.24,0.21,0.2253,5792291,0
WNW.US,D,20250127,000000,0.22,0.247,0.214,0.2351,5005347,0
WNW.US,D,20250128,000000,0.234,0.2399,0.2107,0.2169,2551724,0
WNW.US,D,20250129,000000,0.21,0.219,0.19,0.1946,3764695,0
WNW.US,D,20250130,000000,0.2066,0.2066,0.17,0.1702,2915725,0
WNW.US,D,20250131,000000,0.1717,0.22,0.157,0.1825,16014314,0
WNW.US,D,20250203,000000,0.1721,0.174999,0.1554,0.1677,2702387,0
WNW.US,D,20250204,000000,0.168,0.179999,0.1653,0.1691,1740201,0
WNW.US,D,20250205,000000,0.1691,0.1738,0.1554,0.1638,2179921,0
WNW.US,D,20250206,000000,0.1605,0.19,0.1605,0.1876,3638318,0
WNW.US,D,20250207,000000,0.2,0.2333,0.182,0.1852,7027738,0
WNW.US,D,20250210,000000,0.185,0.2,0.171,0.1896,2978156,0
WNW.US,D,20250211,000000,0.193,0.21,0.181,0.2083,2464944,0
WNW.US,D,20250212,000000,0.2089,0.2089,0.1831,0.185,1540940,0
WNW.US,D,20250213,000000,0.18,0.206499,0.18,0.1985,1950084,0
