<TICKER>,<PER>,<DATE>,<TIME>,<OPEN>,<HIGH>,<LOW>,<CLOSE>,<VOL>,<OPENINT>
WRNT.US,D,20230725,000000,4.8,5.25,4.04,4.3,4749490,0
WRNT.US,D,20230726,000000,5.43,5.85,3.21,3.39,12396714,0
WRNT.US,D,20230727,000000,3.5,3.55,2.13,2.46,6091660,0
WRNT.US,D,20230728,000000,2.26,2.45,2.1,2.185,2737038,0
WRNT.US,D,20230731,000000,2.2,2.35,1.85,1.9,1635028,0
WRNT.US,D,20230801,000000,1.75,1.79,1.51,1.6,2803131,0
WRNT.US,D,20230802,000000,1.74,1.94,1.6701,1.73,1736996,0
WRNT.US,D,20230803,000000,1.71,1.79,1.54,1.59,921994,0
WRNT.US,D,20230804,000000,1.53,1.69,1.53,1.57,524427,0
WRNT.US,D,20230807,000000,1.56,1.61,1.33,1.37,540078,0
WRNT.US,D,20230808,000000,1.34,1.3872,1.31,1.35,254461,0
WRNT.US,D,20230809,000000,1.31,1.399,1.2301,1.31,399157,0
WRNT.US,D,20230810,000000,1.35,1.4699,1.28,1.4057,694357,0
WRNT.US,D,20230811,000000,1.4,1.4,1.27,1.32,970470,0
WRNT.US,D,20230814,000000,1.28,1.3,1.19,1.2,506151,0
WRNT.US,D,20230815,000000,1.18,1.1999,1.08,1.13,423469,0
WRNT.US,D,20230816,000000,1.04,1.17,1.01,1.06,209525,0
WRNT.US,D,20230817,000000,1.09,1.23,1.04,1.1595,614236,0
WRNT.US,D,20230818,000000,1.16,1.21,1.13,1.18,245377,0
WRNT.US,D,20230821,000000,1.14,1.1753,1.08,1.0829,219612,0
WRNT.US,D,20230822,000000,1.14,1.14,1.02,1.03,234260,0
WRNT.US,D,20230823,000000,1.02,1.07,0.97,1.04,222398,0
WRNT.US,D,20230824,000000,1.03,1.0608,0.96,0.9601,212289,0
WRNT.US,D,20230825,000000,0.97,0.99,0.93,0.9745,154337,0
WRNT.US,D,20230828,000000,0.96,0.9748,0.8605,0.8995,266982,0
WRNT.US,D,20230829,000000,0.945,1.22,0.911,1.05,1027773,0
WRNT.US,D,20230830,000000,1.01,1.04,0.91,0.936,285214,0
WRNT.US,D,20230831,000000,0.93,0.96,0.9,0.9,117658,0
WRNT.US,D,20230901,000000,0.89,0.945,0.85,0.9,174175,0
WRNT.US,D,20230905,000000,0.91,0.9599,0.8899,0.92,99749,0
WRNT.US,D,20230906,000000,0.915375,1.03,0.9011,0.9708,125913,0
WRNT.US,D,20230907,000000,1.01,1.01,0.9168,0.9451,155906,0
WRNT.US,D,20230908,000000,0.999599,0.999599,0.9,0.943,69714,0
WRNT.US,D,20230911,000000,0.965001,0.965001,0.91,0.94,65173,0
WRNT.US,D,20230912,000000,0.93,0.939951,0.83,0.881,163907,0
WRNT.US,D,20230913,000000,0.85,0.869899,0.8011,0.830101,131273,0
WRNT.US,D,20230914,000000,0.8457,0.8675,0.81,0.83,19925,0
WRNT.US,D,20230915,000000,0.87,0.87,0.7499,0.7796,132430,0
WRNT.US,D,20230918,000000,0.7787,0.7787,0.652,0.7,402627,0
WRNT.US,D,20230919,000000,0.66,0.689999,0.63,0.631,103011,0
WRNT.US,D,20230920,000000,0.66,0.7189,0.63,0.7,168778,0
WRNT.US,D,20230921,000000,0.6881,0.74,0.65,0.667,401306,0
WRNT.US,D,20230922,000000,0.693,0.835899,0.674,0.8001,686087,0
WRNT.US,D,20230925,000000,0.861,0.96,0.7216,0.781,1513473,0
WRNT.US,D,20230926,000000,0.7485,0.7569,0.65,0.67,282855,0
WRNT.US,D,20230927,000000,0.6601,0.68,0.6475,0.657,104550,0
WRNT.US,D,20230928,000000,0.66,0.68,0.64,0.65,58401,0
WRNT.US,D,20230929,000000,0.65,0.68,0.65,0.67,45383,0
WRNT.US,D,20231002,000000,0.655,0.67,0.6312,0.67,72343,0
WRNT.US,D,20231003,000000,0.6373,0.6799,0.63,0.6608,91411,0
WRNT.US,D,20231004,000000,0.63,0.6746,0.63,0.6746,44397,0
WRNT.US,D,20231005,000000,0.641,0.65,0.6302,0.65,48604,0
WRNT.US,D,20231006,000000,0.65,0.66,0.6302,0.659,24658,0
WRNT.US,D,20231009,000000,0.63,0.6408,0.602101,0.6126,23002,0
WRNT.US,D,20231010,000000,0.6126,0.66,0.6,0.645,73524,0
WRNT.US,D,20231011,000000,0.6476,0.69,0.6201,0.65,86622,0
WRNT.US,D,20231012,000000,0.6233,0.689799,0.6006,0.6498,42031,0
WRNT.US,D,20231013,000000,0.6,0.65,0.6,0.6294,30779,0
WRNT.US,D,20231016,000000,0.611,0.6293,0.5112,0.5187,154648,0
WRNT.US,D,20231017,000000,0.5,0.55,0.5,0.5116,148593,0
WRNT.US,D,20231018,000000,0.5,0.51,0.4113,0.4267,208339,0
WRNT.US,D,20231019,000000,0.434,0.452225,0.36,0.418299,676010,0
WRNT.US,D,20231020,000000,0.3951,0.4049,0.3606,0.39,151369,0
WRNT.US,D,20231023,000000,0.39,0.41465,0.3702,0.391,57348,0
WRNT.US,D,20231024,000000,0.388,0.4063,0.366,0.3907,46027,0
WRNT.US,D,20231025,000000,0.38,0.3881,0.3505,0.36,93437,0
WRNT.US,D,20231026,000000,0.3651,0.385,0.3525,0.3612,59325,0
WRNT.US,D,20231027,000000,0.3799,0.3799,0.32,0.322,196939,0
WRNT.US,D,20231030,000000,0.35,0.35,0.3221,0.33,65678,0
WRNT.US,D,20231031,000000,0.3497,0.3497,0.3132,0.32,68431,0
WRNT.US,D,20231101,000000,0.35,0.35,0.32,0.321201,38564,0
WRNT.US,D,20231102,000000,0.3242,0.35,0.3212,0.333,82880,0
WRNT.US,D,20231103,000000,0.333,0.398,0.306,0.3703,791612,0
WRNT.US,D,20231106,000000,0.35,0.376,0.305,0.305,310422,0
WRNT.US,D,20231107,000000,0.28,0.31,0.26,0.2812,257897,0
WRNT.US,D,20231108,000000,0.2912,0.3275,0.2912,0.3001,63783,0
WRNT.US,D,20231109,000000,0.292,0.3248,0.257,0.2702,78038,0
WRNT.US,D,20231110,000000,0.2701,0.2705,0.2621,0.2651,80421,0
WRNT.US,D,20231113,000000,0.2651,0.285,0.261,0.261,21790,0
WRNT.US,D,20231114,000000,0.27738,0.3,0.257,0.2621,111064,0
WRNT.US,D,20231115,000000,0.28,0.29,0.2701,0.28,35720,0
WRNT.US,D,20231116,000000,0.28,0.3,0.263,0.289899,53979,0
WRNT.US,D,20231117,000000,0.2729,0.2995,0.2729,0.299299,71829,0
WRNT.US,D,20231120,000000,0.275,0.3093,0.271,0.2849,92132,0
WRNT.US,D,20231121,000000,0.2861,0.3552,0.2861,0.35,302037,0
WRNT.US,D,20231122,000000,0.3499,0.3499,0.3013,0.349299,147864,0
WRNT.US,D,20231124,000000,0.3401,0.375,0.3201,0.373899,65460,0
WRNT.US,D,20231127,000000,0.3739,0.4183,0.3409,0.3419,169692,0
WRNT.US,D,20231128,000000,0.350101,0.350101,0.3301,0.349599,96988,0
WRNT.US,D,20231129,000000,0.3499,0.3799,0.3499,0.369,93933,0
WRNT.US,D,20231130,000000,0.345,0.369,0.345,0.369,22265,0
WRNT.US,D,20231201,000000,0.356,0.3741,0.347,0.373899,29822,0
WRNT.US,D,20231204,000000,0.3514,0.379899,0.335,0.342,44956,0
WRNT.US,D,20231205,000000,0.38,0.38,0.32,0.334799,87575,0
WRNT.US,D,20231206,000000,0.335101,0.3394,0.305,0.336299,72358,0
WRNT.US,D,20231207,000000,0.33,0.34,0.32,0.3352,70381,0
WRNT.US,D,20231208,000000,0.33,0.34,0.31,0.333199,90442,0
WRNT.US,D,20231211,000000,0.325,0.339899,0.3,0.339899,28951,0
WRNT.US,D,20231212,000000,0.33,0.345,0.3011,0.344899,121897,0
WRNT.US,D,20231213,000000,0.3221,0.3499,0.311,0.349799,68777,0
WRNT.US,D,20231214,000000,0.3202,0.3497,0.3202,0.326,38151,0
WRNT.US,D,20231215,000000,0.3291,0.335,0.3003,0.324299,53676,0
WRNT.US,D,20231218,000000,0.3,0.3438,0.3,0.339,58565,0
WRNT.US,D,20231219,000000,0.338,0.338,0.32,0.335899,38316,0
WRNT.US,D,20231220,000000,0.3359,0.34,0.311,0.334899,46489,0
WRNT.US,D,20231221,000000,0.3247,0.3499,0.315,0.3499,45487,0
WRNT.US,D,20231222,000000,0.349899,0.395,0.328,0.384,325881,0
WRNT.US,D,20231226,000000,0.389,0.3899,0.341,0.369799,100946,0
WRNT.US,D,20231227,000000,0.37,0.377501,0.305,0.325,261794,0
WRNT.US,D,20231228,000000,0.31,0.34,0.31,0.329,99531,0
WRNT.US,D,20231229,000000,0.324,0.34,0.31,0.329799,95351,0
WRNT.US,D,20240102,000000,0.3297,0.375,0.315,0.374899,152148,0
WRNT.US,D,20240103,000000,0.38,0.39,0.33,0.3599,146708,0
WRNT.US,D,20240104,000000,0.342,0.418,0.342,0.399899,185583,0
WRNT.US,D,20240105,000000,0.4065,0.4169,0.351,0.399899,78156,0
WRNT.US,D,20240108,000000,0.37,0.3779,0.3511,0.3559,44305,0
WRNT.US,D,20240109,000000,0.35,0.35,0.321,0.3234,79799,0
WRNT.US,D,20240110,000000,0.3393,0.369899,0.32,0.369899,11999,0
WRNT.US,D,20240111,000000,0.341,0.369799,0.3312,0.35,21544,0
WRNT.US,D,20240112,000000,0.349,0.349,0.321101,0.334799,54695,0
WRNT.US,D,20240116,000000,0.3251,0.359899,0.3251,0.359899,13936,0
WRNT.US,D,20240117,000000,0.3309,0.356899,0.3116,0.356899,34687,0
WRNT.US,D,20240118,000000,0.329,0.349899,0.3111,0.349899,24453,0
WRNT.US,D,20240119,000000,0.349899,0.349899,0.3111,0.332599,18951,0
WRNT.US,D,20240122,000000,0.3294,0.336,0.2882,0.329899,49340,0
WRNT.US,D,20240123,000000,0.3074,0.349799,0.3,0.349799,84396,0
WRNT.US,D,20240124,000000,0.3485,0.3485,0.3216,0.348399,16603,0
WRNT.US,D,20240125,000000,0.3054,0.349799,0.3054,0.349799,15411,0
WRNT.US,D,20240126,000000,0.32845,0.36,0.312,0.345,125380,0
WRNT.US,D,20240129,000000,0.3203,0.345,0.310001,0.343899,30583,0
WRNT.US,D,20240130,000000,0.3269,0.358999,0.315,0.329899,75817,0
WRNT.US,D,20240131,000000,0.3484,0.351401,0.329,0.347399,82131,0
WRNT.US,D,20240201,000000,0.3311,0.37,0.3311,0.359899,94526,0
WRNT.US,D,20240202,000000,0.37,0.37,0.34,0.368899,15336,0
WRNT.US,D,20240205,000000,0.395,0.5587,0.3713,0.48,1154305,0
WRNT.US,D,20240206,000000,0.48,0.5119,0.4004,0.429899,511677,0
WRNT.US,D,20240207,000000,0.4225,0.45,0.3827,0.447499,93696,0
WRNT.US,D,20240208,000000,0.4161,0.42,0.390001,0.419899,26536,0
WRNT.US,D,20240209,000000,0.372,0.4,0.37,0.394899,32412,0
WRNT.US,D,20240212,000000,0.371,0.39,0.342,0.383699,147089,0
WRNT.US,D,20240213,000000,0.3674,0.5423,0.36,0.53,628943,0
WRNT.US,D,20240214,000000,0.5254,0.646,0.5254,0.635,1670204,0
WRNT.US,D,20240215,000000,0.625,0.625,0.52,0.5542,168859,0
WRNT.US,D,20240216,000000,0.535,0.688,0.535,0.65,259594,0
WRNT.US,D,20240220,000000,0.6713,0.6801,0.628,0.63,96475,0
WRNT.US,D,20240221,000000,0.64,0.678,0.501,0.64,277797,0
WRNT.US,D,20240222,000000,0.6201,0.6201,0.59,0.604999,16991,0
WRNT.US,D,20240223,000000,0.605,0.6635,0.585,0.615,128176,0
WRNT.US,D,20240226,000000,0.616,0.651,0.616,0.6499,39057,0
WRNT.US,D,20240227,000000,0.6312,0.728,0.6312,0.727,147612,0
WRNT.US,D,20240228,000000,0.6923,0.7336,0.655,0.66,187217,0
WRNT.US,D,20240229,000000,0.66,0.7,0.63,0.6593,62710,0
WRNT.US,D,20240301,000000,0.67,0.6899,0.5757,0.61,68883,0
WRNT.US,D,20240304,000000,0.6008,0.6596,0.6,0.6333,49233,0
WRNT.US,D,20240305,000000,0.66,0.66,0.606,0.62,12837,0
WRNT.US,D,20240306,000000,0.608,0.634001,0.55,0.59,139916,0
WRNT.US,D,20240307,000000,0.5811,0.62,0.57,0.59,16264,0
WRNT.US,D,20240308,000000,0.577701,0.612,0.57,0.59,13066,0
WRNT.US,D,20240311,000000,0.59,0.64,0.55,0.6,95251,0
WRNT.US,D,20240312,000000,0.63,0.63,0.58,0.5901,42088,0
WRNT.US,D,20240313,000000,0.591,0.61,0.5513,0.598899,37443,0
WRNT.US,D,20240314,000000,0.6,0.6289,0.5401,0.5613,62349,0
WRNT.US,D,20240315,000000,0.5612,0.62,0.505,0.57,105405,0
WRNT.US,D,20240318,000000,0.530001,0.57,0.505,0.53,13236,0
WRNT.US,D,20240319,000000,0.519899,0.579,0.519899,0.55,37366,0
WRNT.US,D,20240320,000000,0.541,0.58,0.505,0.544,17685,0
WRNT.US,D,20240321,000000,0.56,0.56,0.5075,0.5223,61685,0
WRNT.US,D,20240322,000000,0.53,0.5775,0.53,0.540001,38387,0
WRNT.US,D,20240325,000000,0.532,0.5699,0.522,0.54,55337,0
WRNT.US,D,20240326,000000,0.5601,0.5601,0.535,0.5357,23877,0
WRNT.US,D,20240327,000000,0.5555,0.5607,0.4841,0.496,70564,0
WRNT.US,D,20240328,000000,0.525,0.525,0.48,0.49,45554,0
WRNT.US,D,20240401,000000,0.495,0.52,0.4091,0.5144,9559,0
WRNT.US,D,20240402,000000,0.4359,0.51,0.4,0.4368,9902,0
WRNT.US,D,20240403,000000,0.4368,0.5,0.4368,0.489,19578,0
WRNT.US,D,20240404,000000,0.518,0.518,0.4511,0.47,8858,0
WRNT.US,D,20240405,000000,0.453,0.47,0.4322,0.45,7107,0
WRNT.US,D,20240408,000000,0.45,0.45,0.4211,0.449999,15938,0
WRNT.US,D,20240409,000000,0.42,0.435,0.42,0.429999,1192,0
WRNT.US,D,20240410,000000,0.42,0.424,0.364601,0.4,18588,0
WRNT.US,D,20240411,000000,0.4,0.404999,0.36,0.394,17053,0
WRNT.US,D,20240412,000000,0.38,0.397001,0.3112,0.3506,67127,0
WRNT.US,D,20240415,000000,0.325,0.4,0.325,0.3859,8302,0
WRNT.US,D,20240416,000000,0.33,0.37,0.33,0.37,4092,0
WRNT.US,D,20240417,000000,0.37,0.37,0.3117,0.3196,63157,0
WRNT.US,D,20240418,000000,0.318,0.4746,0.318,0.457,118226,0
WRNT.US,D,20240419,000000,0.429,0.479,0.381,0.47899,53769,0
WRNT.US,D,20240422,000000,0.411,0.439431,0.2504,0.3,498316,0
WRNT.US,D,20240423,000000,0.28,0.298,0.26,0.2822,107793,0
WRNT.US,D,20240424,000000,0.2822,0.29,0.26,0.267,36301,0
WRNT.US,D,20240425,000000,0.26,0.308,0.26,0.286,173647,0
WRNT.US,D,20240426,000000,0.275,0.296,0.25,0.2924,97080,0
WRNT.US,D,20240429,000000,0.3022,0.3255,0.251,0.27,181664,0
WRNT.US,D,20240430,000000,0.2999,0.319,0.29,0.2999,38336,0
WRNT.US,D,20240501,000000,0.2899,0.37,0.2872,0.324,148928,0
WRNT.US,D,20240502,000000,0.3299,0.3299,0.3,0.317564,664311,0
WRNT.US,D,20240503,000000,0.308,0.314,0.2799,0.298,75415,0
WRNT.US,D,20240506,000000,0.2799,0.305,0.275,0.305,24008,0
WRNT.US,D,20240507,000000,0.295,0.337,0.284,0.3365,65416,0
WRNT.US,D,20240508,000000,0.3257,0.3365,0.3024,0.3328,20473,0
WRNT.US,D,20240509,000000,0.3,0.329799,0.3,0.3151,17182,0
WRNT.US,D,20240510,000000,0.3151,0.317,0.295,0.3148,41493,0
WRNT.US,D,20240513,000000,0.3017,0.3475,0.2761,0.309899,17618,0
WRNT.US,D,20240514,000000,0.278201,0.3,0.2705,0.3,40010,0
WRNT.US,D,20240515,000000,0.2898,0.3,0.2707,0.3,21102,0
WRNT.US,D,20240516,000000,0.35,0.37,0.261,0.3,2487009,0
WRNT.US,D,20240517,000000,0.282,0.384,0.2799,0.3163,756121,0
WRNT.US,D,20240520,000000,0.308155,0.3495,0.2804,0.3292,189108,0
WRNT.US,D,20240521,000000,0.317,0.325,0.29,0.32,53451,0
WRNT.US,D,20240522,000000,0.304,0.3099,0.2911,0.3044,29913,0
WRNT.US,D,20240523,000000,0.293,0.31125,0.2926,0.299,11490,0
WRNT.US,D,20240524,000000,0.28,0.33,0.28,0.3275,137422,0
WRNT.US,D,20240528,000000,0.3199,0.3508,0.311,0.333,193733,0
WRNT.US,D,20240529,000000,0.3331,0.36,0.3152,0.35005,137498,0
WRNT.US,D,20240530,000000,0.34605,0.3595,0.316,0.3367,99920,0
WRNT.US,D,20240531,000000,0.325,0.34,0.325,0.34,20480,0
WRNT.US,D,20240603,000000,0.3487,0.386,0.2828,0.3202,399106,0
WRNT.US,D,20240604,000000,0.32055,0.32055,0.2967,0.3189,84681,0
WRNT.US,D,20240605,000000,0.3036,0.316,0.2974,0.316,97197,0
WRNT.US,D,20240606,000000,0.3011,0.3189,0.2952,0.3099,67538,0
WRNT.US,D,20240607,000000,0.3099,0.3099,0.2801,0.29295,56136,0
WRNT.US,D,20240610,000000,0.285,0.3,0.285,0.285,10676,0
WRNT.US,D,20240611,000000,0.2802,0.336,0.2802,0.295,107647,0
WRNT.US,D,20240612,000000,0.285,0.3193,0.285,0.3169,35926,0
WRNT.US,D,20240613,000000,0.31,0.3169,0.283,0.2862,61248,0
WRNT.US,D,20240614,000000,0.311,0.311,0.289101,0.294151,32823,0
WRNT.US,D,20240617,000000,0.289,0.289,0.25,0.28,109860,0
WRNT.US,D,20240618,000000,0.2701,0.271,0.2581,0.2699,13936,0
WRNT.US,D,20240620,000000,0.2655,0.2969,0.259,0.285,42589,0
WRNT.US,D,20240621,000000,0.29,0.33,0.28,0.33,94679,0
WRNT.US,D,20240624,000000,0.33,0.33,0.3001,0.33,28729,0
WRNT.US,D,20240625,000000,0.31,0.32,0.297551,0.32,7920,0
WRNT.US,D,20240626,000000,0.32,0.32,0.2957,0.3188,12490,0
WRNT.US,D,20240627,000000,0.33,0.33,0.31,0.325,2180,0
WRNT.US,D,20240628,000000,0.319,0.325,0.319,0.325,1836,0
WRNT.US,D,20240701,000000,0.312,0.323,0.296,0.31,6386,0
WRNT.US,D,20240702,000000,0.298,0.313,0.29,0.313,11874,0
WRNT.US,D,20240703,000000,0.313,0.313,0.29,0.313,746,0
WRNT.US,D,20240705,000000,0.312,0.312,0.2947,0.312,7997,0
WRNT.US,D,20240708,000000,0.302,0.311,0.2985,0.31,21548,0
WRNT.US,D,20240709,000000,0.3,0.3,0.285,0.293,77677,0
WRNT.US,D,20240710,000000,0.288,0.2932,0.286,0.2899,12370,0
WRNT.US,D,20240711,000000,0.2894,0.336,0.2862,0.299,130791,0
WRNT.US,D,20240712,000000,0.2938,0.2971,0.2573,0.289,44895,0
WRNT.US,D,20240715,000000,0.2887,0.31,0.2704,0.31,67132,0
WRNT.US,D,20240716,000000,0.3006,0.32,0.294,0.31,37785,0
WRNT.US,D,20240717,000000,0.3,0.3276,0.285,0.3059,12752,0
WRNT.US,D,20240718,000000,0.3105,0.318299,0.285,0.3156,41009,0
WRNT.US,D,20240719,000000,0.301,0.3155,0.2996,0.3155,4520,0
WRNT.US,D,20240722,000000,0.2922,0.314599,0.291,0.291,10158,0
WRNT.US,D,20240723,000000,0.608,0.608,0.281016,0.35,74927358,0
WRNT.US,D,20240724,000000,0.281,0.33,0.281,0.3298,2075269,0
WRNT.US,D,20240725,000000,0.29,0.3177,0.2855,0.3094,503180,0
WRNT.US,D,20240726,000000,0.29,0.3098,0.29,0.2999,388229,0
WRNT.US,D,20240729,000000,0.2922,0.2984,0.285,0.2851,341987,0
WRNT.US,D,20240730,000000,0.2881,0.2887,0.2727,0.2856,217546,0
WRNT.US,D,20240731,000000,0.2735,0.29,0.2709,0.29,183448,0
WRNT.US,D,20240801,000000,0.2751,0.289,0.2751,0.2839,96850,0
WRNT.US,D,20240802,000000,0.2738,0.29,0.26,0.2863,244523,0
WRNT.US,D,20240805,000000,0.27,0.2752,0.2412,0.2749,278146,0
WRNT.US,D,20240806,000000,0.2717,0.281,0.251,0.2716,455579,0
