<TICKER>,<PER>,<DATE>,<TIME>,<OPEN>,<HIGH>,<LOW>,<CLOSE>,<VOL>,<OPENINT>
XFIN.US,D,20211217,000000,9.75,9.75,9.75,9.75,293,0
XFIN.US,D,20211220,000000,9.8,9.8,9.8,9.8,106,0
XFIN.US,D,20211221,000000,9.8131,9.86,9.8131,9.86,10667,0
XFIN.US,D,20211227,000000,9.82,9.86,9.82,9.86,500190,0
XFIN.US,D,20211228,000000,9.855,9.86,9.855,9.855,1427,0
XFIN.US,D,20211230,000000,9.86,9.86,9.86,9.86,1708,0
XFIN.US,D,20220103,000000,9.98,9.98,9.98,9.98,22870,0
XFIN.US,D,20220104,000000,9.85,10.146,9.85,9.996,3121,0
XFIN.US,D,20220105,000000,9.89,9.97,9.8519,9.89,2672,0
XFIN.US,D,20220106,000000,9.89,9.89,9.885,9.89,20288,0
XFIN.US,D,20220107,000000,9.89,10,9.89,10,2725,0
XFIN.US,D,20220110,000000,9.9,9.9,9.87,9.89,20541,0
XFIN.US,D,20220112,000000,9.89,9.91,9.85,9.895,139050,0
XFIN.US,D,20220119,000000,9.87,9.87,9.86,9.86,118956,0
XFIN.US,D,20220120,000000,9.75,9.86,9.75,9.84,26087,0
XFIN.US,D,20220121,000000,9.76,9.81,9.75,9.81,1174,0
XFIN.US,D,20220124,000000,9.82,9.84,9.82,9.84,100505,0
XFIN.US,D,20220125,000000,9.81,9.81,9.81,9.81,504,0
XFIN.US,D,20220127,000000,9.82,9.82,9.815,9.815,300,0
XFIN.US,D,20220131,000000,9.88,9.88,9.88,9.88,636,0
XFIN.US,D,20220201,000000,9.845,9.845,9.84,9.84,400053,0
XFIN.US,D,20220202,000000,9.84,9.84,9.84,9.84,669,0
XFIN.US,D,20220204,000000,9.85,9.85,9.84,9.85,39906,0
XFIN.US,D,20220207,000000,9.88,9.89,9.84,9.89,2631,0
XFIN.US,D,20220209,000000,9.87,9.87,9.87,9.87,100054,0
XFIN.US,D,20220210,000000,9.86,9.86,9.85,9.85,409,0
XFIN.US,D,20220214,000000,9.89,9.95,9.88,9.95,954,0
XFIN.US,D,20220215,000000,9.86,9.86,9.86,9.86,326,0
XFIN.US,D,20220216,000000,9.85,9.89,9.84,9.87,4904,0
XFIN.US,D,20220217,000000,9.86,9.86,9.86,9.86,231,0
XFIN.US,D,20220218,000000,9.84,9.86,9.83,9.86,11010,0
XFIN.US,D,20220222,000000,9.86,9.86,9.85,9.85,34518,0
XFIN.US,D,20220224,000000,9.85,9.85,9.84,9.84,965,0
XFIN.US,D,20220225,000000,9.84,9.88,9.84,9.88,64335,0
XFIN.US,D,20220228,000000,9.87,9.87,9.8674,9.8674,1707,0
XFIN.US,D,20220301,000000,9.86,9.92,9.84,9.84,18492,0
XFIN.US,D,20220307,000000,9.91,9.93,9.91,9.93,11115,0
XFIN.US,D,20220308,000000,9.91,9.91,9.91,9.91,700,0
XFIN.US,D,20220310,000000,9.91,9.91,9.91,9.91,101,0
XFIN.US,D,20220311,000000,9.92,9.92,9.92,9.92,68057,0
XFIN.US,D,20220317,000000,9.92,9.92,9.92,9.92,41310,0
XFIN.US,D,20220322,000000,9.93,9.94,9.92,9.94,602081,0
XFIN.US,D,20220323,000000,9.93,9.93,9.93,9.93,402,0
XFIN.US,D,20220324,000000,9.93,9.93,9.905,9.91,54728,0
XFIN.US,D,20220325,000000,9.91,9.93,9.91,9.92,141400,0
XFIN.US,D,20220328,000000,9.91,9.93,9.91,9.93,2271,0
XFIN.US,D,20220329,000000,9.95,9.95,9.91,9.925,992,0
XFIN.US,D,20220331,000000,9.925,9.97,9.925,9.97,1296,0
XFIN.US,D,20220404,000000,9.95,9.95,9.95,9.95,191,0
XFIN.US,D,20220405,000000,9.94,9.95,9.94,9.945,541027,0
XFIN.US,D,20220406,000000,9.93,9.94,9.93,9.94,62623,0
XFIN.US,D,20220407,000000,9.945,9.945,9.94,9.94,175251,0
XFIN.US,D,20220408,000000,9.93,9.93,9.93,9.93,1588,0
XFIN.US,D,20220411,000000,9.93,9.93,9.93,9.93,422,0
XFIN.US,D,20220412,000000,9.93,9.93,9.93,9.93,5800,0
XFIN.US,D,20220413,000000,9.95,9.96,9.94,9.96,1103,0
XFIN.US,D,20220414,000000,9.96,9.97,9.96,9.97,1224,0
XFIN.US,D,20220420,000000,9.94,9.94,9.94,9.94,100000,0
XFIN.US,D,20220421,000000,9.98,9.98,9.98,9.98,916,0
XFIN.US,D,20220425,000000,10.01,10.01,10.01,10.01,275,0
XFIN.US,D,20220428,000000,9.95,9.95,9.95,9.95,250,0
XFIN.US,D,20220502,000000,9.96,9.96,9.96,9.96,11801,0
XFIN.US,D,20220504,000000,9.965,9.965,9.96,9.96,5786,0
XFIN.US,D,20220506,000000,9.95,9.95,9.95,9.95,501,0
XFIN.US,D,20220510,000000,9.95,9.95,9.95,9.95,100,0
XFIN.US,D,20220512,000000,9.95,9.95,9.95,9.95,200,0
XFIN.US,D,20220527,000000,9.95,9.95,9.95,9.95,157366,0
XFIN.US,D,20220606,000000,10,10,9.93,9.932,633,0
XFIN.US,D,20220607,000000,9.93,10,9.93,9.95,704345,0
XFIN.US,D,20220609,000000,9.94,9.94,9.94,9.94,1341,0
XFIN.US,D,20220610,000000,9.93,10,9.93,9.94,3298,0
XFIN.US,D,20220613,000000,9.93,9.94,9.93,9.94,4340,0
XFIN.US,D,20220615,000000,10,10,9.94,9.94,300,0
XFIN.US,D,20220616,000000,9.93,9.94,9.93,9.93,1644,0
XFIN.US,D,20220617,000000,9.97,9.98,9.97,9.98,28683,0
XFIN.US,D,20220621,000000,10.5,10.5,9.91,9.97,10946,0
XFIN.US,D,20220622,000000,9.92,9.98,9.92,9.97,552,0
XFIN.US,D,20220623,000000,9.97,9.97,9.97,9.97,141,0
XFIN.US,D,20220624,000000,9.97,9.97,9.96,9.97,635,0
XFIN.US,D,20220630,000000,9.92,9.98,9.91,9.95,2049,0
XFIN.US,D,20220705,000000,9.92,9.97,9.92,9.93,52142,0
XFIN.US,D,20220708,000000,9.95,9.98,9.93,9.93,492,0
XFIN.US,D,20220713,000000,9.96,9.96,9.96,9.96,105,0
XFIN.US,D,20220714,000000,9.95,9.965,9.95,9.95,100807,0
XFIN.US,D,20220721,000000,9.98,9.98,9.98,9.98,110,0
XFIN.US,D,20220727,000000,10,10,9.98,9.98,220137,0
XFIN.US,D,20220728,000000,9.98,9.99,9.98,9.99,101118,0
XFIN.US,D,20220802,000000,9.98,10,9.98,10,51523,0
XFIN.US,D,20220803,000000,9.99,9.99,9.99,9.99,8902,0
XFIN.US,D,20220804,000000,9.99,9.99,9.99,9.99,50003,0
XFIN.US,D,20220809,000000,9.99,10,9.985,10,50507,0
XFIN.US,D,20220810,000000,10,10,10,10,105,0
XFIN.US,D,20220811,000000,10,10.01,10,10.01,30411,0
XFIN.US,D,20220812,000000,10,10,10,10,4090,0
XFIN.US,D,20220817,000000,9.99,10.01,9.99,10.01,1000602,0
XFIN.US,D,20220823,000000,9.99,9.99,9.99,9.99,330000,0
XFIN.US,D,20220825,000000,9.97,9.97,9.97,9.97,500000,0
XFIN.US,D,20220826,000000,9.97,9.97,9.97,9.97,103,0
XFIN.US,D,20220829,000000,9.96,9.96,9.96,9.96,105,0
XFIN.US,D,20220901,000000,9.97,9.97,9.95,9.95,26970,0
XFIN.US,D,20220902,000000,9.95,9.95,9.95,9.95,4702,0
XFIN.US,D,20220906,000000,9.96,9.96,9.96,9.96,4165,0
XFIN.US,D,20220907,000000,9.96,9.96,9.96,9.96,10701,0
XFIN.US,D,20220914,000000,9.96,9.96,9.96,9.96,2601,0
XFIN.US,D,20220921,000000,9.97,9.97,9.96,9.96,17049,0
XFIN.US,D,20220922,000000,9.96,10,9.96,9.99,300647,0
XFIN.US,D,20220923,000000,10,10,10,10,173331,0
XFIN.US,D,20220926,000000,9.99,9.99,9.99,9.99,844,0
XFIN.US,D,20220929,000000,9.96,10.025,9.96,10.02,42104,0
XFIN.US,D,20221005,000000,9.99,9.9901,9.99,9.9901,520,0
XFIN.US,D,20221007,000000,10,10,10,10,10429,0
XFIN.US,D,20221012,000000,9.99,9.99,9.99,9.99,1700,0
XFIN.US,D,20221018,000000,9.99,9.99,9.99,9.99,4326,0
XFIN.US,D,20221020,000000,10.025,10.03,10.02,10.02,210279,0
XFIN.US,D,20221021,000000,10.04,10.06,10.04,10.06,77062,0
XFIN.US,D,20221024,000000,10.06,10.07,10.0555,10.07,28941,0
XFIN.US,D,20221025,000000,10.07,10.08,10.0699,10.07,195879,0
XFIN.US,D,20221026,000000,10.075,10.08,10.075,10.08,24803,0
XFIN.US,D,20221028,000000,10.08,10.09,10.08,10.09,12703,0
XFIN.US,D,20221101,000000,10.0792,10.08,10.0792,10.08,305,0
XFIN.US,D,20221102,000000,10.1,10.1,10.1,10.1,30069,0
XFIN.US,D,20221107,000000,10.08,10.085,10.06,10.065,20015,0
XFIN.US,D,20221109,000000,10.06,10.06,10.06,10.06,85562,0
XFIN.US,D,20221114,000000,10.06,10.075,10.06,10.06,54811,0
XFIN.US,D,20221115,000000,10.06,10.06,10.06,10.06,46770,0
XFIN.US,D,20221116,000000,10.06,10.06,10.06,10.06,74272,0
XFIN.US,D,20221117,000000,10.06,10.06,10.06,10.06,50293,0
XFIN.US,D,20221121,000000,10.06,10.065,10.06,10.065,113328,0
XFIN.US,D,20221122,000000,10.08,10.11,10.08,10.105,23272,0
XFIN.US,D,20221128,000000,10.0635,10.07,10.0635,10.07,1251,0
XFIN.US,D,20221201,000000,10.06,10.11,10.06,10.1,112980,0
XFIN.US,D,20221202,000000,10.105,10.105,10.105,10.105,259,0
XFIN.US,D,20221205,000000,10.11,10.11,10.1,10.11,6759,0
XFIN.US,D,20221208,000000,10.115,10.18,10.115,10.13,14206,0
XFIN.US,D,20221212,000000,10.12,10.13,10.12,10.13,1060,0
XFIN.US,D,20221213,000000,10.13,10.13,10.12,10.13,27156,0
XFIN.US,D,20221215,000000,10.13,10.15,10.13,10.15,12646,0
XFIN.US,D,20221216,000000,10.14,10.14,10.14,10.14,39382,0
XFIN.US,D,20221219,000000,10.1301,10.1301,10.13,10.13,249,0
XFIN.US,D,20221220,000000,10.135,10.15,10.135,10.15,4320,0
XFIN.US,D,20221221,000000,10.15,10.15,10.15,10.15,5145,0
XFIN.US,D,20221222,000000,10.22,10.22,10.2,10.2,7010,0
XFIN.US,D,20221227,000000,10.17,10.17,10.17,10.17,372,0
XFIN.US,D,20221228,000000,10.19,10.21,10.19,10.21,343872,0
XFIN.US,D,20221229,000000,10.26,10.26,10.26,10.26,106,0
XFIN.US,D,20230103,000000,10.2,10.215,10.2,10.215,2357,0
XFIN.US,D,20230105,000000,10.22,10.24,10.22,10.24,1004,0
XFIN.US,D,20230106,000000,10.23,10.23,10.22,10.22,2615,0
XFIN.US,D,20230109,000000,10.22,10.22,10.22,10.22,979,0
XFIN.US,D,20230112,000000,10.7,10.7,10.25,10.25,1257,0
XFIN.US,D,20230117,000000,10.28,10.28,10.28,10.28,100,0
XFIN.US,D,20230118,000000,10.26,10.28,10.26,10.27,3064,0
XFIN.US,D,20230120,000000,10.27,10.27,10.26,10.27,3198,0
XFIN.US,D,20230123,000000,10.27,10.27,10.25,10.25,5589,0
XFIN.US,D,20230124,000000,10.27,10.275,10.26,10.27,297780,0
XFIN.US,D,20230125,000000,10.27,10.28,10.265,10.275,12429,0
XFIN.US,D,20230126,000000,10.75,10.75,10.29,10.29,1400,0
XFIN.US,D,20230127,000000,10.29,10.365,10.28,10.3,815249,0
XFIN.US,D,20230130,000000,10.29,10.365,10.28,10.305,1192052,0
XFIN.US,D,20230131,000000,10.31,11.03,10.29,10.29,300041,0
XFIN.US,D,20230201,000000,10.79,10.79,10.3,10.3,27321,0
XFIN.US,D,20230202,000000,10.305,10.305,10.3,10.3,19794,0
XFIN.US,D,20230203,000000,10.31,10.31,10.3,10.305,4786,0
XFIN.US,D,20230207,000000,10.305,10.31,10.305,10.31,52790,0
XFIN.US,D,20230208,000000,10.31,10.32,10.31,10.32,45728,0
XFIN.US,D,20230210,000000,10.31,10.31,10.31,10.31,1003,0
XFIN.US,D,20230213,000000,10.31,10.315,10.31,10.31,28752,0
XFIN.US,D,20230214,000000,10.315,10.315,10.315,10.315,307,0
XFIN.US,D,20230215,000000,10.315,10.51,10.31,10.32,85411,0
XFIN.US,D,20230221,000000,10.8,10.8,10.32,10.325,3910,0
XFIN.US,D,20230222,000000,10.325,10.33,10.325,10.33,201759,0
XFIN.US,D,20230224,000000,10.335,10.335,10.335,10.335,157,0
XFIN.US,D,20230227,000000,10.33,10.35,10.33,10.335,4518,0
XFIN.US,D,20230228,000000,10.34,10.35,10.34,10.34,23599,0
XFIN.US,D,20230301,000000,10.8,10.8,10.34,10.34,11990,0
XFIN.US,D,20230302,000000,10.35,10.35,10.35,10.35,5812,0
XFIN.US,D,20230303,000000,10.35,10.4,10.35,10.36,18011,0
XFIN.US,D,20230306,000000,10.36,10.36,10.36,10.36,49569,0
XFIN.US,D,20230307,000000,10.36,10.3903,10.36,10.36,20313,0
XFIN.US,D,20230308,000000,10.38,10.38,10.36,10.36,14766,0
XFIN.US,D,20230309,000000,10.355,10.37,10.355,10.37,283893,0
XFIN.US,D,20230310,000000,10.355,10.36,10.355,10.36,479,0
XFIN.US,D,20230313,000000,10.36,10.37,10.36,10.37,967,0
XFIN.US,D,20230314,000000,10.37,10.37,10.37,10.37,218,0
XFIN.US,D,20230315,000000,10.37,10.37,10.37,10.37,103913,0
XFIN.US,D,20230316,000000,10.37,10.37,10.36,10.37,31411,0
XFIN.US,D,20230323,000000,10.38,10.39,10.38,10.39,1273474,0
XFIN.US,D,20230327,000000,10.4,10.42,10.39,10.42,3786120,0
XFIN.US,D,20230328,000000,10.41,10.415,10.41,10.41,82219,0
XFIN.US,D,20230329,000000,10.41,10.42,10.4,10.42,226121,0
XFIN.US,D,20230330,000000,10.41,10.42,10.41,10.41,403471,0
XFIN.US,D,20230331,000000,10.405,10.405,10.39,10.39,46695,0
XFIN.US,D,20230403,000000,10.39,10.4,10.39,10.4,214122,0
XFIN.US,D,20230404,000000,10.4,10.4,10.39,10.39,1546023,0
XFIN.US,D,20230405,000000,10.4,10.4,10.38,10.39,360955,0
XFIN.US,D,20230406,000000,10.39,10.4,10.38,10.38,568320,0
XFIN.US,D,20230410,000000,10.26,10.8,10.26,10.32,144627,0
XFIN.US,D,20230411,000000,10.52,10.55,10.33,10.4,14371,0
XFIN.US,D,20230412,000000,10.26,10.375,10.22,10.22,21356,0
XFIN.US,D,20230413,000000,10.23,10.245,10.185,10.24,64113,0
XFIN.US,D,20230414,000000,10.22,10.22,10.22,10.22,9966,0
XFIN.US,D,20230417,000000,10.22,10.26,10.22,10.24,1925,0
XFIN.US,D,20230418,000000,10.25,10.27,10.24,10.26,832627,0
XFIN.US,D,20230419,000000,10.35,11.1,10.32,10.39,205398,0
XFIN.US,D,20230420,000000,10.35,10.35,10.32,10.35,5862,0
XFIN.US,D,20230421,000000,10.36,10.39,10.25,10.29,48335,0
XFIN.US,D,20230424,000000,10.27,10.27,10.27,10.27,203,0
XFIN.US,D,20230425,000000,10.3,10.31,10.3,10.31,3197,0
XFIN.US,D,20230426,000000,10.31,10.32,10.29,10.32,33253,0
XFIN.US,D,20230428,000000,10.3,10.33,10.285,10.285,103506,0
XFIN.US,D,20230501,000000,10.3,10.3,10.29,10.29,250508,0
XFIN.US,D,20230502,000000,10.3,10.3,10.3,10.3,150001,0
XFIN.US,D,20230503,000000,10.3,10.3,10.28,10.3,6200,0
XFIN.US,D,20230504,000000,10.32,10.32,10.28,10.29,5864,0
XFIN.US,D,20230505,000000,10.28,10.28,10.25,10.2698,164123,0
XFIN.US,D,20230508,000000,10.26,10.28,10.24,10.27,290892,0
XFIN.US,D,20230509,000000,10.26,10.3,10.26,10.3,89892,0
XFIN.US,D,20230510,000000,10.3,10.31,10.29,10.3,51102,0
XFIN.US,D,20230511,000000,10.32,10.34,10.31,10.315,180443,0
XFIN.US,D,20230512,000000,10.3,10.3,10.3,10.3,823,0
XFIN.US,D,20230515,000000,10.31,10.31,10.31,10.31,914,0
XFIN.US,D,20230516,000000,10.3392,10.3392,10.31,10.31,417924,0
XFIN.US,D,20230518,000000,10.31,10.31,10.31,10.31,106,0
XFIN.US,D,20230519,000000,10.34,10.34,10.33,10.33,1584,0
XFIN.US,D,20230522,000000,10.3301,10.3302,10.31,10.31,5720,0
XFIN.US,D,20230523,000000,10.31,10.31,10.31,10.31,610,0
XFIN.US,D,20230525,000000,10.31,10.31,10.31,10.31,104,0
XFIN.US,D,20230526,000000,10.31,10.31,10.31,10.31,726,0
XFIN.US,D,20230601,000000,10.32,10.3201,10.32,10.3201,1015,0
XFIN.US,D,20230602,000000,10.34,10.35,10.33,10.35,4643,0
XFIN.US,D,20230605,000000,10.345,10.35,10.34,10.35,16715,0
XFIN.US,D,20230606,000000,10.36,10.36,10.36,10.36,1862,0
XFIN.US,D,20230609,000000,10.37,10.37,10.37,10.37,1141,0
XFIN.US,D,20230612,000000,10.39,10.39,10.38,10.38,1277,0
XFIN.US,D,20230613,000000,10.38,10.38,10.38,10.38,569975,0
XFIN.US,D,20230620,000000,10.39,10.42,10.38,10.385,2016,0
XFIN.US,D,20230621,000000,10.39,10.67,10.39,10.42,184739,0
XFIN.US,D,20230622,000000,10.4,10.4,10.4,10.4,272,0
XFIN.US,D,20230623,000000,10.41,10.42,10.41,10.41,241625,0
XFIN.US,D,20230626,000000,10.55,10.65,10.41,10.42,4380,0
XFIN.US,D,20230627,000000,10.42,10.42,10.42,10.42,1985,0
XFIN.US,D,20230628,000000,10.42,10.42,10.42,10.42,251,0
XFIN.US,D,20230629,000000,10.42,10.42,10.38,10.4,19629,0
XFIN.US,D,20230630,000000,10.3999,10.41,10.3999,10.4,11455,0
XFIN.US,D,20230705,000000,10.4,10.41,10.4,10.4,196852,0
XFIN.US,D,20230706,000000,10.4,10.42,10.4,10.42,5030,0
XFIN.US,D,20230707,000000,10.4,10.41,10.4,10.41,3821,0
XFIN.US,D,20230710,000000,10.41,10.42,10.405,10.42,7360,0
XFIN.US,D,20230711,000000,10.42,10.42,10.42,10.42,592,0
XFIN.US,D,20230712,000000,10.42,10.42,10.42,10.42,602,0
XFIN.US,D,20230713,000000,10.42,10.42,10.42,10.42,390,0
XFIN.US,D,20230717,000000,10.4127,10.42,10.41,10.41,79704,0
XFIN.US,D,20230718,000000,10.41,10.41,10.41,10.41,79041,0
XFIN.US,D,20230719,000000,10.42,10.45,10.41,10.45,60602,0
XFIN.US,D,20230720,000000,10.41,10.42,10.41,10.42,18175,0
XFIN.US,D,20230721,000000,10.41,10.41,10.41,10.41,2284,0
XFIN.US,D,20230728,000000,10.43,10.43,10.43,10.43,482,0
XFIN.US,D,20230731,000000,10.45,10.45,10.45,10.45,37598,0
XFIN.US,D,20230801,000000,10.4664,10.47,10.4664,10.47,908,0
XFIN.US,D,20230802,000000,10.43,10.43,10.43,10.43,454,0
XFIN.US,D,20230803,000000,10.47,10.47,10.47,10.47,2215,0
XFIN.US,D,20230804,000000,10.47,10.47,10.47,10.47,438,0
XFIN.US,D,20230807,000000,10.45,10.45,10.45,10.45,650,0
XFIN.US,D,20230808,000000,10.465,10.47,10.465,10.47,1443,0
XFIN.US,D,20230810,000000,10.49,10.49,10.49,10.49,5600,0
XFIN.US,D,20230811,000000,10.5,10.5,10.485,10.5,12427,0
XFIN.US,D,20230814,000000,10.5,10.5399,10.5,10.53,89930,0
XFIN.US,D,20230815,000000,10.52,10.53,10.515,10.53,9554,0
XFIN.US,D,20230817,000000,10.52,10.52,10.52,10.52,215,0
XFIN.US,D,20230821,000000,10.54,10.54,10.54,10.54,3051,0
XFIN.US,D,20230823,000000,10.55,10.55,10.55,10.55,19531,0
XFIN.US,D,20230824,000000,10.55,10.55,10.55,10.55,11105,0
XFIN.US,D,20230825,000000,10.55,10.55,10.55,10.55,2354,0
XFIN.US,D,20230828,000000,10.55,10.55,10.54,10.54,7114,0
XFIN.US,D,20230829,000000,10.55,10.55,10.54,10.55,12126,0
XFIN.US,D,20230830,000000,10.55,10.6,10.55,10.55,6183,0
XFIN.US,D,20230831,000000,10.55,10.556,10.55,10.55,39313,0
XFIN.US,D,20230901,000000,10.55,10.56,10.55,10.56,8743,0
XFIN.US,D,20230905,000000,10.56,10.56,10.56,10.56,2761,0
XFIN.US,D,20230906,000000,10.56,10.56,10.5598,10.5599,9641,0
XFIN.US,D,20230907,000000,10.562,10.59,10.56,10.57,124339,0
XFIN.US,D,20230908,000000,10.565,10.57,10.555,10.57,481565,0
XFIN.US,D,20230911,000000,10.57,10.57,10.56,10.56,106986,0
XFIN.US,D,20230914,000000,10.58,10.58,10.56,10.56,286,0
XFIN.US,D,20230915,000000,10.56,10.56,10.56,10.56,12049,0
XFIN.US,D,20230918,000000,10.56,10.56,10.56,10.56,5017,0
XFIN.US,D,20230919,000000,10.57,10.57,10.55,10.56,112947,0
XFIN.US,D,20230920,000000,10.56,10.58,10.56,10.58,73682,0
XFIN.US,D,20230927,000000,10.65,10.67,10.65,10.65,776345,0
XFIN.US,D,20230928,000000,10.66,10.66,10.6491,10.6499,198579,0
XFIN.US,D,20230929,000000,10.65,10.65,10.64,10.64,17100,0
XFIN.US,D,20231002,000000,10.65,10.65,10.64,10.64,43262,0
XFIN.US,D,20231003,000000,10.65,10.65,10.64,10.64,88885,0
XFIN.US,D,20231004,000000,10.64,10.64,10.63,10.63,56136,0
XFIN.US,D,20231005,000000,10.63,10.64,10.63,10.63,5075,0
XFIN.US,D,20231009,000000,10.64,10.64,10.64,10.64,249534,0
XFIN.US,D,20231010,000000,10.62,10.66,10.62,10.6401,157366,0
XFIN.US,D,20231011,000000,10.6401,10.6402,10.62,10.62,136914,0
XFIN.US,D,20231012,000000,10.63,10.63,10.63,10.63,2405,0
XFIN.US,D,20231017,000000,10.62,10.65,10.62,10.64,12000,0
XFIN.US,D,20231018,000000,10.66,10.66,10.65,10.6599,25735,0
XFIN.US,D,20231020,000000,10.66,10.66,10.66,10.66,522,0
XFIN.US,D,20231023,000000,10.66,10.66,10.66,10.66,1781,0
XFIN.US,D,20231026,000000,10.66,10.67,10.63,10.64,218994,0
XFIN.US,D,20231027,000000,10.65,10.66,10.6299,10.6299,12812,0
XFIN.US,D,20231030,000000,10.63,10.63,10.63,10.63,1000,0
XFIN.US,D,20231101,000000,10.65,10.655,10.64,10.65,207440,0
XFIN.US,D,20231103,000000,10.65,10.65,10.65,10.65,1300,0
XFIN.US,D,20231107,000000,10.65,10.65,10.64,10.64,10394,0
XFIN.US,D,20231110,000000,10.65,10.65,10.65,10.65,776,0
XFIN.US,D,20231113,000000,10.66,10.66,10.64,10.64,3300,0
XFIN.US,D,20231114,000000,10.6587,10.66,10.64,10.64,17189,0
XFIN.US,D,20231115,000000,10.65,10.65,10.64,10.64,7311,0
XFIN.US,D,20231120,000000,10.66,10.66,10.66,10.66,100,0
XFIN.US,D,20231121,000000,10.66,10.66,10.64,10.65,7175,0
XFIN.US,D,20231122,000000,10.65,10.65,10.64,10.64,1008,0
XFIN.US,D,20231127,000000,10.64,10.64,10.64,10.64,926,0
XFIN.US,D,20231128,000000,10.64,10.64,10.64,10.64,2496,0
XFIN.US,D,20231129,000000,10.64,10.64,10.64,10.64,499,0
XFIN.US,D,20231130,000000,10.65,10.65,10.64,10.64,2242,0
XFIN.US,D,20231201,000000,10.65,10.65,10.65,10.65,192,0
XFIN.US,D,20231204,000000,10.65,10.65,10.6489,10.65,17815,0
XFIN.US,D,20231205,000000,10.65,10.65,10.6294,10.65,18865,0
XFIN.US,D,20231206,000000,10.66,10.67,10.6407,10.67,111200,0
XFIN.US,D,20231208,000000,10.68,10.68,10.65,10.68,2049,0
XFIN.US,D,20231211,000000,10.665,10.665,10.665,10.665,1070,0
XFIN.US,D,20231213,000000,10.67,10.67,10.65,10.67,24490,0
XFIN.US,D,20231214,000000,10.67,10.67,10.67,10.67,404,0
XFIN.US,D,20231218,000000,10.67,10.67,10.66,10.66,49992,0
XFIN.US,D,20231219,000000,10.67,10.68,10.67,10.6702,10599,0
XFIN.US,D,20231221,000000,10.67,10.71,10.67,10.7,13053,0
XFIN.US,D,20231222,000000,10.7085,10.7085,10.7,10.7,1603,0
XFIN.US,D,20231226,000000,10.71,10.7101,10.71,10.71,1889,0
XFIN.US,D,20240104,000000,10.75,10.75,10.74,10.74,5857,0
XFIN.US,D,20240105,000000,10.749,10.75,10.749,10.749,1345,0
XFIN.US,D,20240108,000000,10.749,10.749,10.749,10.749,289,0
XFIN.US,D,20240109,000000,10.75,10.75,10.75,10.75,284,0
XFIN.US,D,20240110,000000,10.749,10.749,10.749,10.749,503,0
XFIN.US,D,20240111,000000,10.75,10.75,10.75,10.75,1002,0
XFIN.US,D,20240112,000000,10.75,10.75,10.75,10.75,469,0
XFIN.US,D,20240116,000000,10.75,10.75,10.73,10.73,658,0
XFIN.US,D,20240117,000000,10.74,10.75,10.74,10.74,5262,0
XFIN.US,D,20240118,000000,10.75,10.76,10.75,10.7502,57618,0
XFIN.US,D,20240119,000000,10.76,10.77,10.75,10.77,52306,0
XFIN.US,D,20240122,000000,10.78,10.8,10.78,10.8,4400,0
XFIN.US,D,20240130,000000,10.79,10.8,10.79,10.79,400200,0
XFIN.US,D,20240131,000000,10.79,10.85,10.79,10.85,131555,0
XFIN.US,D,20240201,000000,10.8,10.8,10.8,10.8,100,0
XFIN.US,D,20240205,000000,10.79,10.8,10.79,10.8,1289,0
XFIN.US,D,20240207,000000,10.79,10.79,10.79,10.79,102,0
XFIN.US,D,20240209,000000,10.82,10.85,10.82,10.85,4306,0
XFIN.US,D,20240212,000000,10.85,10.85,10.85,10.85,1721,0
XFIN.US,D,20240213,000000,10.82,10.82,10.82,10.82,113,0
XFIN.US,D,20240214,000000,10.82,10.85,10.82,10.85,1238,0
XFIN.US,D,20240215,000000,10.85,10.86,10.85,10.86,1502,0
XFIN.US,D,20240216,000000,10.82,10.82,10.82,10.82,274,0
XFIN.US,D,20240220,000000,10.82,10.82,10.82,10.82,1550,0
XFIN.US,D,20240222,000000,10.85,10.86,10.85,10.86,17210,0
XFIN.US,D,20240223,000000,10.85,10.85,10.85,10.85,50140,0
XFIN.US,D,20240226,000000,10.86,10.86,10.859,10.86,609,0
XFIN.US,D,20240227,000000,10.855,10.855,10.85,10.85,730,0
XFIN.US,D,20240228,000000,10.85,10.859,10.85,10.85,10252,0
XFIN.US,D,20240229,000000,10.8512,10.8512,10.8512,10.8512,290,0
XFIN.US,D,20240301,000000,10.86,10.86,10.86,10.86,222,0
XFIN.US,D,20240305,000000,10.86,10.87,10.86,10.87,5114,0
XFIN.US,D,20240307,000000,10.85,10.85,10.85,10.85,500,0
XFIN.US,D,20240308,000000,10.86,10.86,10.85,10.8501,4155,0
XFIN.US,D,20240311,000000,10.87,10.87,10.86,10.86,209,0
XFIN.US,D,20240312,000000,10.87,10.88,10.87,10.87,8046,0
XFIN.US,D,20240318,000000,10.88,10.8893,10.88,10.8892,2757,0
XFIN.US,D,20240319,000000,10.9,10.9,10.87,10.9,112857,0
XFIN.US,D,20240320,000000,10.8731,10.885,10.87,10.8733,8768,0
XFIN.US,D,20240322,000000,10.8779,10.9,10.8779,10.9,354,0
XFIN.US,D,20240325,000000,10.91,10.93,10.91,10.92,46213,0
XFIN.US,D,20240326,000000,10.92,10.93,10.92,10.92,2146,0
XFIN.US,D,20240327,000000,10.93,10.935,10.93,10.9301,1634,0
XFIN.US,D,20240328,000000,10.94,10.94,10.93,10.93,1079,0
XFIN.US,D,20240401,000000,10.9384,10.94,10.9384,10.94,2501,0
XFIN.US,D,20240402,000000,10.95,10.95,10.95,10.95,3075,0
XFIN.US,D,20240403,000000,10.95,10.95,10.93,10.95,103639,0
XFIN.US,D,20240405,000000,10.95,10.955,10.95,10.95,2250,0
XFIN.US,D,20240409,000000,10.96,10.96,10.96,10.96,5170,0
XFIN.US,D,20240410,000000,10.96,11.0001,10.95,10.98,16859,0
XFIN.US,D,20240418,000000,10.95,10.95,10.95,10.95,1113,0
XFIN.US,D,20240419,000000,10.95,11.05,10.95,11.05,777,0
XFIN.US,D,20240422,000000,11,11,11,11,116,0
XFIN.US,D,20240423,000000,10.97,11,10.95,11,4443,0
XFIN.US,D,20240424,000000,10.95,11.1,10.95,11.09,1179,0
XFIN.US,D,20240426,000000,11.1,11.1,11.1,11.1,211,0
XFIN.US,D,20240501,000000,11.0893,11.0893,10.95,10.95,1038,0
XFIN.US,D,20240502,000000,10.95,11.1,10.95,11.02,842,0
XFIN.US,D,20240513,000000,11.1,11.1,11.1,11.1,1003,0
XFIN.US,D,20240517,000000,10.94,11.1,10.94,11.1,466,0
XFIN.US,D,20240521,000000,10.94,10.96,10.94,10.96,219,0
XFIN.US,D,20240522,000000,11.04,11.04,10.94,10.94,812,0
XFIN.US,D,20240523,000000,11.05,11.05,11.05,11.05,100,0
XFIN.US,D,20240603,000000,11.05,11.05,10.95,10.95,5853,0
XFIN.US,D,20240605,000000,11.01,11.03,11,11,10865,0
XFIN.US,D,20240613,000000,11.01,11.01,10.97,10.98,69098,0
XFIN.US,D,20240614,000000,11.01,11.0832,11,11.0832,2000,0
XFIN.US,D,20240617,000000,11.05,11.07,11.05,11.07,2625,0
XFIN.US,D,20240621,000000,11.07,11.07,11.07,11.07,12612,0
XFIN.US,D,20240624,000000,11.07,11.07,11.07,11.07,229,0
XFIN.US,D,20240626,000000,11.04,11.07,11.04,11.05,1228,0
XFIN.US,D,20240701,000000,11.02,11.06,11.02,11.06,8400,0
XFIN.US,D,20240703,000000,11.03,11.05,11.03,11.05,1115,0
XFIN.US,D,20240710,000000,11.03,11.03,11.02,11.03,110065,0
XFIN.US,D,20240711,000000,11.04,11.044,11.04,11.044,423,0
XFIN.US,D,20240716,000000,11.03,11.03,11.03,11.03,1900,0
XFIN.US,D,20240718,000000,11.03,11.03,11.03,11.03,1266,0
XFIN.US,D,20240722,000000,11.04,11.04,11.04,11.04,263,0
XFIN.US,D,20240723,000000,11.06,11.06,11.03,11.03,1089,0
XFIN.US,D,20240724,000000,11.0299,11.0299,11.0299,11.0299,580,0
XFIN.US,D,20240729,000000,11.03,11.03,11.02,11.02,358,0
XFIN.US,D,20240730,000000,11.01,11.02,11.01,11.02,59667,0
XFIN.US,D,20240801,000000,11.065,11.065,11.02,11.06,11016,0
XFIN.US,D,20240805,000000,11.05,11.07,11.04,11.04,2832,0
XFIN.US,D,20240806,000000,11.11,11.11,11.065,11.07,3091,0
XFIN.US,D,20240812,000000,11.02,11.1,11.01,11.06,18215,0
XFIN.US,D,20240827,000000,11.03,11.03,11.03,11.03,22935,0
XFIN.US,D,20240903,000000,10.98,10.98,10.98,10.98,376,0
XFIN.US,D,20240904,000000,10.98,10.98,10.98,10.98,600,0
XFIN.US,D,20240906,000000,10.98,10.9801,10.98,10.9801,408,0
XFIN.US,D,20240909,000000,10.98,11.01,10.98,11.01,2956,0
XFIN.US,D,20240910,000000,11,11,11,11,172,0
XFIN.US,D,20240911,000000,10.99,11.025,10.99,10.99,952,0
XFIN.US,D,20240912,000000,10.98,11,10.98,11,1177,0
XFIN.US,D,20240916,000000,11.11,11.11,11.11,11.11,500,0
XFIN.US,D,20240918,000000,10.98,11.1,10.98,11.1,205,0
XFIN.US,D,20240919,000000,11,11,10.98,10.98,835,0
XFIN.US,D,20240920,000000,11.099,13.52,10.98,11.5,89726,0
XFIN.US,D,20240923,000000,11.45,11.45,10.98,11.02,4207,0
XFIN.US,D,20240924,000000,10.37,13.36,10.31,12.11,10292,0
XFIN.US,D,20240925,000000,12.47,12.7132,11.12,11.12,8425,0
XFIN.US,D,20240926,000000,11.5,12.75,10.93,11.46,23126,0
XFIN.US,D,20240927,000000,10.92,11.68,9.4,11.02,38847,0
XFIN.US,D,20240930,000000,10.23,11.29,10.23,11.29,401526,0
XFIN.US,D,20241001,000000,11.35,11.49,9.026,9.24,24805,0
