<TICKER>,<PER>,<DATE>,<TIME>,<OPEN>,<HIGH>,<LOW>,<CLOSE>,<VOL>,<OPENINT>
ACON.US,D,20220422,000000,15544,17634.4,11577.6,14579.2,318.1087657937375,0
ACON.US,D,20220425,000000,13775.2,17527.2,12649.6,13668,551.6596965276,0
ACON.US,D,20220426,000000,12060,13721.6,11470.4,13132,174.4692148476875,0
ACON.US,D,20220427,000000,11524,21708,11256,12542.4,2960.9624733513374,0
ACON.US,D,20220428,000000,12113.6,14740,11577.6,11631.7,356.8930938028875,0
ACON.US,D,20220429,000000,10934.4,12542.4,9701.6,11095.2,175.27686409415,0
ACON.US,D,20220502,000000,10773.6,11952.8,9701.6,9755.2,118.8595138556375,0
ACON.US,D,20220503,000000,9755.2,10988,8790.4,9219.2,122.62145412028751,0
ACON.US,D,20220504,000000,10880.8,13453.6,10344.8,12596,5973.631476088062,0
ACON.US,D,20220505,000000,11631.2,12294.8,10720,11363.2,223.463057690325,0
ACON.US,D,20220506,000000,11041.6,12971.2,10773.6,10773.6,237.3751844307875,0
ACON.US,D,20220509,000000,10291.2,10748.9,9540.8,10291.2,48.732462247975,0
ACON.US,D,20220510,000000,9916,10344.8,8576,9380,80.068282861475,0
ACON.US,D,20220511,000000,9219.2,9862.4,7879.2,7932.8,82.08283508215,0
ACON.US,D,20220512,000000,7772,7879.2,6753.6,7182.4,28.59477586205,0
ACON.US,D,20220513,000000,6753.6,8308,6753.6,7825.6,28.101492284400003,0
ACON.US,D,20220516,000000,7718.4,7932.8,7312.11,7396.8,8.7522387272,0
ACON.US,D,20220517,000000,7289.6,7772,7128.8,7557.6,15.232275982312501,0
ACON.US,D,20220518,000000,7236,8147.2,7236,8040,18.733208786625,0
ACON.US,D,20220519,000000,8308,9380,7825.6,9380,51.261193568500005,0
ACON.US,D,20220520,000000,8844,10666.4,8844,9540.8,25.9880594676,0
ACON.US,D,20220523,000000,9594.4,10344.8,8629.6,8793.62,9.327984990675,0
ACON.US,D,20220524,000000,8951.2,9406.8,7236,7396.8,24.6313430619,0
ACON.US,D,20220525,000000,7128.8,8147.2,7018.92,8093.6,10.0561566259125,0
ACON.US,D,20220526,000000,7557.6,8040,7236,7450.4,14.982649118887501,0
ACON.US,D,20220527,000000,7557.6,7751.63,6190.8,6700,20.370522204725,0
ACON.US,D,20220531,000000,6485.6,6807.2,6485.6,6753.6,6.9934700863125006,0
ACON.US,D,20220601,000000,7182.4,7289.6,6671.59,6834,14.699626733375,0
ACON.US,D,20220602,000000,6485.6,7396.8,6271.2,6539.2,19.3445893781375,0
ACON.US,D,20220603,000000,6432,6539.2,5735.2,5751.82,15.353544637937501,0
ACON.US,D,20220606,000000,5574.4,5759.32,5276.92,5574.4,11.3266790025375,0
ACON.US,D,20220607,000000,5413.6,5896,5306.4,5467.2,12.234701382425,0
ACON.US,D,20220608,000000,5303.18,5713.22,5303.18,5628,9.329477527975,0
ACON.US,D,20220609,000000,5593.16,5788.8,5467.2,5467.2,9.9874999101125,0
ACON.US,D,20220610,000000,5735.2,5735.2,5258.16,5386.8,14.086753604562501,0
ACON.US,D,20220613,000000,4931.2,5681.6,4716.8,5559.93,18.4352610281125,0
ACON.US,D,20220614,000000,5413.6,5628,5044.3,5628,10.1065297597875,0
ACON.US,D,20220615,000000,5467.2,6645.86,5150.96,5842.4,103.2886184733875,0
ACON.US,D,20220616,000000,5264.59,5815.6,5209.92,5358.39,18.17388043345,0
ACON.US,D,20220617,000000,5360,5574.4,4716.8,4716.8,11.80074616245,0
ACON.US,D,20220621,000000,4921.55,5056.62,4194.2,4363.58,16.9641789518,0
ACON.US,D,20220622,000000,5306.4,5896,4341.6,4472.92,52.5229472884875,0
ACON.US,D,20220623,000000,4502.4,5011.06,4502.4,4745.74,15.08731329705,0
ACON.US,D,20220624,000000,4716.8,5142.92,4716.8,4824,5.8143656193125,0
ACON.US,D,20220627,000000,4949.96,4953.18,4663.27,4732.88,2.792910422625,0
ACON.US,D,20220628,000000,5065.2,5065.2,4502.4,4716.26,6.7052238202500005,0
ACON.US,D,20220629,000000,5011.6,5011.6,4556,4615.5,3.0886193751875,0
ACON.US,D,20220630,000000,4395.2,5520.8,4288,4896.36,88.9322753190125,0
ACON.US,D,20220701,000000,4931.2,4983.73,4609.6,4931.2,7.5238805293,0
ACON.US,D,20220705,000000,5092,5092,4569.94,4746.28,19.1611938574,0
ACON.US,D,20220706,000000,4700.72,4976.76,4586.55,4716.8,8.8968282781375,0
ACON.US,D,20220707,000000,4838.47,4889.93,4413.96,4550.64,33.168283283575,0
ACON.US,D,20220708,000000,4609.6,4650.87,4458.45,4545.82,8.7707088762875,0
ACON.US,D,20220711,000000,4662.66,4715.73,4372.69,4406.46,6.798880535825,0
ACON.US,D,20220712,000000,4567.26,5788.26,4413.42,5413.6,369.63563100163753,0
ACON.US,D,20220713,000000,4984.8,5223.32,4609.6,4931.2,93.101864833725,0
ACON.US,D,20220714,000000,4931.2,4931.2,4586.02,4789.16,21.6897386107625,0
ACON.US,D,20220715,000000,4681.42,4716.8,4198.49,4604.24,36.03656683985,0
ACON.US,D,20220718,000000,4502.4,4770.4,4401.1,4664.81,4.2505596632375005,0
ACON.US,D,20220719,000000,4770.4,4965.5,4537.24,4636.94,32.4417907528,0
ACON.US,D,20220720,000000,4582.8,4716.8,4448.8,4502.4,10.88731333485,0
ACON.US,D,20220721,000000,4415.03,4556,4415.03,4502.4,10.5781715465875,0
ACON.US,D,20220722,000000,4556,4770.4,4296.04,4502.4,9.4106342436625,0
ACON.US,D,20220725,000000,4502.4,4612.82,4351.25,4585.48,9.066604396012501,0
ACON.US,D,20220726,000000,4556,4663.2,4502.4,4512.05,13.560820773475001,0
ACON.US,D,20220727,000000,4610.14,4914.05,4609.6,4824,22.13358189035,0
ACON.US,D,20220728,000000,4679.28,5413.6,4663.74,5085.57,60.033208414925,0
ACON.US,D,20220729,000000,4932.81,5628,4824.54,5199.2,59.020521856875,0
ACON.US,D,20220801,000000,5360,5467.2,4931.2,5118.26,52.5128726617125,0
ACON.US,D,20220802,000000,5628,8522.4,5628,6968,911.9606261207125,0
ACON.US,D,20220803,000000,6753.6,8950.66,5574.4,6003.2,313.1218255401125,0
ACON.US,D,20220804,000000,6003.2,6646.4,5413.6,5949.6,124.0453347044875,0
ACON.US,D,20220805,000000,5735.2,6056.8,5306.4,5788.8,92.1322752902125,0
ACON.US,D,20220808,000000,5681.6,6539.2,5467.2,6164,121.548879503075,0
ACON.US,D,20220809,000000,6271.2,6271.2,5735.2,5842.4,32.943469852762505,0
ACON.US,D,20220810,000000,6056.8,6164,5092,5359.46,45.4567160088,0
ACON.US,D,20220811,000000,5199.74,5467.2,4664.27,4883.5,41.4393652986875,0
ACON.US,D,20220812,000000,4877.6,5092,4678.21,4834.72,10.580970054025,0
ACON.US,D,20220815,000000,4908.15,5038.4,4690,4947.28,6.1154850195875,0
ACON.US,D,20220816,000000,4904.4,5065.2,4611.21,4782.19,22.255783381787502,0
ACON.US,D,20220817,000000,4715.19,4899.04,4611.74,4727.52,7.0608208319750005,0
ACON.US,D,20220818,000000,4840.08,9487.2,4732.88,5735.2,1125.6322659887126,0
ACON.US,D,20220819,000000,5467.2,5574.4,5140.24,5285.5,43.43656677325,0
ACON.US,D,20220822,000000,5520.26,9112,5239.4,6485.6,922.6770439347125,0
ACON.US,D,20220823,000000,5949.6,8361.6,5601.2,6700,364.954847461675,0
ACON.US,D,20220824,000000,6592.8,8200.26,6485.6,6753.6,188.4624983038375,0
ACON.US,D,20220825,000000,6753.6,6968,6110.4,6673.2,52.0080219199875,0
ACON.US,D,20220826,000000,6485.6,6592.26,5467.2,5681.6,69.70820832785,0
ACON.US,D,20220829,000000,5735.2,6325.34,5574.4,5788.8,27.2513057248875,0
ACON.US,D,20220830,000000,6056.8,6056.8,5413.6,5520.8,19.0236938586375,0
ACON.US,D,20220831,000000,5520.8,5949.6,5413.6,5949.6,27.792910197625,0
ACON.US,D,20220901,000000,5735.2,5949.6,5523.48,5681.6,30.994402706125,0
ACON.US,D,20220902,000000,5820.42,6646.4,5735.2,6324.8,25.9432833486,0
ACON.US,D,20220906,000000,6539.2,6592.8,5949.6,6164,16.632275969712502,0
ACON.US,D,20220907,000000,6056.8,6432,5735.2,6164,9.11567155975,0
ACON.US,D,20220908,000000,6217.6,6271.2,5788.8,6271.2,7.988432763925,0
ACON.US,D,20220909,000000,6432,6968,5896,6592.8,45.324999592075,0
ACON.US,D,20220912,000000,6378.4,7557.6,6378.4,7289.6,39.873320536662504,0
ACON.US,D,20220913,000000,7075.2,7236,6271.2,6646.4,15.6703356798625,0
ACON.US,D,20220914,000000,6913.86,7289.6,6538.66,6592.8,20.7643654847625,0
ACON.US,D,20220915,000000,6592.8,6592.8,5949.6,6164,18.910074456675,0
ACON.US,D,20220916,000000,6003.2,6270.66,5949.6,6003.2,8.02611933075,0
ACON.US,D,20220919,000000,5949.6,6324.8,5413.6,5467.2,11.5927237762625,0
ACON.US,D,20220920,000000,5413.6,5681.6,5360,5413.6,11.6136192984625,0
ACON.US,D,20220921,000000,5365.36,5681.6,5252.8,5541.7,4.381716378475,0
ACON.US,D,20220922,000000,5360,5467.2,5092,5234.04,10.55298497965,0
ACON.US,D,20220923,000000,5092,5842.4,4416.1,4855.09,28.645148995925002,0
ACON.US,D,20220926,000000,4854.55,4854.55,4395.2,4448.8,10.0516790140125,0
ACON.US,D,20220927,000000,4395.2,4614.42,4395.2,4423.61,2.7776119153,0
ACON.US,D,20220928,000000,4395.2,4727.52,4395.2,4501.33,7.14552232375,0
ACON.US,D,20220929,000000,4502.4,4660.52,4333.56,4397.34,6.7182835216250005,0
ACON.US,D,20220930,000000,4556,4609.6,4170.08,4170.08,10.287499907412501,0
ACON.US,D,20221003,000000,4664.27,4990.16,4127.2,4583.34,74.21977545142501,0
ACON.US,D,20221004,000000,4368.94,4556,4234.4,4434.33,21.4363804040875,0
ACON.US,D,20221005,000000,4518.48,4633.72,4422,4428.97,6.0059700952,0
ACON.US,D,20221006,000000,4449.34,4559.48,4288,4288,9.134701410325,0
ACON.US,D,20221007,000000,4154,4931.2,4154,4717.34,34.9666041629125,0
ACON.US,D,20221010,000000,5096.82,5134.34,4824,5128.98,6.5845148661125,0
ACON.US,D,20221011,000000,5360,5360,4824,5126.84,10.6095148298875,0
ACON.US,D,20221012,000000,5047.51,5842.4,4904.4,5360,7.6199626179875,0
ACON.US,D,20221013,000000,5038.4,5360,5038.4,5306.4,7.3192163520375,0
ACON.US,D,20221014,000000,5312.3,5312.3,4887.78,4889.39,4.06343279925,0
ACON.US,D,20221017,000000,5038.4,5095.75,4314.26,4314.26,8.925373054,0
ACON.US,D,20221018,000000,4522.23,4823.46,4395.2,4598.34,8.10074619575,0
ACON.US,D,20221019,000000,4271.92,4609.6,4212.96,4293.36,7.6233208269125,0
ACON.US,D,20221020,000000,4288,4555.46,4180.8,4367.33,4.70671637555,0
ACON.US,D,20221021,000000,4556,4556,4393.06,4423.61,1.9904850567125,0
ACON.US,D,20221024,000000,4395.2,4556,4234.4,4360.36,3.9802238447750002,0
ACON.US,D,20221025,000000,4360.36,4751.1,4360.36,4751.1,18.084328195450002,0
ACON.US,D,20221026,000000,4818.64,5440.4,4556.54,5360,13.6143655491125,0
ACON.US,D,20221027,000000,5467.2,5467.2,5092,5092,6.7929103866250005,0
ACON.US,D,20221028,000000,5576.01,5576.01,5092,5413.6,9.722574539362501,0
ACON.US,D,20221031,000000,5520.8,6008.56,5215.28,5735.2,7.9218282869125005,0
ACON.US,D,20221101,000000,6110.4,6110.4,5467.2,5735.2,5.0072760743375,0
ACON.US,D,20221102,000000,5419.5,6003.2,5419.5,5654.8,11.09029840765,0
ACON.US,D,20221103,000000,5788.8,5788.8,5520.8,5520.8,2.1688432640625,0
ACON.US,D,20221104,000000,5842.4,5842.4,4824,5092,3.5358208637,0
ACON.US,D,20221107,000000,5520.8,5520.8,5038.4,5038.4,0.6546641732125,0
ACON.US,D,20221108,000000,4984.8,5252.8,4958,5252.8,2.2852611734625,0
ACON.US,D,20221109,000000,4984.8,5252.8,4907.62,5252.8,2.0285447578625,0
ACON.US,D,20221110,000000,5081.82,5520.26,4910.3,5360,2.8315298252625003,0
ACON.US,D,20221111,000000,4288,5306.4,4288,5306.4,0.18171641627500001,0
ACON.US,D,20221114,000000,5360,5520.8,4522.77,5145.6,7.7513059003875,0
ACON.US,D,20221115,000000,5360,5360,4641.76,5294.61,2.0218283400125,0
ACON.US,D,20221116,000000,5092,5092,4669.1,4822.93,1.007089543175,0
ACON.US,D,20221117,000000,4931.2,4931.2,4236.54,4288,13.930596889550001,0
ACON.US,D,20221118,000000,4159.36,4713.58,4047.87,4395.74,5.3374999519625,0
ACON.US,D,20221121,000000,5011.6,5360,4395.2,4556,12.611007349187501,0
ACON.US,D,20221122,000000,4552.78,5091.46,4373.76,4503.47,3.6464551910625,0
ACON.US,D,20221123,000000,4556,4556,4067.17,4395.2,7.6910447069000005,0
ACON.US,D,20221125,000000,4395.2,4395.2,4234.4,4395.2,0.6960820832875,0
ACON.US,D,20221128,000000,4234.4,4341.6,4100.4,4100.4,3.983955188025,0
ACON.US,D,20221129,000000,4207.6,4288,4022.68,4277.82,4.908582045375,0
ACON.US,D,20221130,000000,4133.1,4210.28,4127.2,4129.34,4.0069029490125,0
ACON.US,D,20221201,000000,4288,4783.8,4253.16,4502.4,11.82910437115,0
ACON.US,D,20221202,000000,4562.97,4716.8,4288,4716.8,1.4654850614375001,0
ACON.US,D,20221205,000000,4558.68,4558.68,4395.2,4475.6,0.9132462604375,0
ACON.US,D,20221206,000000,4395.2,4397.61,3003.21,3375.19,18.264552074425,0
ACON.US,D,20221207,000000,3698.4,3698.4,3216,3269.6,4.528731302525,0
ACON.US,D,20221208,000000,3323.74,3537.06,3242.53,3267.99,1.4065298380875,0
ACON.US,D,20221209,000000,3532.24,3966.4,3322.66,3832.4,16.205596869075002,0
ACON.US,D,20221212,000000,4020,4020,3216,3271.74,11.0046640800625,0
ACON.US,D,20221213,000000,3537.6,3805.6,3269.6,3805.6,1.396641778475,0
ACON.US,D,20221214,000000,3162.4,3843.66,3005.35,3055.74,6.9850745640000005,0
ACON.US,D,20221215,000000,2840.8,3216,2840.8,3139.89,8.4468282821875,0
ACON.US,D,20221216,000000,3379.48,3403.6,3009.1,3269.06,7.97835813715,0
ACON.US,D,20221219,000000,3216,3269.6,2842.41,2842.94,10.4009327422125,0
ACON.US,D,20221220,000000,2948,2948,2197.6,2304.8,17.3300371574625,0
ACON.US,D,20221221,000000,2626.4,2626.4,2304.8,2412,3.7770522048125,0
ACON.US,D,20221222,000000,2412,2412,2199.74,2199.74,3.2975745971875,0
ACON.US,D,20221223,000000,2251.2,2948,2251.2,2572.8,9.3477611099,0
ACON.US,D,20221227,000000,2519.2,2519.2,2036.8,2090.94,13.8820894273,0
ACON.US,D,20221228,000000,2144,2415.75,2144,2252.27,8.658395444462501,0
ACON.US,D,20221229,000000,2304.8,3082,2197.6,2948,20.477611756,0
ACON.US,D,20221230,000000,3810.42,3810.42,2840.8,3108.8,13.276492417825,0
ACON.US,D,20230103,000000,3323.2,3429.86,2948,3055.2,1.2402984963,0
ACON.US,D,20230104,000000,2948,3122.86,2680.54,2719.13,2.3628731130625003,0
ACON.US,D,20230105,000000,2251.2,3212.78,2251.2,2815.33,5.30671637015,0
ACON.US,D,20230106,000000,3224.58,3224.58,2572.8,3108.8,1.6889925221125,0
ACON.US,D,20230109,000000,3108.26,3162.4,2412,2680,6.3235074057750005,0
ACON.US,D,20230110,000000,2680,2974.8,2680,2733.6,6.3820894948,0
ACON.US,D,20230111,000000,2680,4555.46,2572.8,3162.4,103.5501856352125,0
ACON.US,D,20230112,000000,2948.54,3401.99,2948.54,3269.59,6.2236939738375,0
ACON.US,D,20230113,000000,3449.7,3449.7,2948,2948,6.622761134425001,0
ACON.US,D,20230117,000000,3001.6,3341.96,3001.6,3184.92,3.037686539825,0
ACON.US,D,20230118,000000,3184.91,3403.6,3162.4,3376.26,1.7001865518625001,0
ACON.US,D,20230119,000000,3108.8,3376.8,3108.8,3308.73,4.922014881075,0
ACON.US,D,20230120,000000,3216,3376.8,2968.9,3360.72,3.4658581777625,0
ACON.US,D,20230123,000000,3376.8,3376.8,2948,3335.53,1.119029840675,0
ACON.US,D,20230124,000000,3376.8,3644.8,3140.96,3216,7.3654850083375,0
ACON.US,D,20230125,000000,3002.14,3752,3002.14,3609.96,1.2192164069375,0
ACON.US,D,20230126,000000,3752.54,4233.86,3270.14,3939.53,13.08134316585,0
ACON.US,D,20230127,000000,3934.24,3985.7,3659.27,3725.74,3.2744402690375,0
ACON.US,D,20230130,000000,3698.4,3963.18,3216,3482.39,3.8169775775875,0
ACON.US,D,20230131,000000,3484,3726.27,3216,3478.1,2.7304104231875,0
ACON.US,D,20230201,000000,3430.4,4501.86,3269.6,3927.81,12.748134213625,0
ACON.US,D,20230202,000000,3920.57,4400.56,3805.6,4020,5.6348880089875,0
ACON.US,D,20230203,000000,3805.6,4180.8,3216,3216,5.4542909956875,0
ACON.US,D,20230206,000000,3857.59,4539.92,3376.8,4288,22.7904848695125,0
ACON.US,D,20230207,000000,4288,4448.8,4020,4446.12,8.6313432059,0
ACON.US,D,20230208,000000,4648.73,4648.73,4020.54,4447.46,2.016044757975,0
ACON.US,D,20230209,000000,4288,4288,4127.2,4234.4,1.1341417808375,0
ACON.US,D,20230210,000000,3859.2,4234.4,3755.75,4193.13,3.7285447425625002,0
ACON.US,D,20230213,000000,4127.2,5252.8,3537.6,4328.74,31.60671613345,0
ACON.US,D,20230214,000000,4304.62,4609.6,4180.8,4274.6,6.51268650855,0
ACON.US,D,20230215,000000,4180.8,4180.8,3760.38,4016.25,3.5628731022625,0
ACON.US,D,20230216,000000,3923.52,3923.52,3644.8,3887.07,4.839179060925,0
ACON.US,D,20230217,000000,3805.6,4663.2,3537.6,3971.76,19.3509326616625,0
ACON.US,D,20230221,000000,3939.6,4341.6,3752,4127.2,3.5179104161000003,0
ACON.US,D,20230222,000000,4127.2,4334.1,3752,4020,2.3509328146625,0
ACON.US,D,20230223,000000,4288,4331.42,3752,3939.6,1.0970149155,0
ACON.US,D,20230224,000000,3899.94,3899.94,3485.61,3780.41,1.9641790868,0
ACON.US,D,20230227,000000,4288,4288,3899.4,3899.4,3.8430969803375,0
ACON.US,D,20230228,000000,3532.78,4018.12,3532.24,3907.98,4.6210820479625,0
ACON.US,D,20230301,000000,3644.8,3907.44,3570.3,3591.2,0.403358205325,0
ACON.US,D,20230302,000000,3645.34,3965.86,3645.34,3897.26,3.9065298155875,0
ACON.US,D,20230303,000000,3785.77,3945.5,3569.76,3835.08,8.8009327566125,0
ACON.US,D,20230306,000000,3673.74,3912.8,3645.87,3859.2,1.9244402811875,0
ACON.US,D,20230307,000000,3859.2,3859.2,3668.38,3761.65,0.8065298434875,0
ACON.US,D,20230308,000000,3636.76,3882.25,3591.74,3698.4,2.29477609875,0
ACON.US,D,20230309,000000,3591.74,3869.92,3484,3644.8,4.1479477238625,0
ACON.US,D,20230310,000000,3832.4,3832.4,3537.6,3542.96,1.111567154175,0
ACON.US,D,20230313,000000,3591.2,3805.6,3484.54,3671.6,2.3016790837625,0
ACON.US,D,20230314,000000,3644.8,3805.6,3484,3484,3.5292910130125,0
ACON.US,D,20230315,000000,3537.6,3714.48,3537.6,3591.2,0.0957089543625,0
ACON.US,D,20230316,000000,3805.6,3805.6,3644.8,3683.39,2.4229477393875,0
ACON.US,D,20230317,000000,4180.8,5145.6,3966.13,4288,16.995895369425,0
ACON.US,D,20230320,000000,4019.46,4424.68,3591.74,4083.25,4.563805929075,0
ACON.US,D,20230321,000000,4127.74,4643.37,4127.74,4422,2.7819029600375003,0
ACON.US,D,20230322,000000,4395.2,4422,4020.54,4383.94,1.9384328183750001,0
ACON.US,D,20230323,000000,4181.87,4422,4020,4417.18,3.201865642825,0
ACON.US,D,20230324,000000,4417.18,4448.8,4289.61,4448.8,2.4110074409875,0
ACON.US,D,20230327,000000,4244.58,4261.2,4127.2,4247.8,1.4636193898125,0
ACON.US,D,20230328,000000,4020,4020,3752,4020,3.30522385085,0
ACON.US,D,20230329,000000,4020.54,4196.88,3752,3912.8,4.49925369085,0
ACON.US,D,20230330,000000,4108.44,4108.44,3698.4,3698.4,1.5513059561875,0
ACON.US,D,20230331,000000,3698.94,4062.88,3484,3484,1.4972014790625001,0
ACON.US,D,20230403,000000,3484,3512.94,3216,3216.54,1.9662313255875001,0
ACON.US,D,20230404,000000,3216,3644.8,2948,3484,9.5208954367,0
ACON.US,D,20230405,000000,3976.58,3976.58,3789.52,3789.52,0.291417907825,0
ACON.US,D,20230406,000000,3484,3537.6,3484,3537.6,0.2177238786375,0
ACON.US,D,20230410,000000,3484,4287.46,3484,4245.12,9.648880510175001,0
ACON.US,D,20230411,000000,4226.9,4244.05,3859.2,4230.41,3.4822760880625,0
ACON.US,D,20230412,000000,4220.46,4221,3859.74,4152.93,3.61119399735,0
ACON.US,D,20230413,000000,3859.2,4288,3859.2,4255.84,1.43059700205,0
ACON.US,D,20230414,000000,4288,4288,3859.74,4286.93,3.050373106875,0
ACON.US,D,20230417,000000,4286.93,4286.93,4286.93,4286.93,0.1281716406375,0
ACON.US,D,20230418,000000,3986.77,4234.4,3859.2,4233.86,1.9244402811875,0
ACON.US,D,20230419,000000,3995.88,4314.8,3698.4,4035.54,2.2572760990875,0
ACON.US,D,20230420,000000,3869.38,4233.86,3606.21,4223.14,15.189178967775,0
ACON.US,D,20230421,000000,3644.8,4020,3591.2,3965.86,1.2124999890875001,0
ACON.US,D,20230424,000000,6860.8,12703.2,6056.8,6860.8,14534.462555757,0
ACON.US,D,20230425,000000,6324.8,6432,4663.2,4818.64,433.7531677380125,0
ACON.US,D,20230426,000000,4073.6,4609.6,3805.6,4465.95,173.775744704675,0
ACON.US,D,20230427,000000,4341.6,4394.66,3763.79,4048.41,41.562313058775004,0
ACON.US,D,20230428,000000,3591.2,3751.46,3323.2,3393.95,46.7389921166625,0
ACON.US,D,20230501,000000,3216,3912.8,3162.4,3752,31.760447475350002,0
ACON.US,D,20230502,000000,3805.6,3805.6,3376.87,3533.85,25.43805947255,0
ACON.US,D,20230503,000000,3537.6,4556,3537.6,4556,70.8662307054875,0
ACON.US,D,20230504,000000,4395.2,4395.2,4020.54,4073.6,17.3236938739375,0
ACON.US,D,20230505,000000,4216.18,4341.6,3805.6,4127.74,6.1311566612375,0
ACON.US,D,20230508,000000,3912.8,4046.8,3859.2,3859.74,6.1337686015125,0
ACON.US,D,20230509,000000,3932.63,4126.66,3538.14,4020,9.493283496650001,0
ACON.US,D,20230510,000000,3914.41,4180.8,3912.8,3966.94,6.2662312868875,0
ACON.US,D,20230511,000000,3859.2,4115.94,3806.14,4020,3.7688432496625,0
ACON.US,D,20230512,000000,4073.6,4098.79,3827.04,3827.58,6.3624999427375,0
ACON.US,D,20230515,000000,3805.6,4100.4,3805.6,3966.4,4.44253727345,0
ACON.US,D,20230516,000000,3993.2,3993.2,3698.94,3698.94,4.4188432438125,0
ACON.US,D,20230517,000000,3752,3872.6,3752,3872.6,6.239179048325,0
ACON.US,D,20230518,000000,3789.52,3989.98,3537.6,3695.72,9.2382461855125,0
ACON.US,D,20230519,000000,3669.99,3750.93,3537.6,3750.39,4.2203357829125006,0
ACON.US,D,20230522,000000,3591.2,3752,3537.6,3618,14.1602610665875,0
ACON.US,D,20230523,000000,3583.16,3605.67,3158.11,3259.42,26.2927236439625,0
ACON.US,D,20230524,000000,3307.12,3389.66,3218.14,3242.8,5.1326492075375,0
ACON.US,D,20230525,000000,3323.2,3644.8,3162.4,3376.8,4.58283577965,0
ACON.US,D,20230526,000000,3430.4,3484,3162.4,3162.4,4.2916044389875,0
ACON.US,D,20230530,000000,7986.4,8147.2,4931.2,5628,7640.368774520262,0
ACON.US,D,20230531,000000,4766.11,5735.2,4663.2,5283.89,268.08656475140003,0
ACON.US,D,20230601,000000,4931.2,5735.2,4770.4,5520.8,60.898880048925,0
ACON.US,D,20230602,000000,5092,5949.6,5092,5467.2,51.41417864175,0
ACON.US,D,20230605,000000,5735.2,5735.2,5413.6,5628,12.849626750025001,0
ACON.US,D,20230606,000000,5467.2,6003.2,5467.2,5628,21.653731148400002,0
ACON.US,D,20230607,000000,5467.2,5773.79,5360,5574.4,9.2805969314,0
ACON.US,D,20230608,000000,7664.8,8576,6164,6860.8,5697.660956183738,0
ACON.US,D,20230609,000000,6378.4,7182.4,6217.6,6700,219.6492517545,0
ACON.US,D,20230612,000000,6432,7343.2,6378.4,7075.2,83.4867529799625,0
ACON.US,D,20230613,000000,7236,7236,6700,6753.6,28.9248131725125,0
ACON.US,D,20230614,000000,6914.4,7236,6442.72,6914.4,37.4979474237125,0
ACON.US,D,20230615,000000,6860.8,6968,6324.8,6539.2,14.2304103196875,0
ACON.US,D,20230616,000000,6807.2,6807.2,5413.6,5413.6,48.9621264250125,0
ACON.US,D,20230620,000000,5788.8,6056.8,5360,5574.4,41.3729473888375,0
ACON.US,D,20230621,000000,5413.6,5574.4,5199.74,5413.6,16.1337685115125,0
ACON.US,D,20230622,000000,5413.6,5573.86,5038.4,5301.04,11.0061566173625,0
ACON.US,D,20230623,000000,5164.36,5258.7,4824,4985.87,8.81417902515,0
ACON.US,D,20230626,000000,4984.8,5574.4,4663.2,4663.2,30.031343013300003,0
ACON.US,D,20230627,000000,4576.9,4596.33,4180.8,4180.8,16.121268511625,0
ACON.US,D,20230628,000000,3912.8,4180.26,3671.06,3671.06,14.9729476264375,0
ACON.US,D,20230629,000000,3724.93,4154,3678.03,3698.4,12.3292909338125,0
ACON.US,D,20230630,000000,4020,4020,3698.4,3698.4,9.9352611046125,0
ACON.US,D,20230703,000000,3966.4,3966.4,3698.4,3788.45,2.680970125125,0
ACON.US,D,20230705,000000,4020,4020,3819.54,3835.08,13.5244401767875,0
ACON.US,D,20230706,000000,3918.16,4019.46,3805.6,3912.8,5.1789178638375,0
ACON.US,D,20230707,000000,3966.4,4020,3698.4,3698.4,5.940671588325,0
ACON.US,D,20230710,000000,3752,3966.4,3752,3805.6,2.3294775909750003,0
ACON.US,D,20230711,000000,3859.2,4180.8,3698.4,3714.48,12.034514817062501,0
ACON.US,D,20230712,000000,3698.4,3840.17,3591.2,3591.2,11.698320790237501,0
ACON.US,D,20230713,000000,3709.12,3804.53,3430.4,3484,8.252611866025001,0
ACON.US,D,20230714,000000,3591.74,3751.46,3430.94,3432.54,4.6166044360625005,0
ACON.US,D,20230717,000000,3592.81,3751.46,3484,3537.6,6.1289178552875,0
ACON.US,D,20230718,000000,3537.6,3643.19,3376.8,3483.46,8.5248133561125,0
ACON.US,D,20230719,000000,3382.16,3751.46,3376.8,3481.86,13.388432715325001,0
ACON.US,D,20230720,000000,3643.73,3644.26,3430.94,3478.64,2.5194029624,0
ACON.US,D,20230721,000000,3479.18,3479.18,3378.41,3403.6,3.7878731002375,0
ACON.US,D,20230724,000000,3269.6,3484,2950.68,3322.93,20.216044594175,0
ACON.US,D,20230725,000000,3323.2,3323.2,3006.96,3162.94,15.908022244887501,0
ACON.US,D,20230726,000000,3162.4,3189.2,3055.2,3162.94,5.151119356625,0
ACON.US,D,20230727,000000,3055.2,3216,3045.02,3055.74,12.931716301525,0
ACON.US,D,20230728,000000,3012.32,3216,3012.32,3135.6,3.777985040625,0
ACON.US,D,20230731,000000,2950.68,3108.8,2803.09,3055.2,7.510820827925,0
ACON.US,D,20230801,000000,3853.84,3853.84,3093.26,3232.08,16.1427237353125,0
ACON.US,D,20230802,000000,3317.84,3430.4,2948,3269.06,13.925932710487501,0
ACON.US,D,20230803,000000,3210.64,3376.8,3162.4,3216,4.465298467275,0
ACON.US,D,20230804,000000,3274.96,3322.12,3114.16,3215.46,7.044776056,0
ACON.US,D,20230807,000000,3108.8,3214.93,2948,3001.6,8.2179103738,0
ACON.US,D,20230808,000000,3001.6,3151.68,3001.6,3135.6,5.5149253235,0
ACON.US,D,20230809,000000,3055.74,3135.06,3001.6,3135.06,1.3998134202375,0
ACON.US,D,20230810,000000,3130.24,3131.84,2948,2948,4.9208954781,0
ACON.US,D,20230811,000000,2948,3055.2,2787.2,3001.06,6.530223821825,0
ACON.US,D,20230814,000000,3001.6,3001.6,2522.95,2840.8,8.997387978725,0
ACON.US,D,20230815,000000,2964.08,2964.08,2626.4,2814,2.2322760993125,0
ACON.US,D,20230816,000000,2626.94,2787.2,2412,2589.42,16.9569028324625,0
ACON.US,D,20230817,000000,2680,2733.6,2465.61,2541.18,3.0680969873125,0
ACON.US,D,20230818,000000,2465.6,2588.83,2465.6,2497.76,1.1320895420500001,0
ACON.US,D,20230821,000000,2535.28,2680,2465.6,2519.2,2.750373109575,0
ACON.US,D,20230822,000000,2515.98,2572.8,2465.6,2572.8,2.8643656458625,0
ACON.US,D,20230823,000000,2680,2680,2412,2463.99,2.2669775915375,0
ACON.US,D,20230824,000000,2470.96,2470.96,2412,2465.6,2.601119379575,0
ACON.US,D,20230825,000000,2571.73,2572.26,2204.57,2411.46,0.7656716349,0
ACON.US,D,20230828,000000,2460.24,2460.24,2222.26,2412,3.1942163891625,0
ACON.US,D,20230829,000000,2331.6,2331.6,2217.04,2282.29,1.430223867725,0
ACON.US,D,20230830,000000,2304.8,2733.06,2304.8,2521.88,5.292910400125,0
ACON.US,D,20230831,000000,2546,2733.6,2475.25,2733.6,1.763805954275,0
ACON.US,D,20230901,000000,2599.59,2680,2519.74,2586.2,3.239925343975,0
ACON.US,D,20230905,000000,2680,2680,2272.64,2492.4,4.169776081875,0
ACON.US,D,20230906,000000,2375.55,2572.8,2260.85,2572.26,4.754850703475,0
ACON.US,D,20230907,000000,2412,2519.2,2412,2463.46,1.1610074522375,0
ACON.US,D,20230908,000000,2353.04,2412,2251.2,2251.74,2.55597012625,0
ACON.US,D,20230911,000000,2251.2,2304.8,2194.92,2251.2,5.4330223391625,0
ACON.US,D,20230912,000000,2036.8,2246.38,1935.5,2197.6,10.308955131100001,0
ACON.US,D,20230913,000000,2251.2,2458.1,2144,2144.54,3.17686564305,0
ACON.US,D,20230914,000000,2144,2444.7,2144,2304.8,3.0942163900625,0
ACON.US,D,20230915,000000,2160.08,2680,2160.08,2680,37.3626862309,0
ACON.US,D,20230918,000000,2680,2680,2194.92,2357.86,46.99328315915,0
ACON.US,D,20230919,000000,2391.63,2412,2303.73,2337.5,35.288432518225,0
ACON.US,D,20230920,000000,2224.4,2460.24,2224.4,2304.8,4.8080223447875,0
ACON.US,D,20230921,000000,2304.8,2390.56,2144.54,2144.54,5.695149202475,0
ACON.US,D,20230922,000000,2144,2208.32,1933.36,1983.2,5.2059701024,0
ACON.US,D,20230925,000000,2197.6,2245.84,1716.27,1877.07,11.227425272087501,0
ACON.US,D,20230926,000000,1983.2,2250.66,1928.53,1928.53,4.898880552925,0
ACON.US,D,20230927,000000,1876,1977.3,1412.9,1828.3,48.07686523895,0
ACON.US,D,20230928,000000,1983.2,1983.2,1662.14,1745.22,7.8878730633375005,0
ACON.US,D,20230929,000000,1664.96,1822.4,1664.96,1744.68,0.6576492478125,0
ACON.US,D,20231002,000000,1876,2412,1870.64,2196.52,19.31716400525,0
ACON.US,D,20231003,000000,2234.58,2620.5,1983.2,2035.73,7.6985073934,0
ACON.US,D,20231004,000000,2144,2468.82,2144,2353.04,6.1639924818375,0
ACON.US,D,20231005,000000,2358.4,2610.32,2144,2288.72,9.322574542962501,0
ACON.US,D,20231006,000000,2144,2304.8,2144,2144,1.1059701393,0
ACON.US,D,20231009,000000,2144,2256.56,2144,2145.61,1.388059689,0
ACON.US,D,20231010,000000,2144,2251.2,2052.89,2052.89,10.0236939396375,0
ACON.US,D,20231011,000000,2036.8,2144,2036.8,2144,7.022761130825001,0
ACON.US,D,20231012,000000,2122.56,2776.48,1993.38,2696.62,18.824999830575,0
ACON.US,D,20231013,000000,2700.37,2880.46,2358.4,2864.93,3.2673507168625,0
ACON.US,D,20231016,000000,2760.94,2889.04,2626.4,2722.88,3.366791014475,0
ACON.US,D,20231017,000000,2680,3316.77,2680,3064.31,21.4718281649625,0
ACON.US,D,20231018,000000,2950.05,3028.4,2943.71,2943.71,3.9106342931625,0
ACON.US,D,20231019,000000,3055.2,3216,2894.4,3049.3,3.793656682275,0
ACON.US,D,20231020,000000,3055.2,3204.74,2680,3028.4,8.64552231025,0
ACON.US,D,20231023,000000,2733.6,2889.04,1768.8,1929.6,348.86585506916254,0
ACON.US,D,20231024,000000,2021.79,2021.79,1710.91,1725.92,46.6024249537125,0
ACON.US,D,20231025,000000,1772.02,2626.4,1769.34,2465.6,257.612311114325,0
ACON.US,D,20231026,000000,2197.6,2273.18,1929.6,1977.84,42.620522004475,0
ACON.US,D,20231027,000000,1918.34,2045.91,1742.54,1742.54,13.337313312800001,0
ACON.US,D,20231030,000000,1738.25,1859.38,1738.25,1763.98,6.8363805354875,0
ACON.US,D,20231031,000000,1768.8,1876.54,1618.72,1795.6,26.76343259495,0
ACON.US,D,20231101,000000,1825.08,1825.08,1608,1671.78,18.6412311755125,0
ACON.US,D,20231102,000000,1626.22,1768.26,1516.88,1650.88,3.6389925045625002,0
ACON.US,D,20231103,000000,1715.2,1815.97,1608,1781.13,5.969776065675,0
ACON.US,D,20231106,000000,1716.27,1878.14,1715.2,1822.4,7.8884327648250006,0
ACON.US,D,20231107,000000,1825.62,1849.2,1657.31,1742,1.048134318925,0
ACON.US,D,20231108,000000,1822.4,1876,1715.2,1876,5.3557835338875,0
ACON.US,D,20231109,000000,1902.8,1902.8,1695.9,1876,0.7886193958875001,0
ACON.US,D,20231110,000000,1897.44,1897.44,1564.21,1821.86,0.802611933075,0
ACON.US,D,20231113,000000,1768.26,1902.8,1662.14,1795.6,7.7886193328875,0
ACON.US,D,20231114,000000,1795.6,1821.86,1608,1821.86,1.251865660375,0
ACON.US,D,20231115,000000,1876,1876,1665.35,1688.94,1.8990671470875,0
ACON.US,D,20231116,000000,1822.4,1876,1650.88,1876,686.8759266539375,0
ACON.US,D,20231117,000000,1583.88,1744.68,1447.74,1474,110.1477602027,0
ACON.US,D,20231120,000000,1608,1608,1393.06,1425.76,24.551865450675002,0
ACON.US,D,20231121,000000,1463.28,1768.8,1345.37,1594.6,75.7940291686,0
ACON.US,D,20231122,000000,1554.4,1554.4,1447.2,1447.2,5.910820842325,0
ACON.US,D,20231124,000000,1519.56,1661.6,1447.2,1447.2,3.0054104207125003,0
ACON.US,D,20231127,000000,1640.16,1640.16,1396.82,1447.2,21.2210818985625,0
ACON.US,D,20231128,000000,1398.96,1514.74,1393.6,1447.2,9.98432826835,0
ACON.US,D,20231129,000000,1404.86,1581.2,1404.32,1404.32,9.089179022675001,0
ACON.US,D,20231130,000000,1474,1500.8,1359.83,1447.2,13.6975745035875,0
ACON.US,D,20231201,000000,1474,1474,1394.14,1447.2,7.624813364212501,0
ACON.US,D,20231204,000000,1409.14,1474,1404.32,1404.86,3.22014922475,0
ACON.US,D,20231205,000000,1474,1474,1291.76,1340,11.0490670647375,0
ACON.US,D,20231206,000000,1384.49,1409.68,1286.4,1313.2,20.5591416060125,0
ACON.US,D,20231207,000000,1298.73,1315.88,1232.8,1232.8,11.2893655700375,0
ACON.US,D,20231208,000000,1305.7,1305.7,1131.5,1179.2,5.3408581608875005,0
ACON.US,D,20231211,000000,1206,1340,1179.2,1334.64,33.76492506925,0
ACON.US,D,20231212,000000,1338.39,1338.39,1126.14,1230.12,29.2139922743875,0
ACON.US,D,20231213,000000,1286.4,1286.4,1165.26,1255.85,9.7968282700375,0
ACON.US,D,20231214,000000,1309.45,1328.74,1126.14,1179.2,6.9304103853875,0
ACON.US,D,20231215,000000,1215.11,1313.19,1125.6,1129.35,14.282462558025001,0
ACON.US,D,20231218,000000,1179.2,1286.4,1141.68,1283.72,14.1432834548,0
ACON.US,D,20231219,000000,1316.95,1683.59,1256.38,1554.4,1579.4639783221376,0
ACON.US,D,20231220,000000,2410.93,2478.46,1608,1870.64,9730.732375109976,0
ACON.US,D,20231221,000000,1472.93,1645.52,1210.29,1415.04,608.4781661654876,0
ACON.US,D,20231222,000000,1259.6,1447.2,1232.8,1391.46,203.6777966743625,0
ACON.US,D,20231226,000000,1286.4,1377.52,1133.64,1185.1,186.54887891807502,0
ACON.US,D,20231227,000000,1173.84,1227.44,1173.84,1190.99,102.2807826615625,0
ACON.US,D,20231228,000000,1162.58,1216.71,970.696,1179.74,275.592161698775,0
ACON.US,D,20231229,000000,1179.2,1179.2,1042.52,1072,145.3083942146125,0
ACON.US,D,20240102,000000,1072,1206.54,1072,1111.66,164.857834337175,0
ACON.US,D,20240103,000000,1090.22,1218.86,1008.75,1120.24,1575.8591276083125,0
ACON.US,D,20240104,000000,1497.45,1638.15,924.6,1035.15,4649.0089133828005,0
ACON.US,D,20240105,000000,951.4,1453.9,921.25,1025.1,11813.9819832264,0
ACON.US,D,20240108,000000,2200.95,2261.25,1078.7,1206,77142.0619922886,0
ACON.US,D,20240109,000000,1222.75,1256.25,1055.25,1169.15,2847.701466908,0
ACON.US,D,20240110,000000,1085.4,1323.25,1075.35,1236.15,1944.6984899604001,0
ACON.US,D,20240111,000000,1185.9,1269.42,1139,1172.5,522.0447714210001,0
ACON.US,D,20240112,000000,1115.55,1172.5,1008.35,1051.9,1579.149239519,0
ACON.US,D,20240116,000000,1065.3,1236.12,1021.75,1058.6,724.6447695976,0
ACON.US,D,20240117,000000,1061.95,1199.3,1015.05,1118.9,524.9432788576,0
ACON.US,D,20240118,000000,1082.05,1142.35,1041.85,1041.85,640.1522330446,0
ACON.US,D,20240119,000000,1028.45,1088.72,938,941.35,376.746265266,0
ACON.US,D,20240122,000000,921.25,974.817,871,874.35,320.3910418926,0
ACON.US,D,20240123,000000,760.45,817.4,713.55,720.25,398.1970113416,0
ACON.US,D,20240124,000000,723.6,793.783,707.018,716.9,159.3223866258,0
ACON.US,D,20240125,000000,703.5,737,613.05,624.775,254.5791021864,0
ACON.US,D,20240126,000000,1055.25,1289.75,901.15,951.4,100590.193124539,0
ACON.US,D,20240129,000000,834.15,927.95,740.35,837.5,4220.6447381336,0
ACON.US,D,20240130,000000,777.2,1072,760.45,814.05,5272.7820420972,0
ACON.US,D,20240131,000000,887.75,887.75,757.1,804,773.716410947,0
ACON.US,D,20240201,000000,793.95,830.767,790.6,817.4,366.7253698338,0
ACON.US,D,20240202,000000,773.85,837.467,754.219,797.3,645.4567106088,0
ACON.US,D,20240205,000000,767.15,787.217,737,770.5,1046.0059607352,0
ACON.US,D,20240206,000000,753.75,770.467,643.2,676.7,914.5701410226001,0
ACON.US,D,20240207,000000,646.55,676.7,603,639.85,644.5701434526001,0
ACON.US,D,20240208,000000,670,676.7,616.4,643.2,298.9791017868,0
ACON.US,D,20240209,000000,663.3,663.3,603,619.75,295.2925346558,0
ACON.US,D,20240212,000000,619.75,663.267,613.05,636.5,244.87760973640002,0
ACON.US,D,20240213,000000,649.9,661.625,603,619.75,267.0059677462,0
ACON.US,D,20240214,000000,609.7,626.45,589.6,603,174.4388044002,0
ACON.US,D,20240215,000000,616.4,616.4,569.5,586.25,175.253729766,0
ACON.US,D,20240216,000000,572.85,606.317,569.5,579.55,188.6238788994,0
ACON.US,D,20240220,000000,576.2,592.95,559.45,559.45,106.8537303816,0
ACON.US,D,20240221,000000,562.8,579.55,502.5,519.25,286.8537287616,0
ACON.US,D,20240222,000000,522.6,539.35,385.284,408.7,1564.6149112916,0
ACON.US,D,20240223,000000,402,408.7,291.45,303.175,1853.2328191418,0
ACON.US,D,20240226,000000,107.837,120.6,89.378,119.495,34655.3519269078,0
ACON.US,D,20240227,000000,118.892,123.917,105.525,117.92,7383.2656051924005,0
ACON.US,D,20240228,000000,123.314,129.813,114.135,122.744,4171.2656341004,0
ACON.US,D,20240229,000000,125.826,146.429,125.826,133.431,6264.5909883948,0
ACON.US,D,20240301,000000,130.65,137.35,123.95,132.325,2391.253709822,0
ACON.US,D,20240304,000000,138.59,164.15,134.201,145.792,7700.3551545774,0
ACON.US,D,20240305,000000,138.389,140.7,111.287,125.625,4648.970107413,0
ACON.US,D,20240306,000000,120.6,123.917,117.284,120.935,1415.5999872596,0
ACON.US,D,20240307,000000,123.95,124.62,109.746,112.795,1902.9880425746,0
ACON.US,D,20240308,000000,114.57,117.25,111.153,113.397,950.9731257696001,0
ACON.US,D,20240311,000000,113.9,127.3,113.398,123.615,1824.0567000014,0
ACON.US,D,20240312,000000,121.605,123.883,112.225,115.006,1218.5880487342001,0
ACON.US,D,20240313,000000,116.915,125.625,113.9,120.265,1663.3014775676002,0
ACON.US,D,20240314,000000,116.647,120.265,114.132,117.15,1160.1701388122,0
ACON.US,D,20240315,000000,119.026,154.1,112.56,134,37698.7429442934,0
ACON.US,D,20240318,000000,126.798,133.967,113.9,114.939,7111.4417270418,0
ACON.US,D,20240319,000000,113.9,123.95,107.2,120.935,2483.119380637,0
ACON.US,D,20240320,000000,116.614,124.285,111.12,122.577,1473.2596882332,0
ACON.US,D,20240321,000000,124.687,125.625,119.595,120.868,813.2596941732,0
ACON.US,D,20240322,000000,119.763,123.615,113.23,117.887,1692.5641638714,0
ACON.US,D,20240325,000000,116.513,120.667,112.46,114.403,812.7014852230001,0
ACON.US,D,20240326,000000,111.589,116.915,107.535,108.674,711.34327718,0
ACON.US,D,20240327,000000,109.411,111.89,103.85,109.043,810.3910374826,0
ACON.US,D,20240328,000000,110.215,116.915,105.525,110.383,1013.1104386432,0
ACON.US,D,20240401,000000,112.225,142.04,106.103,137.35,10257.2805046994,0
ACON.US,D,20240402,000000,117.25,117.25,107.2,112.225,1647.1820747276001,0
ACON.US,D,20240403,000000,108.875,113.532,107.2,108.171,496.3313388166,0
ACON.US,D,20240404,000000,107.2,111.656,104.252,107.2,823.8029776604001,0
ACON.US,D,20240405,000000,110.215,116.141,103.85,108.406,843.1044700240001,0
ACON.US,D,20240408,000000,110.55,110.55,104.554,104.755,768.611933381,0
ACON.US,D,20240409,000000,109.88,110.115,100.835,102.845,653.0208896452,0
ACON.US,D,20240410,000000,103.18,106.195,100.634,102.845,491.0089508048,0
ACON.US,D,20240411,000000,102.879,108.038,100.5,103.884,609.4746213804,0
ACON.US,D,20240412,000000,103.951,107.87,103.951,104.195,542.074621987,0
ACON.US,D,20240415,000000,106.966,106.966,100.5,102.544,577.7880545014,0
ACON.US,D,20240416,000000,100.5,100.5,94.5035,97.1165,381.6895488036,0
ACON.US,D,20240417,000000,96.3125,99.7292,93.8,99.4615,414.4298470164,0
ACON.US,D,20240418,000000,96.145,99.6625,94.135,99.4615,157.895520967,0
ACON.US,D,20240419,000000,99.16,100.5,97.485,100.333,68.746268038,0
ACON.US,D,20240422,000000,97.686,100.5,90.651,92.125,430.63880209440003,0
ACON.US,D,20240423,000000,97.82,97.82,92.125,94.403,138.029849504,0
ACON.US,D,20240424,000000,91.79,96.949,90.651,96.48,152.328356838,0
ACON.US,D,20240425,000000,97.15,231.15,97.15,131.555,344975.91331312724,0
ACON.US,D,20240426,000000,108.942,121.773,107.2,112.895,10952.7193044106,0
ACON.US,D,20240429,000000,110.584,120.6,94.9725,99.83,8577.805892949,0
ACON.US,D,20240430,000000,100.534,106.463,98.825,100.534,1751.4059543866001,0
ACON.US,D,20240501,000000,98.9925,103.783,93.8,98.289,2309.029829965,0
ACON.US,D,20240502,000000,98.289,100.5,94.135,94.738,1305.208943477,0
ACON.US,D,20240503,000000,100.5,100.5,95.3075,97.8535,1017.6298415876,0
ACON.US,D,20240506,000000,97.15,100.064,94.135,95.609,773.1492467730001,0
ACON.US,D,20240507,000000,94.9725,100.266,93.8,95.5085,807.7701419838,0
ACON.US,D,20240508,000000,96.815,105.056,95.877,102.108,2037.4746085284,0
ACON.US,D,20240509,000000,99.16,102.108,97.1835,100.433,359.77910123960004,0
ACON.US,D,20240510,000000,101.673,102.175,90.651,92.661,1165.1014820514001,0
ACON.US,D,20240513,000000,93.8,96.145,92.661,95.2405,589.179099175,0
ACON.US,D,20240514,000000,93.9675,96.9825,92.125,96.145,1012.5701401406001,0
ACON.US,D,20240515,000000,90.651,95.3745,90.651,93.13,1375.9761070192,0
ACON.US,D,20240516,000000,93.8,118.925,93.0295,109.88,4151.8029477084,0
ACON.US,D,20240517,000000,108.775,117.217,103.85,108.708,2023.9074444714001,0
ACON.US,D,20240520,000000,104.788,109.21,104.788,108.842,1090.3790946642,0
ACON.US,D,20240521,000000,107.636,107.636,100.5,103.85,652.8626806914,0
ACON.US,D,20240522,000000,103.08,117.049,102.175,111.89,2949.5432570362,0
ACON.US,D,20240523,000000,112.46,115.035,104.118,108.54,1148.9611836892,0
ACON.US,D,20240524,000000,107.2,110.517,104.185,104.688,846.1552162652,0
ACON.US,D,20240528,000000,104.721,115.575,100.534,108.808,2170.0835625588,0
ACON.US,D,20240529,000000,105.559,112.225,100.5,101.505,1785.3820734838,0
ACON.US,D,20240530,000000,105.19,108.473,99.227,104.185,1625.1104331352,0
ACON.US,D,20240531,000000,102.376,103.783,98.825,100.5,3267.5462392488002,0
ACON.US,D,20240603,000000,107.2,123.95,97.15,105.525,12420.964067315801,0
ACON.US,D,20240604,000000,98.825,105.525,98.49,103.515,1495.6328223602,0
ACON.US,D,20240605,000000,100.4,107.2,95.475,98.3225,3128.0208673702,0
ACON.US,D,20240606,000000,97.15,103.582,96.6475,103.18,1540.8626726994,0
ACON.US,D,20240607,000000,100.098,103.582,96.3125,99.3275,945.5731258182001,0
ACON.US,D,20240610,000000,97.619,101.271,95.475,98.3225,503.6925327802,0
ACON.US,D,20240611,000000,97.82,103.482,97.217,100.5,939.2596930392,0
ACON.US,D,20240612,000000,101.505,102.142,98.155,101.237,375.1701458772,0
ACON.US,D,20240613,000000,100.232,101.17,97.1165,97.887,331.8865641772,0
ACON.US,D,20240614,000000,98.825,103.649,97.485,100.467,409.22686198860004,0
ACON.US,D,20240617,000000,98.5905,100.467,96.279,98.825,375.0716384154,0
ACON.US,D,20240618,000000,100.467,101.371,96.346,98.825,711.910441354,0
ACON.US,D,20240620,000000,100.5,100.5,95.475,96.3125,693.462680326,0
ACON.US,D,20240621,000000,96.815,100.5,94.5705,94.5705,693.2895459992001,0
ACON.US,D,20240624,000000,95.475,97.15,94.5035,95.475,498.0268611894,0
ACON.US,D,20240625,000000,89.7465,100.5,89.7465,97.15,12100.256607515601,0
ACON.US,D,20240626,000000,99.0595,106.497,92.2255,103.314,4913.1283139908,0
ACON.US,D,20240627,000000,103.448,103.482,95.5755,100.165,1051.4537218802,0
ACON.US,D,20240628,000000,97.15,102.041,94.5705,95.7765,824.4149179534,0
ACON.US,D,20240701,000000,95.743,98.624,95.475,97.485,207.8179085774,0
ACON.US,D,20240702,000000,95.81,100.065,95.6425,97.485,363.9193997098,0
ACON.US,D,20240703,000000,97.485,98.8585,95.676,98.356,157.39104335960002,0
ACON.US,D,20240705,000000,96.145,99.6625,95.81,97.3845,194.4447743694,0
ACON.US,D,20240708,000000,96.5135,100.065,96.48,98.825,359.1701460212,0
ACON.US,D,20240709,000000,100.5,102.175,96.7815,100.5,2035.999981676,0
ACON.US,D,20240710,000000,103.18,103.214,99.16,101.74,740.9343216898001,0
ACON.US,D,20240711,000000,101.572,107.066,98.6575,104.688,574.343278413,0
ACON.US,D,20240712,000000,104.721,107.2,97.485,100.165,399.54925013540003,0
ACON.US,D,20240715,000000,100.132,100.165,95.609,97.954,315.9970120814,0
ACON.US,D,20240716,000000,97.9205,101.271,97.15,100.835,441.8865631872,0
ACON.US,D,20240717,000000,96.48,100.5,96.48,98.624,912.5999917866001,0
ACON.US,D,20240718,000000,98.5905,100.199,95.9105,97.351,372.1253697852,0
ACON.US,D,20240719,000000,98.155,100.467,95.9105,97.15,433.5701453516,0
ACON.US,D,20240722,000000,97.15,115.877,97.15,102.376,5235.0268185564,0
ACON.US,D,20240723,000000,99.495,113.532,97.5185,109.076,4265.9163795172,0
ACON.US,D,20240724,000000,104.185,110.517,101.237,102.242,1622.731328679,0
ACON.US,D,20240725,000000,101.505,105.592,101.505,102.51,250.1223858086,0
ACON.US,D,20240726,000000,104.42,110.45,101.505,108.507,704.7432772394001,0
ACON.US,D,20240729,000000,111.053,113.163,107.2,107.234,652.2746209952,0
ACON.US,D,20240730,000000,109.478,109.478,100.5,104.721,461.84178688820003,0
ACON.US,D,20240731,000000,106.195,109.411,103.884,105.559,201.27462505420002,0
ACON.US,D,20240801,000000,105.525,107.033,100.266,103.515,244.4149231734,0
ACON.US,D,20240802,000000,100.534,103.85,97.15,97.15,347.2716386656,0
ACON.US,D,20240805,000000,95.5085,96.9155,87.4685,94.001,629.9193973158,0
ACON.US,D,20240806,000000,96.815,97.083,93.8,95.475,341.78805662540003,0
ACON.US,D,20240807,000000,97.15,97.15,92.1585,94.2355,372.5552205276,0
ACON.US,D,20240808,000000,91.455,97.1165,90.45,94.6375,361.1820863016,0
ACON.US,D,20240809,000000,97.15,97.15,91.12,94.0345,174.7402969348,0
ACON.US,D,20240812,000000,93.465,95.81,86.229,93.532,1167.5432730742,0
ACON.US,D,20240813,000000,84.085,90.383,70.7185,77.653,3911.5163827068,0
ACON.US,D,20240814,000000,77.05,82.075,67.9715,69.68,3795.6805628538,0
ACON.US,D,20240815,000000,69.345,79.462,69.345,76.983,809.8865598752001,0
ACON.US,D,20240816,000000,77.05,77.05,72.025,74.437,442.2805930344,0
ACON.US,D,20240819,000000,77.05,83.7165,74.37,81.4385,1132.9641689078,0
ACON.US,D,20240820,000000,80.4,83.415,77.05,77.787,366.6447728196,0
ACON.US,D,20240821,000000,77.0165,80.3665,70.685,77.3147,16903.3371613028,0
ACON.US,D,20240822,000000,75.8775,77.0165,75.375,76.6815,1394.0238680508,0
ACON.US,D,20240823,000000,77.05,87.1,75.375,80.4,1644.2477463958,0
ACON.US,D,20240826,000000,79.73,83.75,77.0835,82.745,545.0626816616,0
ACON.US,D,20240827,000000,83.75,83.75,77.117,80.2995,341.2567133466,0
ACON.US,D,20240828,000000,78.792,85.425,70.35,76.648,1745.0805813092,0
ACON.US,D,20240829,000000,76.715,78.0885,70.886,72.6615,2073.179085819,0
ACON.US,D,20240830,000000,73.5325,74.437,68.675,70.149,744.7970082222,0
ACON.US,D,20240903,000000,68.0385,70.082,61.573,63.1475,1809.7223717722,0
ACON.US,D,20240904,000000,65.66,69.9413,63.6835,64.4875,560.671636745,0
ACON.US,D,20240905,000000,61.573,66.665,60.2665,60.3,3794.7104136088,0
ACON.US,D,20240906,000000,60.97,65.3585,58.6585,61.4725,3259.5223587240002,0
ACON.US,D,20240909,000000,61.0035,63.2815,58.9265,59.8645,865.5104399716,0
ACON.US,D,20240910,000000,61.975,61.975,54.27,56.9165,9240.3073795238,0
ACON.US,D,20240911,000000,58.29,58.625,53.5665,56.615,1209.7552129928001,0
ACON.US,D,20240912,000000,56.3135,65.325,53.6,65.325,5548.298457528,0
ACON.US,D,20240913,000000,63.65,65.1575,60.4005,63.65,1311.7343165526001,0
ACON.US,D,20240916,000000,68.005,68.005,57.3855,61.4725,1591.388045379,0
ACON.US,D,20240917,000000,62.444,63.65,60.3,61.2715,571.0119351594,0
ACON.US,D,20240918,000000,62.98,62.98,57.955,58.96,305.5283554592,0
ACON.US,D,20240919,000000,59.027,63.2815,58.759,61.975,536.1074578616,0
ACON.US,D,20240920,000000,62.645,63.248,59.295,59.295,646.7522329852001,0
ACON.US,D,20240923,000000,59.8645,60.099,58.625,58.9935,307.5253703666,0
ACON.US,D,20240924,000000,57.955,60.3,57.955,59.295,296.7134301654,0
ACON.US,D,20240925,000000,63.315,63.583,58.9935,59.295,727.8387994196,0
ACON.US,D,20240926,000000,58.692,61.975,58.6585,58.6585,326.56716124,0
ACON.US,D,20240927,000000,61.975,61.975,58.6585,58.893,340.2029820128,0
ACON.US,D,20240930,000000,63.65,63.65,60.3,61.439,954.656707826,0
ACON.US,D,20241001,000000,62.645,62.9465,58.625,59.7975,742.8268589862,0
ACON.US,D,20241002,000000,60.635,60.635,58.625,58.6585,168.1432820688,0
ACON.US,D,20241003,000000,59.295,59.295,57.4525,57.955,315.2895494012,0
ACON.US,D,20241004,000000,58.5915,59.563,57.553,57.553,216.850744317,0
ACON.US,D,20241007,000000,57.352,60.2665,57.352,58.96,225.582087522,0
ACON.US,D,20241008,000000,59.965,61.6065,58.7925,59.1945,308.5910419988,0
ACON.US,D,20241009,000000,59.228,59.5965,57.955,58.491,91.9343275308,0
ACON.US,D,20241010,000000,59.2213,61.305,57.285,61.305,531.2776071588,0
ACON.US,D,20241011,000000,60.836,60.903,57.6535,59.027,336.4238775692,0
ACON.US,D,20241014,000000,56.95,59.1275,56.95,58.3235,420.29253353080003,0
ACON.US,D,20241015,000000,58.558,58.5915,55.8445,56.3805,494.85671196420003,0
ACON.US,D,20241016,000000,55.5765,56.95,55.5765,56.95,443.46566765060004,0
ACON.US,D,20241017,000000,57.285,59.4625,55.811,57.0505,622.8955167820001,0
ACON.US,D,20241018,000000,60.3,60.3,57.62,59.63,337.5910417378,0
ACON.US,D,20241021,000000,60.3,67,60.3,65.325,1722.1223725606,0
ACON.US,D,20241022,000000,65.2245,79.8975,64.99,76.8825,13788.9939057498,0
ACON.US,D,20241023,000000,75.241,75.241,61.975,63.248,8762.9073838204,0
ACON.US,D,20241024,000000,63.65,72.5275,62.042,72.226,3734.3462350476,0
ACON.US,D,20241025,000000,72.025,73.1975,61.104,61.8745,1529.0328220596,0
ACON.US,D,20241028,000000,61.8745,64.99,60.3335,64.99,1292.5522271730001,0
ACON.US,D,20241029,000000,64.655,68.6415,62.377,66.665,1053.8984979776,0
ACON.US,D,20241030,000000,68.675,68.675,61.3385,66.2965,543.6686518234001,0
ACON.US,D,20241031,000000,66.2965,66.2965,59.295,61.6735,1058.104468089,0
ACON.US,D,20241101,000000,61.305,63.65,60.3,62.0085,679.3940237362,0
ACON.US,D,20241104,000000,64.0185,66.598,59.429,61.506,859.298499729,0
ACON.US,D,20241105,000000,59.6635,63.583,59.6635,61.439,450.38805564800003,0
ACON.US,D,20241106,000000,64.32,69.5125,61.0035,65.66,2569.3969918008,0
ACON.US,D,20241107,000000,65.66,66.665,60.8025,61.7405,2632.5552001876,0
ACON.US,D,20241108,000000,63.8845,64.789,59.4625,63.315,546.0686518018,0
ACON.US,D,20241111,000000,63.65,63.65,58.96,61.6735,635.7074569652,0
ACON.US,D,20241112,000000,63.315,63.65,59.295,60.97,493.8776074954,0
ACON.US,D,20241113,000000,58.625,60.97,56.95,58.29,917.3223798038,0
ACON.US,D,20241114,000000,57.285,58.1895,54.6385,56.9165,759.5193961494,0
ACON.US,D,20241115,000000,53.6,58.424,53.6,54.7055,683.0328296736001,0
ACON.US,D,20241118,000000,55.275,61.4055,54.7055,58.5245,997.5970059470001,0
ACON.US,D,20241119,000000,56.7825,59.161,55.3085,59.1275,1159.3790940432,0
ACON.US,D,20241120,000000,58.625,60.233,56.3135,59.094,401.2716381796,0
ACON.US,D,20241121,000000,58.625,60.1962,57.285,59.9315,247.81193806820002,0
ACON.US,D,20241122,000000,58.625,60.7355,58.625,58.893,375.6626831862,0
ACON.US,D,20241125,000000,60.97,60.97,59.0605,59.1275,270.91940054680003,0
ACON.US,D,20241126,000000,59.1945,62.31,59.1945,60.702,791.0835749698,0
ACON.US,D,20241127,000000,61.1375,62.1425,59.362,59.362,751.0805902552,0
ACON.US,D,20241129,000000,58.29,61.5395,57.62,60.3,434.7970110122,0
ACON.US,D,20241202,000000,60.3335,61.975,59.362,60.3,455.2119362016,0
ACON.US,D,20241203,000000,60.3,60.3,58.6334,59.965,451.20596608840003,0
ACON.US,D,20241204,000000,60.3,62.2765,56.95,60.1995,1366.7402862068,0
ACON.US,D,20241205,000000,58.625,60.3,55.275,56.3805,1241.4417798718,0
ACON.US,D,20241206,000000,56.95,57.084,54.605,54.94,526.4805922766,0
ACON.US,D,20241209,000000,60.3,60.3,55.5095,58.29,626.1223824246,0
ACON.US,D,20241210,000000,57.285,68.34,57.1175,60.3,21610.6684622204,0
ACON.US,D,20241211,000000,53.265,53.265,40.2,40.803,14817.8625532064,0
ACON.US,D,20241212,000000,42.545,43.5165,36.8165,38.19,4279.8447376008,0
ACON.US,D,20241213,000000,38.525,39.53,34.3375,35.175,3519.8865354852,0
ACON.US,D,20241216,000000,36.85,36.85,33.5,34.6725,1767.582073644,0
ACON.US,D,20241217,000000,33.634,38.19,33.634,37.6875,2551.8089322576,0
ACON.US,D,20241218,000000,36.85,39.195,36.1465,37.721,4036.5193666564,0
ACON.US,D,20241219,000000,39.6975,39.6975,36.85,38.391,1330.4686447422,0
ACON.US,D,20241220,000000,33.5,45.225,33.5,41.8415,6476.1432252968,0
ACON.US,D,20241223,000000,43.215,45.158,40.5685,42.411,2011.2149072722,0
ACON.US,D,20241224,000000,43.885,43.885,40.2,42.88,1027.4537220962,0
ACON.US,D,20241226,000000,43.1815,47.838,41.205,47.5365,4174.0924997466,0
ACON.US,D,20241227,000000,50.4175,50.4175,44.9235,47.436,3212.0477322856,0
ACON.US,D,20241230,000000,47.905,48.575,43.081,48.508,3044.6626591652002,0
ACON.US,D,20241231,000000,50.2165,51.925,43.952,48.24,4674.4566743478,0
ACON.US,D,20250102,000000,48.7425,50.1495,43.952,47.57,3359.7283279714,0
ACON.US,D,20250103,000000,49.58,129.612,46.9335,99.964,912805.2485011707,0
ACON.US,D,20250106,000000,75.375,79.864,56.28,57.017,104734.8438335058,0
ACON.US,D,20250107,000000,53.935,60.1325,50.719,53.198,42036.7399201768,0
ACON.US,D,20250108,000000,52.863,52.863,45.1245,46.364,18997.5252021566,0
ACON.US,D,20250110,000000,45.0575,45.9955,38.525,39.2955,17036.7252198038,0
ACON.US,D,20250113,000000,39.463,39.463,35.577,36.582,12130.7401893308,0
ACON.US,D,20250114,000000,36.448,36.448,31.9255,32.093,15221.1132958458,0
ACON.US,D,20250115,000000,15.4435,15.4435,11.055,14.2375,503335.4700968464,0
ACON.US,D,20250116,000000,16.1135,18.023,14.2375,15.075,808887.4166006102,0
ACON.US,D,20250117,000000,15.6445,16.214,13.735,14.1705,287931.2929310064,0
ACON.US,D,20250121,000000,14.0365,15.075,12.73,14.2375,338787.0148613646,0
ACON.US,D,20250122,000000,15.075,15.41,13.601,13.9025,249254.5231298436,0
ACON.US,D,20250123,000000,13.4,15.209,13.065,14.472,270343.30801467143,0
ACON.US,D,20250124,000000,23.517,25.661,17.889,18.3915,2439667.939237018,0
ACON.US,D,20250127,000000,14.74,14.74,12.73,12.797,351234.4983314268,0
ACON.US,D,20250128,000000,11.4235,11.524,9.4135,10.6195,207969.3205163358,0
ACON.US,D,20250129,000000,10.72,10.72,9.2125,9.2125,150849.9926722008,0
ACON.US,D,20250130,000000,8.25,20.84,7.5,8.4,3319789,0
ACON.US,D,20250131,000000,7.81,8.44,6.27,7.1,706329,0
ACON.US,D,20250203,000000,7,7.84,6.55,6.65,280631,0
ACON.US,D,20250204,000000,7.94,8.77,6.75,6.82,6900775,0
ACON.US,D,20250205,000000,6.8,7.64,6.1,6.51,652692,0
ACON.US,D,20250206,000000,6.55,6.98,6.24,6.27,326214,0
ACON.US,D,20250207,000000,6.16,6.4,4.6801,5.36,418019,0
ACON.US,D,20250210,000000,5.07,5.1902,4.5106,4.67,270629,0
ACON.US,D,20250211,000000,4.77,5.04,4.09,4.19,2104451,0
ACON.US,D,20250212,000000,4.21,5.34,3.86,4.68,707346,0
ACON.US,D,20250213,000000,4.32,4.88,4.26,4.73,192794,0
