<TICKER>,<PER>,<DATE>,<TIME>,<OPEN>,<HIGH>,<LOW>,<CLOSE>,<VOL>,<OPENINT>
ADTX.US,D,20200630,000000,440000,566400,400000,404800,13.0976125,0
ADTX.US,D,20200701,000000,422400,435200,361600,364000,2.7367500000000002,0
ADTX.US,D,20200702,000000,368000,376800,320000,321600,1.9000000000000001,0
ADTX.US,D,20200706,000000,343200,343200,280000,296000,1.282175,0
ADTX.US,D,20200707,000000,296800,324000,288800,308000,0.7398875,0
ADTX.US,D,20200708,000000,309600,356800,299200,301600,2.178525,0
ADTX.US,D,20200709,000000,298400,317592,286400,289600,1.3423375000000002,0
ADTX.US,D,20200710,000000,289600,296000,256000,256000,2.209175,0
ADTX.US,D,20200713,000000,262400,304000,226400,272000,17.181775,0
ADTX.US,D,20200714,000000,278400,286272,241600,248000,2.2920875,0
ADTX.US,D,20200715,000000,270400,270400,240000,245600,1.9964250000000001,0
ADTX.US,D,20200716,000000,251200,281600,249600,278400,3.354725,0
ADTX.US,D,20200717,000000,285600,309600,272800,283200,3.5865875000000003,0
ADTX.US,D,20200720,000000,284800,336000,276800,317600,14.967825,0
ADTX.US,D,20200721,000000,328000,348000,306800,345600,8.063775,0
ADTX.US,D,20200722,000000,349600,356000,331208,340000,4.268575,0
ADTX.US,D,20200723,000000,332800,340800,304000,304000,2.8526125,0
ADTX.US,D,20200724,000000,319200,344800,308000,320800,2.7370375,0
ADTX.US,D,20200727,000000,343200,379200,323200,368000,11.761937500000002,0
ADTX.US,D,20200728,000000,367200,367200,309600,319200,8.8685125,0
ADTX.US,D,20200729,000000,329600,329600,288000,306400,2.9761875,0
ADTX.US,D,20200730,000000,293600,305600,272880,304000,1.4811500000000002,0
ADTX.US,D,20200731,000000,315200,318400,289608,300800,1.8245500000000001,0
ADTX.US,D,20200803,000000,315200,328400,297600,327200,3.7448625,0
ADTX.US,D,20200804,000000,334400,334400,312000,326400,2.3941375000000003,0
ADTX.US,D,20200805,000000,318400,324800,305888,314400,2.17825,0
ADTX.US,D,20200806,000000,514480,766400,456800,608000,1089.8589125,0
ADTX.US,D,20200807,000000,534400,536800,441600,468000,32.970662499999996,0
ADTX.US,D,20200810,000000,468000,503200,460000,475200,8.157237499999999,0
ADTX.US,D,20200811,000000,480000,480000,384000,402400,7.80865,0
ADTX.US,D,20200812,000000,380000,388800,354400,375200,4.2655,0
ADTX.US,D,20200813,000000,350400,376000,350400,363200,2.9916,0
ADTX.US,D,20200814,000000,364800,385600,354016,364800,4.7794625,0
ADTX.US,D,20200817,000000,352800,374600,348000,367200,3.8754375000000003,0
ADTX.US,D,20200818,000000,356800,368000,348008,358400,3.7877375000000004,0
ADTX.US,D,20200819,000000,352800,356000,332800,356000,3.5872625,0
ADTX.US,D,20200820,000000,350400,355192,324800,331200,4.924975,0
ADTX.US,D,20200821,000000,340000,342400,317600,325600,4.12125,0
ADTX.US,D,20200824,000000,323200,330000,287200,295200,5.7921000000000005,0
ADTX.US,D,20200825,000000,285600,303200,280000,299200,2.3854625,0
ADTX.US,D,20200826,000000,300000,324000,292000,302400,3.7160125,0
ADTX.US,D,20200827,000000,308000,312000,288000,307200,2.7300375,0
ADTX.US,D,20200828,000000,310400,311960,296000,310400,1.7808125000000001,0
ADTX.US,D,20200831,000000,290400,300384,256000,256800,5.3495,0
ADTX.US,D,20200901,000000,250400,261592,214400,255200,8.4929875,0
ADTX.US,D,20200902,000000,203600,220000,188000,213600,21.4940125,0
ADTX.US,D,20200903,000000,193600,206400,193600,200000,6.0485625,0
ADTX.US,D,20200904,000000,192000,196800,180800,188800,5.8292875,0
ADTX.US,D,20200908,000000,179200,186800,168800,172800,4.776175,0
ADTX.US,D,20200909,000000,169600,195200,169600,171200,52.43730000000001,0
ADTX.US,D,20200910,000000,174400,174400,153600,160000,18.1495,0
ADTX.US,D,20200911,000000,154400,158400,144808,149600,6.3838125,0
ADTX.US,D,20200914,000000,150400,171200,150400,168000,23.010225000000002,0
ADTX.US,D,20200915,000000,170400,172000,156800,160800,12.9572,0
ADTX.US,D,20200916,000000,163200,164000,156800,156800,5.274475000000001,0
ADTX.US,D,20200917,000000,157600,160800,155200,158400,5.3858125,0
ADTX.US,D,20200918,000000,158400,162400,152800,155200,5.553000000000001,0
ADTX.US,D,20200921,000000,160800,164000,155600,159200,4.6673625,0
ADTX.US,D,20200922,000000,164000,172800,163200,168800,27.332362500000002,0
ADTX.US,D,20200923,000000,168000,168784,148000,153600,15.5510625,0
ADTX.US,D,20200924,000000,148000,148000,129600,136400,9.031350000000002,0
ADTX.US,D,20200925,000000,132800,148000,132400,146400,6.288600000000001,0
ADTX.US,D,20200928,000000,143200,145200,140800,143200,4.9975375,0
ADTX.US,D,20200929,000000,150400,153600,146400,148800,7.396912500000001,0
ADTX.US,D,20200930,000000,149600,166400,148312,156000,26.401400000000002,0
ADTX.US,D,20201001,000000,159200,160800,154400,157600,7.1193625,0
ADTX.US,D,20201002,000000,153600,160800,136800,158400,16.706275,0
ADTX.US,D,20201005,000000,163200,164000,160000,161600,9.0075,0
ADTX.US,D,20201006,000000,164800,166400,153600,159200,14.749400000000001,0
ADTX.US,D,20201007,000000,156000,160000,141600,157200,10.941862500000001,0
ADTX.US,D,20201008,000000,157600,157600,152000,154400,3.435725,0
ADTX.US,D,20201009,000000,154400,156000,151200,152000,4.3195749999999995,0
ADTX.US,D,20201012,000000,156800,156800,151200,153600,4.7369625,0
ADTX.US,D,20201013,000000,152800,156000,147200,155200,9.5217125,0
ADTX.US,D,20201014,000000,156000,158400,152000,156000,3.9585125,0
ADTX.US,D,20201015,000000,154400,156000,152000,155992,3.994475,0
ADTX.US,D,20201016,000000,156000,180000,152800,176000,51.070237500000005,0
ADTX.US,D,20201019,000000,182384,188000,165600,174400,28.532762500000004,0
ADTX.US,D,20201020,000000,174400,174400,159200,160800,15.553125000000001,0
ADTX.US,D,20201021,000000,168000,173600,165600,172000,11.0057375,0
ADTX.US,D,20201022,000000,169600,184000,166352,182400,15.179537500000002,0
ADTX.US,D,20201023,000000,180000,181600,170400,176800,9.078225000000002,0
ADTX.US,D,20201026,000000,177600,178400,163200,172000,8.6331875,0
ADTX.US,D,20201027,000000,170400,173592,164000,168800,3.8360750000000006,0
ADTX.US,D,20201028,000000,164000,164744,148800,157240,8.703000000000001,0
ADTX.US,D,20201029,000000,156000,161600,153656,160000,4.1420125,0
ADTX.US,D,20201030,000000,159200,159200,150400,153600,4.730625,0
ADTX.US,D,20201102,000000,154400,159200,152800,153600,3.0303625000000003,0
ADTX.US,D,20201103,000000,156000,160800,154744,156000,2.1508125000000002,0
ADTX.US,D,20201104,000000,157600,159200,151200,155200,3.3034875,0
ADTX.US,D,20201105,000000,157600,168000,157400,166400,7.7124375,0
ADTX.US,D,20201106,000000,164800,164800,155200,160000,4.0654125,0
ADTX.US,D,20201109,000000,161600,164000,151200,151200,8.951975000000001,0
ADTX.US,D,20201110,000000,154400,155200,148888,152800,4.2449625,0
ADTX.US,D,20201111,000000,152800,156816,151200,152800,2.773575,0
ADTX.US,D,20201112,000000,153600,156784,151200,153600,2.4082125000000003,0
ADTX.US,D,20201113,000000,155200,160000,151200,157600,5.8989875000000005,0
ADTX.US,D,20201116,000000,156800,158400,152800,156000,2.7692250000000005,0
ADTX.US,D,20201117,000000,152800,154400,150800,151200,3.6481250000000003,0
ADTX.US,D,20201118,000000,152800,158400,152000,154400,7.8589,0
ADTX.US,D,20201119,000000,173600,192000,156800,163200,123.78403750000001,0
ADTX.US,D,20201120,000000,160000,160000,152000,156000,20.024525,0
ADTX.US,D,20201123,000000,156000,156000,148800,152800,11.1022125,0
ADTX.US,D,20201124,000000,152000,154416,148800,152800,6.9864999999999995,0
ADTX.US,D,20201125,000000,152800,156000,150400,156000,6.44285,0
ADTX.US,D,20201127,000000,156800,157600,152800,157600,3.4554875000000003,0
ADTX.US,D,20201130,000000,157600,166400,152000,163200,11.491037500000001,0
ADTX.US,D,20201201,000000,167200,167288,153600,156000,7.3440875000000005,0
ADTX.US,D,20201202,000000,156800,157360,153600,156800,2.8825875,0
ADTX.US,D,20201203,000000,156000,160800,155200,156800,3.6203125000000003,0
ADTX.US,D,20201204,000000,158400,158400,155200,156000,3.2794625000000006,0
ADTX.US,D,20201207,000000,160000,160000,152800,156800,4.174875,0
ADTX.US,D,20201208,000000,157600,162400,152800,157600,6.206037500000001,0
ADTX.US,D,20201209,000000,157600,167200,155200,163200,15.785900000000002,0
ADTX.US,D,20201210,000000,163200,191200,160000,191200,41.788900000000005,0
ADTX.US,D,20201211,000000,192000,265600,184800,198400,194.5980625,0
ADTX.US,D,20201214,000000,202400,207200,166400,177600,31.234125000000002,0
ADTX.US,D,20201215,000000,176000,178400,159200,162400,14.4266875,0
ADTX.US,D,20201216,000000,162400,166160,156800,159200,8.799775,0
ADTX.US,D,20201217,000000,157600,164800,157600,161600,8.990450000000001,0
ADTX.US,D,20201218,000000,160800,164000,158400,158400,6.388612500000001,0
ADTX.US,D,20201221,000000,160800,172800,160000,168000,8.696837499999999,0
ADTX.US,D,20201222,000000,169600,181600,162400,174400,10.7198,0
ADTX.US,D,20201223,000000,177600,178400,170400,177600,7.364850000000001,0
ADTX.US,D,20201224,000000,176800,182400,175600,180000,4.1682375,0
ADTX.US,D,20201228,000000,178400,179200,172408,177600,6.408475,0
ADTX.US,D,20201229,000000,176000,176000,166000,171200,5.719037500000001,0
ADTX.US,D,20201230,000000,171200,180000,165896,171200,9.342762500000001,0
ADTX.US,D,20201231,000000,169600,172000,166000,166400,5.2897125,0
ADTX.US,D,20210104,000000,166400,170400,164000,168000,5.4415625,0
ADTX.US,D,20210105,000000,166400,170400,165200,166400,4.8676,0
ADTX.US,D,20210106,000000,167200,180000,166400,172000,11.7663625,0
ADTX.US,D,20210107,000000,173600,192800,172536,188000,22.786987500000002,0
ADTX.US,D,20210108,000000,188800,190400,179208,187200,13.522800000000002,0
ADTX.US,D,20210111,000000,184000,187200,173600,180800,7.2925,0
ADTX.US,D,20210112,000000,180800,190400,180400,187200,6.1968125,0
ADTX.US,D,20210113,000000,186400,195600,182400,192400,8.4484625,0
ADTX.US,D,20210114,000000,192000,206400,184800,197600,22.596325,0
ADTX.US,D,20210115,000000,196800,197720,184400,189600,9.65255,0
ADTX.US,D,20210119,000000,188000,201600,186400,191200,9.5474375,0
ADTX.US,D,20210120,000000,194400,216000,192000,208800,15.874950000000002,0
ADTX.US,D,20210121,000000,247848,538400,246400,304000,1729.8135625,0
ADTX.US,D,20210122,000000,280000,288800,255200,288000,69.5203625,0
ADTX.US,D,20210125,000000,296800,297576,264000,268800,31.0876625,0
ADTX.US,D,20210126,000000,312800,314400,272400,279200,38.94845000000001,0
ADTX.US,D,20210127,000000,270400,287824,249600,268800,30.501775,0
ADTX.US,D,20210128,000000,263200,265600,232000,252000,21.133312500000002,0
ADTX.US,D,20210129,000000,254400,304000,254152,298400,33.900962500000006,0
ADTX.US,D,20210201,000000,289880,297600,256000,260800,26.6933875,0
ADTX.US,D,20210202,000000,260800,272000,243200,256800,14.4487625,0
ADTX.US,D,20210203,000000,257600,281600,254400,267200,11.8601125,0
ADTX.US,D,20210204,000000,302232,304000,281600,292000,54.833937500000005,0
ADTX.US,D,20210205,000000,297600,299960,272000,275200,15.195737500000002,0
ADTX.US,D,20210208,000000,276000,287200,267200,280800,12.888200000000001,0
ADTX.US,D,20210209,000000,281600,309600,273600,301600,24.550700000000003,0
ADTX.US,D,20210210,000000,307200,332000,292000,328000,36.9919,0
ADTX.US,D,20210211,000000,333600,447200,333600,420800,212.5806,0
ADTX.US,D,20210212,000000,360000,380800,340000,364000,32.7412125,0
ADTX.US,D,20210216,000000,421360,432000,352800,360800,16.019275,0
ADTX.US,D,20210217,000000,348000,360000,320000,325600,17.3611125,0
ADTX.US,D,20210218,000000,320000,340000,304800,335200,8.655575,0
ADTX.US,D,20210219,000000,335200,337200,310400,312000,7.797450000000001,0
ADTX.US,D,20210222,000000,306400,309600,276800,280400,13.479175000000001,0
ADTX.US,D,20210223,000000,255200,255200,236000,255200,11.976662500000002,0
ADTX.US,D,20210224,000000,271200,280800,264000,265600,7.312737500000001,0
ADTX.US,D,20210225,000000,260000,267200,240800,251200,8.1638625,0
ADTX.US,D,20210226,000000,245600,254400,236000,242400,9.0210875,0
ADTX.US,D,20210301,000000,252000,260000,247200,257600,4.0789875,0
ADTX.US,D,20210302,000000,260000,261600,249600,257600,3.8877000000000006,0
ADTX.US,D,20210303,000000,249600,256800,241600,248000,8.7689375,0
ADTX.US,D,20210304,000000,249312,252000,218408,224800,7.959875,0
ADTX.US,D,20210305,000000,240000,240000,180800,203200,9.602562500000001,0
ADTX.US,D,20210308,000000,200800,228000,191200,227200,3.9512375,0
ADTX.US,D,20210309,000000,224800,236000,221600,232800,2.7456125,0
ADTX.US,D,20210310,000000,238400,240800,228800,234400,2.2995750000000004,0
ADTX.US,D,20210311,000000,244000,244000,235200,239200,1.5280875,0
ADTX.US,D,20210312,000000,240000,268800,230400,264800,7.722275000000001,0
ADTX.US,D,20210315,000000,288000,302400,281600,299200,13.681112500000001,0
ADTX.US,D,20210316,000000,285600,292000,262400,271200,8.6618375,0
ADTX.US,D,20210317,000000,261600,287200,252000,276800,2.970725,0
ADTX.US,D,20210318,000000,268800,280800,264000,264000,2.8389,0
ADTX.US,D,20210319,000000,267200,272800,260000,265600,2.0381250000000004,0
ADTX.US,D,20210322,000000,263200,265592,256800,256800,1.4334375000000001,0
ADTX.US,D,20210323,000000,264000,268000,250400,252000,2.3570125,0
ADTX.US,D,20210324,000000,255200,262400,220800,222400,6.6584375,0
ADTX.US,D,20210325,000000,220800,252000,209600,250400,4.788900000000001,0
ADTX.US,D,20210326,000000,246400,247840,223200,232000,2.4465875,0
ADTX.US,D,20210329,000000,226400,229600,211200,215200,2.36905,0
ADTX.US,D,20210330,000000,212000,215200,200000,206400,2.4268375,0
ADTX.US,D,20210331,000000,210400,215200,202400,204000,2.0724375,0
ADTX.US,D,20210401,000000,216000,221600,204800,208800,2.25735,0
ADTX.US,D,20210405,000000,208000,215200,200800,203200,2.053775,0
ADTX.US,D,20210406,000000,213600,233600,212000,233600,6.899875000000001,0
ADTX.US,D,20210407,000000,223200,227200,212800,216000,4.39365,0
ADTX.US,D,20210408,000000,218400,241600,212800,236800,4.858975000000001,0
ADTX.US,D,20210409,000000,239200,239200,225600,235200,3.55205,0
ADTX.US,D,20210412,000000,228000,234400,210400,217600,2.7334125,0
ADTX.US,D,20210413,000000,212800,224000,210400,218400,2.6273625000000003,0
ADTX.US,D,20210414,000000,222400,227200,212000,224800,2.1225,0
ADTX.US,D,20210415,000000,228800,228800,212000,215200,4.0794125,0
ADTX.US,D,20210416,000000,210400,216000,204000,208000,4.466775,0
ADTX.US,D,20210419,000000,211200,213600,199200,204800,5.5748125,0
ADTX.US,D,20210420,000000,202400,210400,200000,201600,2.08645,0
ADTX.US,D,20210421,000000,200000,217600,196800,211200,1.8487625000000003,0
ADTX.US,D,20210422,000000,212000,214400,203200,204800,3.3530500000000005,0
ADTX.US,D,20210423,000000,208000,213760,203200,209600,1.0095375000000002,0
ADTX.US,D,20210426,000000,211200,227192,209600,225600,2.2897250000000002,0
ADTX.US,D,20210427,000000,225600,227200,213600,219200,0.8473375000000001,0
ADTX.US,D,20210428,000000,221600,222400,212568,220800,0.6739375000000001,0
ADTX.US,D,20210429,000000,220800,224000,214400,216800,0.5837125000000001,0
ADTX.US,D,20210430,000000,216000,232800,209688,228800,2.0726500000000003,0
ADTX.US,D,20210503,000000,232800,256000,209600,256000,42.42807500000001,0
ADTX.US,D,20210504,000000,236000,242400,213600,221600,11.132862500000002,0
ADTX.US,D,20210505,000000,218400,230400,212000,223200,3.7701124999999998,0
ADTX.US,D,20210506,000000,221600,223200,208216,218400,3.0062750000000005,0
ADTX.US,D,20210507,000000,218400,231200,216000,227200,2.181675,0
ADTX.US,D,20210510,000000,227200,227200,209600,211200,1.3179125000000003,0
ADTX.US,D,20210511,000000,202400,214400,200000,212000,1.4815625000000001,0
ADTX.US,D,20210512,000000,206400,211200,196000,200000,2.0248875,0
ADTX.US,D,20210513,000000,203200,207200,184800,186400,2.6601875,0
ADTX.US,D,20210514,000000,188000,190400,180000,184000,2.42705,0
ADTX.US,D,20210517,000000,180000,181832,173600,176000,1.7006750000000002,0
ADTX.US,D,20210518,000000,190400,190400,177600,180800,1.6894500000000001,0
ADTX.US,D,20210519,000000,173600,186400,173600,185600,1.8516124999999999,0
ADTX.US,D,20210520,000000,187200,190400,184000,187200,1.29885,0
ADTX.US,D,20210521,000000,190400,195200,188160,192000,0.94535,0
ADTX.US,D,20210524,000000,192000,192800,185600,189600,0.48527500000000007,0
ADTX.US,D,20210525,000000,189600,231952,186400,212800,9.10875,0
ADTX.US,D,20210526,000000,211200,228000,204800,214400,2.37745,0
ADTX.US,D,20210527,000000,216000,223200,205056,212000,2.1018625,0
ADTX.US,D,20210528,000000,211200,228000,209384,224800,2.5610875,0
ADTX.US,D,20210601,000000,228000,241600,225600,230400,3.7420375000000003,0
ADTX.US,D,20210602,000000,230400,243200,229600,237600,2.3181249999999998,0
ADTX.US,D,20210603,000000,240000,240000,228000,232000,2.1312,0
ADTX.US,D,20210604,000000,237600,237600,222400,224000,1.6273,0
ADTX.US,D,20210607,000000,231200,231200,220000,226400,0.9851875,0
ADTX.US,D,20210608,000000,226400,230400,220800,228000,0.9846,0
ADTX.US,D,20210609,000000,228000,238392,228000,231200,1.08835,0
ADTX.US,D,20210610,000000,234400,234400,224632,230400,0.7032250000000001,0
ADTX.US,D,20210611,000000,235200,235200,227200,232000,0.578325,0
ADTX.US,D,20210614,000000,235200,247200,233552,235200,4.1951625,0
ADTX.US,D,20210615,000000,236800,239200,221600,223200,1.5882625000000001,0
ADTX.US,D,20210616,000000,220000,228000,215208,224800,1.1766625,0
ADTX.US,D,20210617,000000,231200,236000,220000,225600,0.9467750000000001,0
ADTX.US,D,20210618,000000,224000,227200,216000,218400,1.3862625,0
ADTX.US,D,20210621,000000,220000,222400,216000,220000,0.7704500000000001,0
ADTX.US,D,20210622,000000,217600,220008,212720,214400,0.7379625000000001,0
ADTX.US,D,20210623,000000,212000,214400,198400,203200,2.5416000000000003,0
ADTX.US,D,20210624,000000,203808,214400,201600,209600,1.8279750000000001,0
ADTX.US,D,20210625,000000,216800,220800,210400,220800,2.0635000000000003,0
ADTX.US,D,20210628,000000,224000,231200,218400,221600,2.7472625,0
ADTX.US,D,20210629,000000,216800,224000,210400,212000,1.4718625,0
ADTX.US,D,20210630,000000,210400,220800,204800,207200,0.610525,0
ADTX.US,D,20210701,000000,208000,216800,206400,212000,0.7255625000000001,0
ADTX.US,D,20210702,000000,210400,214400,207200,208800,0.5814125,0
ADTX.US,D,20210706,000000,206400,208800,200800,204800,0.5917375,0
ADTX.US,D,20210707,000000,204800,207200,200800,206400,0.8524125,0
ADTX.US,D,20210708,000000,202400,208800,199200,200000,1.5095750000000001,0
ADTX.US,D,20210709,000000,196800,209600,188880,200000,1.4224375,0
ADTX.US,D,20210712,000000,201600,212000,201360,209600,1.5464000000000002,0
ADTX.US,D,20210713,000000,205600,207200,197600,197600,1.1421125,0
ADTX.US,D,20210714,000000,201600,201600,193608,196800,0.37002500000000005,0
ADTX.US,D,20210715,000000,197600,203200,190400,192800,0.9022000000000001,0
ADTX.US,D,20210716,000000,196800,202400,184808,192000,1.9022375,0
ADTX.US,D,20210719,000000,187200,201600,182400,184000,2.6549,0
ADTX.US,D,20210720,000000,182400,196000,182400,191200,2.0137375,0
ADTX.US,D,20210721,000000,191200,203200,191200,196000,0.93845,0
ADTX.US,D,20210722,000000,192800,203200,188800,195200,1.47595,0
ADTX.US,D,20210723,000000,194400,236800,180000,188000,28.772925,0
ADTX.US,D,20210726,000000,190400,204000,181096,188000,8.9232875,0
ADTX.US,D,20210727,000000,200800,204280,168000,172800,24.4956125,0
ADTX.US,D,20210728,000000,179200,179200,169600,173600,4.7371875,0
ADTX.US,D,20210729,000000,176800,184000,171200,178400,3.3361375000000004,0
ADTX.US,D,20210730,000000,178400,184800,168000,171200,3.4986875,0
ADTX.US,D,20210802,000000,169600,174400,169600,174400,1.06775,0
ADTX.US,D,20210803,000000,172000,179200,168000,168800,3.2311375,0
ADTX.US,D,20210804,000000,170400,176000,168000,170400,3.9956125,0
ADTX.US,D,20210805,000000,168000,177600,168000,169600,1.7608750000000002,0
ADTX.US,D,20210806,000000,168800,178400,168400,173600,2.2321375,0
ADTX.US,D,20210809,000000,173600,174800,169600,173600,0.7144125,0
ADTX.US,D,20210810,000000,173600,178400,172000,178400,1.2565125000000001,0
ADTX.US,D,20210811,000000,176000,176000,168800,171200,1.6281875000000001,0
ADTX.US,D,20210812,000000,171200,176800,170400,173600,0.7254625,0
ADTX.US,D,20210813,000000,170400,174264,163200,163200,1.28205,0
ADTX.US,D,20210816,000000,164000,166392,144800,146400,2.4678125000000004,0
ADTX.US,D,20210817,000000,148000,148000,140792,144000,1.5401125000000002,0
ADTX.US,D,20210818,000000,145600,164800,143048,156800,2.7142875,0
ADTX.US,D,20210819,000000,157600,158384,144800,150400,3.4836875000000003,0
ADTX.US,D,20210820,000000,152800,157600,147200,148800,2.1068375,0
ADTX.US,D,20210823,000000,156000,156000,148800,154400,1.8674625,0
ADTX.US,D,20210824,000000,155200,159192,151200,158400,1.92045,0
ADTX.US,D,20210825,000000,222400,316000,210400,243200,2005.472825,0
ADTX.US,D,20210826,000000,167200,182400,164800,170400,244.4727,0
ADTX.US,D,20210827,000000,160800,167200,155200,157600,70.7281375,0
ADTX.US,D,20210830,000000,157600,157600,146400,149600,44.4007125,0
ADTX.US,D,20210831,000000,149600,152800,148000,151200,25.430612500000002,0
ADTX.US,D,20210901,000000,149456,149600,144800,146400,26.328975000000003,0
ADTX.US,D,20210902,000000,146592,150400,140000,144000,28.075612500000002,0
ADTX.US,D,20210903,000000,145600,145600,136800,141600,21.805512500000003,0
ADTX.US,D,20210907,000000,144800,147200,138400,142400,22.219800000000003,0
ADTX.US,D,20210908,000000,140800,144800,137600,140000,10.4955,0
ADTX.US,D,20210909,000000,143200,149600,136800,139200,42.6162875,0
ADTX.US,D,20210910,000000,138400,141200,138400,139024,11.1447125,0
ADTX.US,D,20210913,000000,140800,140800,132800,133600,12.845012500000003,0
ADTX.US,D,20210914,000000,133600,136800,126400,127200,16.5831125,0
ADTX.US,D,20210915,000000,127200,132800,123600,128800,10.221487500000002,0
ADTX.US,D,20210916,000000,128800,132400,124800,128800,10.000512500000001,0
ADTX.US,D,20210917,000000,130400,136000,126400,133600,11.603462500000001,0
ADTX.US,D,20210920,000000,127200,132000,123200,123200,14.602950000000002,0
ADTX.US,D,20210921,000000,124000,132800,121200,128000,14.9457,0
ADTX.US,D,20210922,000000,132000,146400,128400,143200,48.2526,0
ADTX.US,D,20210923,000000,144000,144000,132800,140000,30.666449999999998,0
ADTX.US,D,20210924,000000,137600,141600,132800,137600,27.755787500000004,0
ADTX.US,D,20210927,000000,140000,148800,138400,147200,29.989925,0
ADTX.US,D,20210928,000000,144800,147200,134800,140800,24.82485,0
ADTX.US,D,20210929,000000,140000,140000,128800,129600,27.055037499999997,0
ADTX.US,D,20210930,000000,135200,136800,128800,135200,14.466450000000002,0
ADTX.US,D,20211001,000000,133600,134400,125600,130400,17.5803375,0
ADTX.US,D,20211004,000000,128000,128800,120800,125600,15.552600000000002,0
ADTX.US,D,20211005,000000,152000,175200,128800,136000,1286.060025,0
ADTX.US,D,20211006,000000,132800,134840,122400,125600,74.0173,0
ADTX.US,D,20211007,000000,123200,133432,120808,128800,40.5475875,0
ADTX.US,D,20211008,000000,128000,147200,127200,141600,63.834425,0
ADTX.US,D,20211011,000000,141600,149600,136800,142400,24.461925,0
ADTX.US,D,20211012,000000,141600,149600,137200,144800,25.2068875,0
ADTX.US,D,20211013,000000,145600,168792,144800,163200,90.41901250000001,0
ADTX.US,D,20211014,000000,160000,161600,143200,144800,38.440875000000005,0
ADTX.US,D,20211015,000000,140000,151200,136800,145600,21.792437500000002,0
ADTX.US,D,20211018,000000,121600,128000,120800,124000,79.65833750000002,0
ADTX.US,D,20211019,000000,123200,128800,121600,126400,26.9184625,0
ADTX.US,D,20211020,000000,125600,137600,124800,136800,38.034925,0
ADTX.US,D,20211021,000000,137600,141600,131200,138400,32.8331375,0
ADTX.US,D,20211022,000000,134472,134472,125600,128000,32.8749625,0
ADTX.US,D,20211025,000000,128800,137600,127200,129600,27.740724999999998,0
ADTX.US,D,20211026,000000,131200,131200,124000,126400,18.796612500000002,0
ADTX.US,D,20211027,000000,128800,132800,126408,129600,19.617887500000002,0
ADTX.US,D,20211028,000000,130400,131200,126400,129600,11.822825000000002,0
ADTX.US,D,20211029,000000,128000,134400,126408,130400,18.279,0
ADTX.US,D,20211101,000000,132000,151200,130400,142400,49.566,0
ADTX.US,D,20211102,000000,142400,145600,136000,141600,27.54645,0
ADTX.US,D,20211103,000000,145600,148000,142400,147200,19.4896,0
ADTX.US,D,20211104,000000,151200,217600,149600,200800,231.5095375,0
ADTX.US,D,20211105,000000,179200,186400,154408,166400,89.5225375,0
ADTX.US,D,20211108,000000,163200,163200,142400,148000,50.7997375,0
ADTX.US,D,20211109,000000,147200,162400,144000,156800,32.6246875,0
ADTX.US,D,20211110,000000,153600,154800,143200,149600,26.850225000000002,0
ADTX.US,D,20211111,000000,145600,158400,141600,144800,26.311225000000004,0
ADTX.US,D,20211112,000000,97600,121600,96000,111200,110.559225,0
ADTX.US,D,20211115,000000,115200,115200,106000,108000,13.877950000000002,0
ADTX.US,D,20211116,000000,104800,106208,95200,100000,28.8066875,0
ADTX.US,D,20211117,000000,96600,98400,84800,88000,28.425725,0
ADTX.US,D,20211118,000000,88800,88800,83216,84800,13.304900000000002,0
ADTX.US,D,20211119,000000,80800,93600,80800,88800,13.7934375,0
ADTX.US,D,20211122,000000,91200,93584,82400,85600,13.3560375,0
ADTX.US,D,20211123,000000,85600,86400,82400,82400,7.476725000000001,0
ADTX.US,D,20211124,000000,83200,88800,81600,86400,7.465275,0
ADTX.US,D,20211126,000000,86400,92800,83200,89600,9.278425,0
ADTX.US,D,20211129,000000,88800,98400,86400,94400,28.489525,0
ADTX.US,D,20211130,000000,93600,97600,88800,93600,15.186387500000002,0
ADTX.US,D,20211201,000000,80000,81600,64800,65600,127.48037500000001,0
ADTX.US,D,20211202,000000,65200,67112,61920,65200,27.4412875,0
ADTX.US,D,20211203,000000,65200,66008,62640,64184,24.286025000000002,0
ADTX.US,D,20211206,000000,64000,65840,63600,64800,9.241249999999999,0
ADTX.US,D,20211207,000000,65976,66400,63824,66160,20.4537,0
ADTX.US,D,20211208,000000,64808,67992,64800,66704,13.387975,0
ADTX.US,D,20211209,000000,66400,67200,64720,64848,15.565487500000001,0
ADTX.US,D,20211210,000000,65600,65840,62800,63088,10.071925,0
ADTX.US,D,20211213,000000,64024,65432,57776,58640,50.7428875,0
ADTX.US,D,20211214,000000,58240,59408,53896,53992,17.516075,0
ADTX.US,D,20211215,000000,54240,56080,51848,54432,24.482175,0
ADTX.US,D,20211216,000000,55368,55824,53496,53800,13.1018625,0
ADTX.US,D,20211217,000000,53504,56800,52008,54400,29.4153375,0
ADTX.US,D,20211220,000000,52008,53368,48800,49584,19.192675,0
ADTX.US,D,20211221,000000,50000,51840,48960,50280,14.947200000000002,0
ADTX.US,D,20211222,000000,50392,54272,49048,52144,26.435137500000003,0
ADTX.US,D,20211223,000000,52992,59600,51864,56808,305.465775,0
ADTX.US,D,20211227,000000,57536,60160,52120,54992,71.586525,0
ADTX.US,D,20211228,000000,56000,56640,44000,44816,112.050775,0
ADTX.US,D,20211229,000000,46400,48160,41040,44800,69.828,0
ADTX.US,D,20211230,000000,44000,47592,42088,44672,37.258825,0
ADTX.US,D,20211231,000000,44000,46400,42424,42888,17.6236,0
ADTX.US,D,20220103,000000,42640,47168,42640,46256,14.006137500000001,0
ADTX.US,D,20220104,000000,45760,45760,41784,44056,13.7941,0
ADTX.US,D,20220105,000000,43616,43616,38704,39216,22.687600000000003,0
ADTX.US,D,20220106,000000,40408,40408,37080,39912,14.359175,0
ADTX.US,D,20220107,000000,38944,39992,38000,38320,8.78165,0
ADTX.US,D,20220110,000000,37600,37600,36264,36920,9.847050000000001,0
ADTX.US,D,20220111,000000,37600,39680,36816,39184,10.7823375,0
ADTX.US,D,20220112,000000,40000,40240,37200,37520,10.1867625,0
ADTX.US,D,20220113,000000,38400,38960,36400,36400,7.966337500000001,0
ADTX.US,D,20220114,000000,36800,36800,34592,36600,10.3779625,0
ADTX.US,D,20220118,000000,37600,38224,35200,35304,18.419875,0
ADTX.US,D,20220119,000000,36000,36712,34400,34504,10.724475,0
ADTX.US,D,20220120,000000,35960,35992,34168,35176,8.2077125,0
ADTX.US,D,20220121,000000,34248,35192,31200,31648,15.7554625,0
ADTX.US,D,20220124,000000,30400,31192,27608,28960,19.737750000000002,0
ADTX.US,D,20220125,000000,28800,36656,28800,36392,12.2218625,0
ADTX.US,D,20220126,000000,35120,36400,33200,36344,12.317900000000002,0
ADTX.US,D,20220127,000000,35320,37200,31448,31752,8.962925,0
ADTX.US,D,20220128,000000,31504,34560,30844,33208,7.95805,0
ADTX.US,D,20220131,000000,34400,37440,33200,35240,10.7102125,0
ADTX.US,D,20220201,000000,36592,37680,35200,37592,7.334587500000001,0
ADTX.US,D,20220202,000000,37792,38000,33800,34112,8.72495,0
ADTX.US,D,20220203,000000,33800,36000,31278.1,33600,2.9436250000000004,0
ADTX.US,D,20220204,000000,36000,36320,32632,34184,3.4568,0
ADTX.US,D,20220207,000000,33600,35984,32800,33424,3.532375,0
ADTX.US,D,20220208,000000,33456,34400,32864,34400,1.882675,0
ADTX.US,D,20220209,000000,33600,35600,33600,35040,3.5391375,0
ADTX.US,D,20220210,000000,34400,36000,32800,34928,4.0661000000000005,0
ADTX.US,D,20220211,000000,34400,34504,32800,32920,3.5311375,0
ADTX.US,D,20220214,000000,32800,33200,31280,31608,2.7254750000000003,0
ADTX.US,D,20220215,000000,33184,36000,31960,33920,4.5100875,0
ADTX.US,D,20220216,000000,33736,34400,32360,34112,1.3860625000000002,0
ADTX.US,D,20220217,000000,34400,34400,31360,31520,3.5174000000000003,0
ADTX.US,D,20220218,000000,31520,34400,29600,29616,4.522125,0
ADTX.US,D,20220222,000000,30400,31280,29600,30200,2.5905750000000003,0
ADTX.US,D,20220223,000000,30696,31200,29000,29184,1.9303625000000002,0
ADTX.US,D,20220224,000000,25608,31120,25600,31064,2.7343125,0
ADTX.US,D,20220225,000000,31120,31120,28400,29224,6.2399375,0
ADTX.US,D,20220228,000000,27200,29600,27200,29464,2.8915500000000005,0
ADTX.US,D,20220301,000000,29864,34400,29600,30944,14.7608625,0
ADTX.US,D,20220302,000000,32000,33120,30480,32640,6.1358250000000005,0
ADTX.US,D,20220303,000000,33200,33200,29768,30240,4.9982625,0
ADTX.US,D,20220304,000000,31176,31200,28400.2,28928,2.800025,0
ADTX.US,D,20220307,000000,28800,29200,26472,26800,5.8117125000000005,0
ADTX.US,D,20220308,000000,26800,28486.2,26800,27440,2.9021625,0
ADTX.US,D,20220309,000000,27200,30880,27200,30000,9.984950000000001,0
ADTX.US,D,20220310,000000,29096,30400,28000,30096,4.22405,0
ADTX.US,D,20220311,000000,32800,32800,29600,29992,2.213175,0
ADTX.US,D,20220314,000000,29992,30280,27432,27592,6.990300000000001,0
ADTX.US,D,20220315,000000,27600,29984,27600,28480,3.0021875000000002,0
ADTX.US,D,20220316,000000,28432,30800,28000,30640,6.83,0
ADTX.US,D,20220317,000000,29968,32000,29968,30400,4.6562375000000005,0
ADTX.US,D,20220318,000000,31200,36240,31000,34000,19.717475,0
ADTX.US,D,20220321,000000,35520,37280,34000,36880,20.692775,0
ADTX.US,D,20220322,000000,37600,37600,35200,35520,5.8441125000000005,0
ADTX.US,D,20220323,000000,35200,42400,34760,40712,34.44055,0
ADTX.US,D,20220324,000000,38000,43600,35680,41296,75.6983,0
ADTX.US,D,20220325,000000,38480,40800,35624,36584,10.04025,0
ADTX.US,D,20220328,000000,35200,36640,34008,34240,4.970512500000001,0
ADTX.US,D,20220329,000000,34120,35200,32880,33896,6.2748375,0
ADTX.US,D,20220330,000000,33744,35200,32800,33928,7.76785,0
ADTX.US,D,20220331,000000,35200,37584,34400,36520,11.6613875,0
ADTX.US,D,20220401,000000,36000,37200,33600,35440,14.683162500000002,0
ADTX.US,D,20220404,000000,36000,36800,34432,35640,3.37455,0
ADTX.US,D,20220405,000000,35640,40800,35640,37200,41.4043125,0
ADTX.US,D,20220406,000000,36840,36840,33208,33704,7.7953375,0
ADTX.US,D,20220407,000000,33704,35960,30800,34400,10.725362500000001,0
ADTX.US,D,20220408,000000,34696,34696,31200,32800,4.4400875,0
ADTX.US,D,20220411,000000,32000,32400,30408,31368,2.9066500000000004,0
ADTX.US,D,20220412,000000,32000,32800,29136,29760,5.0045,0
ADTX.US,D,20220413,000000,29872,31936,29200,31352,5.1987000000000005,0
ADTX.US,D,20220414,000000,30408,31920,29608,31760,3.38015,0
ADTX.US,D,20220418,000000,34248,34248,27200,28160,9.3382,0
ADTX.US,D,20220419,000000,28000,31040,28000,30352,3.52245,0
ADTX.US,D,20220420,000000,30400,31040,29744,30344,1.5929250000000001,0
ADTX.US,D,20220421,000000,30000,30792,27040,27448,4.7516750000000005,0
ADTX.US,D,20220422,000000,28224,28792,26800,27728,1.3851875,0
ADTX.US,D,20220425,000000,27312,28792,27312,28280,1.1416375,0
ADTX.US,D,20220426,000000,28640,28640,27152,27192,0.81135,0
ADTX.US,D,20220427,000000,27584,27584,26488,26624,1.2679875,0
ADTX.US,D,20220428,000000,26400,26456,24200,25968,6.548675,0
ADTX.US,D,20220429,000000,26400,26800,25208,25616,2.6538375,0
ADTX.US,D,20220502,000000,26400,26720,25048,26096,1.7921,0
ADTX.US,D,20220503,000000,26400,27192,26152,26512,0.7653625000000001,0
ADTX.US,D,20220504,000000,27200,28800,25808,28744,2.92485,0
ADTX.US,D,20220505,000000,28000,30400,27496,29504,0.9573625,0
ADTX.US,D,20220506,000000,29520,29520,26704,28808,3.745325,0
ADTX.US,D,20220509,000000,27160,28320,25600,27040,1.8440874999999999,0
ADTX.US,D,20220510,000000,27408,27408,24800,25248,2.9154875000000002,0
ADTX.US,D,20220511,000000,25416,25600,23392,24072,2.9127500000000004,0
ADTX.US,D,20220512,000000,23352,24000,20040,21688,5.429012500000001,0
ADTX.US,D,20220513,000000,21480,24200,21480,23264,2.4723125,0
ADTX.US,D,20220516,000000,23200,24928,22400,23600,2.7792875,0
ADTX.US,D,20220517,000000,23208,25832,19296,21520,21.5112125,0
ADTX.US,D,20220518,000000,21600,22008,20248,20248,1.8733125000000002,0
ADTX.US,D,20220519,000000,21200,22400,21200,21600,2.5546625,0
ADTX.US,D,20220520,000000,21568,24240,20520,21600,2.8102750000000003,0
ADTX.US,D,20220523,000000,22680,23120,20800,21608,1.527775,0
ADTX.US,D,20220524,000000,21440,22400,20084,20752,4.10555,0
ADTX.US,D,20220525,000000,22400,22400,20264,20640,3.4144750000000004,0
ADTX.US,D,20220526,000000,22400,22400,20480,21688,1.5616500000000002,0
ADTX.US,D,20220527,000000,20800,23664,20800,23200,2.783,0
ADTX.US,D,20220531,000000,22504,23528,21600,22608,2.192025,0
ADTX.US,D,20220601,000000,23200,25176,22000,23280,3.42855,0
ADTX.US,D,20220602,000000,24000,24000,21072,23208,5.248550000000001,0
ADTX.US,D,20220603,000000,23280,24000,23200,23600,3.2299500000000005,0
ADTX.US,D,20220606,000000,23280,23584,22480,23088,1.4123125,0
ADTX.US,D,20220607,000000,24800,24800,21704,22656,4.509125,0
ADTX.US,D,20220608,000000,20488,24392,20360,24000,5.302625,0
ADTX.US,D,20220609,000000,23480,28000,21600,23832,18.0016,0
ADTX.US,D,20220610,000000,23104,27200,21600,21928,7.546575000000001,0
ADTX.US,D,20220613,000000,20800,21592,15648,16096,14.4553125,0
ADTX.US,D,20220614,000000,16800,25392,16488,19832,85.47448750000001,0
ADTX.US,D,20220615,000000,20000,20800,14320,14320,48.708087500000005,0
ADTX.US,D,20220616,000000,15120,15120,12496,12720,37.02295,0
ADTX.US,D,20220617,000000,12800,13159.9,11120,11120,43.943325,0
ADTX.US,D,20220621,000000,11592,11920,11104,11128,18.4854875,0
ADTX.US,D,20220622,000000,12000,13808,9936,10664,126.5042125,0
ADTX.US,D,20220623,000000,10664,11840,10088,11680,155.98160000000001,0
ADTX.US,D,20220624,000000,11704,13432,11200,12240,97.32597500000001,0
ADTX.US,D,20220627,000000,13432,13432,12000,12496,31.6551125,0
ADTX.US,D,20220628,000000,12120,12640,11360,11448,33.345712500000005,0
ADTX.US,D,20220629,000000,11608,21120,11608,16000,349.0971875,0
ADTX.US,D,20220630,000000,11384,13584,11200,11448,125.58497500000001,0
ADTX.US,D,20220701,000000,11600,12800,11280,11656,67.532475,0
ADTX.US,D,20220705,000000,11840,12000,10400,11088,35.8999375,0
ADTX.US,D,20220706,000000,11360,13600,11200,12064,93.478025,0
ADTX.US,D,20220707,000000,12320,13072,11880,12800,34.843787500000005,0
ADTX.US,D,20220708,000000,19992,27520,18808,19200,2331.0512125,0
ADTX.US,D,20220711,000000,17904,17920,14704,15960,268.57682500000004,0
ADTX.US,D,20220712,000000,14680,16640,13712,15600,115.9411375,0
ADTX.US,D,20220713,000000,15200,15200,13608,13800,82.9075875,0
ADTX.US,D,20220714,000000,14656,14664,13200,13536,99.87025,0
ADTX.US,D,20220715,000000,13856,14080,13200,13880,48.094525000000004,0
ADTX.US,D,20220718,000000,12968,14480,12800,13624,50.9025375,0
ADTX.US,D,20220719,000000,12800,15040,12800,14368,85.46845,0
ADTX.US,D,20220720,000000,14000,15520,13656,14816,47.096162500000005,0
ADTX.US,D,20220721,000000,14392,15200,13848,15016,33.673412500000005,0
ADTX.US,D,20220722,000000,14800,16800,13840,13856,36.0211125,0
ADTX.US,D,20220725,000000,13608,14391.2,12800,12960,26.9952375,0
ADTX.US,D,20220726,000000,13584,13584,12000,12152,33.3245875,0
ADTX.US,D,20220727,000000,12352,12560,12000,12200,23.669687500000002,0
ADTX.US,D,20220728,000000,12952,12952,12200,12464,22.9097625,0
ADTX.US,D,20220729,000000,12512,13336,12008,12616,15.444337500000001,0
ADTX.US,D,20220801,000000,12800,12880,12000,12232,14.113587500000001,0
ADTX.US,D,20220802,000000,12256,12784,12008,12216,17.6996,0
ADTX.US,D,20220803,000000,12208,14400,12200,13200,30.898087500000003,0
ADTX.US,D,20220804,000000,13144,14208,13088,13624,19.289437500000002,0
ADTX.US,D,20220805,000000,13600,14232,13600,13664,9.3756875,0
ADTX.US,D,20220808,000000,14240,14240,12888,13120,15.817850000000002,0
ADTX.US,D,20220809,000000,13920,13920,12392,12592,35.3702875,0
ADTX.US,D,20220810,000000,12720,13600,12520,12888,14.0143375,0
ADTX.US,D,20220811,000000,12888,14160,12872.1,13632,28.0388375,0
ADTX.US,D,20220812,000000,14400,14880,13600,13968,25.472,0
ADTX.US,D,20220815,000000,13040,13944,12976,13600,13.747187500000003,0
ADTX.US,D,20220816,000000,13192,14320,12800,13600,15.855275,0
ADTX.US,D,20220817,000000,14000,14000,13000,13088,9.39915,0
ADTX.US,D,20220818,000000,13120,13600,12800,12832,20.12695,0
ADTX.US,D,20220819,000000,12912,15600,12408,15200,60.293499999999995,0
ADTX.US,D,20220822,000000,15112,15112,12856,13320,22.461437500000002,0
ADTX.US,D,20220823,000000,13016,14024,13016,13344,7.327562500000001,0
ADTX.US,D,20220824,000000,13288,13672,13016,13352,9.5672625,0
ADTX.US,D,20220825,000000,13600,14392,13208,13288,16.0472625,0
ADTX.US,D,20220826,000000,13288,13440,12640,12648,19.855475000000002,0
ADTX.US,D,20220829,000000,12600,13096,12480,12480,17.5105875,0
ADTX.US,D,20220830,000000,12560,12712,12240,12320,5.2555125,0
ADTX.US,D,20220831,000000,13016,13016,12024,12208,7.2301,0
ADTX.US,D,20220901,000000,12432,12520,11296,11544,14.522225,0
ADTX.US,D,20220902,000000,12000,12000,11200,11280,13.808050000000001,0
ADTX.US,D,20220906,000000,11280,11379.8,10240,10264,25.382625,0
ADTX.US,D,20220907,000000,10400,12336,9960,11184,39.348037500000004,0
ADTX.US,D,20220908,000000,11168,11440,10888.1,11200,5.757725000000001,0
ADTX.US,D,20220909,000000,11200,17600,11008.1,15344,334.28812500000004,0
ADTX.US,D,20220912,000000,16104,19904,13104,13848,580.07685,0
ADTX.US,D,20220913,000000,13544,32320,12168,29600,3067.390275,0
ADTX.US,D,20220914,000000,43824,45584,17200,18288,5528.828750000001,0
ADTX.US,D,20220915,000000,19216,19328,14016,16624,2647.3337500000002,0
ADTX.US,D,20220916,000000,9024,9104,6880,6896,5150.7525000000005,0
ADTX.US,D,20220919,000000,7040,7472,6128,6944,1832.7675,0
ADTX.US,D,20220920,000000,6560,7040,6112,6704,1728.4481250000001,0
ADTX.US,D,20220921,000000,6560,6640,5632,5760,787.006875,0
ADTX.US,D,20220922,000000,5760,5872,4912.96,4928,1091.978125,0
ADTX.US,D,20220923,000000,4656,4656,4128,4256,860.2318750000001,0
ADTX.US,D,20220926,000000,5072,5808,4672,4880,20040.841875000002,0
ADTX.US,D,20220927,000000,4672,5360,4336,5200,2022.03125,0
ADTX.US,D,20220928,000000,5056,5279.36,4760,4896,794.453125,0
ADTX.US,D,20220929,000000,5376,6592,5200,5408,15846.154375000002,0
ADTX.US,D,20220930,000000,5232,6000,5040,5424,2491.156875,0
ADTX.US,D,20221003,000000,5616,6608,5280,6432,5673.46125,0
ADTX.US,D,20221004,000000,6624,6880,5792,5872,1449.69875,0
ADTX.US,D,20221005,000000,5936,6064,5152,5296,870.4125,0
ADTX.US,D,20221006,000000,5360,5760,5120,5296,1027.9281250000001,0
ADTX.US,D,20221007,000000,6496,7152,5808,5824,22770.469375,0
ADTX.US,D,20221010,000000,5552,5584,4976,5072,892.678125,0
ADTX.US,D,20221011,000000,5056,5087.84,4571.04,4944,677.3068750000001,0
ADTX.US,D,20221012,000000,5296,5536,4752,4976,2722.58125,0
ADTX.US,D,20221013,000000,4640,4864,4528,4752,466.0037500000001,0
ADTX.US,D,20221014,000000,5120,5328,4640,4720,1332.09875,0
ADTX.US,D,20221017,000000,4864,4872,4512,4704,365.37687500000004,0
ADTX.US,D,20221018,000000,4912,4992,4688,4800,332.47625,0
ADTX.US,D,20221019,000000,4704,5232,4208,5184,760.9050000000001,0
ADTX.US,D,20221020,000000,4832,5104,4640,4912,277.79062500000003,0
ADTX.US,D,20221021,000000,5344,5504,4688,4800,2089.1875,0
ADTX.US,D,20221024,000000,4848,4960,4528,4944,360.93375000000003,0
ADTX.US,D,20221025,000000,4832,4928,4640,4800,392.04125,0
ADTX.US,D,20221026,000000,4672,4816,4560,4608,434.216875,0
ADTX.US,D,20221027,000000,4592,4640,4320,4336,220.71875,0
ADTX.US,D,20221028,000000,4352,4463.84,4240,4288,260.925625,0
ADTX.US,D,20221031,000000,4208,4448,4048,4304,310.835625,0
ADTX.US,D,20221101,000000,4240,4352,3872,3904,321.03312500000004,0
ADTX.US,D,20221102,000000,3840,3840,3520,3568,331.5825,0
ADTX.US,D,20221103,000000,3504,3824,3360,3584,262.848125,0
ADTX.US,D,20221104,000000,3520,3600,3248,3280,218.7975,0
ADTX.US,D,20221107,000000,3104,3184,2976,3056,278.87125000000003,0
ADTX.US,D,20221108,000000,3008,3103.84,2816,2880,162.86625,0
ADTX.US,D,20221109,000000,2816,2880,2512,2528,202.040625,0
ADTX.US,D,20221110,000000,2576,3136,2576,2960,515.99,0
ADTX.US,D,20221111,000000,2992,3088,2816,2944,118.8975,0
ADTX.US,D,20221114,000000,2896,3136,2896,2960,137.20875,0
ADTX.US,D,20221115,000000,3008,3136,2912.16,2976,123.526875,0
ADTX.US,D,20221116,000000,2944,3054.72,2752,2800,107.728125,0
ADTX.US,D,20221117,000000,2816,2912,2560,2640,132.839375,0
ADTX.US,D,20221118,000000,2656,2784,2640,2712,45.03187500000001,0
ADTX.US,D,20221121,000000,2672,2752,2624,2704,42.91375,0
ADTX.US,D,20221122,000000,2720,2720,2560,2704,71.0575,0
ADTX.US,D,20221123,000000,2704,2800,2704,2800,59.27312500000001,0
ADTX.US,D,20221125,000000,2752,2896,2744.16,2816,31.879375,0
ADTX.US,D,20221128,000000,2832,2864,2752,2800,34.895,0
ADTX.US,D,20221129,000000,2752,2880,2752,2832,47.5025,0
ADTX.US,D,20221130,000000,2816,2896,2736,2864,87.97625000000001,0
ADTX.US,D,20221201,000000,2800,2864,2737.76,2832,30.28125,0
ADTX.US,D,20221202,000000,2736,2848,2720,2848,62.434375,0
ADTX.US,D,20221205,000000,2912,2912,2743.2,2768,77.815,0
ADTX.US,D,20221206,000000,2784,2800,2640,2704,48.35875,0
ADTX.US,D,20221207,000000,2656,2768,2640,2704,69.378125,0
ADTX.US,D,20221208,000000,2752,2784,2640,2672,30.6575,0
ADTX.US,D,20221209,000000,2672,2672,2576,2624,27.309375000000003,0
ADTX.US,D,20221212,000000,2608,2784,2560,2560,47.021875,0
ADTX.US,D,20221213,000000,2592,2656,2512,2592,27.958125000000003,0
ADTX.US,D,20221214,000000,2608,2624,2528,2560,28.314375000000002,0
ADTX.US,D,20221215,000000,2528,2668.48,2528,2608,28.472500000000004,0
ADTX.US,D,20221216,000000,2592,2601.6,2448,2512,31.849375,0
ADTX.US,D,20221219,000000,2640,2640,2320,2320,45.925000000000004,0
ADTX.US,D,20221220,000000,2208,2304,1760,1888,154.229375,0
ADTX.US,D,20221221,000000,1920,1936,1840,1856,27.738125000000004,0
ADTX.US,D,20221222,000000,1861.44,1920,1760,1920,53.58,0
ADTX.US,D,20221223,000000,1920,1982.88,1779.2,1808,30.378125,0
ADTX.US,D,20221227,000000,1776,1776,1632,1680,60.71125,0
ADTX.US,D,20221228,000000,1689.6,1742.08,1600,1632,42.624375,0
ADTX.US,D,20221229,000000,1616,1968,1616,1920,89.38875000000002,0
ADTX.US,D,20221230,000000,1904,1936,1824,1847.36,41.066875,0
ADTX.US,D,20230103,000000,1760,2960,1760,2528,1439.9,0
ADTX.US,D,20230104,000000,2320,2375.68,2048,2336,255.019375,0
ADTX.US,D,20230105,000000,2368,2384,2208,2336,86.11687500000001,0
ADTX.US,D,20230106,000000,2367.84,2368,1920.16,2092.16,185.84062500000002,0
ADTX.US,D,20230109,000000,2080,2128,2000,2064,93.95625000000001,0
ADTX.US,D,20230110,000000,2080,2224,2000,2192,116.71,0
ADTX.US,D,20230111,000000,2240,2240.16,2080,2144,109.28437500000001,0
ADTX.US,D,20230112,000000,2224,2256,2128.16,2208,73.32125,0
ADTX.US,D,20230113,000000,2144,2255.84,2112,2208,51.57125,0
ADTX.US,D,20230117,000000,2320,2448,2192,2400,299.400625,0
ADTX.US,D,20230118,000000,2400,2440,2160,2224,152.07874999999999,0
ADTX.US,D,20230119,000000,2304,2304,2112,2128.16,128.239375,0
ADTX.US,D,20230120,000000,2160,2432,2160,2336,100.65625,0
ADTX.US,D,20230123,000000,2320,2592,2288,2480,272.23875,0
ADTX.US,D,20230124,000000,2512,2560,2336,2352,129.365,0
ADTX.US,D,20230125,000000,2384,2507.84,2320,2408,53.46000000000001,0
ADTX.US,D,20230126,000000,2368,2464,2272,2336,68.8875,0
ADTX.US,D,20230127,000000,2320,2400,2080,2176,81.44437500000001,0
ADTX.US,D,20230130,000000,2224,2224,2128,2144.16,47.556250000000006,0
ADTX.US,D,20230131,000000,2144,2240,2144,2176,29.367500000000003,0
ADTX.US,D,20230201,000000,2224,2256,2160,2208,43.93000000000001,0
ADTX.US,D,20230202,000000,2304,2415.84,2256,2304,125.938125,0
ADTX.US,D,20230203,000000,2336,2636.96,2256.16,2424,469.666875,0
ADTX.US,D,20230206,000000,2608,2608,2240,2352,223.221875,0
ADTX.US,D,20230207,000000,2288,2352,2144,2224,116.045625,0
ADTX.US,D,20230208,000000,2192,2351.2,2128,2224,62.159375000000004,0
ADTX.US,D,20230209,000000,2224,2320,1920,2096,152.02375,0
ADTX.US,D,20230210,000000,2080,2080,2000,2016,41.923125,0
ADTX.US,D,20230213,000000,2000,2080,2000,2032,23.1825,0
ADTX.US,D,20230214,000000,2032,2223.84,2000,2190.4,93.37937500000001,0
ADTX.US,D,20230215,000000,2192,2192,2032,2080,37.7875,0
ADTX.US,D,20230216,000000,2064.48,2112,2064,2064,21.726875000000003,0
ADTX.US,D,20230217,000000,2016,2112,2000,2016,46.981875,0
ADTX.US,D,20230221,000000,2000,2096.32,1952,1952,36.05125,0
ADTX.US,D,20230222,000000,1936,2016,1872,1904,35.5875,0
ADTX.US,D,20230223,000000,1968,2080,1776,1888,82.736875,0
ADTX.US,D,20230224,000000,1824,1904,1812.48,1888,23.998125,0
ADTX.US,D,20230227,000000,1840,1984,1840,1920,30.947500000000005,0
ADTX.US,D,20230228,000000,1936,1936,1808,1808,28.178125,0
ADTX.US,D,20230301,000000,1888,1888,1776,1840,26.346875,0
ADTX.US,D,20230302,000000,1840,1888,1760,1888,31.663125000000004,0
ADTX.US,D,20230303,000000,1888,1888,1808,1824,18.35625,0
ADTX.US,D,20230306,000000,1840,1856,1792,1808,48.760625000000005,0
ADTX.US,D,20230307,000000,1792,1855.84,1760,1840,30.539375000000003,0
ADTX.US,D,20230308,000000,1808,1808,1744,1776,25.540000000000003,0
ADTX.US,D,20230309,000000,1824,1824,1696,1696,24.139375,0
ADTX.US,D,20230310,000000,1720,1728,1664,1704,31.731250000000003,0
ADTX.US,D,20230313,000000,1696,1712,1632,1680,14.6225,0
ADTX.US,D,20230314,000000,1680,1774.4,1648,1648,13.30625,0
ADTX.US,D,20230315,000000,1616,1712.96,1600,1600,26.590625000000003,0
ADTX.US,D,20230316,000000,1600,1632,1528.32,1584,50.92250000000001,0
ADTX.US,D,20230317,000000,1600,1600,1440,1440,72.52875,0
ADTX.US,D,20230320,000000,1472,1472,1408,1416,19.721875,0
ADTX.US,D,20230321,000000,1408.16,1468.32,1408.16,1440,8.125625,0
ADTX.US,D,20230322,000000,1456.16,1528.8,1408.16,1456,9.87875,0
ADTX.US,D,20230323,000000,1456,1472,1354.56,1419.84,19.640625,0
ADTX.US,D,20230324,000000,1328.8,1421.92,1328.64,1366.8,12.113750000000001,0
ADTX.US,D,20230327,000000,1472,1472,1370.88,1392,10.232500000000002,0
ADTX.US,D,20230328,000000,1407.68,1519.68,1392,1408,7.190625000000001,0
ADTX.US,D,20230329,000000,1440,1467.2,1408,1416.66,18.743750000000002,0
ADTX.US,D,20230330,000000,1429.6,1438.4,1420.96,1438.4,6.727500000000001,0
ADTX.US,D,20230331,000000,1408,1471.84,1408,1458.32,21.995,0
ADTX.US,D,20230403,000000,1458.4,1458.4,1372,1454.4,22.4075,0
ADTX.US,D,20230404,000000,1432,1432,1331.52,1352,11.502500000000001,0
ADTX.US,D,20230405,000000,1331.2,1430.4,1331.2,1360,9.235625,0
ADTX.US,D,20230406,000000,1394.24,1394.24,1328.64,1380.8,14.039375000000001,0
ADTX.US,D,20230410,000000,1472,1472,1338.4,1404.8,10.816875000000001,0
ADTX.US,D,20230411,000000,1360.16,1428.8,1360,1423.84,9.163124999999999,0
ADTX.US,D,20230412,000000,1408,1424,1376,1376,10.604375000000001,0
ADTX.US,D,20230413,000000,1360.16,1422.08,1352,1352.48,15.4525,0
ADTX.US,D,20230414,000000,1344,1424,1336.16,1400,20.26625,0
ADTX.US,D,20230417,000000,1376.16,1488.48,1376.16,1465.44,39.378125000000004,0
ADTX.US,D,20230418,000000,1440,1536,1440,1520,32.691250000000004,0
ADTX.US,D,20230419,000000,1472,1503.84,1376,1376,31.818125,0
ADTX.US,D,20230420,000000,1424,3056,1424,1616,19229.120000000003,0
ADTX.US,D,20230421,000000,1440,1440,1200,1264,1087.91875,0
ADTX.US,D,20230424,000000,1176.64,1248,1089.6,1156.48,391.935,0
ADTX.US,D,20230425,000000,1121.76,1152,976,1111.52,350.806875,0
ADTX.US,D,20230426,000000,1104,1118.4,992.32,1007.84,140.24625,0
ADTX.US,D,20230427,000000,992,1050.08,961.76,1011.2,101.2,0
ADTX.US,D,20230428,000000,1008,1008,928.64,938.88,151.978125,0
ADTX.US,D,20230501,000000,960,1008,960,1000,90.69,0
ADTX.US,D,20230502,000000,1005.92,1022.08,938.72,944,94.150625,0
ADTX.US,D,20230503,000000,991.2,991.524,929.76,968.48,49.5275,0
ADTX.US,D,20230504,000000,1008,1104,968.48,1056.48,109.901875,0
ADTX.US,D,20230505,000000,1312,1315.2,1008,1070.24,5153.5181250000005,0
ADTX.US,D,20230508,000000,1041.28,1088,976.16,1008.32,376.675625,0
ADTX.US,D,20230509,000000,978.08,987.2,913.76,929.92,418.771875,0
ADTX.US,D,20230510,000000,913.76,976,912,924.96,143.17437500000003,0
ADTX.US,D,20230511,000000,940.8,1010.24,920,1006.4,96.8775,0
ADTX.US,D,20230512,000000,1024,1024,928.32,944,102.46687500000002,0
ADTX.US,D,20230515,000000,974.4,976,904,937.28,64.833125,0
ADTX.US,D,20230516,000000,912.8,928,880,905.28,80.430625,0
ADTX.US,D,20230517,000000,896,927.68,883.2,909.44,63.075,0
ADTX.US,D,20230518,000000,944,944,886.72,896,33.323750000000004,0
ADTX.US,D,20230519,000000,894.4,940.8,880,928,38.28187500000001,0
ADTX.US,D,20230522,000000,944,944,904,932.48,59.89750000000001,0
ADTX.US,D,20230523,000000,912.8,944,912,920.32,62.383125,0
ADTX.US,D,20230524,000000,928,1014.72,896,976,100.705,0
ADTX.US,D,20230525,000000,960,988.32,944,969.28,35.6775,0
ADTX.US,D,20230526,000000,952,976,928,956.8,28.43875,0
ADTX.US,D,20230530,000000,944,974.24,904,959.68,36.183749999999996,0
ADTX.US,D,20230531,000000,976,976,920,975.84,33.667500000000004,0
ADTX.US,D,20230601,000000,960.16,972.8,880,931.04,51.798125000000006,0
ADTX.US,D,20230602,000000,931.04,960,928,943.84,19.965000000000003,0
ADTX.US,D,20230605,000000,943.84,1024,943.84,987.2,43.53125,0
ADTX.US,D,20230606,000000,1008,1008,944,960,41.774375,0
ADTX.US,D,20230607,000000,984.16,992,944,974.08,30.385000000000005,0
ADTX.US,D,20230608,000000,976,992,944.16,960,23.763125000000002,0
ADTX.US,D,20230609,000000,975.04,975.04,944,960,30.845,0
ADTX.US,D,20230612,000000,960,960,936,959.68,51.53187500000001,0
ADTX.US,D,20230613,000000,960,991.84,928,984,53.431875000000005,0
ADTX.US,D,20230614,000000,960,972.8,928,944,36.950625,0
ADTX.US,D,20230615,000000,928.32,956.8,912,945.44,31.514375,0
ADTX.US,D,20230616,000000,944,960,924.32,924.32,62.614374999999995,0
ADTX.US,D,20230620,000000,925.12,969.44,912,944,221.478125,0
ADTX.US,D,20230621,000000,959.84,959.84,880,885.12,75.369375,0
ADTX.US,D,20230622,000000,906.08,928,864,901.28,74.78937499999999,0
ADTX.US,D,20230623,000000,912,912,753.6,799.84,135.18687500000001,0
ADTX.US,D,20230626,000000,768,781.76,736,736.32,62.697500000000005,0
ADTX.US,D,20230627,000000,721.6,721.6,657.92,675.2,132.386875,0
ADTX.US,D,20230628,000000,656,720,656,712,81.95437500000001,0
ADTX.US,D,20230629,000000,709.28,719.84,688.16,688.32,44.25062500000001,0
ADTX.US,D,20230630,000000,722.72,736,673.44,720,96.64437500000001,0
ADTX.US,D,20230703,000000,720,720,680.96,720,10.01125,0
ADTX.US,D,20230705,000000,720,736,699.2,720,41.92125,0
ADTX.US,D,20230706,000000,708.64,720,664,716.48,57.856875,0
ADTX.US,D,20230707,000000,715.84,715.84,688,714.4,22.94,0
ADTX.US,D,20230710,000000,704,720,688.32,698.4,35.370625000000004,0
ADTX.US,D,20230711,000000,720,720,691.04,719.68,39.9825,0
ADTX.US,D,20230712,000000,719.68,720,696.64,704,31.118750000000002,0
ADTX.US,D,20230713,000000,712,719.84,700,703.84,28.195625000000003,0
ADTX.US,D,20230714,000000,704,704,672,679.2,156.81062500000002,0
ADTX.US,D,20230717,000000,673.44,688,658.08,679.84,68.56687500000001,0
ADTX.US,D,20230718,000000,672,702.4,668.64,686.56,44.830000000000005,0
ADTX.US,D,20230719,000000,684.8,702.4,664.16,685.28,43.044375,0
ADTX.US,D,20230720,000000,685.28,688,648.16,671.68,31.391250000000003,0
ADTX.US,D,20230721,000000,686.72,687.04,643.2,652,42.235625,0
ADTX.US,D,20230724,000000,656,666.88,627.36,627.36,54.225,0
ADTX.US,D,20230725,000000,640.48,654.4,627.52,640,21.69,0
ADTX.US,D,20230726,000000,640,654.4,624.64,632.32,30.95625,0
ADTX.US,D,20230727,000000,632,640,624,624,34.486875,0
ADTX.US,D,20230728,000000,625.6,654.4,624.32,640,36.651875000000004,0
ADTX.US,D,20230731,000000,640,640,627.36,636,18.075625,0
ADTX.US,D,20230801,000000,640,656,629.28,649.6,74.0875,0
ADTX.US,D,20230802,000000,628.8,649.44,624.16,633.6,50.385000000000005,0
ADTX.US,D,20230803,000000,672,672,608,631.84,89.88875000000002,0
ADTX.US,D,20230804,000000,640,648,608,622.56,53.581250000000004,0
ADTX.US,D,20230807,000000,608,640,599.84,601.6,69.97687499999999,0
ADTX.US,D,20230808,000000,609.76,609.76,563.2,592,29.916875,0
ADTX.US,D,20230809,000000,592,602.24,568.16,579.36,24.62375,0
ADTX.US,D,20230810,000000,572.8,572.8,539.52,547.6,54.280625,0
ADTX.US,D,20230811,000000,544,544,512,524.8,58.368125,0
ADTX.US,D,20230814,000000,490.72,528,490.72,513.6,48.225,0
ADTX.US,D,20230815,000000,511.84,511.84,457.28,488,119.135625,0
ADTX.US,D,20230816,000000,480,488,456,486.08,31.36375,0
ADTX.US,D,20230817,000000,484.96,792,457.6,639.2,8501.276875000001,0
ADTX.US,D,20230818,000000,720,1060.4,652.4,676,77771.225,0
ADTX.US,D,20230821,000000,555.2,594,479.6,480,3637.375,0
ADTX.US,D,20230822,000000,449.6,474.8,396.8,400.4,1482.625,0
ADTX.US,D,20230823,000000,392,578.4,391.2,422.4,12890.525000000001,0
ADTX.US,D,20230824,000000,449.2,468.8,369.628,394.4,4731.575,0
ADTX.US,D,20230825,000000,376,405.2,363.184,364.4,3926.75,0
ADTX.US,D,20230828,000000,364,364,293.6,304.8,4027.7250000000004,0
ADTX.US,D,20230829,000000,318,408.8,303.252,348,4084.0750000000003,0
ADTX.US,D,20230830,000000,428.8,546.8,363.224,392,11677.575,0
ADTX.US,D,20230831,000000,387.6,2723.2,372,2200,42754.925,0
ADTX.US,D,20230901,000000,1320,2150,1000.4,1654.4,44656.175,0
ADTX.US,D,20230905,000000,1440,1750.11,1178,1472,16679.4,0
ADTX.US,D,20230906,000000,1492.4,1651,1280,1318,13577.95,0
ADTX.US,D,20230907,000000,1323.6,1429.6,1086,1177.2,6149.925,0
ADTX.US,D,20230908,000000,1126.8,1436,1097.2,1140,8314.550000000001,0
ADTX.US,D,20230911,000000,1137.6,1200,1004.8,1020,2658.8250000000003,0
ADTX.US,D,20230912,000000,1037.6,1037.6,872.8,915.6,2629.7000000000003,0
ADTX.US,D,20230913,000000,897.6,1112.8,882.452,916.4,5480.25,0
ADTX.US,D,20230914,000000,890.4,976.4,752,818.4,3227.65,0
ADTX.US,D,20230915,000000,806.8,877.6,712.02,780.8,3238.7250000000004,0
ADTX.US,D,20230918,000000,760.8,770,700.348,727.6,762.0250000000001,0
ADTX.US,D,20230919,000000,703.2,880,700,730,6344.55,0
ADTX.US,D,20230920,000000,720.8,759.2,705.2,718.8,896.35,0
ADTX.US,D,20230921,000000,742.4,742.4,695.6,719.6,476.675,0
ADTX.US,D,20230922,000000,696,899.996,624.4,723.6,5919,0
ADTX.US,D,20230925,000000,677.6,694,591,613.2,1094.8,0
ADTX.US,D,20230926,000000,617.764,624,504.804,521.2,2071,0
ADTX.US,D,20230927,000000,488,635.196,484,521.6,4168.525000000001,0
ADTX.US,D,20230928,000000,559.6,960,533.2,543.6,15330.375,0
ADTX.US,D,20230929,000000,532.8,564.396,499.6,499.6,3736.275,0
ADTX.US,D,20231002,000000,486,519.856,470.8,477.6,1213.25,0
ADTX.US,D,20231003,000000,464.8,540,448,460,1954.6750000000002,0
ADTX.US,D,20231004,000000,468.8,492,450.4,487.6,1136.25,0
ADTX.US,D,20231005,000000,482.8,564,467.628,471.2,2120.025,0
ADTX.US,D,20231006,000000,460,516.8,460,486,1422.6750000000002,0
ADTX.US,D,20231009,000000,471.6,494.4,458,458,906,0
ADTX.US,D,20231010,000000,460.4,472.4,416,416.4,1308.25,0
ADTX.US,D,20231011,000000,424,441.132,418.8,425.8,999.2750000000001,0
ADTX.US,D,20231012,000000,418,548,414.8,414.8,4085.8500000000004,0
ADTX.US,D,20231013,000000,409.6,453.828,400.8,400.8,1583.7,0
ADTX.US,D,20231016,000000,400,435.6,391.4,392.4,2554.2000000000003,0
ADTX.US,D,20231017,000000,394,430.4,394,398.4,2295.0750000000003,0
ADTX.US,D,20231018,000000,408,520,379.7,408,10211.75,0
ADTX.US,D,20231019,000000,409.6,427.996,379.2,383.2,1161.6000000000001,0
ADTX.US,D,20231020,000000,376.8,397.596,362,362,898.0250000000001,0
ADTX.US,D,20231023,000000,360.8,361.2,332,332,1164,0
ADTX.US,D,20231024,000000,322.8,355.2,322.8,323.2,1122.125,0
ADTX.US,D,20231025,000000,324.8,329.6,299.2,314.4,1100.525,0
ADTX.US,D,20231026,000000,304.804,317.4,283.2,288,1383.775,0
ADTX.US,D,20231027,000000,283.2,301.224,280,285.6,246.10000000000002,0
ADTX.US,D,20231030,000000,299.2,299.2,260.4,263.66,501.77500000000003,0
ADTX.US,D,20231031,000000,260.4,278,260.276,270,718.225,0
ADTX.US,D,20231101,000000,276,311.6,268,276.4,1226.5,0
ADTX.US,D,20231102,000000,282,301.6,266.8,276.8,1316.4250000000002,0
ADTX.US,D,20231103,000000,282.088,287.6,256.4,261.2,712.4000000000001,0
ADTX.US,D,20231106,000000,268.8,276,240,246,1223.3500000000001,0
ADTX.US,D,20231107,000000,247.2,251.656,232.8,238,1081.55,0
ADTX.US,D,20231108,000000,236,242.8,194.3,200.4,1392.625,0
ADTX.US,D,20231109,000000,197.2,206,172.004,174.356,812.5,0
ADTX.US,D,20231110,000000,182.4,182.4,163.2,166.8,1824.075,0
ADTX.US,D,20231113,000000,175.2,175.6,163.204,166.8,683.075,0
ADTX.US,D,20231114,000000,168.8,280,168.4,193.2,32286.575,0
ADTX.US,D,20231115,000000,174.4,206.4,171.2,182.4,2877.0750000000003,0
ADTX.US,D,20231116,000000,184,184,153.204,157.6,2016.9250000000002,0
ADTX.US,D,20231117,000000,146,158.8,138.404,140,2246.8250000000003,0
ADTX.US,D,20231120,000000,144,151.996,140.404,142.8,1000.0500000000001,0
ADTX.US,D,20231121,000000,147.6,147.6,130.908,138.4,1547.6750000000002,0
ADTX.US,D,20231122,000000,140,144.4,134.4,136.4,554.7,0
ADTX.US,D,20231124,000000,143.2,146,136.4,145.2,626,0
ADTX.US,D,20231127,000000,154,154,133.6,142,2270.975,0
ADTX.US,D,20231128,000000,139.2,142.396,132.4,140,850.8000000000001,0
ADTX.US,D,20231129,000000,140,143.06,132,140,4994.1,0
ADTX.US,D,20231130,000000,186,212,141.2,158.8,179385,0
ADTX.US,D,20231201,000000,144.8,157.6,132.004,136,13777.550000000001,0
ADTX.US,D,20231204,000000,135.2,166,134,159.2,15769.025000000001,0
ADTX.US,D,20231205,000000,152.4,159.2,138.404,138.8,6618.675,0
ADTX.US,D,20231206,000000,135.6,149.988,135.6,135.6,3840.3500000000004,0
ADTX.US,D,20231207,000000,136.4,164,136.4,148.4,13464,0
ADTX.US,D,20231208,000000,142.8,150.144,136.8,137.2,4780.900000000001,0
ADTX.US,D,20231211,000000,137.6,159.2,137.6,152,8511.800000000001,0
ADTX.US,D,20231212,000000,281.188,380,221.6,243.6,890011.65,0
ADTX.US,D,20231213,000000,203.2,255.2,188.8,251.6,48248.950000000004,0
ADTX.US,D,20231214,000000,230.8,239.972,204.8,210,14137.775000000001,0
ADTX.US,D,20231215,000000,203.6,212,192,199.2,6354,0
ADTX.US,D,20231218,000000,194.4,203.884,170.54,172.8,6385.35,0
ADTX.US,D,20231219,000000,180.4,187.076,173.2,183.2,2976.275,0
ADTX.US,D,20231220,000000,192.4,208.8,176.8,190.4,8336.325,0
ADTX.US,D,20231221,000000,196,198.34,172,177.6,4946.35,0
ADTX.US,D,20231222,000000,176,184,170.8,182,4129.225,0
ADTX.US,D,20231226,000000,179.6,184,176.3,179.2,2364.7000000000003,0
ADTX.US,D,20231227,000000,176.4,200,176.4,188.4,6482.450000000001,0
ADTX.US,D,20231228,000000,188.4,219.6,185.2,192.8,14494.95,0
ADTX.US,D,20231229,000000,260.8,338.8,235.2,265.2,692435.4500000001,0
ADTX.US,D,20240102,000000,203.2,226.4,192,192,18044.875,0
ADTX.US,D,20240103,000000,197.2,219.996,192.4,213.6,9787.125,0
ADTX.US,D,20240104,000000,209.2,217.2,202,204.8,4305.125,0
ADTX.US,D,20240105,000000,210.8,214.42,200,203.6,3313.0750000000003,0
ADTX.US,D,20240108,000000,218.4,221.6,196,206.4,11652.5,0
ADTX.US,D,20240109,000000,204,213.596,201.6,211.2,3728,0
ADTX.US,D,20240110,000000,214.8,252,209.2,244.8,15019.550000000001,0
ADTX.US,D,20240111,000000,244.8,253.6,210.8,216,8576.800000000001,0
ADTX.US,D,20240112,000000,212.4,219.2,202.8,207.2,4775.150000000001,0
ADTX.US,D,20240116,000000,203.2,207.8,177.604,183.6,6019.825000000001,0
ADTX.US,D,20240117,000000,194.4,194.4,180.04,182,1448.4250000000002,0
ADTX.US,D,20240118,000000,181.2,183.996,174,178,3358.125,0
ADTX.US,D,20240119,000000,170,172,155.2,160,4148.825,0
ADTX.US,D,20240122,000000,162,164,154.4,161.2,1776.525,0
ADTX.US,D,20240123,000000,158,163.548,154,162.4,1874.1000000000001,0
ADTX.US,D,20240124,000000,159.2,161.6,156.4,161.6,1454.7,0
ADTX.US,D,20240125,000000,160,163.6,152.8,155.6,2000.6000000000001,0
ADTX.US,D,20240126,000000,154.4,159.2,154.4,156.4,689.75,0
ADTX.US,D,20240129,000000,155.6,162.4,154.004,162.4,1429.825,0
ADTX.US,D,20240130,000000,162,173.6,155.6,157.2,9986.6,0
ADTX.US,D,20240131,000000,154,156.8,150,154,1621.075,0
ADTX.US,D,20240201,000000,152,155.2,148.4,149.6,1648.775,0
ADTX.US,D,20240202,000000,149.6,150,145.2,149.2,571.6750000000001,0
ADTX.US,D,20240205,000000,149.2,152.4,142.4,145.2,1584.25,0
ADTX.US,D,20240206,000000,144.8,151.6,144.8,148,1853.575,0
ADTX.US,D,20240207,000000,145.6,151.6,145.2,150.4,2435.25,0
ADTX.US,D,20240208,000000,149.2,155.2,148,153.6,1798.9750000000001,0
ADTX.US,D,20240209,000000,154,154,144,145.6,1099.7,0
ADTX.US,D,20240212,000000,147.2,152,145.6,148.4,811.325,0
ADTX.US,D,20240213,000000,142.8,166,142.8,156,8697.4,0
ADTX.US,D,20240214,000000,154.4,161.6,150,155.6,2470.8250000000003,0
ADTX.US,D,20240215,000000,156,156,146.124,150.4,1749.8000000000002,0
ADTX.US,D,20240216,000000,150.4,154,147.6,153.2,843.225,0
ADTX.US,D,20240220,000000,153.2,166,152,160,6264.375,0
ADTX.US,D,20240221,000000,156.8,157,148.8,148.8,1152.4750000000001,0
ADTX.US,D,20240222,000000,151.2,152,144.8,147.2,874.075,0
ADTX.US,D,20240223,000000,146.4,151.596,135.352,138.4,1859.75,0
ADTX.US,D,20240226,000000,149.6,149.6,138.8,138.8,928.375,0
ADTX.US,D,20240227,000000,142.8,147.196,140,146,717.75,0
ADTX.US,D,20240228,000000,143.2,149.2,131.6,138,1967.6750000000002,0
ADTX.US,D,20240229,000000,140.8,143.6,136,139.6,627.575,0
ADTX.US,D,20240301,000000,138.8,139.6,135.48,136.4,732.2,0
ADTX.US,D,20240304,000000,135.6,139.6,135.6,139.6,448.25,0
ADTX.US,D,20240305,000000,139.2,139.6,135.548,136.8,623.4250000000001,0
ADTX.US,D,20240306,000000,139.6,139.6,136,139.2,956.325,0
ADTX.US,D,20240307,000000,139.6,164,135.2,158,28358.475000000002,0
ADTX.US,D,20240308,000000,156,163.2,145.204,148.8,3704.25,0
ADTX.US,D,20240311,000000,146,153.436,144.4,149.2,1343.4750000000001,0
ADTX.US,D,20240312,000000,152.4,153.2,147.6,147.6,1184,0
ADTX.US,D,20240313,000000,152,152,139.204,150.8,1755.5500000000002,0
ADTX.US,D,20240314,000000,150.8,150.8,141.6,149.2,1006.7750000000001,0
ADTX.US,D,20240315,000000,145.6,147.612,134.8,134.8,1974.5,0
ADTX.US,D,20240318,000000,133.6,134.8,121.408,124.8,1535.15,0
ADTX.US,D,20240319,000000,123.2,131.94,122,122,1576.8000000000002,0
ADTX.US,D,20240320,000000,126,129.6,122.4,128.4,1088.4,0
ADTX.US,D,20240321,000000,125.6,129.2,123.6,123.6,402.70000000000005,0
ADTX.US,D,20240322,000000,123.6,129.596,123.2,125.6,502.20000000000005,0
ADTX.US,D,20240325,000000,124,128,124,127,254.525,0
ADTX.US,D,20240326,000000,125.76,127.2,124,124.2,271.6,0
ADTX.US,D,20240327,000000,127.6,127.6,118,121.6,1475.65,0
ADTX.US,D,20240328,000000,122.06,139.596,122,136,9186.6,0
ADTX.US,D,20240401,000000,135.2,145.6,127.2,127.2,6525.1,0
ADTX.US,D,20240402,000000,205.12,218,132,134.8,400034.30000000005,0
ADTX.US,D,20240403,000000,126.4,128,120.4,123.6,22187.95,0
ADTX.US,D,20240404,000000,122.4,140,119.6,129.6,11080.300000000001,0
ADTX.US,D,20240405,000000,133.6,136.8,122.4,124.4,5686.975,0
ADTX.US,D,20240408,000000,124,126,120,124.4,3964.125,0
ADTX.US,D,20240409,000000,122.4,136.712,122.4,132,5737.175,0
ADTX.US,D,20240410,000000,129.2,129.2,122.4,124.8,2265.925,0
ADTX.US,D,20240411,000000,127.6,130.4,124.4,126,1032.75,0
ADTX.US,D,20240412,000000,126.4,128.4,120,120.4,2079.6,0
ADTX.US,D,20240415,000000,120,123.2,104,106.8,2141.5,0
ADTX.US,D,20240416,000000,103.6,103.6,92.24,97.2,1062,0
ADTX.US,D,20240417,000000,96,98.4,93.2,94,959.8000000000001,0
ADTX.US,D,20240418,000000,102,102,91.2,96.4,1385.3500000000001,0
ADTX.US,D,20240419,000000,99.2,99.2,92,92.4,367.05,0
ADTX.US,D,20240422,000000,96,96,85.6,88.8,1555.9750000000001,0
ADTX.US,D,20240423,000000,93.2,93.2,87.2,90.8,671.0250000000001,0
ADTX.US,D,20240424,000000,96.4,96.4,90.8,94.8,701.2750000000001,0
ADTX.US,D,20240425,000000,92.4,107.6,90.716,101.2,4525.1,0
ADTX.US,D,20240426,000000,98.4,106,95.204,95.6,1644.4250000000002,0
ADTX.US,D,20240429,000000,96.4,101.804,95.2,96.4,879.5500000000001,0
ADTX.US,D,20240430,000000,94.8,101.604,94.8,96.4,248.5,0
ADTX.US,D,20240501,000000,95.2,99.2,92,96.4,611.225,0
ADTX.US,D,20240502,000000,94,98.8,94,98.8,392.90000000000003,0
ADTX.US,D,20240503,000000,94.8,96,91.2,92,1114.9,0
ADTX.US,D,20240506,000000,93.2,94.8,86.4,86.4,1228.55,0
ADTX.US,D,20240507,000000,85.6,88.4,78,81.6,1311.3500000000001,0
ADTX.US,D,20240508,000000,83.6,84.8,82,84,339.675,0
ADTX.US,D,20240509,000000,80.4,83.6,80,82.8,410.875,0
ADTX.US,D,20240510,000000,84,89.596,81.6,82.8,818.1500000000001,0
ADTX.US,D,20240513,000000,83.912,85.16,82,82.4,545.95,0
ADTX.US,D,20240514,000000,84,89.996,84,88,1365.125,0
ADTX.US,D,20240515,000000,87.2,89,78.8,82,613.85,0
ADTX.US,D,20240516,000000,82,85.692,77.8,80.4,1214.55,0
ADTX.US,D,20240517,000000,82.16,82.4,80,80.4,467.975,0
ADTX.US,D,20240520,000000,81.004,84.8,80.528,83.6,484.475,0
ADTX.US,D,20240521,000000,82.4,88.8,82,83.2,1095.1000000000001,0
ADTX.US,D,20240522,000000,84.4,87.608,83.2,84.4,669.45,0
ADTX.US,D,20240523,000000,83.2,84,80,82.8,409.55,0
ADTX.US,D,20240524,000000,81.6,82.4,80.8,81.2,305.15000000000003,0
ADTX.US,D,20240528,000000,82.4,82.4,78.8,80.4,671,0
ADTX.US,D,20240529,000000,80.8,80.8,78.4,79.6,396.175,0
ADTX.US,D,20240530,000000,80,80,78,78,310.375,0
ADTX.US,D,20240531,000000,78.4,80,76.8,76.8,499.375,0
ADTX.US,D,20240603,000000,80,80.2,78,79.6,219.525,0
ADTX.US,D,20240604,000000,78.8,78.8,76.4,76.4,380.82500000000005,0
ADTX.US,D,20240605,000000,78.8,80.4,78,80.4,1328,0
ADTX.US,D,20240606,000000,79.6,80.4,77.04,77.524,363.875,0
ADTX.US,D,20240607,000000,78.404,78.744,76.4,77.2,552.6750000000001,0
ADTX.US,D,20240610,000000,77.6,78.8,76.4,76.4,235.9,0
ADTX.US,D,20240611,000000,76.8,79.2,76,76.012,2486.125,0
ADTX.US,D,20240612,000000,76.936,78,75.216,76.8,714.7,0
ADTX.US,D,20240613,000000,76,76,66,71.2,1616.025,0
ADTX.US,D,20240614,000000,70.4,70.8,62.4,64.8,1880.7250000000001,0
ADTX.US,D,20240617,000000,67.6,67.6,62.4,62.4,1006.9250000000001,0
ADTX.US,D,20240618,000000,62.4,62.4,57.6,57.6,1619.875,0
ADTX.US,D,20240620,000000,57.6,62.8,57.6,59.2,1985.875,0
ADTX.US,D,20240621,000000,60.4,63.2,54,56,1030.45,0
ADTX.US,D,20240624,000000,56.4,59.2,55.232,56.4,322.07500000000005,0
ADTX.US,D,20240625,000000,57.2,60,56.4,57.44,562.75,0
ADTX.US,D,20240626,000000,57.4,57.4,54.8,55.6,815.35,0
ADTX.US,D,20240627,000000,56.396,56.4,54.8,55.6,722.075,0
ADTX.US,D,20240628,000000,56,57.996,54.4,54.8,386.90000000000003,0
ADTX.US,D,20240701,000000,55.44,66.8,55.136,63.2,7170.275000000001,0
ADTX.US,D,20240702,000000,63.6,63.6,58,58.6,336.02500000000003,0
ADTX.US,D,20240703,000000,59.4,60,58.4,60,207.175,0
ADTX.US,D,20240705,000000,60,60.8,58,58.4,229.025,0
ADTX.US,D,20240708,000000,60.4,60.4,58.824,59.6,266.625,0
ADTX.US,D,20240709,000000,61.2,73.6,58.8,67.6,6977.075000000001,0
ADTX.US,D,20240710,000000,64.8,69.196,63.6,66.8,1678.575,0
ADTX.US,D,20240711,000000,66.8,66.8,61.28,64,692.0500000000001,0
ADTX.US,D,20240712,000000,64,66.4,61.6,64.4,613.15,0
ADTX.US,D,20240715,000000,64.8,64.8,58,60.4,1035.525,0
ADTX.US,D,20240716,000000,60.4,63.996,60.4,63.996,796.575,0
ADTX.US,D,20240717,000000,106.4,108.8,79.2,92.8,765388.3250000001,0
ADTX.US,D,20240718,000000,81.6,84,74,75.2,32968.25,0
ADTX.US,D,20240719,000000,66.4,69.6,62,64,14623.925000000001,0
ADTX.US,D,20240722,000000,64.4,64.4,54.4,56,9745.65,0
ADTX.US,D,20240723,000000,55.6,76.4,51.984,59.2,44982.475000000006,0
ADTX.US,D,20240724,000000,59.2,60,55.6,56.4,6496.05,0
ADTX.US,D,20240725,000000,54.4,59.596,54.4,55.2,5101.275000000001,0
ADTX.US,D,20240726,000000,57.2,57.6,52.4,54,4638.3,0
ADTX.US,D,20240729,000000,53.6,55.2,52.4,53.6,2891.775,0
ADTX.US,D,20240730,000000,52.8,54,46.4,47.6,3924.3500000000004,0
ADTX.US,D,20240731,000000,48,48.8,44.4,47.6,3464.9750000000004,0
ADTX.US,D,20240801,000000,47.6,48,42.4,42.8,2173.2000000000003,0
ADTX.US,D,20240802,000000,43.2,44.4,40.4,41.6,2793.775,0
ADTX.US,D,20240805,000000,38.996,38.996,35.6,36.24,3811.25,0
ADTX.US,D,20240806,000000,36.8,39.92,36.404,39.88,2915.4,0
ADTX.US,D,20240807,000000,50.4,85.6,45.2,51.6,2647614.975,0
ADTX.US,D,20240808,000000,52.4,59.2,46,50,113783.125,0
ADTX.US,D,20240809,000000,47.2,52.8,46.8,49.2,33285.675,0
ADTX.US,D,20240812,000000,45.6,45.6,42.4,43.6,13906.25,0
ADTX.US,D,20240813,000000,44.4,45.6,43.2,44.4,7119.875,0
ADTX.US,D,20240814,000000,44.8,45.6,43.604,44.4,5287.975,0
ADTX.US,D,20240815,000000,43.6,45.596,43.2,44.8,9094.35,0
ADTX.US,D,20240816,000000,45.6,46.4,44,46.4,5324.400000000001,0
ADTX.US,D,20240819,000000,46.8,46.8,43.2,45.6,11456.7,0
ADTX.US,D,20240820,000000,44,45.2,36.724,38,15686.75,0
ADTX.US,D,20240821,000000,38,42,37.936,39.6,8116.975,0
ADTX.US,D,20240822,000000,40,40.764,37.542,38,4461.5,0
ADTX.US,D,20240823,000000,37.628,39.2,35.3,35.904,6253.1,0
ADTX.US,D,20240826,000000,36.8,37.596,29.344,31.704,12913.400000000001,0
ADTX.US,D,20240827,000000,32.36,32.3996,27.6,29.88,10102.325,0
ADTX.US,D,20240828,000000,28.984,29.856,24,25.076,9662.725,0
ADTX.US,D,20240829,000000,25.508,28.84,22.44,23.16,14601.125,0
ADTX.US,D,20240830,000000,23.2,26,23.2,25.684,6327.1,0
ADTX.US,D,20240903,000000,25.684,26,24,24,4440.925,0
ADTX.US,D,20240904,000000,21.472,22,18.32,19.276,29584.550000000003,0
ADTX.US,D,20240905,000000,19.2,19.8,17.38,17.56,12856.150000000001,0
ADTX.US,D,20240906,000000,17.6,19.028,16.656,18.62,7351.325000000001,0
ADTX.US,D,20240909,000000,19.2,21.2,18.4,19.04,9174.45,0
ADTX.US,D,20240910,000000,19.2,20.608,18.968,19.84,2999.5,0
ADTX.US,D,20240911,000000,19.784,20.644,18.968,19.52,3276.8250000000003,0
ADTX.US,D,20240912,000000,19.96,20.4,18.484,20,4347.875,0
ADTX.US,D,20240913,000000,20,20.396,17.6,18,13215.925000000001,0
ADTX.US,D,20240916,000000,18.48,19.6,18,18,4653.525000000001,0
ADTX.US,D,20240917,000000,18.56,18.792,16.784,17.908,4623.35,0
ADTX.US,D,20240918,000000,17.596,18.36,17.552,17.84,1970.875,0
ADTX.US,D,20240919,000000,17.76,18.68,15.608,15.92,19470.275,0
ADTX.US,D,20240920,000000,16,16,14.8,15.304,182586.975,0
ADTX.US,D,20240923,000000,13.2,13.2,10.296,10.76,79320.75,0
ADTX.US,D,20240924,000000,10.4,10.56,8.776,9.052,69139.6,0
ADTX.US,D,20240925,000000,9.052,9.2,8.464,8.68,31290.800000000003,0
ADTX.US,D,20240926,000000,9.08,9.172,7.92,8.78,37529.35,0
ADTX.US,D,20240927,000000,8.4,9.28,6.488,6.532,305807.85000000003,0
ADTX.US,D,20240930,000000,6,6.24,4.08,4.288,456985.9,0
ADTX.US,D,20241001,000000,4.64,4.76,3.66,4.444,1047321.9750000001,0
ADTX.US,D,20241002,000000,4.75,5.12,2.6,2.7,3850749,0
ADTX.US,D,20241003,000000,2.4,2.5,1.8,1.94,4506621,0
ADTX.US,D,20241004,000000,2.18,3.1,1.59,1.6,44778323,0
ADTX.US,D,20241007,000000,1.72,1.7699,1.28,1.49,4384680,0
ADTX.US,D,20241008,000000,1.56,1.72,1.3,1.41,6719213,0
ADTX.US,D,20241009,000000,1.33,1.42,1.17,1.21,1772774,0
ADTX.US,D,20241010,000000,1.25,1.3,1.13,1.23,1573005,0
ADTX.US,D,20241011,000000,1.2,1.23,1.13,1.16,950432,0
ADTX.US,D,20241014,000000,1.1,1.1999,1.07,1.1,867046,0
ADTX.US,D,20241015,000000,1.1,1.8599,1.08,1.12,18850255,0
ADTX.US,D,20241016,000000,1.21,1.3,1.08,1.11,7359136,0
ADTX.US,D,20241017,000000,1.11,1.11,1.01,1.08,2715048,0
ADTX.US,D,20241018,000000,1.02,1.18,1.01,1.05,3141658,0
ADTX.US,D,20241021,000000,1.11,1.19,1.055,1.09,4691382,0
ADTX.US,D,20241022,000000,1.04,1.07,1.005,1.02,2227720,0
ADTX.US,D,20241023,000000,1.02,1.02,0.901,0.92,2502122,0
ADTX.US,D,20241024,000000,0.912,0.92,0.7881,0.795,1824701,0
ADTX.US,D,20241025,000000,0.795,0.899961,0.76,0.8384,1873925,0
ADTX.US,D,20241028,000000,0.8298,0.8298,0.705,0.715,2506328,0
ADTX.US,D,20241029,000000,0.71,0.71,0.5626,0.5858,2992646,0
ADTX.US,D,20241030,000000,0.59,0.59,0.53,0.5516,3366778,0
ADTX.US,D,20241031,000000,0.5852,0.5852,0.505,0.555,13551435,0
ADTX.US,D,20241101,000000,0.53,0.5598,0.5101,0.5299,2423121,0
ADTX.US,D,20241104,000000,0.516,0.542,0.48,0.49,1622681,0
ADTX.US,D,20241105,000000,0.48,0.4879,0.4529,0.4736,904430,0
ADTX.US,D,20241106,000000,0.4893,0.5298,0.47,0.475,4879339,0
ADTX.US,D,20241107,000000,0.43,0.4383,0.361,0.37,4357115,0
ADTX.US,D,20241108,000000,0.3781,0.38,0.35,0.3572,2269133,0
ADTX.US,D,20241111,000000,0.365,0.39,0.361,0.3685,1431487,0
ADTX.US,D,20241112,000000,0.3736,0.3789,0.35,0.3694,1012432,0
ADTX.US,D,20241113,000000,0.37,0.37,0.3402,0.3479,857659,0
ADTX.US,D,20241114,000000,0.3479,0.35,0.3183,0.3485,2006776,0
ADTX.US,D,20241115,000000,0.3396,0.35,0.3201,0.323,492633,0
ADTX.US,D,20241118,000000,0.3253,0.349,0.31,0.339,1288614,0
ADTX.US,D,20241119,000000,0.33,0.3789,0.33,0.35,2042216,0
ADTX.US,D,20241120,000000,0.3395,0.35,0.324,0.3389,697333,0
ADTX.US,D,20241121,000000,0.3385,0.3388,0.3161,0.3245,942423,0
ADTX.US,D,20241122,000000,0.3215,0.343933,0.3211,0.3389,647995,0
ADTX.US,D,20241125,000000,0.338,0.4227,0.3351,0.4,5463699,0
ADTX.US,D,20241126,000000,0.38,0.38,0.3232,0.3299,2044374,0
ADTX.US,D,20241127,000000,0.3299,0.3557,0.326,0.3485,691683,0
ADTX.US,D,20241129,000000,0.34,0.39,0.34,0.37,2447651,0
ADTX.US,D,20241202,000000,0.3634,0.37,0.3532,0.37,639599,0
ADTX.US,D,20241203,000000,0.37,0.37,0.3518,0.3605,559874,0
ADTX.US,D,20241204,000000,0.36,0.3666,0.3401,0.35,659703,0
ADTX.US,D,20241205,000000,0.3402,0.3549,0.33,0.3424,505328,0
ADTX.US,D,20241206,000000,0.347,0.3548,0.337,0.3491,373780,0
ADTX.US,D,20241209,000000,0.34,0.365,0.34,0.3511,497614,0
ADTX.US,D,20241210,000000,0.3448,0.3647,0.3401,0.352,753140,0
ADTX.US,D,20241211,000000,0.357,0.365,0.3455,0.3562,451702,0
ADTX.US,D,20241212,000000,0.34,0.3582,0.3375,0.3429,919807,0
ADTX.US,D,20241213,000000,0.34,0.3497,0.335,0.3482,600103,0
ADTX.US,D,20241216,000000,0.346,0.346,0.3021,0.3046,1497086,0
ADTX.US,D,20241217,000000,0.3056,0.3056,0.2481,0.2637,1444617,0
ADTX.US,D,20241218,000000,0.2649,0.2649,0.239,0.239,1433471,0
ADTX.US,D,20241219,000000,0.247,0.248,0.22,0.226,1631559,0
ADTX.US,D,20241220,000000,0.1975,0.2099,0.185,0.1861,10752725,0
ADTX.US,D,20241223,000000,0.1947,0.241,0.186,0.187,6816370,0
ADTX.US,D,20241224,000000,0.2047,0.2089,0.178,0.1844,5767061,0
ADTX.US,D,20241226,000000,0.1811,0.2045,0.181,0.1925,10701652,0
ADTX.US,D,20241227,000000,0.192,0.1965,0.1802,0.188,7099367,0
ADTX.US,D,20241230,000000,0.207,0.212,0.19,0.1951,15727054,0
ADTX.US,D,20241231,000000,0.204,0.204,0.1805,0.1898,11797861,0
ADTX.US,D,20250102,000000,0.1967,0.2045,0.185,0.195,23073636,0
ADTX.US,D,20250103,000000,0.19095,0.227,0.1873,0.208,34829725,0
ADTX.US,D,20250106,000000,0.21,0.2189,0.1948,0.196,29897745,0
ADTX.US,D,20250107,000000,0.1954,0.207,0.1922,0.1937,27828819,0
ADTX.US,D,20250108,000000,0.1896,0.19,0.1515,0.1682,28676824,0
ADTX.US,D,20250110,000000,0.175,0.189,0.162,0.1699,12114017,0
ADTX.US,D,20250113,000000,0.179,0.179,0.145,0.1559,53544789,0
ADTX.US,D,20250114,000000,0.144,0.144,0.1292,0.1351,19288413,0
ADTX.US,D,20250115,000000,0.1261,0.2066,0.121,0.131,162316209,0
ADTX.US,D,20250116,000000,0.1989,0.2077,0.127,0.1376,283606835,0
ADTX.US,D,20250117,000000,0.1437,0.1445,0.128,0.1315,39424733,0
ADTX.US,D,20250121,000000,0.1236,0.12486,0.115,0.122,18832010,0
ADTX.US,D,20250122,000000,0.1174,0.1195,0.1083,0.1149,11533086,0
ADTX.US,D,20250123,000000,0.1127,0.115,0.107,0.1117,7641784,0
ADTX.US,D,20250124,000000,0.1116,0.13,0.1115,0.1173,24231092,0
ADTX.US,D,20250127,000000,0.1151,0.1165,0.1055,0.1094,7740449,0
ADTX.US,D,20250128,000000,0.1109,0.121499,0.1103,0.1155,10457328,0
ADTX.US,D,20250129,000000,0.116,0.1163,0.108,0.11,9712215,0
ADTX.US,D,20250130,000000,0.11,0.1115,0.108,0.1092,8166114,0
ADTX.US,D,20250131,000000,0.11,0.112,0.106,0.1072,11036690,0
ADTX.US,D,20250203,000000,0.1083,0.12,0.1061,0.11,11665821,0
ADTX.US,D,20250204,000000,0.1121,0.1121,0.0905,0.0958,14439387,0
ADTX.US,D,20250205,000000,0.1,0.1,0.091,0.0927,7918946,0
ADTX.US,D,20250206,000000,0.0915,0.0927,0.0822,0.09,14380518,0
ADTX.US,D,20250207,000000,0.103,0.103,0.0851,0.09,66906021,0
ADTX.US,D,20250210,000000,0.0818,0.1142,0.0812,0.1046,127364262,0
ADTX.US,D,20250211,000000,0.099,0.1194,0.0943,0.0952,188469688,0
ADTX.US,D,20250212,000000,0.1,0.105,0.0871,0.0912,184100932,0
ADTX.US,D,20250213,000000,0.0696,0.082,0.066,0.0749,163588527,0
