<TICKER>,<PER>,<DATE>,<TIME>,<OPEN>,<HIGH>,<LOW>,<CLOSE>,<VOL>,<OPENINT>
ALSAF.US,D,20220121,000000,9.82,9.82,9.81,9.81,19485,0
ALSAF.US,D,20220124,000000,9.81,9.81,9.7736,9.81,75300,0
ALSAF.US,D,20220125,000000,9.81,9.81,9.7783,9.7783,6586,0
ALSAF.US,D,20220126,000000,9.8,9.81,9.8,9.8,17740,0
ALSAF.US,D,20220127,000000,9.8,9.82,9.7959,9.805,524633,0
ALSAF.US,D,20220128,000000,9.82,9.825,9.81,9.81,56658,0
ALSAF.US,D,20220131,000000,9.82,9.82,9.81,9.82,168502,0
ALSAF.US,D,20220201,000000,9.82,9.82,9.82,9.82,103,0
ALSAF.US,D,20220202,000000,9.8,9.82,9.8,9.82,42455,0
ALSAF.US,D,20220203,000000,9.81,9.82,9.8,9.8,296896,0
ALSAF.US,D,20220204,000000,9.82,9.85,9.82,9.84,420908,0
ALSAF.US,D,20220207,000000,9.85,9.85,9.85,9.85,180494,0
ALSAF.US,D,20220208,000000,9.83,9.85,9.83,9.83,161421,0
ALSAF.US,D,20220209,000000,9.84,9.85,9.83,9.83,11125,0
ALSAF.US,D,20220210,000000,9.84,9.84,9.82,9.82,123528,0
ALSAF.US,D,20220211,000000,9.83,9.84,9.81,9.81,349800,0
ALSAF.US,D,20220214,000000,9.81,9.84,9.81,9.83,143308,0
ALSAF.US,D,20220215,000000,9.84,9.84,9.82,9.82,86329,0
ALSAF.US,D,20220216,000000,9.83,9.83,9.83,9.83,64418,0
ALSAF.US,D,20220217,000000,9.83,9.84,9.83,9.83,3837,0
ALSAF.US,D,20220218,000000,9.84,9.84,9.83,9.83,2786,0
ALSAF.US,D,20220222,000000,9.84,9.84,9.84,9.84,3171,0
ALSAF.US,D,20220223,000000,9.85,9.85,9.83,9.84,19147,0
ALSAF.US,D,20220225,000000,9.85,9.85,9.85,9.85,2198,0
ALSAF.US,D,20220228,000000,9.85,9.85,9.8402,9.85,6468,0
ALSAF.US,D,20220301,000000,9.845,9.85,9.841,9.85,7113,0
ALSAF.US,D,20220302,000000,9.85,9.85,9.85,9.85,8031,0
ALSAF.US,D,20220304,000000,9.86,9.86,9.86,9.86,1020,0
ALSAF.US,D,20220307,000000,9.87,9.87,9.86,9.86,1716,0
ALSAF.US,D,20220308,000000,9.86,9.86,9.86,9.86,1123,0
ALSAF.US,D,20220309,000000,9.86,9.86,9.86,9.86,2007,0
ALSAF.US,D,20220310,000000,9.85,9.86,9.85,9.86,502,0
ALSAF.US,D,20220311,000000,9.8647,9.87,9.8647,9.87,19827,0
ALSAF.US,D,20220314,000000,9.87,9.87,9.87,9.87,1002,0
ALSAF.US,D,20220315,000000,9.87,9.87,9.865,9.87,3143,0
ALSAF.US,D,20220316,000000,9.87,9.87,9.87,9.87,45181,0
ALSAF.US,D,20220321,000000,9.865,9.87,9.86,9.86,4808,0
ALSAF.US,D,20220322,000000,9.87,9.87,9.87,9.87,1031,0
ALSAF.US,D,20220324,000000,9.88,9.88,9.88,9.88,505,0
ALSAF.US,D,20220325,000000,9.87,9.89,9.87,9.89,152463,0
ALSAF.US,D,20220328,000000,9.87,9.88,9.87,9.88,1576,0
ALSAF.US,D,20220329,000000,9.88,9.89,9.88,9.89,502795,0
ALSAF.US,D,20220330,000000,9.89,9.89,9.8875,9.8875,2470,0
ALSAF.US,D,20220331,000000,9.9,9.9,9.88,9.89,9606,0
ALSAF.US,D,20220404,000000,9.8908,9.8908,9.8908,9.8908,1002,0
ALSAF.US,D,20220406,000000,9.9,9.9,9.896,9.896,1549,0
ALSAF.US,D,20220407,000000,9.89,9.91,9.89,9.91,104153,0
ALSAF.US,D,20220408,000000,9.9,9.905,9.9,9.9,4048,0
ALSAF.US,D,20220411,000000,9.9,9.905,9.9,9.905,402,0
ALSAF.US,D,20220412,000000,9.91,9.91,9.91,9.91,1100,0
ALSAF.US,D,20220413,000000,9.9,9.92,9.9,9.92,11426,0
ALSAF.US,D,20220414,000000,9.9107,9.914,9.9107,9.9131,12700,0
ALSAF.US,D,20220418,000000,9.91,9.91,9.91,9.91,12872,0
ALSAF.US,D,20220419,000000,9.91,9.91,9.91,9.91,1973,0
ALSAF.US,D,20220420,000000,9.92,9.92,9.92,9.92,16314,0
ALSAF.US,D,20220421,000000,9.93,9.93,9.91,9.9103,2036,0
ALSAF.US,D,20220425,000000,9.92,9.93,9.92,9.925,6086,0
ALSAF.US,D,20220426,000000,9.925,9.925,9.925,9.925,2893,0
ALSAF.US,D,20220427,000000,9.92,9.92,9.92,9.92,12232,0
ALSAF.US,D,20220428,000000,9.93,9.93,9.92,9.93,16491,0
ALSAF.US,D,20220429,000000,9.93,9.93,9.92,9.93,12584,0
ALSAF.US,D,20220502,000000,9.93,9.93,9.9299,9.93,9800,0
ALSAF.US,D,20220503,000000,9.93,9.9307,9.93,9.9307,20087,0
ALSAF.US,D,20220509,000000,9.94,9.94,9.92,9.92,19351,0
ALSAF.US,D,20220510,000000,9.92,9.93,9.915,9.915,12365,0
ALSAF.US,D,20220511,000000,9.92,9.92,9.91,9.91,13000,0
ALSAF.US,D,20220512,000000,9.9,9.9067,9.9,9.9067,9204,0
ALSAF.US,D,20220513,000000,9.9,9.9,9.9,9.9,411,0
ALSAF.US,D,20220516,000000,9.9,9.9,9.9,9.9,4664,0
ALSAF.US,D,20220517,000000,9.91,9.91,9.9,9.9,1106,0
ALSAF.US,D,20220518,000000,9.9,9.9001,9.9,9.9,7241,0
ALSAF.US,D,20220519,000000,9.89,9.9,9.89,9.895,14402,0
ALSAF.US,D,20220524,000000,9.9001,9.9001,9.9,9.9,5475,0
ALSAF.US,D,20220525,000000,9.94,9.94,9.9399,9.9399,250,0
ALSAF.US,D,20220526,000000,9.9,9.9094,9.9,9.9094,9400,0
ALSAF.US,D,20220527,000000,9.92,9.92,9.9,9.909,6517,0
ALSAF.US,D,20220531,000000,9.92,9.9201,9.91,9.92,3567,0
ALSAF.US,D,20220601,000000,9.92,9.9201,9.91,9.92,7268,0
ALSAF.US,D,20220606,000000,9.94,9.94,9.94,9.94,165,0
ALSAF.US,D,20220607,000000,9.91,9.91,9.91,9.91,321,0
ALSAF.US,D,20220608,000000,9.92,9.92,9.92,9.92,601,0
ALSAF.US,D,20220609,000000,9.94,9.94,9.94,9.94,2080,0
ALSAF.US,D,20220613,000000,9.92,9.92,9.92,9.92,230,0
ALSAF.US,D,20220614,000000,9.92,9.92,9.92,9.92,1841,0
ALSAF.US,D,20220615,000000,9.93,9.93,9.91,9.91,385703,0
ALSAF.US,D,20220616,000000,9.92,9.92,9.92,9.92,3049,0
ALSAF.US,D,20220622,000000,9.92,9.92,9.92,9.92,11060,0
ALSAF.US,D,20220623,000000,9.93,9.93,9.92,9.92,10628,0
ALSAF.US,D,20220624,000000,9.93,9.93,9.93,9.93,5377,0
ALSAF.US,D,20220627,000000,9.94,9.94,9.935,9.94,41260,0
ALSAF.US,D,20220630,000000,9.93,9.931,9.93,9.93,8196,0
ALSAF.US,D,20220705,000000,9.93,9.94,9.93,9.94,5438,0
ALSAF.US,D,20220706,000000,9.93,9.93,9.93,9.93,1659,0
ALSAF.US,D,20220707,000000,9.93,9.93,9.93,9.93,261,0
ALSAF.US,D,20220708,000000,9.95,9.95,9.95,9.95,19174,0
ALSAF.US,D,20220711,000000,9.94,9.9502,9.94,9.95,769,0
ALSAF.US,D,20220715,000000,9.96,9.96,9.96,9.96,11068,0
ALSAF.US,D,20220718,000000,10,10,10,10,167,0
ALSAF.US,D,20220719,000000,10,10,9.97,9.97,584,0
ALSAF.US,D,20220720,000000,9.99,9.99,9.99,9.99,1115,0
ALSAF.US,D,20220721,000000,9.96,9.97,9.96,9.96,291,0
ALSAF.US,D,20220722,000000,9.98,9.99,9.98,9.99,1130,0
ALSAF.US,D,20220725,000000,9.97,9.97,9.96,9.96,276,0
ALSAF.US,D,20220727,000000,9.98,9.98,9.96,9.96,2971,0
ALSAF.US,D,20220729,000000,9.96,9.98,9.96,9.98,1300,0
ALSAF.US,D,20220801,000000,9.97,9.97,9.97,9.97,373,0
ALSAF.US,D,20220803,000000,10.01,10.01,9.97,9.99,542,0
ALSAF.US,D,20220805,000000,9.98,9.99,9.98,9.99,787,0
ALSAF.US,D,20220810,000000,9.98,9.98,9.98,9.98,559,0
ALSAF.US,D,20220811,000000,9.99,9.99,9.99,9.99,112,0
ALSAF.US,D,20220812,000000,9.9893,10,9.9893,10,1448,0
ALSAF.US,D,20220815,000000,9.99,9.9901,9.99,9.99,5050,0
ALSAF.US,D,20220816,000000,10,10,10,10,116,0
ALSAF.US,D,20220817,000000,10,10,9.99,10,6000,0
ALSAF.US,D,20220818,000000,10,10,10,10,5000,0
ALSAF.US,D,20220819,000000,10.0093,10.01,10.0093,10.01,1300,0
ALSAF.US,D,20220822,000000,10.01,10.01,10.01,10.01,2830,0
ALSAF.US,D,20220824,000000,10.01,10.01,10.0093,10.01,85205,0
ALSAF.US,D,20220825,000000,10.01,10.01,10,10.01,21066,0
ALSAF.US,D,20220826,000000,10.02,10.02,10.02,10.02,1000,0
ALSAF.US,D,20220829,000000,10.02,10.02,10.02,10.02,50109,0
ALSAF.US,D,20220830,000000,10.02,10.02,10.02,10.02,3912,0
ALSAF.US,D,20220902,000000,10.0293,10.0302,10.02,10.02,21431,0
ALSAF.US,D,20220906,000000,10.0293,10.03,10.0293,10.03,12800,0
ALSAF.US,D,20220908,000000,10.03,10.03,10.03,10.03,1032,0
ALSAF.US,D,20220909,000000,10.08,10.08,10.08,10.08,110,0
ALSAF.US,D,20220912,000000,10.035,10.035,10.03,10.03,50122,0
ALSAF.US,D,20220914,000000,10.07,10.07,10.04,10.04,43395,0
ALSAF.US,D,20220915,000000,10.04,10.0422,10.04,10.04,16299,0
ALSAF.US,D,20220919,000000,10.04,10.05,10.04,10.05,17380,0
ALSAF.US,D,20220920,000000,10.06,10.06,10.06,10.06,292,0
ALSAF.US,D,20220921,000000,10.05,10.06,10.05,10.06,3151,0
ALSAF.US,D,20220922,000000,10.06,10.06,10.06,10.06,11298,0
ALSAF.US,D,20220923,000000,10.07,10.07,10.07,10.07,10000,0
ALSAF.US,D,20220926,000000,10.0693,10.07,10.069,10.07,19002,0
ALSAF.US,D,20220927,000000,10.07,10.07,10.07,10.07,189802,0
ALSAF.US,D,20220928,000000,10.08,10.08,10.07,10.07,5237,0
ALSAF.US,D,20220929,000000,10.07,10.07,10.07,10.07,1540,0
ALSAF.US,D,20220930,000000,10.0793,10.08,10.0793,10.08,5600,0
ALSAF.US,D,20221004,000000,10.09,10.09,10.085,10.09,2755,0
ALSAF.US,D,20221005,000000,10.08,10.08,10.08,10.08,250,0
ALSAF.US,D,20221006,000000,10.09,10.09,10.09,10.09,500,0
ALSAF.US,D,20221007,000000,10.09,10.09,10.09,10.09,13084,0
ALSAF.US,D,20221010,000000,10.1,10.1,10.1,10.1,2500,0
ALSAF.US,D,20221011,000000,10.1,10.1,10.09,10.09,29817,0
ALSAF.US,D,20221012,000000,10.1,10.1,10.09,10.09,69950,0
ALSAF.US,D,20221013,000000,10.09,10.09,10.09,10.09,460,0
ALSAF.US,D,20221014,000000,10.1,10.1,10.1,10.1,3426,0
ALSAF.US,D,20221017,000000,10.11,10.1101,10.11,10.11,16054,0
ALSAF.US,D,20221019,000000,10.11,10.1101,10.11,10.1101,11425,0
ALSAF.US,D,20221021,000000,10.12,10.13,10.12,10.13,68251,0
ALSAF.US,D,20221026,000000,10.12,10.12,10.12,10.12,675,0
ALSAF.US,D,20221027,000000,10.13,10.13,10.129,10.13,43946,0
ALSAF.US,D,20221101,000000,10.14,10.14,10.14,10.14,2670,0
ALSAF.US,D,20221104,000000,10.14,10.14,10.14,10.14,100,0
ALSAF.US,D,20221107,000000,10.14,10.14,10.14,10.14,100,0
ALSAF.US,D,20221108,000000,10.1493,10.15,10.14,10.14,6101,0
ALSAF.US,D,20221109,000000,10.16,10.17,10.15,10.16,1223683,0
ALSAF.US,D,20221110,000000,10.17,10.17,10.17,10.17,368,0
ALSAF.US,D,20221111,000000,10.16,10.17,10.16,10.16,8215,0
ALSAF.US,D,20221115,000000,10.18,10.18,10.18,10.18,409,0
ALSAF.US,D,20221117,000000,10.17,10.17,10.17,10.17,184,0
ALSAF.US,D,20221118,000000,10.17,10.17,10.17,10.17,236,0
ALSAF.US,D,20221122,000000,10.1793,10.18,10.17,10.17,1572,0
ALSAF.US,D,20221123,000000,10.17,10.17,10.17,10.17,448,0
ALSAF.US,D,20221129,000000,10.1893,10.19,10.18,10.18,2291,0
ALSAF.US,D,20221130,000000,10.19,10.19,10.19,10.19,452,0
ALSAF.US,D,20221201,000000,10.1986,10.25,10.1986,10.21,6900,0
ALSAF.US,D,20221205,000000,10.19,10.2,10.19,10.2,357,0
ALSAF.US,D,20221207,000000,10.21,10.21,10.21,10.21,1416,0
ALSAF.US,D,20221208,000000,10.23,10.23,10.23,10.23,100,0
ALSAF.US,D,20221209,000000,10.21,10.21,10.21,10.21,100,0
ALSAF.US,D,20221212,000000,10.21,10.21,10.21,10.21,100,0
ALSAF.US,D,20221213,000000,10.2188,10.2188,10.21,10.21,369,0
ALSAF.US,D,20221214,000000,10.21,10.21,10.2,10.21,65839,0
ALSAF.US,D,20221219,000000,10.22,10.22,10.22,10.22,3888,0
ALSAF.US,D,20221220,000000,10.24,10.24,10.24,10.24,1306,0
ALSAF.US,D,20221221,000000,10.22,10.24,10.22,10.24,3400,0
ALSAF.US,D,20221222,000000,10.24,10.26,10.23,10.26,18726,0
ALSAF.US,D,20221223,000000,10.26,10.27,10.25,10.27,762,0
ALSAF.US,D,20221228,000000,10.26,10.26,10.26,10.26,2016,0
ALSAF.US,D,20230103,000000,10.26,10.26,10.25,10.25,104296,0
ALSAF.US,D,20230105,000000,10.29,10.3,10.28,10.3,55436,0
ALSAF.US,D,20230109,000000,10.295,10.295,10.295,10.295,141,0
ALSAF.US,D,20230111,000000,10.25,10.25,10.25,10.25,12000,0
ALSAF.US,D,20230118,000000,10.29,10.3,10.29,10.3,4737,0
ALSAF.US,D,20230119,000000,10.3,10.3,10.3,10.3,362,0
ALSAF.US,D,20230120,000000,10.31,10.32,10.31,10.31,1400,0
ALSAF.US,D,20230124,000000,10.32,10.33,10.31,10.33,6898,0
ALSAF.US,D,20230125,000000,10.32,10.325,10.32,10.325,7918,0
ALSAF.US,D,20230127,000000,10.33,10.35,10.33,10.35,2600,0
ALSAF.US,D,20230131,000000,10.36,10.36,10.35,10.35,500,0
ALSAF.US,D,20230201,000000,10.32,10.32,10.32,10.32,25000,0
ALSAF.US,D,20230203,000000,10.33,10.34,10.33,10.34,2202,0
ALSAF.US,D,20230206,000000,10.35,10.35,10.35,10.35,801,0
ALSAF.US,D,20230207,000000,10.35,10.35,10.34,10.35,175374,0
ALSAF.US,D,20230208,000000,10.35,10.35,10.35,10.35,239,0
ALSAF.US,D,20230209,000000,10.345,10.35,10.34,10.34,1083,0
ALSAF.US,D,20230210,000000,10.34,10.34,10.34,10.34,162,0
ALSAF.US,D,20230214,000000,10.35,10.36,10.35,10.36,9292,0
ALSAF.US,D,20230215,000000,10.37,10.37,10.36,10.36,3661,0
ALSAF.US,D,20230216,000000,10.37,10.39,10.37,10.39,10657,0
ALSAF.US,D,20230223,000000,10.47,10.48,10.46,10.46,7850,0
ALSAF.US,D,20230301,000000,10.46,10.46,10.43,10.46,52953,0
ALSAF.US,D,20230303,000000,10.45,10.45,10.45,10.45,1350,0
ALSAF.US,D,20230307,000000,10.45,10.45,10.45,10.45,2200,0
ALSAF.US,D,20230309,000000,10.45,10.45,10.45,10.45,100,0
ALSAF.US,D,20230314,000000,10.45,10.45,10.45,10.45,1803,0
ALSAF.US,D,20230315,000000,10.47,10.47,10.47,10.47,170689,0
ALSAF.US,D,20230316,000000,10.4777,10.4821,10.47,10.4821,6777,0
ALSAF.US,D,20230317,000000,10.47,10.47,10.47,10.47,1901,0
ALSAF.US,D,20230320,000000,10.47,10.47,10.47,10.47,3185,0
ALSAF.US,D,20230321,000000,10.47,10.47,10.47,10.47,9528,0
ALSAF.US,D,20230322,000000,10.47,10.47,10.47,10.47,79170,0
ALSAF.US,D,20230323,000000,10.4754,10.4754,10.4754,10.4754,4000,0
ALSAF.US,D,20230328,000000,10.47,10.4701,10.47,10.4701,3005,0
ALSAF.US,D,20230330,000000,10.47,10.47,10.47,10.47,493,0
ALSAF.US,D,20230331,000000,10.49,10.49,10.49,10.49,161,0
ALSAF.US,D,20230404,000000,10.5,10.505,10.5,10.505,300,0
ALSAF.US,D,20230405,000000,10.5,10.51,10.5,10.5,406,0
ALSAF.US,D,20230406,000000,10.5,10.5,10.48,10.495,3205,0
ALSAF.US,D,20230411,000000,10.5,10.5,10.49,10.49,754,0
ALSAF.US,D,20230413,000000,10.49,10.52,10.49,10.51,586811,0
ALSAF.US,D,20230414,000000,10.52,10.53,10.52,10.53,236514,0
ALSAF.US,D,20230417,000000,10.525,10.525,10.525,10.525,605,0
ALSAF.US,D,20230418,000000,10.52,10.53,10.52,10.53,120502,0
ALSAF.US,D,20230420,000000,10.53,10.55,10.53,10.55,264906,0
ALSAF.US,D,20230421,000000,10.54,10.54,10.54,10.54,100,0
ALSAF.US,D,20230424,000000,10.54,10.54,10.54,10.54,132,0
ALSAF.US,D,20230425,000000,10.55,10.55,10.55,10.55,3634,0
ALSAF.US,D,20230426,000000,10.54,10.54,10.54,10.54,218,0
ALSAF.US,D,20230427,000000,10.535,10.55,10.52,10.55,180109,0
ALSAF.US,D,20230428,000000,10.55,10.55,10.54,10.55,257740,0
ALSAF.US,D,20230501,000000,10.55,10.56,10.55,10.56,100700,0
ALSAF.US,D,20230502,000000,10.55,10.56,10.55,10.56,237333,0
ALSAF.US,D,20230505,000000,10.56,10.57,10.56,10.57,746,0
ALSAF.US,D,20230508,000000,10.56,10.565,10.56,10.56,3231,0
ALSAF.US,D,20230510,000000,10.56,10.58,10.56,10.58,9900,0
ALSAF.US,D,20230511,000000,10.57,10.57,10.57,10.57,112,0
ALSAF.US,D,20230512,000000,10.57,10.57,10.57,10.57,3500,0
ALSAF.US,D,20230517,000000,10.58,10.59,10.58,10.58,11510,0
ALSAF.US,D,20230522,000000,10.58,10.6101,10.58,10.6101,13500,0
ALSAF.US,D,20230526,000000,10.62,10.62,10.62,10.62,101,0
ALSAF.US,D,20230530,000000,10.62,10.6247,10.62,10.6247,201,0
ALSAF.US,D,20230531,000000,10.6299,10.63,10.6299,10.63,2971,0
ALSAF.US,D,20230601,000000,10.63,10.64,10.63,10.64,11514,0
ALSAF.US,D,20230602,000000,10.64,10.64,10.64,10.64,362,0
ALSAF.US,D,20230605,000000,10.64,10.66,10.64,10.66,5393,0
ALSAF.US,D,20230606,000000,10.665,10.67,10.665,10.67,10600,0
ALSAF.US,D,20230608,000000,10.675,10.675,10.675,10.675,201,0
ALSAF.US,D,20230612,000000,10.66,10.66,10.64,10.64,2867,0
ALSAF.US,D,20230613,000000,10.68,10.68,10.68,10.68,5206,0
ALSAF.US,D,20230614,000000,10.68,10.68,10.67,10.68,5200,0
ALSAF.US,D,20230615,000000,10.7,10.7,10.69,10.7,10448,0
ALSAF.US,D,20230621,000000,10.72,10.72,10.7,10.7,2450,0
ALSAF.US,D,20230623,000000,10.7,10.7,10.7,10.7,1700,0
ALSAF.US,D,20230627,000000,10.69,10.7,10.68,10.7,6524,0
ALSAF.US,D,20230628,000000,10.72,10.72,10.72,10.72,140000,0
ALSAF.US,D,20230629,000000,10.73,10.73,10.73,10.73,11200,0
ALSAF.US,D,20230630,000000,10.73,10.73,10.73,10.73,200,0
ALSAF.US,D,20230703,000000,10.74,10.74,10.74,10.74,801,0
ALSAF.US,D,20230705,000000,10.74,10.78,10.74,10.78,288397,0
ALSAF.US,D,20230706,000000,10.76,10.76,10.76,10.76,112354,0
ALSAF.US,D,20230707,000000,10.73,10.76,10.73,10.76,48007,0
ALSAF.US,D,20230711,000000,10.72,10.72,10.72,10.72,113,0
ALSAF.US,D,20230712,000000,10.72,10.735,10.72,10.735,45761,0
ALSAF.US,D,20230714,000000,10.76,10.76,10.75,10.75,6593,0
ALSAF.US,D,20230718,000000,10.755,10.755,10.755,10.755,223,0
ALSAF.US,D,20230720,000000,10.76,10.76,10.76,10.76,594,0
ALSAF.US,D,20230721,000000,10.76,10.76,10.76,10.76,295,0
ALSAF.US,D,20230724,000000,10.79,10.79,10.79,10.79,107,0
ALSAF.US,D,20230725,000000,10.7795,10.95,10.76,10.78,23166,0
ALSAF.US,D,20230726,000000,10.79,10.79,10.78,10.785,3431,0
ALSAF.US,D,20230727,000000,10.78,10.81,10.78,10.8,3664,0
ALSAF.US,D,20230728,000000,11.29,11.29,10.81,10.81,966,0
ALSAF.US,D,20230731,000000,10.74,10.74,10.74,10.74,637,0
ALSAF.US,D,20230801,000000,10.74,10.83,10.74,10.7826,4377,0
ALSAF.US,D,20230807,000000,11,11,11,11,107,0
ALSAF.US,D,20230809,000000,11.22,11.22,10.79,10.84,3535,0
ALSAF.US,D,20230810,000000,10.9796,10.9796,10.94,10.94,921,0
ALSAF.US,D,20230811,000000,10.92,10.92,10.92,10.92,206,0
ALSAF.US,D,20230814,000000,10.81,10.97,10.7901,10.97,162115,0
ALSAF.US,D,20230818,000000,11.1,11.1,11.1,11.1,171,0
ALSAF.US,D,20230824,000000,11.08,11.08,11.08,11.08,102,0
ALSAF.US,D,20230828,000000,11.07,11.07,11.07,11.07,106,0
ALSAF.US,D,20230906,000000,10.89,10.89,10.89,10.89,100,0
ALSAF.US,D,20230907,000000,11.03,11.03,10.91,10.91,205,0
ALSAF.US,D,20230911,000000,11.03,11.045,10.97,11.02,216669,0
ALSAF.US,D,20230912,000000,11.03,11.03,11.03,11.03,271693,0
ALSAF.US,D,20230914,000000,11.03,11.03,11.03,11.03,150004,0
ALSAF.US,D,20230915,000000,11.02,11.025,11.02,11.025,7599,0
ALSAF.US,D,20230918,000000,11.03,11.03,11.03,11.03,7540,0
ALSAF.US,D,20230919,000000,11.04,11.04,11.04,11.04,4064,0
ALSAF.US,D,20230920,000000,11.03,11.05,11.03,11.05,188934,0
ALSAF.US,D,20230921,000000,11.045,11.045,11.045,11.045,78205,0
ALSAF.US,D,20230926,000000,11.025,11.04,11.025,11.04,875,0
ALSAF.US,D,20231002,000000,11,11.08,11,11.03,17895,0
ALSAF.US,D,20231004,000000,11.05,11.05,11.05,11.05,87760,0
ALSAF.US,D,20231010,000000,11.06,11.06,11.06,11.06,1100,0
ALSAF.US,D,20231016,000000,11.06,11.06,11.06,11.06,16267,0
ALSAF.US,D,20231017,000000,11.08,11.08,11.07,11.07,1200,0
ALSAF.US,D,20231018,000000,11.07,11.07,11.07,11.07,78375,0
ALSAF.US,D,20231027,000000,11.09,11.09,11.09,11.09,166,0
ALSAF.US,D,20231030,000000,11.09,11.09,11.09,11.09,131,0
ALSAF.US,D,20231031,000000,11.11,11.11,11.09,11.09,2972,0
ALSAF.US,D,20231102,000000,11.5,11.5,11.1,11.1,110997,0
ALSAF.US,D,20231103,000000,11.1,11.19,11.1,11.1899,680,0
ALSAF.US,D,20231106,000000,11.11,11.13,11.1,11.129,13821,0
ALSAF.US,D,20231107,000000,11.12,11.121,11.12,11.12,172144,0
ALSAF.US,D,20231108,000000,11.121,11.125,11.12,11.12,2063,0
ALSAF.US,D,20231109,000000,11.1202,11.2454,11.12,11.1299,16018,0
ALSAF.US,D,20231110,000000,11.5,11.655,11.12,11.12,20183,0
ALSAF.US,D,20231113,000000,11.5,11.5,11.12,11.15,18754,0
ALSAF.US,D,20231114,000000,11.13,11.66,11.12,11.15,18109,0
ALSAF.US,D,20231116,000000,11.14,11.5162,11.14,11.15,22238,0
ALSAF.US,D,20231117,000000,11.16,11.21,11.15,11.16,3348,0
ALSAF.US,D,20231121,000000,11.18,11.18,11.15,11.15,1047,0
ALSAF.US,D,20231122,000000,11.15,11.15,11.15,11.15,12274,0
ALSAF.US,D,20231124,000000,11.17,11.17,11.16,11.165,9878,0
ALSAF.US,D,20231127,000000,11.16,11.165,11.16,11.16,11279,0
ALSAF.US,D,20231205,000000,11.16,11.18,11.16,11.16,9959,0
ALSAF.US,D,20231206,000000,11.17,11.17,11.17,11.17,107653,0
ALSAF.US,D,20231208,000000,11.19,11.19,11.19,11.19,214,0
ALSAF.US,D,20231211,000000,11.18,11.18,11.18,11.18,191,0
ALSAF.US,D,20231212,000000,11.18,11.18,11.18,11.18,970,0
ALSAF.US,D,20231213,000000,11.185,11.185,11.18,11.18,13722,0
ALSAF.US,D,20231215,000000,11.16,11.185,11.16,11.18,2212,0
ALSAF.US,D,20231218,000000,11.175,11.175,11.175,11.175,579,0
ALSAF.US,D,20231220,000000,11.175,11.19,11.175,11.19,2000,0
ALSAF.US,D,20231221,000000,11.13,11.21,11.13,11.175,12348,0
ALSAF.US,D,20231222,000000,11.16,11.16,11.16,11.16,3508,0
ALSAF.US,D,20231226,000000,11.19,11.19,11.1899,11.1899,1001,0
ALSAF.US,D,20231227,000000,11.19,11.19,11.19,11.19,700,0
ALSAF.US,D,20240105,000000,11.2,11.2,11.17,11.18,1410,0
ALSAF.US,D,20240108,000000,11.2,11.2,11.2,11.2,686455,0
ALSAF.US,D,20240109,000000,11.2,11.2001,11.2,11.2001,4039,0
ALSAF.US,D,20240110,000000,11.2,11.2,11.2,11.2,199,0
ALSAF.US,D,20240119,000000,11.2,11.2,11.2,11.2,7598,0
ALSAF.US,D,20240122,000000,11.21,11.23,11.2,11.2,28665,0
ALSAF.US,D,20240123,000000,11.23,11.23,11.21,11.23,11061,0
ALSAF.US,D,20240124,000000,11.22,11.23,11.22,11.23,3856,0
ALSAF.US,D,20240125,000000,11.22,11.23,11.22,11.22,31966,0
ALSAF.US,D,20240126,000000,11.23,11.23,11.21,11.22,1696443,0
ALSAF.US,D,20240129,000000,11.22,11.22,11.22,11.22,20921,0
ALSAF.US,D,20240130,000000,11.22,11.22,11.22,11.22,100153,0
ALSAF.US,D,20240201,000000,11.2201,11.2201,11.22,11.22,4946,0
ALSAF.US,D,20240202,000000,11.22,11.23,11.22,11.23,100511,0
ALSAF.US,D,20240205,000000,11.225,11.23,11.225,11.23,3003,0
ALSAF.US,D,20240207,000000,11.24,11.24,11.24,11.24,4867,0
ALSAF.US,D,20240212,000000,11.23,11.23,11.22,11.22,3826,0
ALSAF.US,D,20240213,000000,11.24,11.24,11.23,11.24,51049,0
ALSAF.US,D,20240214,000000,11.24,11.24,11.24,11.24,460,0
ALSAF.US,D,20240220,000000,11.25,11.25,11.25,11.25,12124,0
ALSAF.US,D,20240221,000000,11.26,11.26,11.26,11.26,13663,0
ALSAF.US,D,20240222,000000,11.26,11.26,11.26,11.26,13887,0
ALSAF.US,D,20240229,000000,11.25,11.27,11.25,11.27,160308,0
ALSAF.US,D,20240304,000000,11.27,11.27,11.27,11.27,254,0
ALSAF.US,D,20240307,000000,11.28,11.28,11.28,11.28,37174,0
ALSAF.US,D,20240308,000000,11.3,11.3,11.28,11.28,29322,0
ALSAF.US,D,20240312,000000,11.28,11.28,11.28,11.28,127,0
ALSAF.US,D,20240314,000000,11.29,11.29,11.29,11.29,25533,0
ALSAF.US,D,20240315,000000,11.295,11.31,11.29,11.31,51538,0
ALSAF.US,D,20240319,000000,11.305,11.32,11.305,11.32,31300,0
ALSAF.US,D,20240320,000000,11.31,11.315,11.3,11.31,62635,0
ALSAF.US,D,20240321,000000,11.3,11.3,11.3,11.3,4121,0
ALSAF.US,D,20240322,000000,11.31,11.31,11.3,11.3,63296,0
ALSAF.US,D,20240327,000000,11.33,11.33,11.33,11.33,492,0
ALSAF.US,D,20240410,000000,11.33,11.33,11.33,11.33,461,0
ALSAF.US,D,20240412,000000,11.35,11.35,11.34,11.34,73292,0
ALSAF.US,D,20240415,000000,11.33,11.34,11.33,11.34,4234,0
ALSAF.US,D,20240416,000000,11.34,11.34,11.34,11.34,242,0
ALSAF.US,D,20240418,000000,11.34,11.36,11.34,11.34,9295,0
ALSAF.US,D,20240423,000000,11.36,11.37,11.36,11.37,29174,0
ALSAF.US,D,20240430,000000,11.37,11.37,11.37,11.37,100,0
ALSAF.US,D,20240501,000000,11.37,11.37,11.37,11.37,125,0
ALSAF.US,D,20240502,000000,11.375,11.38,11.375,11.38,6991,0
ALSAF.US,D,20240507,000000,12,12,11.44,11.44,517,0
ALSAF.US,D,20240508,000000,11.42,11.89,11.42,11.42,12293,0
ALSAF.US,D,20240509,000000,11.4,11.48,11.38,11.38,9216,0
ALSAF.US,D,20240510,000000,11.4,11.4,11.4,11.4,115,0
ALSAF.US,D,20240522,000000,11.44,11.44,11.44,11.44,4487,0
ALSAF.US,D,20240610,000000,11.43,11.43,11.43,11.43,300,0
ALSAF.US,D,20240612,000000,11.48,11.48,11.44,11.44,1501,0
ALSAF.US,D,20240613,000000,11.47,11.7,11.44,11.44,3331,0
ALSAF.US,D,20240627,000000,11.52,11.56,11.51,11.53,111084,0
ALSAF.US,D,20240702,000000,11.54,11.54,11.54,11.54,190,0
ALSAF.US,D,20240705,000000,11.56,11.56,11.56,11.56,200256,0
ALSAF.US,D,20240708,000000,11.57,11.57,11.54,11.54,3059,0
ALSAF.US,D,20240710,000000,11.55,11.58,11.55,11.58,1690,0
ALSAF.US,D,20240711,000000,11.49,12.3,11.49,12.3,3077,0
ALSAF.US,D,20240712,000000,11.51,11.65,11.51,11.65,2446,0
ALSAF.US,D,20240715,000000,11.61,11.61,11.61,11.61,203,0
ALSAF.US,D,20240717,000000,11.51,12.6,10.93,11.55,16774,0
ALSAF.US,D,20240718,000000,11.73,11.73,11.53,11.59,2620,0
ALSAF.US,D,20240719,000000,11.48,12.1302,11.48,11.6,1165,0
ALSAF.US,D,20240722,000000,11.89,11.89,11.81,11.81,3389,0
ALSAF.US,D,20240724,000000,13.34,13.34,11.59,11.98,5281,0
ALSAF.US,D,20240729,000000,12,12,11.63,11.64,703,0
ALSAF.US,D,20240731,000000,11.51,12.085,11.51,12.085,407,0
ALSAF.US,D,20240807,000000,11.57,11.57,11.57,11.57,101,0
ALSAF.US,D,20240808,000000,11.57,11.57,11.57,11.57,152,0
ALSAF.US,D,20240809,000000,11.57,11.57,11.57,11.57,100,0
ALSAF.US,D,20240812,000000,11.63,11.99,11.61,11.61,11546,0
ALSAF.US,D,20240813,000000,12.45,12.45,12.45,12.45,154,0
ALSAF.US,D,20240814,000000,11.62,11.89,11.62,11.87,8909,0
ALSAF.US,D,20240816,000000,12.41,12.41,11.69,11.69,5967,0
ALSAF.US,D,20240820,000000,12.48,12.48,11.71,11.79,10495,0
ALSAF.US,D,20240821,000000,11.88,13,11.73,12.6,1405,0
ALSAF.US,D,20240827,000000,12.45,12.45,11.73,11.8,5967,0
ALSAF.US,D,20240828,000000,11.8,12.38,11.8,11.8,4408,0
ALSAF.US,D,20240829,000000,11.75,12.15,11.75,12.05,502,0
ALSAF.US,D,20240830,000000,11.93,12.375,11.75,12.375,1473,0
ALSAF.US,D,20240903,000000,11.76,12.215,11.5,11.65,9915,0
ALSAF.US,D,20240905,000000,11.6,11.9342,11.5,11.59,62185,0
ALSAF.US,D,20240909,000000,12.4,12.4,11.62,11.63,9703,0
ALSAF.US,D,20240910,000000,11.62,11.985,11.61,11.61,5303,0
ALSAF.US,D,20240912,000000,11.5498,11.7,11.5,11.51,15312,0
ALSAF.US,D,20240913,000000,11.8913,12.1,11.53,11.75,6306,0
ALSAF.US,D,20240916,000000,12.185,12.185,11.62,11.78,5006,0
ALSAF.US,D,20240917,000000,11.68,11.78,11.65,11.78,717,0
ALSAF.US,D,20240918,000000,11.92,11.92,11.92,11.92,278,0
ALSAF.US,D,20240919,000000,11.99,11.99,11.65,11.77,2169,0
ALSAF.US,D,20240920,000000,11.68,11.68,11.68,11.68,223,0
ALSAF.US,D,20240923,000000,11.62,11.65,11.62,11.65,316,0
ALSAF.US,D,20240924,000000,11.89,11.89,11.89,11.89,251,0
ALSAF.US,D,20241001,000000,11.65,11.79,11.65,11.79,336,0
ALSAF.US,D,20241004,000000,11.84,11.84,11.84,11.84,133,0
ALSAF.US,D,20241008,000000,11.69,11.69,11.68,11.68,435,0
ALSAF.US,D,20241009,000000,11.71,11.76,11.71,11.71,4831,0
ALSAF.US,D,20241016,000000,11.72,11.78,11.72,11.78,569,0
ALSAF.US,D,20241021,000000,11.77,11.77,11.77,11.77,146,0
ALSAF.US,D,20241022,000000,11.78,11.78,11.78,11.78,602,0
ALSAF.US,D,20241029,000000,11.75,11.75,11.75,11.75,600,0
ALSAF.US,D,20241031,000000,11.73,11.73,11.73,11.73,2711,0
ALSAF.US,D,20241101,000000,11.74,11.74,11.74,11.74,1626,0
ALSAF.US,D,20241106,000000,11.74,11.78,11.74,11.78,315,0
ALSAF.US,D,20241107,000000,11.7499,11.7499,11.7499,11.7499,111,0
ALSAF.US,D,20241108,000000,11.74,11.74,11.74,11.74,1910,0
ALSAF.US,D,20241111,000000,11.8,11.81,11.8,11.81,4310,0
ALSAF.US,D,20241112,000000,11.75,11.79,11.74,11.74,1675,0
ALSAF.US,D,20241114,000000,11.77,11.7902,11.74,11.79,7521,0
ALSAF.US,D,20241115,000000,11.9,11.9,11.75,11.9,362919,0
ALSAF.US,D,20241118,000000,11.89,11.89,11.81,11.89,1308,0
ALSAF.US,D,20241120,000000,12.36,12.36,11.99,11.99,216,0
ALSAF.US,D,20241121,000000,11.94,12.05,11.8,11.83,13027,0
ALSAF.US,D,20241126,000000,11.94,11.96,11.9,11.9,5861,0
ALSAF.US,D,20241127,000000,11.89,11.89,11.89,11.89,501,0
ALSAF.US,D,20241202,000000,11.86,11.87,11.82,11.85,90909,0
ALSAF.US,D,20241203,000000,11.87,11.99,11.87,11.95,10342,0
ALSAF.US,D,20241205,000000,11.93,11.93,11.93,11.93,124,0
ALSAF.US,D,20241206,000000,11.97,11.97,11.93,11.97,1527,0
ALSAF.US,D,20241209,000000,11.95,12.05,11.95,12.05,4650,0
ALSAF.US,D,20241210,000000,12.09,12.15,12.01,12.15,3699,0
ALSAF.US,D,20241211,000000,12.15,12.2,12.15,12.2,1742,0
ALSAF.US,D,20241216,000000,12.107,12.2,12.107,12.1999,6319,0
ALSAF.US,D,20241220,000000,12.02,12.15,12.02,12.06,7540,0
