<TICKER>,<PER>,<DATE>,<TIME>,<OPEN>,<HIGH>,<LOW>,<CLOSE>,<VOL>,<OPENINT>
AMLIF.US,D,20230111,000000,3,3.14,2.96,3.08,825322,0
AMLIF.US,D,20230112,000000,3.13,3.16,2.94,3.12,502834,0
AMLIF.US,D,20230113,000000,3.15,3.35,3.07,3.31,860298,0
AMLIF.US,D,20230117,000000,3.17,3.29,3.1138,3.25,566478,0
AMLIF.US,D,20230118,000000,3.28,3.3,3.1,3.14,620495,0
AMLIF.US,D,20230119,000000,3.03,3.03,2.8136,2.99,782534,0
AMLIF.US,D,20230120,000000,3.06,3.15,3.01,3.1,523753,0
AMLIF.US,D,20230123,000000,3.13,3.13,3.0101,3.05,391232,0
AMLIF.US,D,20230124,000000,3.2,3.56,3.16,3.54,1885590,0
AMLIF.US,D,20230125,000000,3.58,3.6597,3.34,3.57,1427999,0
AMLIF.US,D,20230126,000000,3.65,3.83,3.51,3.57,1199505,0
AMLIF.US,D,20230127,000000,3.58,3.61,3.48,3.58,520310,0
AMLIF.US,D,20230130,000000,3.58,3.61,3.37,3.54,628169,0
AMLIF.US,D,20230131,000000,3.6,3.61,3.3438,3.52,913451,0
AMLIF.US,D,20230201,000000,3.66,3.76,3.5,3.64,920155,0
AMLIF.US,D,20230202,000000,3.68,3.69,3.51,3.55,709792,0
AMLIF.US,D,20230203,000000,3.5,3.59,3.4,3.46,476679,0
AMLIF.US,D,20230206,000000,3.37,3.37,3.13,3.15,936337,0
AMLIF.US,D,20230207,000000,3.25,3.52,3.19,3.48,706481,0
AMLIF.US,D,20230208,000000,3.53,3.58,3.49,3.52,576499,0
AMLIF.US,D,20230209,000000,3.56,3.6,3.49,3.5,387961,0
AMLIF.US,D,20230210,000000,3.49,3.49,3.36,3.46,380359,0
AMLIF.US,D,20230213,000000,3.43,3.44,3.25,3.26,447379,0
AMLIF.US,D,20230214,000000,3.21,3.21,3.09,3.17,522849,0
AMLIF.US,D,20230215,000000,3.11,3.13,3.052,3.07,479010,0
AMLIF.US,D,20230216,000000,3.11,3.22,3.06,3.15,303130,0
AMLIF.US,D,20230217,000000,3.13,3.17,3,3.16,353474,0
AMLIF.US,D,20230221,000000,3.17,3.2,3.09,3.14,513057,0
AMLIF.US,D,20230222,000000,3.11,3.17,3,3.02,468054,0
AMLIF.US,D,20230223,000000,3.02,3.0455,2.67,2.9,1175357,0
AMLIF.US,D,20230224,000000,2.62,2.6987,2.62,2.63,612395,0
AMLIF.US,D,20230227,000000,2.66,2.8674,2.66,2.79,623885,0
AMLIF.US,D,20230228,000000,2.84,2.88,2.7787,2.82,253618,0
AMLIF.US,D,20230301,000000,2.89,2.89,2.78,2.86,299925,0
AMLIF.US,D,20230302,000000,2.85,2.92,2.75,2.89,436821,0
AMLIF.US,D,20230303,000000,2.91,3,2.8658,3,386422,0
AMLIF.US,D,20230306,000000,2.98,3.02,2.85,2.88,365508,0
AMLIF.US,D,20230307,000000,2.84,2.9,2.7342,2.75,263102,0
AMLIF.US,D,20230308,000000,2.75,2.7959,2.64,2.64,312869,0
AMLIF.US,D,20230309,000000,2.6,2.63,2.42,2.44,816284,0
AMLIF.US,D,20230310,000000,2.4,2.48,2.35,2.38,552695,0
AMLIF.US,D,20230313,000000,2.35,2.37,2.1415,2.33,670694,0
AMLIF.US,D,20230314,000000,2.44,2.61,2.42,2.48,503838,0
AMLIF.US,D,20230315,000000,2.43,2.43,2.27,2.36,446757,0
AMLIF.US,D,20230316,000000,2.39,2.45,2.25,2.45,425586,0
AMLIF.US,D,20230317,000000,2.33,2.39,2.28,2.39,452841,0
AMLIF.US,D,20230320,000000,2.27,2.32,2.24,2.28,296445,0
AMLIF.US,D,20230321,000000,2.31,2.45,2.3,2.44,335696,0
AMLIF.US,D,20230322,000000,2.44,2.455,2.29,2.29,259564,0
AMLIF.US,D,20230323,000000,2.35,2.4,2.3,2.33,267061,0
AMLIF.US,D,20230324,000000,2.26,2.37,2.25,2.31,322745,0
AMLIF.US,D,20230327,000000,2.39,2.39,2.29,2.33,273859,0
AMLIF.US,D,20230328,000000,2.37,2.45,2.3099,2.38,483373,0
AMLIF.US,D,20230329,000000,2.39,2.42,2.31,2.34,386730,0
AMLIF.US,D,20230330,000000,2.37,2.38,2.265,2.3,332255,0
AMLIF.US,D,20230331,000000,2.3,2.315,2.21,2.31,391751,0
AMLIF.US,D,20230403,000000,2.3,2.3,2.2,2.21,387383,0
AMLIF.US,D,20230404,000000,2.2,2.21,2.045,2.12,542926,0
AMLIF.US,D,20230405,000000,2.04,2.05,1.95,2.03,922854,0
AMLIF.US,D,20230406,000000,1.97,2.02,1.93,2.01,365439,0
AMLIF.US,D,20230410,000000,1.98,2.08,1.96,2.05,253854,0
AMLIF.US,D,20230411,000000,2.06,2.2499,2.0579,2.23,312606,0
AMLIF.US,D,20230412,000000,2.35,2.41,2.3001,2.4,420096,0
AMLIF.US,D,20230413,000000,2.45,2.49,2.39,2.49,314127,0
AMLIF.US,D,20230414,000000,2.46,2.48,2.32,2.36,354996,0
AMLIF.US,D,20230417,000000,2.31,2.32,2.22,2.29,340131,0
AMLIF.US,D,20230418,000000,2.3,2.32,2.24,2.25,156772,0
AMLIF.US,D,20230419,000000,2.26,2.26,2.16,2.23,268595,0
AMLIF.US,D,20230420,000000,2.19,2.24,2.17,2.2,153709,0
AMLIF.US,D,20230421,000000,2.16,2.1795,2.13,2.17,176879,0
AMLIF.US,D,20230424,000000,2.16,2.18,2.09,2.09,262542,0
AMLIF.US,D,20230425,000000,2.1,2.12,2.05,2.11,431446,0
AMLIF.US,D,20230426,000000,2.09,2.1,2.01,2.03,278895,0
AMLIF.US,D,20230427,000000,2,2.12,1.98,2.05,308319,0
AMLIF.US,D,20230428,000000,2.02,2.13,2.01,2.12,220891,0
AMLIF.US,D,20230501,000000,2.1,2.16,2.1,2.11,168080,0
AMLIF.US,D,20230502,000000,2.09,2.1,2.02,2.03,261344,0
AMLIF.US,D,20230503,000000,2.02,2.11,2.01,2.01,217706,0
AMLIF.US,D,20230504,000000,2.01,2.085,2,2.05,237780,0
AMLIF.US,D,20230505,000000,2.07,2.11,2.01,2.1,229990,0
AMLIF.US,D,20230508,000000,2.14,2.15,2.0606,2.15,241573,0
AMLIF.US,D,20230509,000000,2.1,2.1,2.05,2.08,205064,0
AMLIF.US,D,20230510,000000,2.09,2.3,2.09,2.21,580172,0
AMLIF.US,D,20230511,000000,2.22,2.29,2.13,2.15,350010,0
AMLIF.US,D,20230512,000000,2.15,2.19,2.08,2.13,237505,0
AMLIF.US,D,20230515,000000,2.15,2.16,2.095,2.11,288073,0
AMLIF.US,D,20230516,000000,2.08,2.13,2.05,2.08,121852,0
AMLIF.US,D,20230517,000000,2.08,2.1,2.03,2.1,182658,0
AMLIF.US,D,20230518,000000,2.1,2.1,2.03,2.08,179574,0
AMLIF.US,D,20230519,000000,2.08,2.08,2.03,2.05,174334,0
AMLIF.US,D,20230522,000000,2.02,2.15,2.02,2.15,350449,0
AMLIF.US,D,20230523,000000,2.1,2.1447,2.07,2.08,242110,0
AMLIF.US,D,20230524,000000,2.05,2.08,2.03,2.05,137168,0
AMLIF.US,D,20230525,000000,2.05,2.05,1.94,1.94,470116,0
AMLIF.US,D,20230526,000000,1.98,1.995,1.95,1.96,242815,0
AMLIF.US,D,20230530,000000,1.95,1.95,1.84,1.86,560366,0
AMLIF.US,D,20230531,000000,1.85,1.875,1.78,1.84,311302,0
AMLIF.US,D,20230601,000000,1.84,2,1.8,1.99,301488,0
AMLIF.US,D,20230602,000000,2,2.01,1.915,1.98,310247,0
AMLIF.US,D,20230605,000000,1.96,2,1.93,1.98,221226,0
AMLIF.US,D,20230606,000000,1.95,1.97,1.92,1.93,167857,0
AMLIF.US,D,20230607,000000,1.93,2.01,1.93,2,240888,0
AMLIF.US,D,20230608,000000,1.99,1.99,1.94,1.94,272878,0
AMLIF.US,D,20230609,000000,1.96,1.96,1.88,1.91,305146,0
AMLIF.US,D,20230612,000000,2,2.225,1.97,2.22,1966630,0
AMLIF.US,D,20230613,000000,2.27,2.325,2.14,2.22,1310898,0
AMLIF.US,D,20230614,000000,2.22,2.25,2.08,2.12,798819,0
AMLIF.US,D,20230615,000000,2.09,2.12,1.98,2.08,886268,0
AMLIF.US,D,20230616,000000,2.1,2.18,2.027,2.18,1262654,0
AMLIF.US,D,20230620,000000,2.17,2.23,2.1,2.2,1176363,0
AMLIF.US,D,20230621,000000,2.19,2.22,2.08,2.15,521858,0
AMLIF.US,D,20230622,000000,2.12,2.14,2.07,2.13,299490,0
AMLIF.US,D,20230623,000000,2.09,2.09,2.02,2.04,269426,0
AMLIF.US,D,20230626,000000,2.075,2.11,2.02,2.02,431872,0
AMLIF.US,D,20230627,000000,1.99,2.095,1.93,2.06,1192359,0
AMLIF.US,D,20230628,000000,2.03,2.05,2,2.05,265073,0
AMLIF.US,D,20230629,000000,2.06,2.06,1.97,2,442532,0
AMLIF.US,D,20230630,000000,1.99,2.035,1.96,2.01,465572,0
AMLIF.US,D,20230703,000000,1.99,2.06,1.99,2.02,302195,0
AMLIF.US,D,20230705,000000,2,2.04,2,2.01,348447,0
AMLIF.US,D,20230706,000000,2,2.03,1.93,1.95,353362,0
AMLIF.US,D,20230707,000000,1.95,2.02,1.94,1.99,277932,0
AMLIF.US,D,20230710,000000,1.96,2.01,1.96,1.98,343522,0
AMLIF.US,D,20230711,000000,1.98,2,1.95,1.97,324651,0
AMLIF.US,D,20230712,000000,2.01,2.08,2,2.06,559594,0
AMLIF.US,D,20230713,000000,2.08,2.18,2.06,2.17,846812,0
AMLIF.US,D,20230714,000000,2.14,2.14,2.02,2.02,570499,0
AMLIF.US,D,20230717,000000,2.05,2.07,2.02,2.07,296528,0
AMLIF.US,D,20230718,000000,2.05,2.08,2.03,2.08,284503,0
AMLIF.US,D,20230719,000000,2.05,2.0575,2.03,2.05,326756,0
AMLIF.US,D,20230720,000000,2.03,2.0393,1.99,2.02,314216,0
AMLIF.US,D,20230721,000000,2.02,2.05,1.98,2.03,437234,0
AMLIF.US,D,20230724,000000,2.02,2.05,1.95,1.99,553379,0
AMLIF.US,D,20230725,000000,2,2,1.945,1.96,598636,0
AMLIF.US,D,20230726,000000,1.99,1.99,1.94,1.96,288915,0
AMLIF.US,D,20230727,000000,1.96,1.97,1.8531,1.88,804196,0
AMLIF.US,D,20230728,000000,1.89,1.93,1.87,1.92,336909,0
AMLIF.US,D,20230731,000000,1.9,1.93,1.88,1.91,589724,0
AMLIF.US,D,20230801,000000,1.87,1.915,1.85,1.86,442477,0
AMLIF.US,D,20230802,000000,1.85,1.85,1.725,1.79,977375,0
AMLIF.US,D,20230803,000000,1.74,1.77,1.71,1.74,539207,0
AMLIF.US,D,20230804,000000,1.74,1.79,1.73,1.74,362989,0
AMLIF.US,D,20230807,000000,1.75,1.7591,1.6801,1.71,431413,0
AMLIF.US,D,20230808,000000,1.69,1.71,1.47,1.52,1660573,0
AMLIF.US,D,20230809,000000,1.51,1.5109,1.42,1.43,624934,0
AMLIF.US,D,20230810,000000,1.38,1.41,1.305,1.33,1577787,0
AMLIF.US,D,20230811,000000,1.23,1.32,1.14,1.31,2185298,0
AMLIF.US,D,20230814,000000,1.26,1.3,1.2,1.26,815846,0
AMLIF.US,D,20230815,000000,1.23,1.31,1.22,1.28,719779,0
AMLIF.US,D,20230816,000000,1.28,1.3,1.23,1.23,476865,0
AMLIF.US,D,20230817,000000,1.26,1.26,1.2,1.2,467632,0
AMLIF.US,D,20230818,000000,1.21,1.26,1.2,1.24,544223,0
AMLIF.US,D,20230821,000000,1.25,1.28,1.24,1.26,373920,0
AMLIF.US,D,20230822,000000,1.28,1.285,1.21,1.25,480439,0
AMLIF.US,D,20230823,000000,1.24,1.28,1.22,1.24,187042,0
AMLIF.US,D,20230824,000000,1.27,1.27,1.2,1.23,451862,0
AMLIF.US,D,20230825,000000,1.22,1.24,1.17,1.2,408139,0
AMLIF.US,D,20230828,000000,1.21,1.4,1.2,1.38,1340098,0
AMLIF.US,D,20230829,000000,1.4,1.625,1.36,1.57,2290225,0
AMLIF.US,D,20230830,000000,1.6,1.63,1.51,1.57,605934,0
AMLIF.US,D,20230831,000000,1.59,1.63,1.53,1.62,600935,0
AMLIF.US,D,20230901,000000,1.63,1.68,1.55,1.68,685424,0
AMLIF.US,D,20230905,000000,1.68,1.73,1.51,1.56,971398,0
AMLIF.US,D,20230906,000000,1.51,1.5396,1.4,1.4,664776,0
AMLIF.US,D,20230907,000000,1.43,1.55,1.4,1.55,371526,0
AMLIF.US,D,20230908,000000,1.56,1.58,1.43,1.45,308108,0
AMLIF.US,D,20230911,000000,1.47,1.51,1.45,1.5,298966,0
AMLIF.US,D,20230912,000000,1.48,1.5,1.43,1.47,270204,0
AMLIF.US,D,20230913,000000,1.46,1.48,1.43,1.48,188751,0
AMLIF.US,D,20230914,000000,1.5,1.59,1.483,1.58,475277,0
AMLIF.US,D,20230915,000000,1.57,1.63,1.53,1.6,355625,0
AMLIF.US,D,20230918,000000,1.59,1.59,1.47,1.5,447501,0
AMLIF.US,D,20230919,000000,1.5,1.5,1.43,1.47,304005,0
AMLIF.US,D,20230920,000000,1.49,1.49,1.41,1.42,181048,0
AMLIF.US,D,20230921,000000,1.39,1.41,1.33,1.38,430867,0
AMLIF.US,D,20230922,000000,1.4,1.4299,1.38,1.41,332051,0
AMLIF.US,D,20230925,000000,1.39,1.42,1.37,1.41,140485,0
AMLIF.US,D,20230926,000000,1.39,1.42,1.38,1.39,149337,0
AMLIF.US,D,20230927,000000,1.41,1.43,1.355,1.39,208330,0
AMLIF.US,D,20230928,000000,1.4,1.47,1.39,1.43,328916,0
AMLIF.US,D,20230929,000000,1.46,1.4795,1.41,1.43,132373,0
AMLIF.US,D,20231002,000000,1.45,1.45,1.35,1.37,221532,0
AMLIF.US,D,20231003,000000,1.37,1.3799,1.35,1.36,97892,0
AMLIF.US,D,20231004,000000,1.34,1.36,1.28,1.32,283088,0
AMLIF.US,D,20231005,000000,1.33,1.35,1.285,1.32,245574,0
AMLIF.US,D,20231006,000000,1.31,1.35,1.27,1.34,249569,0
AMLIF.US,D,20231009,000000,1.28,1.31,1.25,1.3,404561,0
AMLIF.US,D,20231010,000000,1.29,1.35,1.29,1.32,196817,0
AMLIF.US,D,20231011,000000,1.3,1.35,1.2999,1.32,254703,0
AMLIF.US,D,20231012,000000,1.32,1.32,1.26,1.26,266948,0
AMLIF.US,D,20231013,000000,1.25,1.29,1.225,1.24,203954,0
AMLIF.US,D,20231016,000000,1.25,1.2701,1.23,1.24,239580,0
AMLIF.US,D,20231017,000000,1.23,1.25,1.22,1.24,264545,0
AMLIF.US,D,20231018,000000,1.22,1.24,1.2,1.23,445543,0
AMLIF.US,D,20231019,000000,1.2,1.21,1.13,1.14,681657,0
AMLIF.US,D,20231020,000000,1.11,1.15,1.08,1.13,401796,0
AMLIF.US,D,20231023,000000,1.11,1.11,1.04,1.04,467176,0
AMLIF.US,D,20231024,000000,1.06,1.12,1,1.1,351740,0
AMLIF.US,D,20231025,000000,1.1,1.11,1.06,1.1,240050,0
AMLIF.US,D,20231026,000000,1.08,1.1,1.05,1.07,213146,0
AMLIF.US,D,20231027,000000,1.08,1.08,1.04,1.06,268555,0
AMLIF.US,D,20231030,000000,1.07,1.08,1.04,1.04,205301,0
AMLIF.US,D,20231031,000000,1.05,1.25,1.05,1.22,580579,0
AMLIF.US,D,20231101,000000,1.26,1.27,1.15,1.26,414838,0
AMLIF.US,D,20231102,000000,1.3,1.3,1.2,1.2,270042,0
AMLIF.US,D,20231103,000000,1.22,1.26,1.21,1.22,314840,0
AMLIF.US,D,20231106,000000,1.21,1.23,1.15,1.16,207265,0
AMLIF.US,D,20231107,000000,1.15,1.1937,1.1,1.18,231424,0
AMLIF.US,D,20231108,000000,1.17,1.17,1.0524,1.09,396011,0
AMLIF.US,D,20231109,000000,1.07,1.11,1.07,1.08,228598,0
AMLIF.US,D,20231110,000000,1.07,1.1,1.0501,1.06,223115,0
AMLIF.US,D,20231113,000000,1.06,1.24,1.06,1.23,519598,0
AMLIF.US,D,20231114,000000,1.28,1.28,1.13,1.16,480792,0
AMLIF.US,D,20231115,000000,1.14,1.27,1.14,1.17,442284,0
AMLIF.US,D,20231116,000000,1.17,1.25,1.145,1.16,193407,0
AMLIF.US,D,20231117,000000,1.18,1.18,1.14,1.18,223346,0
AMLIF.US,D,20231120,000000,1.18,1.2,1.16,1.19,244227,0
AMLIF.US,D,20231121,000000,1.16,1.2,1.13,1.13,147436,0
AMLIF.US,D,20231122,000000,1.12,1.1401,1.11,1.12,217332,0
AMLIF.US,D,20231124,000000,1.11,1.16,1.11,1.14,62590,0
AMLIF.US,D,20231127,000000,1.11,1.14,1.1,1.1,345857,0
AMLIF.US,D,20231128,000000,1.12,1.13,1.09,1.115,250897,0
AMLIF.US,D,20231129,000000,1.1,1.12,1.08,1.1,470942,0
AMLIF.US,D,20231130,000000,1.1,1.14,1.08,1.13,387653,0
AMLIF.US,D,20231201,000000,1.1,1.2,1.09,1.17,445283,0
AMLIF.US,D,20231204,000000,1.15,1.19,1.135,1.15,239974,0
AMLIF.US,D,20231205,000000,1.12,1.16,1.1,1.1,321524,0
AMLIF.US,D,20231206,000000,1.1,1.15,1.1,1.11,397286,0
AMLIF.US,D,20231207,000000,1.1,1.13,1.07,1.1,590750,0
AMLIF.US,D,20231208,000000,1.11,1.15,1.09,1.15,205446,0
AMLIF.US,D,20231211,000000,1.09,1.14,1.08,1.08,389895,0
AMLIF.US,D,20231212,000000,1.1,1.12,1.08,1.09,263151,0
AMLIF.US,D,20231213,000000,1.08,1.12,1.07,1.11,320550,0
AMLIF.US,D,20231214,000000,1.1,1.16,1.1,1.15,662739,0
AMLIF.US,D,20231215,000000,1.19,1.29,1.16,1.27,816237,0
AMLIF.US,D,20231218,000000,1.29,1.29,1.21,1.22,593122,0
AMLIF.US,D,20231219,000000,1.21,1.27,1.21,1.24,477285,0
AMLIF.US,D,20231220,000000,1.25,1.26,1.2,1.2,534763,0
AMLIF.US,D,20231221,000000,1.2,1.24,1.2,1.24,366746,0
AMLIF.US,D,20231222,000000,1.19,1.23,1.17,1.22,615521,0
AMLIF.US,D,20231226,000000,1.2,1.24,1.19,1.21,253334,0
AMLIF.US,D,20231227,000000,1.19,1.2,1.15,1.17,589198,0
AMLIF.US,D,20231228,000000,1.17,1.18,1.13,1.15,521820,0
AMLIF.US,D,20231229,000000,1.16,1.16,1.07,1.1,1443945,0
AMLIF.US,D,20240102,000000,1.11,1.185,1.11,1.16,477467,0
AMLIF.US,D,20240103,000000,1.16,1.17,1.1212,1.15,228603,0
AMLIF.US,D,20240104,000000,1.14,1.15,1.12,1.15,254609,0
AMLIF.US,D,20240105,000000,1.17,1.22,1.14,1.14,885294,0
AMLIF.US,D,20240108,000000,1.13,1.145,1.09,1.13,561940,0
AMLIF.US,D,20240109,000000,1.14,1.14,1.09,1.13,410612,0
AMLIF.US,D,20240110,000000,1.19,1.24,1.16,1.17,863086,0
AMLIF.US,D,20240111,000000,1.16,1.181,1.1212,1.15,439318,0
AMLIF.US,D,20240112,000000,1.14,1.2,1.14,1.16,384738,0
AMLIF.US,D,20240116,000000,1.16,1.18,1.11,1.11,429750,0
AMLIF.US,D,20240117,000000,1.11,1.1155,1.08,1.1,365386,0
AMLIF.US,D,20240118,000000,1.08,1.11,1.04,1.05,722685,0
AMLIF.US,D,20240119,000000,1.03,1.0462,1.01,1.02,1090086,0
AMLIF.US,D,20240122,000000,1.03,1.05,1.02,1.04,305060,0
AMLIF.US,D,20240123,000000,1.06,1.06,1.0292,1.04,212445,0
AMLIF.US,D,20240124,000000,1.04,1.06,1,1.02,336795,0
AMLIF.US,D,20240125,000000,1,1.01,0.97,0.9837,760263,0
AMLIF.US,D,20240126,000000,0.9896,0.9945,0.952,0.96,296290,0
AMLIF.US,D,20240129,000000,0.9107,0.9989,0.91,0.992,532965,0
AMLIF.US,D,20240130,000000,0.9851,0.99,0.9603,0.97,227339,0
AMLIF.US,D,20240131,000000,0.9603,0.97,0.8712,0.8712,939989,0
AMLIF.US,D,20240201,000000,0.8885,0.92,0.87,0.8819,365757,0
AMLIF.US,D,20240202,000000,0.8819,0.9,0.83,0.853,752617,0
AMLIF.US,D,20240205,000000,0.8,0.81,0.69,0.72,1175558,0
AMLIF.US,D,20240206,000000,0.72,0.78,0.6911,0.741,558531,0
AMLIF.US,D,20240207,000000,0.7428,0.77,0.7201,0.735,264784,0
AMLIF.US,D,20240208,000000,0.735,0.7407,0.7102,0.7151,417529,0
AMLIF.US,D,20240209,000000,0.7131,0.78,0.7131,0.769,359460,0
AMLIF.US,D,20240212,000000,0.79,0.8,0.74,0.759,272624,0
AMLIF.US,D,20240213,000000,0.76,0.774,0.71,0.734,322026,0
AMLIF.US,D,20240214,000000,0.728,0.733,0.710101,0.732,227865,0
AMLIF.US,D,20240215,000000,0.72,0.74,0.715,0.73,208375,0
AMLIF.US,D,20240216,000000,0.7571,0.7955,0.72,0.7914,406510,0
AMLIF.US,D,20240220,000000,0.801,0.801,0.74,0.74,615624,0
AMLIF.US,D,20240221,000000,0.75,0.7596,0.73,0.745,267953,0
AMLIF.US,D,20240222,000000,0.731,0.75,0.704,0.71,321812,0
AMLIF.US,D,20240223,000000,0.7,0.7186,0.67,0.7,687791,0
AMLIF.US,D,20240226,000000,0.7,0.7099,0.6833,0.695,368483,0
AMLIF.US,D,20240227,000000,0.67,0.705,0.67,0.6926,434668,0
AMLIF.US,D,20240228,000000,0.6998,0.7103,0.6802,0.6823,423166,0
AMLIF.US,D,20240229,000000,0.67,0.7299,0.667,0.695,436800,0
AMLIF.US,D,20240301,000000,0.74,0.84,0.717,0.82,1096972,0
AMLIF.US,D,20240304,000000,0.82,0.84,0.73955,0.7401,531705,0
AMLIF.US,D,20240305,000000,0.7322,0.7497,0.7101,0.7248,307021,0
AMLIF.US,D,20240306,000000,0.718,0.795,0.718,0.7874,325759,0
AMLIF.US,D,20240307,000000,0.8,0.84,0.792,0.82,408124,0
AMLIF.US,D,20240308,000000,0.84,0.85,0.77,0.8,387141,0
AMLIF.US,D,20240311,000000,0.8023,0.8198,0.745,0.777,293173,0
AMLIF.US,D,20240312,000000,0.77,0.7775,0.7329,0.7501,314066,0
AMLIF.US,D,20240313,000000,0.7535,0.7718,0.7431,0.76,209947,0
AMLIF.US,D,20240314,000000,0.7595,0.77,0.7002,0.7299,715853,0
AMLIF.US,D,20240315,000000,0.7283,0.7484,0.6899,0.6899,692362,0
AMLIF.US,D,20240318,000000,0.7,0.726,0.69301,0.7065,292642,0
AMLIF.US,D,20240319,000000,0.7085,0.71,0.6813,0.6851,390046,0
AMLIF.US,D,20240320,000000,0.6851,0.7188,0.68101,0.708,315270,0
AMLIF.US,D,20240321,000000,0.71,0.7136,0.686,0.6926,370358,0
AMLIF.US,D,20240322,000000,0.709,0.7141,0.6793,0.699,351747,0
AMLIF.US,D,20240325,000000,0.69,0.7,0.681,0.6873,281810,0
AMLIF.US,D,20240326,000000,0.69,0.6962,0.67,0.67,242627,0
AMLIF.US,D,20240327,000000,0.67,0.6969,0.661,0.669,475970,0
AMLIF.US,D,20240328,000000,0.6656,0.71,0.66,0.68,676877,0
AMLIF.US,D,20240401,000000,0.7051,0.7051,0.675,0.689,322942,0
AMLIF.US,D,20240402,000000,0.69,0.71,0.6817,0.7099,388982,0
AMLIF.US,D,20240403,000000,0.71,0.7252,0.6983,0.719,452693,0
AMLIF.US,D,20240404,000000,0.71,0.7368,0.7049,0.7278,364402,0
AMLIF.US,D,20240405,000000,0.7145,0.725,0.6971,0.72,236864,0
AMLIF.US,D,20240408,000000,0.7001,0.723,0.6999,0.71,159506,0
AMLIF.US,D,20240409,000000,0.7,0.72,0.6971,0.7,178139,0
AMLIF.US,D,20240410,000000,0.695,0.6952,0.6567,0.6799,437322,0
AMLIF.US,D,20240411,000000,0.675,0.6965,0.672499,0.68445,308086,0
AMLIF.US,D,20240412,000000,0.68,0.6928,0.6571,0.6779,382367,0
AMLIF.US,D,20240415,000000,0.662,0.6765,0.6136,0.6299,618236,0
AMLIF.US,D,20240416,000000,0.613,0.616,0.57,0.589899,780627,0
AMLIF.US,D,20240417,000000,0.58,0.609999,0.58,0.588,192694,0
AMLIF.US,D,20240418,000000,0.58,0.58,0.55,0.56,364844,0
AMLIF.US,D,20240419,000000,0.56,0.56,0.5222,0.5388,355488,0
AMLIF.US,D,20240422,000000,0.52,0.533,0.4853,0.496,689092,0
AMLIF.US,D,20240423,000000,0.4744,0.525,0.4648,0.515,590410,0
AMLIF.US,D,20240424,000000,0.5202,0.5598,0.519951,0.555,312435,0
AMLIF.US,D,20240425,000000,0.55,0.55,0.5227,0.5391,170322,0
AMLIF.US,D,20240426,000000,0.545,0.56,0.5311,0.544,168380,0
AMLIF.US,D,20240429,000000,0.559,0.5898,0.5464,0.584,294869,0
AMLIF.US,D,20240430,000000,0.6,0.6101,0.5777,0.5921,365694,0
AMLIF.US,D,20240501,000000,0.62,0.625,0.58,0.619,260741,0
AMLIF.US,D,20240502,000000,0.67,0.6899,0.6308,0.6737,472354,0
AMLIF.US,D,20240503,000000,0.68,0.69,0.65,0.68,213599,0
AMLIF.US,D,20240506,000000,0.67,0.68,0.64,0.6424,309753,0
AMLIF.US,D,20240507,000000,0.6424,0.6464,0.6231,0.6294,104161,0
AMLIF.US,D,20240508,000000,0.627,0.6313,0.61,0.61,119079,0
AMLIF.US,D,20240509,000000,0.61,0.6449,0.61,0.6372,173212,0
AMLIF.US,D,20240510,000000,0.658,0.7,0.658,0.674,329004,0
AMLIF.US,D,20240513,000000,0.69,0.7,0.6622,0.6694,289581,0
AMLIF.US,D,20240514,000000,0.635,0.6925,0.635,0.648,421801,0
AMLIF.US,D,20240515,000000,0.68,0.6823,0.65,0.673,244097,0
AMLIF.US,D,20240516,000000,0.6649,0.709,0.6501,0.697,181081,0
AMLIF.US,D,20240517,000000,0.69,0.77,0.69,0.752001,654642,0
AMLIF.US,D,20240520,000000,0.78,0.85,0.775,0.81,566628,0
AMLIF.US,D,20240521,000000,0.8133,0.848,0.7326,0.7822,506095,0
AMLIF.US,D,20240522,000000,0.77,0.782449,0.7176,0.7176,305098,0
AMLIF.US,D,20240523,000000,0.713,0.75,0.6708,0.6955,403491,0
AMLIF.US,D,20240524,000000,0.691,0.75,0.691,0.704,204998,0
AMLIF.US,D,20240528,000000,0.733,0.739699,0.6869,0.7067,395378,0
AMLIF.US,D,20240529,000000,0.697,0.7074,0.66,0.696,222575,0
AMLIF.US,D,20240530,000000,0.68,0.7349,0.68,0.6981,155048,0
AMLIF.US,D,20240531,000000,0.7,0.7145,0.6718,0.6862,141518,0
AMLIF.US,D,20240603,000000,0.69,0.7179,0.6613,0.676049,169512,0
AMLIF.US,D,20240604,000000,0.652,0.6749,0.652,0.6645,123232,0
AMLIF.US,D,20240605,000000,0.64,0.6699,0.6303,0.65,220557,0
AMLIF.US,D,20240606,000000,0.64,0.68,0.6305,0.67,193711,0
AMLIF.US,D,20240607,000000,0.67,0.6849,0.6583,0.6721,155556,0
AMLIF.US,D,20240610,000000,0.66,0.67,0.64,0.645,239061,0
AMLIF.US,D,20240611,000000,0.65,0.6671,0.61,0.62,338581,0
AMLIF.US,D,20240612,000000,0.611,0.6388,0.6002,0.6002,127334,0
AMLIF.US,D,20240613,000000,0.59,0.6,0.5705,0.5994,314831,0
AMLIF.US,D,20240614,000000,0.57,0.6291,0.57,0.6156,249125,0
AMLIF.US,D,20240617,000000,0.622,0.622,0.5615,0.5771,497689,0
AMLIF.US,D,20240618,000000,0.5961,0.5999,0.57,0.5878,232065,0
AMLIF.US,D,20240620,000000,0.5827,0.6,0.5589,0.59526,196977,0
AMLIF.US,D,20240621,000000,0.5907,0.597,0.57,0.575,84422,0
AMLIF.US,D,20240624,000000,0.57,0.57,0.5522,0.5628,198935,0
AMLIF.US,D,20240625,000000,0.55,0.56,0.5275,0.53,372618,0
AMLIF.US,D,20240626,000000,0.56,0.56,0.5295,0.5467,119883,0
AMLIF.US,D,20240627,000000,0.541,0.579799,0.541,0.57,180542,0
AMLIF.US,D,20240628,000000,0.589,0.5899,0.55,0.5562,188838,0
AMLIF.US,D,20240701,000000,0.546,0.55,0.53,0.539,147228,0
AMLIF.US,D,20240702,000000,0.53,0.5409,0.5275,0.54,138695,0
AMLIF.US,D,20240703,000000,0.5399,0.57,0.5311,0.5541,71479,0
AMLIF.US,D,20240705,000000,0.55,0.56127,0.5399,0.554,133132,0
AMLIF.US,D,20240708,000000,0.55,0.55,0.5311,0.5355,171856,0
AMLIF.US,D,20240709,000000,0.528,0.5612,0.528,0.5323,206363,0
AMLIF.US,D,20240710,000000,0.53,0.5747,0.53,0.5687,233323,0
AMLIF.US,D,20240711,000000,0.56,0.57,0.525,0.5623,247462,0
AMLIF.US,D,20240712,000000,0.57,0.6,0.5314,0.5647,348298,0
AMLIF.US,D,20240715,000000,0.5634,0.579499,0.55,0.5675,211238,0
AMLIF.US,D,20240716,000000,0.5725,0.5725,0.5573,0.56245,128828,0
AMLIF.US,D,20240717,000000,0.55,0.5698,0.5404,0.55,261839,0
AMLIF.US,D,20240718,000000,0.54,0.573,0.54,0.5521,245706,0
AMLIF.US,D,20240719,000000,0.54,0.569999,0.5355,0.5518,101622,0
AMLIF.US,D,20240722,000000,0.55,0.56,0.532,0.535,199410,0
AMLIF.US,D,20240723,000000,0.53,0.535,0.52,0.521,116028,0
AMLIF.US,D,20240724,000000,0.52,0.53,0.505,0.5086,144273,0
AMLIF.US,D,20240725,000000,0.5,0.500901,0.4814,0.4821,376740,0
AMLIF.US,D,20240726,000000,0.492,0.4954,0.472,0.48,227239,0
AMLIF.US,D,20240729,000000,0.4848,0.4848,0.453,0.456,339052,0
AMLIF.US,D,20240730,000000,0.453,0.4595,0.4444,0.448,252746,0
AMLIF.US,D,20240731,000000,0.449,0.46,0.4275,0.45,386246,0
AMLIF.US,D,20240801,000000,0.445,0.445,0.399,0.401,587694,0
AMLIF.US,D,20240802,000000,0.409,0.41,0.366,0.3878,603214,0
AMLIF.US,D,20240805,000000,0.3882,0.4098,0.35,0.4073,444946,0
AMLIF.US,D,20240806,000000,0.41,0.421,0.381,0.385,215115,0
AMLIF.US,D,20240807,000000,0.3907,0.399,0.37,0.375,177363,0
AMLIF.US,D,20240808,000000,0.375,0.4,0.372,0.392,156439,0
AMLIF.US,D,20240809,000000,0.3885,0.406,0.3885,0.405,145217,0
AMLIF.US,D,20240812,000000,0.393,0.42,0.39,0.4037,247941,0
AMLIF.US,D,20240813,000000,0.4069,0.425,0.39,0.4103,138301,0
AMLIF.US,D,20240814,000000,0.4174,0.4199,0.4035,0.41,208675,0
AMLIF.US,D,20240815,000000,0.4076,0.42,0.4076,0.4155,112922,0
AMLIF.US,D,20240816,000000,0.4155,0.4305,0.41,0.4182,203550,0
AMLIF.US,D,20240819,000000,0.42,0.427,0.4178,0.4251,145737,0
AMLIF.US,D,20240820,000000,0.409,0.427,0.406,0.4067,203421,0
AMLIF.US,D,20240821,000000,0.407,0.427,0.407,0.41725,95673,0
AMLIF.US,D,20240822,000000,0.417,0.4276,0.417,0.417,235258,0
AMLIF.US,D,20240823,000000,0.41,0.4387,0.41,0.42,163171,0
AMLIF.US,D,20240826,000000,0.4339,0.4339,0.401,0.421,457331,0
AMLIF.US,D,20240827,000000,0.425,0.425,0.39,0.3966,438686,0
AMLIF.US,D,20240828,000000,0.3966,0.4027,0.3832,0.3894,395341,0
AMLIF.US,D,20240829,000000,0.3872,0.416,0.3872,0.3928,144602,0
AMLIF.US,D,20240830,000000,0.4,0.415,0.3749,0.3755,379051,0
AMLIF.US,D,20240903,000000,0.3847,0.385,0.3606,0.3652,381793,0
AMLIF.US,D,20240904,000000,0.3674,0.39,0.366,0.385,119050,0
AMLIF.US,D,20240905,000000,0.3981,0.3981,0.3701,0.3737,124163,0
AMLIF.US,D,20240906,000000,0.375,0.385,0.3631,0.364,168410,0
AMLIF.US,D,20240909,000000,0.3579,0.378,0.35,0.361,202280,0
AMLIF.US,D,20240910,000000,0.361,0.361,0.3226,0.328,527350,0
AMLIF.US,D,20240911,000000,0.33,0.36,0.33,0.3594,290052,0
AMLIF.US,D,20240912,000000,0.351,0.39,0.3501,0.3801,177612,0
AMLIF.US,D,20240913,000000,0.371,0.385,0.37,0.372,171415,0
AMLIF.US,D,20240916,000000,0.377,0.3879,0.37,0.371001,152936,0
AMLIF.US,D,20240917,000000,0.371,0.385,0.3649,0.37835,140081,0
AMLIF.US,D,20240918,000000,0.3734,0.3845,0.3664,0.377,104716,0
AMLIF.US,D,20240919,000000,0.382,0.3871,0.3649,0.3656,164011,0
AMLIF.US,D,20240920,000000,0.361,0.375,0.35,0.35,256354,0
AMLIF.US,D,20240923,000000,0.36,0.4583,0.35,0.411,1850244,0
AMLIF.US,D,20240924,000000,0.4373,0.4418,0.4123,0.4216,592291,0
AMLIF.US,D,20240925,000000,0.4223,0.4973,0.4185,0.47,530452,0
AMLIF.US,D,20240926,000000,0.537,0.65,0.52,0.65,3294140,0
AMLIF.US,D,20240927,000000,0.65,0.65,0.555,0.5747,853720,0
AMLIF.US,D,20240930,000000,0.5747,0.6,0.55,0.5643,445588,0
AMLIF.US,D,20241001,000000,0.5643,0.5804,0.5514,0.5557,205121,0
AMLIF.US,D,20241002,000000,0.554,0.57,0.5133,0.5133,378872,0
AMLIF.US,D,20241003,000000,0.53,0.54,0.51,0.5165,173088,0
AMLIF.US,D,20241004,000000,0.53,0.55,0.523,0.549,454630,0
AMLIF.US,D,20241007,000000,0.57,0.607,0.56,0.604,508612,0
AMLIF.US,D,20241008,000000,0.6123,0.62,0.55,0.5811,437850,0
AMLIF.US,D,20241009,000000,0.59,0.6849,0.59,0.67,599645,0
AMLIF.US,D,20241010,000000,0.7302,0.8642,0.7264,0.7898,2527697,0
AMLIF.US,D,20241011,000000,0.85,0.94,0.8302,0.9281,2696996,0
AMLIF.US,D,20241014,000000,0.9851,1.11,0.941,1.11,2344446,0
AMLIF.US,D,20241015,000000,0.99,0.99,0.7994,0.845,3659219,0
AMLIF.US,D,20241016,000000,0.835,0.835,0.75,0.8,1245370,0
AMLIF.US,D,20241017,000000,0.83,0.89,0.8021,0.8513,1140127,0
AMLIF.US,D,20241018,000000,0.89,0.8989,0.8022,0.8213,713347,0
AMLIF.US,D,20241021,000000,0.79,0.7966,0.7036,0.7601,642090,0
AMLIF.US,D,20241022,000000,0.72,0.8484,0.72,0.8119,602800,0
AMLIF.US,D,20241023,000000,0.81,0.8224,0.7663,0.7852,357465,0
AMLIF.US,D,20241024,000000,0.79,0.8234,0.77,0.8129,340634,0
AMLIF.US,D,20241025,000000,0.8077,0.81,0.77,0.7883,275810,0
AMLIF.US,D,20241028,000000,0.811,0.85,0.8,0.8196,489774,0
AMLIF.US,D,20241029,000000,0.8267,0.83,0.7861,0.81,450343,0
AMLIF.US,D,20241030,000000,0.79,0.8038,0.75,0.783,269237,0
AMLIF.US,D,20241031,000000,0.771,0.78,0.7253,0.733,302163,0
AMLIF.US,D,20241101,000000,0.75,0.7538,0.73,0.753,183777,0
AMLIF.US,D,20241104,000000,0.74,0.74,0.66,0.6985,521271,0
AMLIF.US,D,20241105,000000,0.699,0.744449,0.69,0.73,308253,0
AMLIF.US,D,20241106,000000,0.73,0.734999,0.6518,0.7184,1011638,0
AMLIF.US,D,20241107,000000,0.745,0.7463,0.72,0.735,360134,0
AMLIF.US,D,20241108,000000,0.7312,0.7358,0.7025,0.7126,471317,0
AMLIF.US,D,20241111,000000,0.7,0.71,0.6251,0.6648,643190,0
AMLIF.US,D,20241112,000000,0.6648,0.75,0.64,0.7244,727076,0
AMLIF.US,D,20241113,000000,0.71,0.78,0.6921,0.752,587062,0
AMLIF.US,D,20241114,000000,0.77,0.77,0.711,0.727,340547,0
AMLIF.US,D,20241115,000000,0.7274,0.7275,0.7,0.7145,219543,0
AMLIF.US,D,20241118,000000,0.7107,0.74,0.7,0.729,236704,0
AMLIF.US,D,20241119,000000,0.7,0.74,0.682,0.695,309730,0
AMLIF.US,D,20241120,000000,0.71,0.72,0.6955,0.702,295642,0
AMLIF.US,D,20241121,000000,0.7299,0.77,0.702,0.7203,493961,0
AMLIF.US,D,20241122,000000,0.7165,0.72,0.69,0.70999,372619,0
AMLIF.US,D,20241125,000000,0.7084,0.709,0.67,0.6768,382996,0
AMLIF.US,D,20241126,000000,0.6776,0.6877,0.6555,0.6555,278066,0
AMLIF.US,D,20241127,000000,0.68,0.694899,0.66,0.685,290999,0
AMLIF.US,D,20241129,000000,0.69,0.693799,0.6701,0.688,140529,0
AMLIF.US,D,20241202,000000,0.69,0.7,0.65,0.67,665529,0
AMLIF.US,D,20241203,000000,0.67,0.67,0.6201,0.634,534853,0
AMLIF.US,D,20241204,000000,0.61,0.625,0.5955,0.61,690608,0
AMLIF.US,D,20241205,000000,0.5909,0.62,0.5909,0.6,489092,0
AMLIF.US,D,20241206,000000,0.593,0.605,0.5762,0.584,281897,0
AMLIF.US,D,20241209,000000,0.583,0.6753,0.58,0.6303,1280365,0
AMLIF.US,D,20241210,000000,0.65,0.7,0.625,0.6252,770371,0
AMLIF.US,D,20241211,000000,0.48,0.481,0.4,0.423,6383193,0
AMLIF.US,D,20241212,000000,0.4286,0.45,0.4,0.4171,1156108,0
AMLIF.US,D,20241213,000000,0.4041,0.42,0.3726,0.394,1288237,0
AMLIF.US,D,20241216,000000,0.3937,0.3945,0.37,0.3703,1114510,0
AMLIF.US,D,20241217,000000,0.37,0.3776,0.34,0.37,1065405,0
AMLIF.US,D,20241218,000000,0.37,0.37,0.35,0.3501,840873,0
AMLIF.US,D,20241219,000000,0.35,0.369899,0.3393,0.3485,589890,0
AMLIF.US,D,20241220,000000,0.3442,0.3646,0.34,0.3598,613988,0
AMLIF.US,D,20241223,000000,0.36,0.3939,0.3598,0.3775,666036,0
AMLIF.US,D,20241224,000000,0.4,0.4,0.376,0.3867,323779,0
AMLIF.US,D,20241226,000000,0.3867,0.3899,0.355,0.362,450039,0
AMLIF.US,D,20241227,000000,0.372,0.4186,0.372,0.3752,1340023,0
