<TICKER>,<PER>,<DATE>,<TIME>,<OPEN>,<HIGH>,<LOW>,<CLOSE>,<VOL>,<OPENINT>
AUGX.US,D,20211026,000000,3.5,3.7173,3.21,3.5,1517300,0
AUGX.US,D,20211027,000000,3.3,3.55,3.15,3.55,613247,0
AUGX.US,D,20211028,000000,3.55,3.73,3.4,3.63,330122,0
AUGX.US,D,20211029,000000,3.78,3.88,3.6,3.75,253087,0
AUGX.US,D,20211101,000000,3.85,3.94,3.75,3.91,321973,0
AUGX.US,D,20211102,000000,3.94,3.95,3.82,3.86,221928,0
AUGX.US,D,20211103,000000,3.99,3.99,3.75,3.8,207015,0
AUGX.US,D,20211104,000000,3.95,3.95,3.68,3.71,209241,0
AUGX.US,D,20211105,000000,3.95,3.98,3.52,3.8,350849,0
AUGX.US,D,20211108,000000,3.95,4,3.8697,4,292222,0
AUGX.US,D,20211109,000000,4,4.03,3.84,4,224079,0
AUGX.US,D,20211110,000000,3.99,3.99,3.65,3.8,243132,0
AUGX.US,D,20211111,000000,3.79,4,3.7,3.99,138849,0
AUGX.US,D,20211112,000000,3.94,4.03,3.9386,4.02,133013,0
AUGX.US,D,20211115,000000,4.04,4.08,3.9399,4.08,86900,0
AUGX.US,D,20211116,000000,4.08,4.08,3.97,4.03,104697,0
AUGX.US,D,20211117,000000,3.95,4.05,3.95,4.02,89890,0
AUGX.US,D,20211118,000000,4.04,4.04,3.8,4,165818,0
AUGX.US,D,20211119,000000,3.88,3.8921,3.71,3.83,275125,0
AUGX.US,D,20211122,000000,3.81,3.81,3.21,3.3,136597,0
AUGX.US,D,20211123,000000,3.3,3.3,2.84,2.9,146451,0
AUGX.US,D,20211124,000000,3.2,3.51,3.2,3.45,151506,0
AUGX.US,D,20211126,000000,3.57,3.6,3.45,3.6,50077,0
AUGX.US,D,20211129,000000,3.75,3.79,3.5,3.67,62223,0
AUGX.US,D,20211130,000000,3.62,3.7,3.32,3.59,61864,0
AUGX.US,D,20211201,000000,3.16,3.69,3.16,3.3,107690,0
AUGX.US,D,20211202,000000,3.26,3.6,3.2,3.48,40527,0
AUGX.US,D,20211203,000000,3.71,3.7199,3.21,3.46,67995,0
AUGX.US,D,20211206,000000,3.51,3.8999,3.48,3.8,194149,0
AUGX.US,D,20211207,000000,3.8,3.8313,3.6201,3.8,49407,0
AUGX.US,D,20211208,000000,3.81,3.81,3.6,3.69,73015,0
AUGX.US,D,20211209,000000,3.69,3.805,3.5,3.75,40601,0
AUGX.US,D,20211210,000000,3.73,3.8,3.55,3.58,35356,0
AUGX.US,D,20211213,000000,3.67,3.8,3.29,3.45,99703,0
AUGX.US,D,20211214,000000,3.41,3.69,3.41,3.5,114673,0
AUGX.US,D,20211215,000000,3.79,3.79,3.34,3.5,158441,0
AUGX.US,D,20211216,000000,3.49,3.65,3.42,3.5,202081,0
AUGX.US,D,20211217,000000,3.5,3.77,3.34,3.57,856698,0
AUGX.US,D,20211220,000000,3.52,3.64,3.41,3.64,154870,0
AUGX.US,D,20211221,000000,3.64,3.65,3.44,3.58,184849,0
AUGX.US,D,20211222,000000,3.6,3.65,3.27,3.4,261376,0
AUGX.US,D,20211223,000000,3.38,3.55,3.2637,3.49,122797,0
AUGX.US,D,20211227,000000,3.48,3.6,3.29,3.37,110365,0
AUGX.US,D,20211228,000000,3.3,3.38,3.12,3.32,148420,0
AUGX.US,D,20211229,000000,3.18,3.3389,3.11,3.16,112275,0
AUGX.US,D,20211230,000000,3.15,3.15,3.02,3.07,74264,0
AUGX.US,D,20211231,000000,3,3.15,2.96,3.15,90321,0
AUGX.US,D,20220103,000000,3.21,3.32,3.15,3.24,17083,0
AUGX.US,D,20220104,000000,3.55,3.55,3.13,3.19,18318,0
AUGX.US,D,20220105,000000,3.15,3.22,3.04,3.08,15757,0
AUGX.US,D,20220106,000000,3.16,3.28,3.06,3.23,51443,0
AUGX.US,D,20220107,000000,3.1417,3.25,3.1417,3.16,10252,0
AUGX.US,D,20220110,000000,3.16,3.2899,3,3.07,29897,0
AUGX.US,D,20220111,000000,3.2083,3.25,2.99,3.25,20328,0
AUGX.US,D,20220112,000000,3.16,3.25,3.03,3.22,74665,0
AUGX.US,D,20220113,000000,3.25,3.25,3.07,3.1,11590,0
AUGX.US,D,20220114,000000,3.14,3.35,3.1082,3.35,5996,0
AUGX.US,D,20220118,000000,3.36,3.36,2.99,3,58861,0
AUGX.US,D,20220119,000000,3,3.03,2.73,2.8,72001,0
AUGX.US,D,20220120,000000,2.8,2.9,2.43,2.51,63789,0
AUGX.US,D,20220121,000000,2.53,2.74,2.51,2.6,58328,0
AUGX.US,D,20220124,000000,2.53,2.6,2.42,2.53,53315,0
AUGX.US,D,20220125,000000,2.45,2.609,2.45,2.59,19447,0
AUGX.US,D,20220126,000000,2.67,2.67,2.33,2.45,32368,0
AUGX.US,D,20220127,000000,2.35,2.5,2.31,2.37,42468,0
AUGX.US,D,20220128,000000,2.405,2.62,2.27,2.59,67620,0
AUGX.US,D,20220131,000000,2.68,2.68,2.51,2.57,12136,0
AUGX.US,D,20220201,000000,2.55,2.75,2.3354,2.5,74171,0
AUGX.US,D,20220202,000000,2.42,2.54,2.4,2.51,31655,0
AUGX.US,D,20220203,000000,2.55,2.55,2.38,2.4,51589,0
AUGX.US,D,20220204,000000,2.41,2.7,2.345,2.56,38490,0
AUGX.US,D,20220207,000000,2.52,2.7,2.5,2.64,24152,0
AUGX.US,D,20220208,000000,2.615,3,2.5585,2.9,10456,0
AUGX.US,D,20220209,000000,2.6643,3.11,2.6401,3.11,13535,0
AUGX.US,D,20220210,000000,3.1899,3.19,2.97,2.99,9934,0
AUGX.US,D,20220211,000000,2.95,3.1841,2.95,3.1,5687,0
AUGX.US,D,20220214,000000,3.2,3.2,2.9478,3.05,10820,0
AUGX.US,D,20220215,000000,3.11,3.11,2.78,2.915,18340,0
AUGX.US,D,20220216,000000,3.19,3.19,2.874,2.97,3892,0
AUGX.US,D,20220217,000000,2.72,2.914,2.7,2.9,6588,0
AUGX.US,D,20220218,000000,2.7762,3.1362,2.36,2.57,21267,0
AUGX.US,D,20220222,000000,2.76,2.76,2.3401,2.47,10212,0
AUGX.US,D,20220223,000000,2.47,2.6949,2.28,2.39,22357,0
AUGX.US,D,20220224,000000,2.27,2.5,2.26,2.27,39116,0
AUGX.US,D,20220225,000000,2.27,2.5911,2.27,2.37,33829,0
AUGX.US,D,20220228,000000,2.35,2.58,2.3,2.47,35356,0
AUGX.US,D,20220301,000000,2.5799,2.5799,2.36,2.36,20512,0
AUGX.US,D,20220302,000000,2.4,2.49,2.3,2.3,9831,0
AUGX.US,D,20220303,000000,2.13,2.4999,2.05,2.2,18459,0
AUGX.US,D,20220304,000000,2.2,2.47,2.19,2.4,30773,0
AUGX.US,D,20220307,000000,2.5,2.53,2.3,2.3,21862,0
AUGX.US,D,20220308,000000,2.15,2.5,2.15,2.49,21604,0
AUGX.US,D,20220309,000000,2.53,2.56,2.32,2.36,12185,0
AUGX.US,D,20220310,000000,2.29,2.5,2.2873,2.48,36864,0
AUGX.US,D,20220311,000000,2.3966,2.55,2.29,2.45,59009,0
AUGX.US,D,20220314,000000,2.3245,2.45,2.26,2.29,24667,0
AUGX.US,D,20220315,000000,2.305,2.43,2.23,2.23,9827,0
AUGX.US,D,20220316,000000,2.3317,2.55,2.3,2.5,9444,0
AUGX.US,D,20220317,000000,2.5632,2.7,2.41,2.7,15456,0
AUGX.US,D,20220318,000000,2.92,2.92,2.45,2.71,36589,0
AUGX.US,D,20220321,000000,2.63,2.7,2.4,2.61,106399,0
AUGX.US,D,20220322,000000,3,3.04,2.5,2.87,76278,0
AUGX.US,D,20220323,000000,3,3,2.6217,2.8,53306,0
AUGX.US,D,20220324,000000,2.76,2.9,2.7,2.81,36619,0
AUGX.US,D,20220325,000000,3.37,3.37,2.73,2.85,29725,0
AUGX.US,D,20220328,000000,2.8,2.8,2.61,2.8,27975,0
AUGX.US,D,20220329,000000,2.74,2.97,2.74,2.8,5235,0
AUGX.US,D,20220330,000000,2.94,2.94,2.72,2.9,11189,0
AUGX.US,D,20220331,000000,2.81,3,2.75,2.94,29075,0
AUGX.US,D,20220401,000000,3.09,3.13,2.64,2.65,30468,0
AUGX.US,D,20220404,000000,2.75,2.84,2.6,2.84,4371,0
AUGX.US,D,20220405,000000,2.9,2.91,2.9,2.91,1090,0
AUGX.US,D,20220406,000000,2.875,2.9871,2.8264,2.89,13235,0
AUGX.US,D,20220407,000000,2.91,3.1499,2.91,3.05,53886,0
AUGX.US,D,20220408,000000,3.15,3.17,2.7501,3.17,36506,0
AUGX.US,D,20220411,000000,3.09,3.09,2.86,2.87,5517,0
AUGX.US,D,20220412,000000,2.88,2.95,2.85,2.95,10581,0
AUGX.US,D,20220413,000000,2.8501,3,2.8001,3,26924,0
AUGX.US,D,20220414,000000,2.79,3,2.75,3,17283,0
AUGX.US,D,20220418,000000,2.96,3,2.53,2.8,43117,0
AUGX.US,D,20220419,000000,2.74,2.85,2.72,2.85,13250,0
AUGX.US,D,20220420,000000,2.7063,2.815,2.6,2.72,50228,0
AUGX.US,D,20220421,000000,2.7,2.9,2.67,2.7,22451,0
AUGX.US,D,20220422,000000,2.65,2.71,2.54,2.54,4273,0
AUGX.US,D,20220425,000000,2.75,2.75,2.62,2.64,19564,0
AUGX.US,D,20220426,000000,2.64,2.7,2.54,2.7,9115,0
AUGX.US,D,20220427,000000,2.59,2.62,2.53,2.55,13009,0
AUGX.US,D,20220428,000000,2.74,2.74,2.39,2.53,33774,0
AUGX.US,D,20220429,000000,2.58,2.88,2.58,2.88,28837,0
AUGX.US,D,20220502,000000,3.15,3.15,2.55,2.85,21882,0
AUGX.US,D,20220503,000000,2.7128,2.85,2.7128,2.85,2026,0
AUGX.US,D,20220504,000000,2.71,2.9,2.5717,2.9,13326,0
AUGX.US,D,20220505,000000,2.7,2.79,2.7,2.79,11587,0
AUGX.US,D,20220506,000000,2.83,2.93,2.5027,2.69,48125,0
AUGX.US,D,20220509,000000,2.5,2.55,2.28,2.35,90561,0
AUGX.US,D,20220510,000000,2.33,2.59,2.18,2.31,53109,0
AUGX.US,D,20220511,000000,2.4104,2.455,2.095,2.12,30432,0
AUGX.US,D,20220512,000000,2.46,2.46,1.95,2.17,36125,0
AUGX.US,D,20220513,000000,2.15,2.15,1.96,2.15,113809,0
AUGX.US,D,20220516,000000,2.15,2.15,1.98,2.01,8899,0
AUGX.US,D,20220517,000000,2.07,2.255,2.07,2.25,55858,0
AUGX.US,D,20220518,000000,2.1636,2.2602,2.06,2.12,6826,0
AUGX.US,D,20220519,000000,2.15,2.36,2.07,2.36,23846,0
AUGX.US,D,20220520,000000,2.17,2.39,2.1101,2.39,23257,0
AUGX.US,D,20220523,000000,2.39,2.4,2.03,2.2,42330,0
AUGX.US,D,20220524,000000,2.06,2.09,2.0007,2.02,30878,0
AUGX.US,D,20220525,000000,1.97,2,1.82,1.82,43464,0
AUGX.US,D,20220526,000000,1.85,2.11,1.83,1.9,92440,0
AUGX.US,D,20220527,000000,2.04,2.12,1.85,2.11,146256,0
AUGX.US,D,20220531,000000,2.25,2.25,2,2,41630,0
AUGX.US,D,20220601,000000,2.01,2.13,1.91,1.95,32441,0
AUGX.US,D,20220602,000000,1.98,2.0307,1.95,2,8870,0
AUGX.US,D,20220603,000000,2,2.0955,1.91,2,3994,0
AUGX.US,D,20220606,000000,1.94,2.01,1.85,1.9,53643,0
AUGX.US,D,20220607,000000,1.8485,1.99,1.78,1.85,211691,0
AUGX.US,D,20220608,000000,1.79,1.93,1.79,1.93,2686,0
AUGX.US,D,20220609,000000,2.05,2.05,1.78,1.9,30936,0
AUGX.US,D,20220610,000000,1.85,2.08,1.85,2.05,15707,0
AUGX.US,D,20220613,000000,2,2.1,1.94,1.94,24966,0
AUGX.US,D,20220614,000000,1.87,2.1155,1.77,1.83,64313,0
AUGX.US,D,20220615,000000,1.99,1.99,1.91,1.91,10733,0
AUGX.US,D,20220616,000000,2.04,2.04,1.9,1.9,81374,0
AUGX.US,D,20220617,000000,2,2.01,1.86,1.86,32760,0
AUGX.US,D,20220621,000000,1.99,1.99,1.84,1.84,48249,0
AUGX.US,D,20220622,000000,2.1137,2.1137,1.67,1.69,68298,0
AUGX.US,D,20220623,000000,1.87,1.87,1.61,1.66,42484,0
AUGX.US,D,20220624,000000,1.8,1.85,1.62,1.82,49045,0
AUGX.US,D,20220627,000000,1.76,2,1.66,1.69,69122,0
AUGX.US,D,20220628,000000,1.715,1.79,1.65,1.7,21491,0
AUGX.US,D,20220629,000000,1.7,1.7,1.7,1.7,620,0
AUGX.US,D,20220630,000000,1.59,1.8,1.59,1.8,13874,0
AUGX.US,D,20220701,000000,1.8,1.98,1.6825,1.98,8346,0
AUGX.US,D,20220705,000000,1.95,1.95,1.63,1.86,10603,0
AUGX.US,D,20220706,000000,1.6001,1.86,1.6001,1.78,15287,0
AUGX.US,D,20220707,000000,1.77,1.88,1.7,1.88,11726,0
AUGX.US,D,20220708,000000,1.75,1.8521,1.68,1.77,21139,0
AUGX.US,D,20220711,000000,1.8,1.8,1.7135,1.715,834,0
AUGX.US,D,20220712,000000,1.67,1.67,1.67,1.67,651,0
AUGX.US,D,20220713,000000,1.77,1.78,1.61,1.625,9439,0
AUGX.US,D,20220714,000000,1.56,1.62,1.56,1.62,1060,0
AUGX.US,D,20220715,000000,1.66,1.67,1.65,1.65,2079,0
AUGX.US,D,20220718,000000,1.64,1.64,1.5758,1.6,7668,0
AUGX.US,D,20220719,000000,1.63,1.64,1.55,1.56,11180,0
AUGX.US,D,20220720,000000,1.5676,1.58,1.5676,1.58,1262,0
AUGX.US,D,20220721,000000,1.64,1.64,1.5501,1.62,12535,0
AUGX.US,D,20220722,000000,1.58,1.64,1.48,1.57,9273,0
AUGX.US,D,20220725,000000,1.63,1.64,1.54,1.56,10972,0
AUGX.US,D,20220726,000000,1.51,1.6,1.5,1.5,7449,0
AUGX.US,D,20220727,000000,1.6,1.6,1.45,1.59,17566,0
AUGX.US,D,20220728,000000,1.53,1.8573,1.45,1.48,153089,0
AUGX.US,D,20220729,000000,1.5,1.5,1.42,1.48,15651,0
AUGX.US,D,20220801,000000,1.48,1.71,1.47,1.5999,11337,0
AUGX.US,D,20220802,000000,1.6101,1.6101,1.44,1.53,47582,0
AUGX.US,D,20220803,000000,1.54,1.59,1.5,1.53,42068,0
AUGX.US,D,20220804,000000,1.44,1.5208,1.44,1.49,40203,0
AUGX.US,D,20220805,000000,1.5,1.72,1.45,1.5,25138,0
AUGX.US,D,20220808,000000,1.5,1.5018,1.41,1.5,101720,0
AUGX.US,D,20220809,000000,1.5,1.59,1.45,1.52,89430,0
AUGX.US,D,20220810,000000,1.65,1.681,1.65,1.66,16202,0
AUGX.US,D,20220811,000000,1.54,1.69,1.54,1.66,39637,0
AUGX.US,D,20220812,000000,1.6901,1.6943,1.45,1.57,138989,0
AUGX.US,D,20220815,000000,1.66,1.75,1.56,1.6,11521,0
AUGX.US,D,20220816,000000,1.57,1.75,1.57,1.72,18925,0
AUGX.US,D,20220817,000000,1.6926,1.75,1.6926,1.75,11725,0
AUGX.US,D,20220818,000000,1.75,1.75,1.6566,1.72,4846,0
AUGX.US,D,20220819,000000,1.86,1.86,1.7,1.7019,15917,0
AUGX.US,D,20220822,000000,1.63,1.71,1.63,1.7,27559,0
AUGX.US,D,20220823,000000,1.85,1.85,1.69,1.74,15299,0
AUGX.US,D,20220824,000000,1.85,1.85,1.7,1.8,18249,0
AUGX.US,D,20220825,000000,1.83,1.83,1.75,1.77,3917,0
AUGX.US,D,20220826,000000,1.77,1.77,1.645,1.645,14622,0
AUGX.US,D,20220829,000000,1.785,1.785,1.5957,1.6,44000,0
AUGX.US,D,20220830,000000,1.66,1.85,1.57,1.85,23236,0
AUGX.US,D,20220831,000000,1.79,1.79,1.6628,1.69,7723,0
AUGX.US,D,20220901,000000,1.68,1.85,1.6,1.63,42531,0
AUGX.US,D,20220902,000000,1.72,1.84,1.68,1.7,10145,0
AUGX.US,D,20220906,000000,1.75,1.83,1.7,1.82,28424,0
AUGX.US,D,20220907,000000,1.82,1.97,1.78,1.95,23794,0
AUGX.US,D,20220908,000000,2.07,2.08,1.95,2.07,27615,0
AUGX.US,D,20220909,000000,2.07,2.15,2.02,2.08,57633,0
AUGX.US,D,20220912,000000,2.1,2.12,2.05,2.08,38611,0
AUGX.US,D,20220913,000000,2.05,2.05,1.97,2.05,11654,0
AUGX.US,D,20220914,000000,2.19,2.19,1.925,2.02,46959,0
AUGX.US,D,20220915,000000,2,2.4,1.83,2.35,150244,0
AUGX.US,D,20220916,000000,2.42,2.47,2.2,2.35,129294,0
AUGX.US,D,20220919,000000,2.44,2.44,2.08,2.13,44359,0
AUGX.US,D,20220920,000000,2.1,2.1,1.92,1.98,21590,0
AUGX.US,D,20220921,000000,1.9,2.0394,1.87,1.87,2824,0
AUGX.US,D,20220922,000000,1.86,1.94,1.65,1.65,33249,0
AUGX.US,D,20220923,000000,1.65,1.68,1.5,1.51,35151,0
AUGX.US,D,20220926,000000,1.54,1.64,1.48,1.49,11749,0
AUGX.US,D,20220927,000000,1.76,1.8,1.62,1.62,10757,0
AUGX.US,D,20220928,000000,1.69,1.69,1.45,1.5,61390,0
AUGX.US,D,20220929,000000,1.5,1.575,1.42,1.5,47414,0
AUGX.US,D,20220930,000000,1.47,1.55,1.42,1.45,85440,0
AUGX.US,D,20221003,000000,1.5,1.5116,1.34,1.4,16293,0
AUGX.US,D,20221004,000000,1.42,1.42,1.26,1.28,42951,0
AUGX.US,D,20221005,000000,1.3,1.35,1.26,1.28,24258,0
AUGX.US,D,20221006,000000,1.33,1.34,1.25,1.27,22475,0
AUGX.US,D,20221007,000000,1.27,1.27,1.17,1.17,26826,0
AUGX.US,D,20221010,000000,1.24,1.26,1.17,1.25,22061,0
AUGX.US,D,20221011,000000,1.26,1.34,1.18,1.19,25766,0
AUGX.US,D,20221012,000000,1.23,1.24,1.13,1.15,18878,0
AUGX.US,D,20221013,000000,1.21,1.23,1.11,1.12,16105,0
AUGX.US,D,20221014,000000,1.1,1.19,1.1,1.12,12509,0
AUGX.US,D,20221017,000000,1.16,1.19,1.1203,1.18,3581,0
AUGX.US,D,20221018,000000,1.16,1.23,1.12,1.14,30389,0
AUGX.US,D,20221019,000000,1.15,1.24,1.15,1.19,15956,0
AUGX.US,D,20221020,000000,1.2632,1.37,1.1839,1.24,26143,0
AUGX.US,D,20221021,000000,1.38,1.38,1.26,1.3,24814,0
AUGX.US,D,20221024,000000,1.31,1.34,1.3,1.304,12558,0
AUGX.US,D,20221025,000000,1.3,1.32,1.3,1.32,3918,0
AUGX.US,D,20221026,000000,1.38,1.38,1.3,1.34,11294,0
AUGX.US,D,20221027,000000,1.31,1.36,1.31,1.36,4739,0
AUGX.US,D,20221028,000000,1.35,1.42,1.34,1.42,38298,0
AUGX.US,D,20221031,000000,1.39,1.515,1.38,1.48,17873,0
AUGX.US,D,20221101,000000,1.62,1.6699,1.55,1.58,3327,0
AUGX.US,D,20221102,000000,1.593,1.593,1.375,1.54,8930,0
AUGX.US,D,20221103,000000,1.5899,1.5899,1.4885,1.5175,740,0
AUGX.US,D,20221104,000000,1.46,1.52,1.29,1.52,30443,0
AUGX.US,D,20221107,000000,1.44,1.44,1.44,1.44,250,0
AUGX.US,D,20221108,000000,1.35,1.45,1.35,1.44,3857,0
AUGX.US,D,20221109,000000,1.43,1.43,1.29,1.35,27019,0
AUGX.US,D,20221110,000000,1.3058,1.46,1.3058,1.43,25016,0
AUGX.US,D,20221111,000000,1.67,1.67,1.4601,1.49,26653,0
AUGX.US,D,20221114,000000,1.74,1.74,1.4585,1.48,24956,0
AUGX.US,D,20221115,000000,1.92,1.92,1.35,1.36,33102,0
AUGX.US,D,20221116,000000,1.5,1.51,1.15,1.24,69837,0
AUGX.US,D,20221117,000000,1.32,1.35,1.24,1.25,28210,0
AUGX.US,D,20221118,000000,1.25,1.26,1.2,1.23,21307,0
AUGX.US,D,20221121,000000,1.221,1.37,1.221,1.2417,5214,0
AUGX.US,D,20221122,000000,1.2637,1.31,1.2,1.2,22169,0
AUGX.US,D,20221123,000000,1.35,1.3527,1.23,1.275,57732,0
AUGX.US,D,20221125,000000,1.26,1.3399,1.26,1.3,2242,0
AUGX.US,D,20221128,000000,1.3704,1.3767,1.31,1.36,5678,0
AUGX.US,D,20221129,000000,1.37,1.37,1.24,1.24,86080,0
AUGX.US,D,20221130,000000,1.3,1.3,1.25,1.25,17868,0
AUGX.US,D,20221201,000000,1.28,1.29,1.16,1.18,18595,0
AUGX.US,D,20221202,000000,1.16,1.24,1.14,1.14,43766,0
AUGX.US,D,20221205,000000,1.13,1.2889,1.13,1.17,21574,0
AUGX.US,D,20221206,000000,1.2815,1.2815,1.14,1.175,9092,0
AUGX.US,D,20221207,000000,1.16,1.19,1.14,1.15,40021,0
AUGX.US,D,20221208,000000,1.16,1.225,1.12,1.12,21026,0
AUGX.US,D,20221209,000000,1.1214,1.15,1.115,1.115,7815,0
AUGX.US,D,20221212,000000,1.1,1.12,1.02,1.11,74790,0
AUGX.US,D,20221213,000000,1.01,1.29,1.01,1.19,2468253,0
AUGX.US,D,20221214,000000,1.3,1.3,1.12,1.15,61956,0
AUGX.US,D,20221215,000000,1.12,1.15,1.1,1.1499,5333,0
AUGX.US,D,20221216,000000,1.17,1.1999,1.09,1.15,70844,0
AUGX.US,D,20221219,000000,1.08,1.15,1.07,1.08,56706,0
AUGX.US,D,20221220,000000,1.12,1.22,1.02,1.11,130312,0
AUGX.US,D,20221221,000000,1.15,1.23,1.07,1.11,99365,0
AUGX.US,D,20221222,000000,1.12,1.2,1.08,1.115,148105,0
AUGX.US,D,20221223,000000,1.13,1.19,1.09,1.19,24020,0
AUGX.US,D,20221227,000000,1.15,1.24,1.1,1.24,59521,0
AUGX.US,D,20221228,000000,1.2,1.34,1.09,1.34,275842,0
AUGX.US,D,20221229,000000,1.23,1.5254,1.22,1.46,117677,0
AUGX.US,D,20221230,000000,1.45,1.58,1.29,1.56,64173,0
AUGX.US,D,20230103,000000,1.65,1.73,1.53,1.555,24425,0
AUGX.US,D,20230104,000000,1.49,1.69,1.32,1.69,32475,0
AUGX.US,D,20230105,000000,1.605,1.65,1.5,1.65,16708,0
AUGX.US,D,20230109,000000,1.54,1.71,1.54,1.69,6818,0
AUGX.US,D,20230110,000000,1.63,1.64,1.49,1.64,40092,0
AUGX.US,D,20230111,000000,1.58,1.62,1.5,1.6,29318,0
AUGX.US,D,20230112,000000,1.68,1.68,1.58,1.65,11906,0
AUGX.US,D,20230113,000000,1.58,1.68,1.44,1.48,88112,0
AUGX.US,D,20230117,000000,1.54,1.64,1.535,1.6,12132,0
AUGX.US,D,20230118,000000,1.53,1.61,1.47,1.56,54816,0
AUGX.US,D,20230119,000000,1.52,1.7,1.5,1.66,18781,0
AUGX.US,D,20230120,000000,1.6,1.73,1.49,1.6501,1593810,0
AUGX.US,D,20230123,000000,1.735,1.78,1.65,1.65,15875,0
AUGX.US,D,20230124,000000,1.78,1.78,1.54,1.575,59571,0
AUGX.US,D,20230125,000000,1.5899,1.75,1.47,1.47,115612,0
AUGX.US,D,20230126,000000,1.48,1.69,1.48,1.65,46828,0
AUGX.US,D,20230127,000000,1.65,1.715,1.55,1.65,56208,0
AUGX.US,D,20230130,000000,1.55,1.64,1.46,1.52,39105,0
AUGX.US,D,20230131,000000,1.5,1.595,1.46,1.54,44849,0
AUGX.US,D,20230201,000000,1.61,1.69,1.5,1.58,107467,0
AUGX.US,D,20230202,000000,1.62,1.76,1.58,1.68,53847,0
AUGX.US,D,20230203,000000,1.74,1.74,1.42,1.59,112514,0
AUGX.US,D,20230206,000000,1.58,1.63,1.5001,1.57,23369,0
AUGX.US,D,20230207,000000,1.59,1.6199,1.491,1.6,50361,0
AUGX.US,D,20230208,000000,1.599,1.698,1.5237,1.6,92154,0
AUGX.US,D,20230209,000000,1.64,1.64,1.4972,1.54,51197,0
AUGX.US,D,20230210,000000,1.525,1.66,1.49,1.63,27886,0
AUGX.US,D,20230213,000000,1.56,1.84,1.56,1.83,83749,0
AUGX.US,D,20230214,000000,1.83,1.83,1.71,1.78,55362,0
AUGX.US,D,20230215,000000,1.78,1.78,1.64,1.7,68594,0
AUGX.US,D,20230216,000000,1.65,1.7899,1.65,1.77,9154,0
AUGX.US,D,20230217,000000,1.74,1.84,1.72,1.7899,25510,0
AUGX.US,D,20230221,000000,1.79,1.9799,1.75,1.8,43549,0
AUGX.US,D,20230222,000000,1.78,1.78,1.68,1.68,36458,0
AUGX.US,D,20230223,000000,1.725,1.76,1.6601,1.73,47102,0
AUGX.US,D,20230224,000000,1.73,1.74,1.69,1.69,59112,0
AUGX.US,D,20230227,000000,1.77,1.7985,1.69,1.699,21675,0
AUGX.US,D,20230228,000000,1.67,1.7,1.62,1.62,29241,0
AUGX.US,D,20230301,000000,1.65,1.8178,1.65,1.68,28993,0
AUGX.US,D,20230302,000000,1.7,1.8399,1.62,1.69,37992,0
AUGX.US,D,20230303,000000,1.69,1.75,1.6313,1.72,29255,0
AUGX.US,D,20230306,000000,1.78,1.78,1.68,1.72,38669,0
AUGX.US,D,20230307,000000,1.78,1.78,1.6931,1.7,15609,0
AUGX.US,D,20230308,000000,1.7,1.73,1.62,1.62,51057,0
AUGX.US,D,20230309,000000,1.69,1.7,1.63,1.63,9799,0
AUGX.US,D,20230310,000000,1.67,1.67,1.57,1.6,2434,0
AUGX.US,D,20230313,000000,1.614,1.65,1.58,1.6,5965,0
AUGX.US,D,20230314,000000,1.62,1.71,1.54,1.54,16429,0
AUGX.US,D,20230315,000000,1.65,1.65,1.34,1.36,23311,0
AUGX.US,D,20230316,000000,1.45,1.46,1.38,1.4,12498,0
AUGX.US,D,20230317,000000,1.4394,1.64,1.37,1.64,57527,0
AUGX.US,D,20230320,000000,1.65,1.65,1.53,1.53,23237,0
AUGX.US,D,20230321,000000,1.605,1.649,1.54,1.54,10338,0
AUGX.US,D,20230322,000000,1.64,1.64,1.505,1.58,6462,0
AUGX.US,D,20230323,000000,1.58,1.6,1.53,1.55,7249,0
AUGX.US,D,20230324,000000,1.6047,1.6399,1.49,1.5,10920,0
AUGX.US,D,20230327,000000,1.55,1.78,1.34,1.72,200614,0
AUGX.US,D,20230328,000000,1.77,1.77,1.67,1.69,50978,0
AUGX.US,D,20230329,000000,1.62,1.72,1.62,1.72,65344,0
AUGX.US,D,20230330,000000,1.69,1.72,1.69,1.71,35303,0
AUGX.US,D,20230331,000000,1.72,1.74,1.7,1.74,39652,0
AUGX.US,D,20230403,000000,1.75,1.75,1.6901,1.73,8574,0
AUGX.US,D,20230404,000000,1.74,1.91,1.69,1.71,40496,0
AUGX.US,D,20230405,000000,1.7,1.727,1.65,1.69,19903,0
AUGX.US,D,20230406,000000,1.6704,1.71,1.64,1.71,44932,0
AUGX.US,D,20230410,000000,1.63,1.75,1.59,1.73,89719,0
AUGX.US,D,20230411,000000,1.71,1.79,1.57,1.78,72042,0
AUGX.US,D,20230412,000000,1.73,1.73,1.57,1.7,95869,0
AUGX.US,D,20230413,000000,1.7,1.72,1.63,1.65,35010,0
AUGX.US,D,20230414,000000,1.6,1.76,1.5,1.76,118718,0
AUGX.US,D,20230417,000000,1.82,1.84,1.56,1.84,24216,0
AUGX.US,D,20230418,000000,1.84,1.84,1.74,1.8,26921,0
AUGX.US,D,20230419,000000,1.76,1.84,1.7501,1.8,33620,0
AUGX.US,D,20230420,000000,3.37,3.43,2.7701,3.4,49779241,0
AUGX.US,D,20230421,000000,3.25,3.29,3.05,3.05,2742710,0
AUGX.US,D,20230424,000000,3.09,3.1,2.79,3,1367805,0
AUGX.US,D,20230425,000000,3,3,2.62,2.95,491644,0
AUGX.US,D,20230426,000000,2.84,2.94,2.76,2.87,388256,0
AUGX.US,D,20230427,000000,2.78,3.06,2.78,3.05,191866,0
AUGX.US,D,20230428,000000,2.79,3.05,2.79,3.01,130415,0
AUGX.US,D,20230501,000000,3.05,3.05,2.7,3,260456,0
AUGX.US,D,20230502,000000,3,3,2.8501,2.89,7546491,0
AUGX.US,D,20230503,000000,2.8,3.05,2.8,3.05,161944,0
AUGX.US,D,20230504,000000,3,3.21,2.97,3.2,189053,0
AUGX.US,D,20230505,000000,3.16,3.7,3.12,3.7,643544,0
AUGX.US,D,20230508,000000,3.65,3.95,3.635,3.8,470364,0
AUGX.US,D,20230509,000000,3.77,3.89,3.66,3.75,258625,0
AUGX.US,D,20230510,000000,3.65,3.93,3.65,3.8,183093,0
AUGX.US,D,20230511,000000,3.87,3.97,3.72,3.97,140003,0
AUGX.US,D,20230512,000000,3.98,4.29,3.19,3.21,611994,0
AUGX.US,D,20230515,000000,3.26,3.47,3.15,3.37,151806,0
AUGX.US,D,20230516,000000,3.28,3.85,3.25,3.85,126631,0
AUGX.US,D,20230517,000000,3.9,3.92,3.71,3.89,116551,0
AUGX.US,D,20230518,000000,3.9,4.03,3.84,4.03,122554,0
AUGX.US,D,20230519,000000,4.09,4.36,4,4.05,225711,0
AUGX.US,D,20230522,000000,3.92,4.15,3.73,3.78,218924,0
AUGX.US,D,20230523,000000,3.78,3.95,3.62,3.73,149302,0
AUGX.US,D,20230524,000000,3.75,3.9299,3.6101,3.84,85190,0
AUGX.US,D,20230525,000000,3.99,4.02,3.6,3.72,152945,0
AUGX.US,D,20230526,000000,3.72,3.75,3.65,3.67,60702,0
AUGX.US,D,20230530,000000,3.72,3.97,3.7,3.75,160572,0
AUGX.US,D,20230531,000000,3.71,3.85,3.69,3.7,257232,0
AUGX.US,D,20230601,000000,3.76,3.865,3.68,3.81,185473,0
AUGX.US,D,20230602,000000,3.87,4.17,3.8058,4.16,203756,0
AUGX.US,D,20230605,000000,4.08,4.17,3.72,4.02,134958,0
AUGX.US,D,20230606,000000,3.95,4.09,3.8046,4.06,122066,0
AUGX.US,D,20230607,000000,4.08,4.17,3.95,4.17,85481,0
AUGX.US,D,20230608,000000,4.11,4.14,4,4.07,57754,0
AUGX.US,D,20230609,000000,3.97,4.26,3.73,4.13,202174,0
AUGX.US,D,20230612,000000,4.03,4.55,4.03,4.51,219842,0
AUGX.US,D,20230613,000000,4.57,4.8,4.21,4.37,176395,0
AUGX.US,D,20230614,000000,4.34,4.67,4.3001,4.39,149335,0
AUGX.US,D,20230615,000000,4.35,4.44,4.0501,4.25,134093,0
AUGX.US,D,20230616,000000,4.24,4.42,4.0701,4.24,128116,0
AUGX.US,D,20230620,000000,4.5,4.705,4.33,4.55,220152,0
AUGX.US,D,20230621,000000,4.73,4.73,4.36,4.36,88017,0
AUGX.US,D,20230622,000000,4.38,4.69,4.3301,4.53,44535,0
AUGX.US,D,20230623,000000,4.43,4.6297,4.35,4.4,83538,0
AUGX.US,D,20230626,000000,4.39,4.71,4.35,4.7,48560,0
AUGX.US,D,20230627,000000,4.74,5.14,4.66,5,386803,0
AUGX.US,D,20230628,000000,5.15,5.22,4.8492,5.05,168300,0
AUGX.US,D,20230629,000000,5.08,5.2,4.9,4.93,63821,0
AUGX.US,D,20230630,000000,5.01,5.25,4.7,4.81,741046,0
AUGX.US,D,20230703,000000,5.05,5.205,4.81,5.13,104244,0
AUGX.US,D,20230705,000000,5.14,5.36,4.96,5.02,214826,0
AUGX.US,D,20230706,000000,4.89,5.21,4.84,4.93,141811,0
AUGX.US,D,20230707,000000,4.97,5.19,4.8,4.95,120015,0
AUGX.US,D,20230710,000000,4.95,5.06,4.5,4.57,156566,0
AUGX.US,D,20230711,000000,4.62,4.66,4.21,4.53,227898,0
AUGX.US,D,20230712,000000,4.55,4.86,4.38,4.67,79768,0
AUGX.US,D,20230713,000000,4.72,4.82,4.605,4.63,56474,0
AUGX.US,D,20230714,000000,4.62,4.7184,4.035,4.15,186734,0
AUGX.US,D,20230717,000000,4.09,4.2,3.81,4.06,210112,0
AUGX.US,D,20230718,000000,4.03,4.26,3.78,4.04,177745,0
AUGX.US,D,20230719,000000,4.06,4.51,3.93,4.5,147021,0
AUGX.US,D,20230720,000000,4.52,4.7799,4.4401,4.6,158958,0
AUGX.US,D,20230721,000000,4.61,4.74,4.38,4.43,105904,0
AUGX.US,D,20230724,000000,4.48,4.6,4.19,4.23,229474,0
AUGX.US,D,20230725,000000,4.21,4.43,3.76,3.91,239057,0
AUGX.US,D,20230726,000000,3.8,4.0635,3.75,3.97,150380,0
AUGX.US,D,20230727,000000,3.97,4.14,3.89,3.97,131198,0
AUGX.US,D,20230728,000000,3.99,4.1299,3.92,4.05,84885,0
AUGX.US,D,20230731,000000,4.05,4.14,3.93,4.05,65246,0
AUGX.US,D,20230801,000000,4.03,4.29,3.97,4.22,55874,0
AUGX.US,D,20230802,000000,4.18,4.4499,4.07,4.4,394922,0
AUGX.US,D,20230803,000000,4.46,4.46,4.02,4.21,134863,0
AUGX.US,D,20230804,000000,4.19,4.2,3.93,4.02,73031,0
AUGX.US,D,20230807,000000,4.02,4.2035,3.95,4.07,64581,0
AUGX.US,D,20230808,000000,4.24,5,4.12,4.87,374150,0
AUGX.US,D,20230809,000000,4.85,4.94,4.59,4.6,99653,0
AUGX.US,D,20230810,000000,4.6,4.8345,4.56,4.57,158834,0
AUGX.US,D,20230811,000000,4.58,4.77,4.4,4.47,237469,0
AUGX.US,D,20230814,000000,4.52,5.2,4.52,4.83,274816,0
AUGX.US,D,20230815,000000,4.82,5.38,4.82,5.17,360803,0
AUGX.US,D,20230816,000000,5.07,5.75,5.05,5.3,468777,0
AUGX.US,D,20230817,000000,5.23,5.33,4.92,4.92,195129,0
AUGX.US,D,20230818,000000,4.89,5.5,4.89,5.26,146126,0
AUGX.US,D,20230821,000000,5.21,5.29,4.8,4.92,154245,0
AUGX.US,D,20230822,000000,4.89,5.25,4.89,5.19,94747,0
AUGX.US,D,20230823,000000,5.16,5.24,5.061,5.09,85550,0
AUGX.US,D,20230824,000000,5.06,5.17,4.58,4.62,131054,0
AUGX.US,D,20230825,000000,4.65,4.75,4.3101,4.36,85138,0
AUGX.US,D,20230828,000000,4.41,4.56,4.2,4.24,81025,0
AUGX.US,D,20230829,000000,4.24,4.79,4.1,4.61,186443,0
AUGX.US,D,20230830,000000,4.66,4.96,4.56,4.66,107143,0
AUGX.US,D,20230831,000000,4.69,4.885,4.56,4.78,197273,0
AUGX.US,D,20230901,000000,4.81,5.13,4.81,5.02,159769,0
AUGX.US,D,20230905,000000,5.16,5.19,4.91,4.99,253344,0
AUGX.US,D,20230906,000000,4.99,5.28,4.8,4.87,194493,0
AUGX.US,D,20230907,000000,4.87,4.98,4.54,4.72,92938,0
AUGX.US,D,20230908,000000,4.67,5.01,4.57,4.92,97896,0
AUGX.US,D,20230911,000000,4.87,5.0199,4.84,4.9,88522,0
AUGX.US,D,20230912,000000,4.91,5.0488,4.83,4.94,64248,0
AUGX.US,D,20230913,000000,4.89,5.41,4.89,4.94,151768,0
AUGX.US,D,20230914,000000,5.08,5.43,5.015,5.29,245483,0
AUGX.US,D,20230915,000000,5.29,5.4,5.16,5.16,310642,0
AUGX.US,D,20230918,000000,5.07,5.22,4.83,5.1,201620,0
AUGX.US,D,20230919,000000,5.11,5.25,4.8801,5.15,117284,0
AUGX.US,D,20230920,000000,5.21,5.6,5.21,5.25,392757,0
AUGX.US,D,20230921,000000,5.25,5.275,5.0535,5.18,127105,0
AUGX.US,D,20230922,000000,5.17,5.48,4.9292,4.96,126726,0
AUGX.US,D,20230925,000000,4.98,5.1,4.76,4.87,175068,0
AUGX.US,D,20230926,000000,4.87,5,4.59,4.74,199620,0
AUGX.US,D,20230927,000000,4.73,4.963,4.695,4.75,156914,0
AUGX.US,D,20230928,000000,4.78,5.25,4.78,4.97,95040,0
AUGX.US,D,20230929,000000,4.96,5.2,4.885,5.15,148309,0
AUGX.US,D,20231002,000000,5.22,5.57,5.19,5.26,163535,0
AUGX.US,D,20231003,000000,5.26,5.415,5.07,5.08,69028,0
AUGX.US,D,20231004,000000,5.08,5.25,4.86,4.98,106695,0
AUGX.US,D,20231005,000000,5.02,5.21,4.98,5.04,121471,0
AUGX.US,D,20231006,000000,5.05,5.34,4.94,5.05,427758,0
AUGX.US,D,20231009,000000,5.04,5.465,4.92,5.3,181172,0
AUGX.US,D,20231010,000000,5.3,5.415,5.05,5.3,679117,0
AUGX.US,D,20231011,000000,5.24,5.97,5.24,5.7,1089938,0
AUGX.US,D,20231012,000000,5.75,5.94,5.06,5.28,940976,0
AUGX.US,D,20231013,000000,5.3,5.56,4.92,5.05,416841,0
AUGX.US,D,20231016,000000,5.06,5.41,4.99,5.26,262657,0
AUGX.US,D,20231017,000000,5.31,5.79,5.2,5.72,590150,0
AUGX.US,D,20231018,000000,5.82,5.86,5.49,5.58,336269,0
AUGX.US,D,20231019,000000,5.55,5.6,5.28,5.38,104060,0
AUGX.US,D,20231020,000000,5.31,5.42,5.05,5.11,205422,0
AUGX.US,D,20231023,000000,5.14,5.4,5.1101,5.23,101349,0
AUGX.US,D,20231024,000000,5.23,5.415,5.16,5.23,161987,0
AUGX.US,D,20231025,000000,5.17,5.17,4.37,4.59,519024,0
AUGX.US,D,20231026,000000,4.59,4.596,4.35,4.53,194492,0
AUGX.US,D,20231027,000000,4.47,4.53,4.1884,4.34,157661,0
AUGX.US,D,20231030,000000,4.4,4.51,4.35,4.45,45657,0
AUGX.US,D,20231031,000000,4.41,4.49,4.23,4.4,94877,0
AUGX.US,D,20231101,000000,4.35,4.55,4.34,4.4,57356,0
AUGX.US,D,20231102,000000,4.41,4.6189,4.41,4.56,49998,0
AUGX.US,D,20231103,000000,4.54,4.91,4.54,4.87,83274,0
AUGX.US,D,20231106,000000,4.88,4.95,4.52,4.55,168590,0
AUGX.US,D,20231107,000000,5.37,5.69,5.15,5.15,750792,0
AUGX.US,D,20231108,000000,5.16,5.47,5.03,5.3,224465,0
AUGX.US,D,20231109,000000,5.35,5.61,5.19,5.4,193641,0
AUGX.US,D,20231110,000000,5.45,5.56,5.09,5.31,192868,0
AUGX.US,D,20231113,000000,5.26,5.675,5.26,5.49,83308,0
AUGX.US,D,20231114,000000,5.6,5.65,5.3721,5.6,81690,0
AUGX.US,D,20231115,000000,5.55,5.6499,5.275,5.43,345000,0
AUGX.US,D,20231116,000000,4,4.67,3.98,4.49,3156453,0
AUGX.US,D,20231117,000000,4.65,4.66,4.3302,4.49,505298,0
AUGX.US,D,20231120,000000,4.54,5.02,4.45,4.78,476223,0
AUGX.US,D,20231121,000000,4.78,5.01,4.7483,4.82,445394,0
AUGX.US,D,20231122,000000,4.89,4.98,4.81,4.86,214213,0
AUGX.US,D,20231124,000000,4.95,5.21,4.86,5.11,224355,0
AUGX.US,D,20231127,000000,5.2,5.3005,5.04,5.15,324231,0
AUGX.US,D,20231128,000000,5.13,5.25,5.11,5.19,217073,0
AUGX.US,D,20231129,000000,5.2,5.3,5.15,5.15,219749,0
AUGX.US,D,20231130,000000,5.2,5.315,5.06,5.28,199348,0
AUGX.US,D,20231201,000000,5.27,5.7,5.04,5.63,536930,0
AUGX.US,D,20231204,000000,5.59,5.73,5.5,5.64,355348,0
AUGX.US,D,20231205,000000,5.55,5.71,5.55,5.63,212627,0
AUGX.US,D,20231206,000000,5.7,5.72,5.465,5.49,223014,0
AUGX.US,D,20231207,000000,5.6,5.66,5.5,5.66,176004,0
AUGX.US,D,20231208,000000,5.61,6.0035,5.565,5.9,407287,0
AUGX.US,D,20231211,000000,5.9,5.99,5.41,5.7,291014,0
AUGX.US,D,20231212,000000,5.69,5.76,5.41,5.51,286197,0
AUGX.US,D,20231213,000000,5.52,5.8,5.32,5.48,343127,0
AUGX.US,D,20231214,000000,5.58,5.79,5.41,5.62,285470,0
AUGX.US,D,20231215,000000,5.54,5.71,5.4,5.66,234335,0
AUGX.US,D,20231218,000000,5.64,5.8,5.59,5.68,173462,0
AUGX.US,D,20231219,000000,5.69,5.98,5.68,5.81,399222,0
AUGX.US,D,20231220,000000,5.85,6,5.76,5.93,250254,0
AUGX.US,D,20231221,000000,5.91,6.06,5.73,5.845,354929,0
AUGX.US,D,20231222,000000,5.94,6,5.6,5.71,330570,0
AUGX.US,D,20231226,000000,5.73,5.975,5.62,5.92,198792,0
AUGX.US,D,20231227,000000,5.96,5.96,5.82,5.89,163433,0
AUGX.US,D,20231228,000000,5.88,5.94,5.66,5.8,158126,0
AUGX.US,D,20231229,000000,5.79,5.85,5.69,5.85,141124,0
AUGX.US,D,20240102,000000,5.79,6.25,5.74,5.83,759542,0
AUGX.US,D,20240103,000000,5.82,5.9,5.62,5.7,328744,0
AUGX.US,D,20240104,000000,5.64,5.84,5.44,5.72,566409,0
AUGX.US,D,20240105,000000,5.72,5.74,5.42,5.56,345258,0
AUGX.US,D,20240108,000000,5.43,5.63,5.33,5.38,297498,0
AUGX.US,D,20240109,000000,5.31,5.545,5.2847,5.43,220131,0
AUGX.US,D,20240110,000000,5.44,5.5,5.08,5.22,207649,0
AUGX.US,D,20240111,000000,5.17,5.32,4.96,5.21,412615,0
AUGX.US,D,20240112,000000,5.24,5.3,4.69,5,629502,0
AUGX.US,D,20240116,000000,4.85,5.16,4.85,5.01,465132,0
AUGX.US,D,20240117,000000,4.94,5.01,4.79,4.98,202207,0
AUGX.US,D,20240118,000000,4.98,5.03,4.77,4.94,214631,0
AUGX.US,D,20240119,000000,4.98,5.02,4.83,4.9,305723,0
AUGX.US,D,20240122,000000,4.9,5.03,4.8501,4.96,246008,0
AUGX.US,D,20240123,000000,4.97,5.05,4.79,5.04,239484,0
AUGX.US,D,20240124,000000,5.06,5.14,4.69,4.7,272686,0
AUGX.US,D,20240125,000000,4.7,4.7289,4.5,4.61,342118,0
AUGX.US,D,20240126,000000,4.58,4.61,4.4,4.61,330989,0
AUGX.US,D,20240129,000000,4.66,4.7,4.58,4.68,310122,0
AUGX.US,D,20240130,000000,4.65,4.7,4.55,4.6,292162,0
AUGX.US,D,20240131,000000,4.62,4.62,4.4,4.42,374352,0
AUGX.US,D,20240201,000000,4.45,4.6,4.45,4.51,367007,0
AUGX.US,D,20240202,000000,4.48,4.5215,4.29,4.45,387961,0
AUGX.US,D,20240205,000000,4.39,4.45,4.29,4.33,224359,0
AUGX.US,D,20240206,000000,4.31,4.42,4.31,4.4,246749,0
AUGX.US,D,20240207,000000,4.42,4.44,4.35,4.38,289228,0
AUGX.US,D,20240208,000000,4.34,4.37,4.24,4.32,262522,0
AUGX.US,D,20240209,000000,4.34,4.34,4.21,4.34,403817,0
AUGX.US,D,20240212,000000,4.32,4.53,4.32,4.49,366475,0
AUGX.US,D,20240213,000000,4.48,4.81,4.32,4.7,740386,0
AUGX.US,D,20240214,000000,4.72,4.77,4.46,4.6,2780708,0
AUGX.US,D,20240215,000000,4.65,4.8599,4.63,4.69,467691,0
AUGX.US,D,20240216,000000,4.71,4.77,4.58,4.68,188168,0
AUGX.US,D,20240220,000000,4.59,4.72,4.59,4.64,147193,0
AUGX.US,D,20240221,000000,4.59,4.59,4.47,4.54,164524,0
AUGX.US,D,20240222,000000,4.54,4.62,4.38,4.39,169952,0
AUGX.US,D,20240223,000000,4.38,4.38,4.23,4.31,191706,0
AUGX.US,D,20240226,000000,4.31,4.4,4.25,4.37,146874,0
AUGX.US,D,20240227,000000,4.4,4.5429,4.34,4.52,158518,0
AUGX.US,D,20240228,000000,4.51,4.6166,4.28,4.41,216876,0
AUGX.US,D,20240229,000000,4.42,4.45,4.25,4.4,241627,0
AUGX.US,D,20240301,000000,4.42,4.63,4.34,4.57,136163,0
AUGX.US,D,20240304,000000,4.58,4.62,4.35,4.37,193794,0
AUGX.US,D,20240305,000000,4.33,4.37,4.09,4.09,168695,0
AUGX.US,D,20240306,000000,4.09,4.2,3.79,3.87,401215,0
AUGX.US,D,20240307,000000,3.92,3.92,3.69,3.85,297111,0
AUGX.US,D,20240308,000000,3.89,3.93,3.64,3.68,168755,0
AUGX.US,D,20240311,000000,3.71,3.725,3.525,3.6,229894,0
AUGX.US,D,20240312,000000,3.62,3.63,3.42,3.42,267458,0
AUGX.US,D,20240313,000000,3.43,3.52,3.27,3.43,594245,0
AUGX.US,D,20240314,000000,3.43,3.46,3.25,3.29,486743,0
AUGX.US,D,20240315,000000,3.32,3.38,3.17,3.2,1064447,0
AUGX.US,D,20240318,000000,3.19,3.371,3.16,3.33,655537,0
AUGX.US,D,20240319,000000,3.75,4.17,3.55,3.96,1086456,0
AUGX.US,D,20240320,000000,3.94,4.05,3.82,4.03,541892,0
AUGX.US,D,20240321,000000,4.04,4.35,3.99,4.25,467910,0
AUGX.US,D,20240322,000000,4.36,4.36,3.95,3.96,506961,0
AUGX.US,D,20240325,000000,3.95,4.04,3.86,4,254500,0
AUGX.US,D,20240326,000000,4.01,4.01,3.88,3.915,257285,0
AUGX.US,D,20240327,000000,3.96,4.07,3.83,4.04,252017,0
AUGX.US,D,20240328,000000,4.04,4.16,3.93,4.09,228305,0
AUGX.US,D,20240401,000000,4.1,4.14,3.76,4.02,558840,0
AUGX.US,D,20240402,000000,3.92,4.03,3.76,4.02,303839,0
AUGX.US,D,20240403,000000,4.01,4.21,3.96,4.18,320399,0
AUGX.US,D,20240404,000000,4.22,4.31,4.08,4.18,424711,0
AUGX.US,D,20240405,000000,4.15,4.18,3.94,4.03,347277,0
AUGX.US,D,20240408,000000,4.05,4.05,3.9,4.02,249783,0
AUGX.US,D,20240409,000000,4.21,4.28,4.06,4.06,225086,0
AUGX.US,D,20240410,000000,4.03,4.07,3.8,3.85,242969,0
AUGX.US,D,20240411,000000,3.91,4.01,3.82,3.96,163679,0
AUGX.US,D,20240412,000000,3.93,4.02,3.752,3.81,209816,0
AUGX.US,D,20240415,000000,3.79,3.8,3.63,3.76,376491,0
AUGX.US,D,20240416,000000,3.71,3.75,3.39,3.45,478798,0
AUGX.US,D,20240417,000000,3.49,3.6,3.18,3.18,222220,0
AUGX.US,D,20240418,000000,3.17,3.23,3.01,3.01,272994,0
AUGX.US,D,20240419,000000,3.03,3.12,2.82,2.99,290296,0
AUGX.US,D,20240422,000000,3.11,3.11,2.945,2.99,182445,0
AUGX.US,D,20240423,000000,2.99,3.11,2.83,2.84,141061,0
AUGX.US,D,20240424,000000,2.93,3.03,2.84,2.85,263740,0
AUGX.US,D,20240425,000000,2.78,2.85,2.61,2.79,244808,0
AUGX.US,D,20240426,000000,2.78,2.87,2.75,2.85,320653,0
AUGX.US,D,20240429,000000,2.92,2.94,2.83,2.83,239895,0
AUGX.US,D,20240430,000000,2.8,2.87,2.71,2.71,223834,0
AUGX.US,D,20240501,000000,2.79,2.79,2.5,2.53,884632,0
AUGX.US,D,20240502,000000,2.57,2.66,2.51,2.66,369538,0
AUGX.US,D,20240503,000000,2.71,2.73,2.66,2.71,242897,0
AUGX.US,D,20240506,000000,2.72,2.74,2.68,2.7,161597,0
AUGX.US,D,20240507,000000,2.69,2.78,2.69,2.72,321276,0
AUGX.US,D,20240508,000000,2.68,2.72,2.55,2.61,237773,0
AUGX.US,D,20240509,000000,2.66,2.66,2.46,2.495,360303,0
AUGX.US,D,20240510,000000,2.5,2.62,2.22,2.225,809774,0
AUGX.US,D,20240513,000000,2.23,2.37,2.23,2.34,1083486,0
AUGX.US,D,20240514,000000,1.18,1.29,0.9855,1.145,13057855,0
AUGX.US,D,20240515,000000,1.16,1.22,1.1,1.19,3491871,0
AUGX.US,D,20240516,000000,1.18,1.23,1.12,1.23,1735422,0
AUGX.US,D,20240517,000000,1.18,1.21,1.15,1.21,1039201,0
AUGX.US,D,20240520,000000,1.17,1.175,1.13,1.16,1249111,0
AUGX.US,D,20240521,000000,1.15,1.2,1.1,1.2,754149,0
AUGX.US,D,20240522,000000,1.2,1.2,1.14,1.17,708830,0
AUGX.US,D,20240523,000000,1.17,1.17,1.09,1.12,495205,0
AUGX.US,D,20240524,000000,1.14,1.14,1.08,1.14,713708,0
AUGX.US,D,20240528,000000,1.16,1.16,1.08,1.1,515753,0
AUGX.US,D,20240529,000000,1.09,1.14,1.015,1.14,786773,0
AUGX.US,D,20240530,000000,1.09,1.11,0.9965,0.9995,846639,0
AUGX.US,D,20240531,000000,1.01,1.0294,0.9,0.9181,816510,0
AUGX.US,D,20240603,000000,0.9275,0.944,0.915,0.9228,436909,0
AUGX.US,D,20240604,000000,0.9355,0.94,0.8477,0.8525,651400,0
AUGX.US,D,20240605,000000,0.8738,0.879,0.8201,0.85,473019,0
AUGX.US,D,20240606,000000,0.866,0.8675,0.73,0.82,599719,0
AUGX.US,D,20240607,000000,0.81,0.86,0.802,0.8524,279928,0
AUGX.US,D,20240610,000000,0.84,0.8597,0.81,0.85,220770,0
AUGX.US,D,20240611,000000,0.84,0.8765,0.8146,0.86,345324,0
AUGX.US,D,20240612,000000,0.8357,0.8677,0.8262,0.84,528272,0
AUGX.US,D,20240613,000000,0.8559,0.8559,0.7823,0.801,372663,0
AUGX.US,D,20240614,000000,0.7806,0.7908,0.756,0.7765,227508,0
AUGX.US,D,20240617,000000,0.7871,0.7871,0.7465,0.7707,241922,0
AUGX.US,D,20240618,000000,0.75,0.7568,0.7378,0.75,257406,0
AUGX.US,D,20240620,000000,0.79,0.79,0.735,0.771,432604,0
AUGX.US,D,20240621,000000,0.79,0.8299,0.7518,0.8035,530285,0
AUGX.US,D,20240624,000000,0.79,0.8649,0.775,0.853,389245,0
AUGX.US,D,20240625,000000,0.8494,0.9258,0.8235,0.841,714311,0
AUGX.US,D,20240626,000000,0.8582,0.8582,0.8106,0.8482,284506,0
AUGX.US,D,20240627,000000,0.84,0.8559,0.7942,0.8499,250794,0
AUGX.US,D,20240628,000000,0.8499,0.8927,0.8323,0.88,381258,0
AUGX.US,D,20240701,000000,0.88,0.9568,0.8649,0.93,798451,0
AUGX.US,D,20240702,000000,0.9301,1.01,0.911,0.9819,766132,0
AUGX.US,D,20240703,000000,0.99,1.04,0.98,1,566251,0
AUGX.US,D,20240705,000000,1,1.03,1,1,454413,0
AUGX.US,D,20240708,000000,1.02,1.02,0.9536,0.97,267285,0
AUGX.US,D,20240709,000000,0.9733,0.9733,0.7711,0.8873,1143043,0
AUGX.US,D,20240710,000000,0.8806,0.9039,0.8723,0.8944,251349,0
AUGX.US,D,20240711,000000,0.9089,0.92,0.895,0.9081,251410,0
AUGX.US,D,20240712,000000,0.9238,0.9353,0.9012,0.9166,171867,0
AUGX.US,D,20240715,000000,0.9045,0.9252,0.897,0.9079,365764,0
AUGX.US,D,20240716,000000,0.9157,0.974,0.9001,0.9501,298125,0
AUGX.US,D,20240717,000000,0.95,0.95,0.9005,0.9265,119943,0
AUGX.US,D,20240718,000000,0.925,0.9334,0.91,0.9164,104939,0
AUGX.US,D,20240719,000000,2.26,2.3,2.26,2.26,23991370,0
AUGX.US,D,20240722,000000,2.28,2.28,2.26,2.27,2185690,0
AUGX.US,D,20240723,000000,2.27,2.28,2.26,2.26,2921641,0
AUGX.US,D,20240724,000000,2.27,2.28,2.26,2.26,1476113,0
AUGX.US,D,20240725,000000,2.27,2.28,2.265,2.27,1438638,0
AUGX.US,D,20240726,000000,2.28,2.28,2.27,2.27,279744,0
AUGX.US,D,20240729,000000,2.27,2.28,2.27,2.27,1205223,0
AUGX.US,D,20240730,000000,2.28,2.28,2.26,2.27,1083342,0
AUGX.US,D,20240731,000000,2.27,2.28,2.26,2.27,667102,0
AUGX.US,D,20240801,000000,2.26,2.27,2.26,2.26,821549,0
AUGX.US,D,20240802,000000,2.26,2.27,2.25,2.26,1205278,0
AUGX.US,D,20240805,000000,2.25,2.26,2.19,2.24,2031075,0
AUGX.US,D,20240806,000000,2.24,2.25,2.24,2.24,839758,0
AUGX.US,D,20240807,000000,2.25,2.26,2.25,2.25,313943,0
AUGX.US,D,20240808,000000,2.26,2.2699,2.2508,2.26,221415,0
AUGX.US,D,20240809,000000,2.26,2.28,2.26,2.27,238176,0
AUGX.US,D,20240812,000000,2.27,2.28,2.26,2.27,236438,0
AUGX.US,D,20240813,000000,2.26,2.27,2.26,2.26,220244,0
AUGX.US,D,20240814,000000,2.26,2.28,2.26,2.26,584108,0
AUGX.US,D,20240815,000000,2.26,2.3,2.26,2.27,587069,0
AUGX.US,D,20240816,000000,2.26,2.29,2.26,2.27,194426,0
AUGX.US,D,20240819,000000,2.27,2.29,2.27,2.29,102550,0
AUGX.US,D,20240820,000000,2.28,2.29,2.27,2.27,302094,0
AUGX.US,D,20240821,000000,2.28,2.285,2.27,2.27,194027,0
AUGX.US,D,20240822,000000,2.27,2.29,2.27,2.28,74797,0
AUGX.US,D,20240823,000000,2.27,2.3,2.27,2.29,141103,0
AUGX.US,D,20240826,000000,2.29,2.3,2.28,2.3,104408,0
AUGX.US,D,20240827,000000,2.29,2.3,2.28,2.29,44127,0
AUGX.US,D,20240828,000000,2.29,2.3,2.29,2.29,25994,0
AUGX.US,D,20240829,000000,2.29,2.33,2.29,2.32,384470,0
AUGX.US,D,20240830,000000,2.32,2.32,2.31,2.32,282375,0
AUGX.US,D,20240903,000000,2.31,2.32,2.31,2.31,216779,0
AUGX.US,D,20240904,000000,2.31,2.32,2.31,2.31,356304,0
AUGX.US,D,20240905,000000,2.31,2.32,2.31,2.31,95616,0
AUGX.US,D,20240906,000000,2.31,2.32,2.31,2.31,121382,0
AUGX.US,D,20240909,000000,2.31,2.33,2.31,2.33,59619,0
AUGX.US,D,20240910,000000,2.32,2.33,2.32,2.32,33997,0
AUGX.US,D,20240911,000000,2.32,2.33,2.32,2.32,46424,0
AUGX.US,D,20240912,000000,2.33,2.33,2.32,2.32,62999,0
AUGX.US,D,20240913,000000,2.32,2.33,2.32,2.33,50329,0
AUGX.US,D,20240916,000000,2.33,2.34,2.33,2.33,57532,0
AUGX.US,D,20240917,000000,2.33,2.34,2.33,2.33,45421,0
AUGX.US,D,20240918,000000,2.33,2.34,2.33,2.33,59833,0
AUGX.US,D,20240919,000000,2.33,2.34,2.33,2.33,36500,0
AUGX.US,D,20240920,000000,2.33,2.34,2.33,2.34,168035,0
AUGX.US,D,20240923,000000,2.33,2.34,2.33,2.33,44297,0
AUGX.US,D,20240924,000000,2.33,2.34,2.33,2.34,33791,0
AUGX.US,D,20240925,000000,2.33,2.34,2.33,2.34,109965,0
AUGX.US,D,20240926,000000,2.34,2.34,2.33,2.33,63446,0
AUGX.US,D,20240927,000000,2.34,2.34,2.33,2.34,96859,0
AUGX.US,D,20240930,000000,2.34,2.35,2.34,2.35,35958,0
AUGX.US,D,20241001,000000,2.34,2.35,2.34,2.35,23983,0
