<TICKER>,<PER>,<DATE>,<TIME>,<OPEN>,<HIGH>,<LOW>,<CLOSE>,<VOL>,<OPENINT>
AXNX.US,D,20181031,000000,16.05,17,14.75,14.98,3031030,0
AXNX.US,D,20181101,000000,14.9,14.9,13.07,14.5,445694,0
AXNX.US,D,20181102,000000,14.95,15.88,14.67,15.07,641093,0
AXNX.US,D,20181105,000000,15.15,15.75,14.75,14.75,265967,0
AXNX.US,D,20181106,000000,14.85,15.35,14.75,14.9,272314,0
AXNX.US,D,20181107,000000,15,15.75,14.8525,15.63,869740,0
AXNX.US,D,20181108,000000,15.51,15.51,14.8,15,177939,0
AXNX.US,D,20181109,000000,15.03,15.14,14.55,14.84,315322,0
AXNX.US,D,20181112,000000,14.85,15.22,14.85,15.01,79069,0
AXNX.US,D,20181113,000000,15.15,15.59,14.52,15.5,167833,0
AXNX.US,D,20181114,000000,15.56,15.58,14.98,15.14,81844,0
AXNX.US,D,20181115,000000,15.2,15.485,14.59,15.15,278976,0
AXNX.US,D,20181116,000000,15.1,15.5,14.93,15.05,135706,0
AXNX.US,D,20181119,000000,15.05,15.25,14.8029,15.2,46498,0
AXNX.US,D,20181120,000000,15.15,15.15,13.5,14,81347,0
AXNX.US,D,20181121,000000,14.22,14.85,14.1,14.73,19090,0
AXNX.US,D,20181123,000000,14.87,14.92,14.13,14.92,16500,0
AXNX.US,D,20181126,000000,15.24,15.39,14.35,14.99,186537,0
AXNX.US,D,20181127,000000,15.14,15.25,14.51,14.82,44680,0
AXNX.US,D,20181128,000000,14.77,14.77,13.95,14.09,113359,0
AXNX.US,D,20181129,000000,14.13,14.2432,13.11,13.4,199649,0
AXNX.US,D,20181130,000000,13.38,13.724,11.95,13.2,143071,0
AXNX.US,D,20181203,000000,13.23,14.08,13.1,14.01,247572,0
AXNX.US,D,20181204,000000,13.87,14.52,13.24,14.34,200456,0
AXNX.US,D,20181206,000000,14.26,14.99,13.9437,14.8,218607,0
AXNX.US,D,20181207,000000,14.81,15.75,13.67,15.17,140445,0
AXNX.US,D,20181210,000000,15.33,16.6457,15.23,16.1,155015,0
AXNX.US,D,20181211,000000,15.99,16.89,15.44,15.48,145677,0
AXNX.US,D,20181212,000000,15.29,16.88,15.29,16.43,160035,0
AXNX.US,D,20181213,000000,16.52,16.6,15.56,15.96,67783,0
AXNX.US,D,20181214,000000,15.99,16.75,15.8,16.3,88977,0
AXNX.US,D,20181217,000000,16.09,16.09,15.125,15.46,105751,0
AXNX.US,D,20181218,000000,15.54,16.49,15.13,15.55,133230,0
AXNX.US,D,20181219,000000,15.76,16.17,14.7,14.99,130701,0
AXNX.US,D,20181220,000000,14.81,15.08,13.66,14.15,196813,0
AXNX.US,D,20181221,000000,14.24,15.78,13.5,13.89,944441,0
AXNX.US,D,20181224,000000,14.03,14.03,13.425,13.71,20296,0
AXNX.US,D,20181226,000000,13.8,14.8,13.52,14.27,96678,0
AXNX.US,D,20181227,000000,14.15,15.15,13.869,15.15,77603,0
AXNX.US,D,20181228,000000,15.08,15.28,14.44,14.56,29158,0
AXNX.US,D,20181231,000000,14.69,15.25,14.31,15.11,46841,0
AXNX.US,D,20190102,000000,15,15.13,13.9,14.16,152481,0
AXNX.US,D,20190103,000000,14.02,15.3956,13.1,13.52,64124,0
AXNX.US,D,20190104,000000,13.73,14.97,13.6739,14.73,65316,0
AXNX.US,D,20190107,000000,14.76,15.14,14.18,14.34,118117,0
AXNX.US,D,20190108,000000,14.4,14.4,13.25,13.32,114684,0
AXNX.US,D,20190109,000000,13.28,14.735,13,14.49,63776,0
AXNX.US,D,20190110,000000,14.38,15.05,13.97,14.69,214011,0
AXNX.US,D,20190111,000000,14.59,14.59,14,14.35,182732,0
AXNX.US,D,20190114,000000,14.24,15.05,14.11,14.95,41693,0
AXNX.US,D,20190115,000000,14.97,15.1,14.635,14.99,123836,0
AXNX.US,D,20190116,000000,14.99,15.035,14.74,14.95,67308,0
AXNX.US,D,20190117,000000,14.955,15.2251,14.955,15.06,24445,0
AXNX.US,D,20190118,000000,15.14,15.35,14.79,15.18,108138,0
AXNX.US,D,20190122,000000,15.16,15.32,14.68,14.85,18904,0
AXNX.US,D,20190123,000000,14.94,15.02,14.5426,14.72,31782,0
AXNX.US,D,20190124,000000,15.03,15.2,14.585,14.84,37591,0
AXNX.US,D,20190125,000000,14.85,15.44,14.85,14.99,27062,0
AXNX.US,D,20190128,000000,14.95,15.2,14.27,14.35,28543,0
AXNX.US,D,20190129,000000,14.4,15.015,14.01,14.27,45667,0
AXNX.US,D,20190130,000000,14.36,14.6666,14,14.19,31011,0
AXNX.US,D,20190131,000000,14.4,14.77,14.14,14.6,38082,0
AXNX.US,D,20190201,000000,14.63,14.89,14.05,14.81,60351,0
AXNX.US,D,20190204,000000,15,15.745,14.66,15.18,106843,0
AXNX.US,D,20190205,000000,15,15.15,14.52,14.65,26372,0
AXNX.US,D,20190206,000000,14.62,15.1,14.11,14.91,37376,0
AXNX.US,D,20190207,000000,14.76,15.14,14.57,14.8,15185,0
AXNX.US,D,20190208,000000,14.69,15.675,14.69,14.9,32733,0
AXNX.US,D,20190211,000000,14.97,14.97,14.3475,14.56,18971,0
AXNX.US,D,20190212,000000,14.62,15.75,14.62,15.72,54881,0
AXNX.US,D,20190213,000000,15.75,15.89,15.38,15.7,46723,0
AXNX.US,D,20190214,000000,15.93,16.42,15.43,15.65,88864,0
AXNX.US,D,20190215,000000,15.89,16.5,15.89,16.44,33260,0
AXNX.US,D,20190219,000000,16.5,18.152,16.47,18,336072,0
AXNX.US,D,20190220,000000,18.18,21.8095,18.18,21.13,358549,0
AXNX.US,D,20190221,000000,20.99,22.6592,20.8022,22.5,314357,0
AXNX.US,D,20190222,000000,22.89,22.89,21.18,21.5,152121,0
AXNX.US,D,20190225,000000,22.24,22.24,21.01,21.45,70394,0
AXNX.US,D,20190226,000000,21.57,21.91,20.2004,21.34,76121,0
AXNX.US,D,20190227,000000,21.28,21.64,20.54,20.85,60359,0
AXNX.US,D,20190228,000000,21.01,21.585,20.5576,21.26,46704,0
AXNX.US,D,20190301,000000,21.82,22.45,21.56,21.75,143208,0
AXNX.US,D,20190304,000000,22.16,24.41,20.805,21.44,74193,0
AXNX.US,D,20190305,000000,21.5,22.405,20.14,20.75,78129,0
AXNX.US,D,20190306,000000,20.75,22.225,19.75,19.91,327128,0
AXNX.US,D,20190307,000000,20,21.28,19.881,20.47,73134,0
AXNX.US,D,20190308,000000,20.27,20.98,20.27,20.53,24384,0
AXNX.US,D,20190311,000000,20.63,21.985,20.58,21.42,73927,0
AXNX.US,D,20190312,000000,21.49,21.615,20.12,20.62,79386,0
AXNX.US,D,20190313,000000,20.72,22.09,20.65,22,55990,0
AXNX.US,D,20190314,000000,22.04,22.57,21.31,21.5,43653,0
AXNX.US,D,20190315,000000,21.59,23.885,21.31,22.6,188237,0
AXNX.US,D,20190318,000000,22.9,23.17,21.71,21.84,57802,0
AXNX.US,D,20190319,000000,21.95,22.95,21.515,22.28,89844,0
AXNX.US,D,20190320,000000,22.24,23.9379,21.875,23.54,105432,0
AXNX.US,D,20190321,000000,23.64,24.93,23.52,24.35,110807,0
AXNX.US,D,20190322,000000,24.4,24.4604,22.61,23.24,86026,0
AXNX.US,D,20190325,000000,23.26,23.6,22.65,22.99,95551,0
AXNX.US,D,20190326,000000,23.41,24.5,23.21,23.81,65402,0
AXNX.US,D,20190327,000000,23.76,23.875,22.78,22.94,67449,0
AXNX.US,D,20190328,000000,23.29,24.03,23.13,23.71,49956,0
AXNX.US,D,20190329,000000,24.08,24.408,23,23.95,111182,0
AXNX.US,D,20190401,000000,24,24.145,23.11,23.33,93799,0
AXNX.US,D,20190402,000000,23.31,24.185,23.18,23.63,51938,0
AXNX.US,D,20190403,000000,23.97,24,23.03,23.16,83712,0
AXNX.US,D,20190404,000000,23.62,23.62,21.37,21.6,132557,0
AXNX.US,D,20190405,000000,21.67,22.2084,21.25,21.52,80216,0
AXNX.US,D,20190408,000000,21.52,23.07,20.97,21.04,63588,0
AXNX.US,D,20190409,000000,22.535,22.5399,21,21.67,104646,0
AXNX.US,D,20190410,000000,21.8,22.1,20.51,21.96,90129,0
AXNX.US,D,20190411,000000,21.93,21.93,20.62,20.87,174056,0
AXNX.US,D,20190412,000000,20.99,20.99,20.55,20.8,83456,0
AXNX.US,D,20190415,000000,20.77,20.77,20.05,20.09,35246,0
AXNX.US,D,20190416,000000,20.2,20.85,19.22,19.4,85012,0
AXNX.US,D,20190417,000000,19.56,19.854,18.08,18.54,130375,0
AXNX.US,D,20190418,000000,18.51,19.4,18.4292,18.99,50685,0
AXNX.US,D,20190422,000000,19.14,19.89,18.66,19.23,159125,0
AXNX.US,D,20190423,000000,19.31,20.2,19.2,19.81,140743,0
AXNX.US,D,20190424,000000,19.66,20.38,19.66,19.965,84035,0
AXNX.US,D,20190425,000000,20.08,20.57,19.95,20.29,39036,0
AXNX.US,D,20190426,000000,20.31,23.21,20.07,21.81,114750,0
AXNX.US,D,20190429,000000,21.84,23.72,20.44,21.01,98831,0
AXNX.US,D,20190430,000000,21,21,20.07,20.2,84300,0
AXNX.US,D,20190501,000000,20.3,23.36,20.3,21.43,127218,0
AXNX.US,D,20190502,000000,21.43,22.9799,21,21.86,175477,0
AXNX.US,D,20190503,000000,22.04,23.16,21.9605,22.49,118650,0
AXNX.US,D,20190506,000000,22.42,23.625,22.42,23.2,93582,0
AXNX.US,D,20190507,000000,23.23,23.655,23.22,23.6,130532,0
AXNX.US,D,20190508,000000,23.58,24.28,23.58,24.25,342980,0
AXNX.US,D,20190509,000000,24.5,29.84,24.5,28.97,614369,0
AXNX.US,D,20190510,000000,29.59,30.4,29,29.95,419193,0
AXNX.US,D,20190513,000000,29.03,30.05,28.9,29.7,226355,0
AXNX.US,D,20190514,000000,29.88,32.9,29.525,31.44,389775,0
AXNX.US,D,20190515,000000,31.15,32.16,30.02,31.73,276989,0
AXNX.US,D,20190516,000000,31.95,32.4,29.9,30.15,176948,0
AXNX.US,D,20190517,000000,29.99,30.51,29.23,30.24,190559,0
AXNX.US,D,20190520,000000,30,31.5613,30,30.98,150388,0
AXNX.US,D,20190521,000000,31.16,32.275,30.31,31.28,96247,0
AXNX.US,D,20190522,000000,31.28,32.11,30.66,31.07,144586,0
AXNX.US,D,20190523,000000,30.74,30.74,29.5,30.27,160899,0
AXNX.US,D,20190524,000000,30.45,32.34,30.02,31.6,193418,0
AXNX.US,D,20190528,000000,31.67,34.12,31.67,33.6,362356,0
AXNX.US,D,20190529,000000,33.22,33.73,31.83,32.66,175357,0
AXNX.US,D,20190530,000000,32.94,33,31.73,32.92,102508,0
AXNX.US,D,20190531,000000,32.86,33.34,31.68,32.86,98481,0
AXNX.US,D,20190603,000000,33.42,33.54,32.335,32.97,153490,0
AXNX.US,D,20190604,000000,33.38,33.5893,32.26,33.14,155838,0
AXNX.US,D,20190605,000000,33.38,33.57,31.15,31.42,178335,0
AXNX.US,D,20190606,000000,31.04,31.66,30.42,31.17,173473,0
AXNX.US,D,20190607,000000,31.38,32.435,30.76,31.55,222486,0
AXNX.US,D,20190610,000000,32.37,33.68,31.99,32.4,408073,0
AXNX.US,D,20190611,000000,32.53,32.625,31.48,31.74,227187,0
AXNX.US,D,20190612,000000,31.88,32.3025,31.5,31.8,197451,0
AXNX.US,D,20190613,000000,32.3,34.865,32,34.21,293816,0
AXNX.US,D,20190614,000000,34.17,35.28,34.13,34.6,211157,0
AXNX.US,D,20190617,000000,35.03,36.93,34.71,35.93,235123,0
AXNX.US,D,20190618,000000,36.47,37.77,35.1,35.37,226491,0
AXNX.US,D,20190619,000000,34.89,36.16,34.67,36.02,182007,0
AXNX.US,D,20190620,000000,36.7,38.78,36.14,36.97,280078,0
AXNX.US,D,20190621,000000,36.97,37.98,36.38,37.9,277982,0
AXNX.US,D,20190624,000000,37.9,38.17,36.425,37.04,197934,0
AXNX.US,D,20190625,000000,37.43,37.59,36.68,37.21,133483,0
AXNX.US,D,20190626,000000,37.29,38.23,36.5,36.84,147030,0
AXNX.US,D,20190627,000000,36.87,37.5,36.61,37.15,162176,0
AXNX.US,D,20190628,000000,37.47,41.34,37.47,40.97,1476437,0
AXNX.US,D,20190701,000000,42.28,43.1859,40.16,42.41,424950,0
AXNX.US,D,20190702,000000,43,43.37,39.53,40.8,316487,0
AXNX.US,D,20190703,000000,40.83,41.2999,40.49,41,120070,0
AXNX.US,D,20190705,000000,41.28,43.06,40.25,40.8,114408,0
AXNX.US,D,20190708,000000,41.32,41.32,39.57,40.02,238229,0
AXNX.US,D,20190709,000000,39.89,40.29,39.83,40.11,435020,0
AXNX.US,D,20190710,000000,40.01,40.82,39.11,40.03,319471,0
AXNX.US,D,20190711,000000,40.08,40.69,39.29,40.09,212838,0
AXNX.US,D,20190712,000000,40.06,40.65,39.57,40.19,252615,0
AXNX.US,D,20190715,000000,40.57,41.3699,39.6,40.16,308329,0
AXNX.US,D,20190716,000000,40.26,40.265,35,38.52,343491,0
AXNX.US,D,20190717,000000,38.65,39.04,37.79,38.41,139606,0
AXNX.US,D,20190718,000000,38.21,39.235,37.69,38.51,252704,0
AXNX.US,D,20190719,000000,38.43,39.2047,37.29,37.73,120911,0
AXNX.US,D,20190722,000000,37.91,38.37,37.32,37.88,228806,0
AXNX.US,D,20190723,000000,37.88,38.28,37.421,37.99,162747,0
AXNX.US,D,20190724,000000,38.07,39.0399,37.305,37.99,241416,0
AXNX.US,D,20190725,000000,37.81,38.1121,36.62,37.29,149852,0
AXNX.US,D,20190726,000000,37.54,37.895,36.83,37.73,134094,0
AXNX.US,D,20190729,000000,37.68,38.28,37.5,37.72,169612,0
AXNX.US,D,20190730,000000,37.69,37.87,37.41,37.66,220299,0
AXNX.US,D,20190731,000000,37.7,37.775,36.6,36.7,160831,0
AXNX.US,D,20190801,000000,36.74,38.065,36,37.37,270181,0
AXNX.US,D,20190802,000000,37.31,37.66,35.69,36.11,193176,0
AXNX.US,D,20190805,000000,35.97,35.97,32.48,33.77,407574,0
AXNX.US,D,20190806,000000,30.82,33.59,30.05,30.82,581051,0
AXNX.US,D,20190807,000000,31.6,35.08,31.3673,34,421645,0
AXNX.US,D,20190808,000000,34.3,35.62,32.75,33.07,998425,0
AXNX.US,D,20190809,000000,32.82,34,32.5,33.77,162771,0
AXNX.US,D,20190812,000000,33.61,33.89,32.53,32.94,117448,0
AXNX.US,D,20190813,000000,33,35.35,32.67,35.15,131746,0
AXNX.US,D,20190814,000000,34.66,34.66,32.57,33.34,177585,0
AXNX.US,D,20190815,000000,33.41,34.44,32.67,33.5,123737,0
AXNX.US,D,20190816,000000,33.67,34.44,33.36,34.15,87884,0
AXNX.US,D,20190819,000000,34.51,35,34.22,34.43,59104,0
AXNX.US,D,20190820,000000,34.7,35.25,34.18,34.31,79559,0
AXNX.US,D,20190821,000000,34.82,35.19,34.19,34.92,86575,0
AXNX.US,D,20190822,000000,34.86,35,33.54,34.1,95706,0
AXNX.US,D,20190823,000000,33.63,34.54,32.83,33.14,114834,0
AXNX.US,D,20190826,000000,33.35,34.41,32.96,34.29,204145,0
AXNX.US,D,20190827,000000,34.42,34.5345,32.52,33.3,122861,0
AXNX.US,D,20190828,000000,33.05,34,32.88,33.36,103235,0
AXNX.US,D,20190829,000000,33.63,34.5,33.46,34.46,136773,0
AXNX.US,D,20190830,000000,34.37,34.5,32.515,33.27,97218,0
AXNX.US,D,20190903,000000,33.99,33.99,32.76,33.31,149566,0
AXNX.US,D,20190904,000000,33.5,33.75,32.59,33.12,191340,0
AXNX.US,D,20190905,000000,33.18,35.5,33.18,35.48,391589,0
AXNX.US,D,20190906,000000,35.59,36.05,34.87,35.71,149157,0
AXNX.US,D,20190909,000000,36.37,37.66,33.025,33.24,652768,0
AXNX.US,D,20190910,000000,33.66,33.88,30.55,30.64,442533,0
AXNX.US,D,20190911,000000,30.7,32.15,29.651,31.83,426909,0
AXNX.US,D,20190912,000000,31.91,32.465,30.95,31.5,199023,0
AXNX.US,D,20190913,000000,31.67,31.905,30.87,31.02,109618,0
AXNX.US,D,20190916,000000,30.91,30.99,29.62,30.27,157129,0
AXNX.US,D,20190917,000000,30.68,33.06,29.795,31.94,238408,0
AXNX.US,D,20190918,000000,31.9,32.46,30.72,31.42,170986,0
AXNX.US,D,20190919,000000,31.43,32.12,29.71,29.8,243522,0
AXNX.US,D,20190920,000000,29.97,31.62,29.81,31.17,242372,0
AXNX.US,D,20190923,000000,31.17,31.17,29.75,30.9,145819,0
AXNX.US,D,20190924,000000,31.1,31.13,29.79,30.06,179801,0
AXNX.US,D,20190925,000000,30.02,30.76,28.77,28.89,221956,0
AXNX.US,D,20190926,000000,28.8,29.28,26.68,27.29,259465,0
AXNX.US,D,20190927,000000,27.3,27.94,25.92,27.74,373093,0
AXNX.US,D,20190930,000000,27.71,28.1,26.15,26.92,501582,0
AXNX.US,D,20191001,000000,26.7,27.02,25.25,25.61,341464,0
AXNX.US,D,20191002,000000,25.44,26.72,24.76,25.34,401317,0
AXNX.US,D,20191003,000000,25.45,26.94,24.5,26.53,307433,0
AXNX.US,D,20191004,000000,26.81,27.17,24.79,25.53,357723,0
AXNX.US,D,20191007,000000,25.07,25.26,22.78,23.515,645582,0
AXNX.US,D,20191008,000000,23.24,23.9,21.39,21.68,542401,0
AXNX.US,D,20191009,000000,21.73,21.97,20.51,21.01,402045,0
AXNX.US,D,20191010,000000,20.98,21.34,19.69,21.05,382568,0
AXNX.US,D,20191011,000000,21.2,21.47,19.9375,20.07,314238,0
AXNX.US,D,20191014,000000,19.91,20.61,19.01,20.205,431856,0
AXNX.US,D,20191015,000000,20.53,21.87,20.09,20.71,439775,0
AXNX.US,D,20191016,000000,20.68,20.72,19.49,20.33,221146,0
AXNX.US,D,20191017,000000,20.4,21.17,19.71,20.48,195926,0
AXNX.US,D,20191018,000000,20.27,20.93,20.09,20.44,137100,0
AXNX.US,D,20191021,000000,21.03,21.98,20.13,20.81,226320,0
AXNX.US,D,20191022,000000,20.81,20.9,19.51,19.57,258164,0
AXNX.US,D,20191023,000000,19.45,20.35,19.0101,19.76,200790,0
AXNX.US,D,20191024,000000,19.93,21.24,19.82,20.77,200123,0
AXNX.US,D,20191025,000000,20.77,21.1,19.84,20.68,294498,0
AXNX.US,D,20191028,000000,20.86,22.84,20.7,22.1,408086,0
AXNX.US,D,20191029,000000,22.13,24.09,21.8792,23.45,505925,0
AXNX.US,D,20191030,000000,23.16,23.78,22.3638,23.5,334813,0
AXNX.US,D,20191031,000000,23.95,24.73,23.76,24.72,407760,0
AXNX.US,D,20191101,000000,25.58,25.98,24.6601,25.1,520984,0
AXNX.US,D,20191104,000000,25.36,25.625,24.04,24.37,515754,0
AXNX.US,D,20191105,000000,24.5,24.5,22.39,23.38,561161,0
AXNX.US,D,20191106,000000,23,23.38,22.71,23.17,225431,0
AXNX.US,D,20191107,000000,22.88,23.75,21.1,21.36,405384,0
AXNX.US,D,20191108,000000,21.24,22.49,21.01,22.42,236830,0
AXNX.US,D,20191111,000000,22.22,24.17,21.83,23.94,289411,0
AXNX.US,D,20191112,000000,24,25.81,23.73,24.96,472085,0
AXNX.US,D,20191113,000000,24.96,25.67,24.38,25.49,522256,0
AXNX.US,D,20191114,000000,29.5,30.329,28.2,28.96,2149294,0
AXNX.US,D,20191115,000000,29,29.547,26.63,26.75,1219713,0
AXNX.US,D,20191118,000000,26.58,27.15,23.3401,23.43,786596,0
AXNX.US,D,20191119,000000,23.45,23.75,22.49,22.99,297043,0
AXNX.US,D,20191120,000000,23.22,23.385,21.3,21.87,2330027,0
AXNX.US,D,20191121,000000,21.75,22.25,21.25,22.12,1208735,0
AXNX.US,D,20191122,000000,21.89,22.25,20.9,22.12,1041918,0
AXNX.US,D,20191125,000000,22.32,23.64,21.7,23.22,984519,0
AXNX.US,D,20191126,000000,23.22,24.34,23.16,24.08,1171833,0
AXNX.US,D,20191127,000000,24.15,24.78,23.86,24.71,305813,0
AXNX.US,D,20191129,000000,24.58,24.95,24.12,24.39,345052,0
AXNX.US,D,20191202,000000,24.24,24.24,23.05,23.23,362293,0
AXNX.US,D,20191203,000000,22.92,23.73,21.91,23.6,408508,0
AXNX.US,D,20191204,000000,23.71,24.21,22.86,24.06,434083,0
AXNX.US,D,20191205,000000,23.85,25.28,23.81,25.06,579908,0
AXNX.US,D,20191206,000000,25.33,25.62,24.95,25.53,1567075,0
AXNX.US,D,20191209,000000,25.63,25.9,23.67,24.25,1327277,0
AXNX.US,D,20191210,000000,25.68,25.86,24.62,25.19,772274,0
AXNX.US,D,20191211,000000,25,25.92,24.81,25.26,394374,0
AXNX.US,D,20191212,000000,25.66,26.05,24.97,25.82,740200,0
AXNX.US,D,20191213,000000,26.33,26.39,25.05,25.51,430716,0
AXNX.US,D,20191216,000000,25.5,26.06,24.95,25.85,625545,0
AXNX.US,D,20191217,000000,25.67,26.08,24.61,25.31,732559,0
AXNX.US,D,20191218,000000,25.5,26.47,25.11,26.39,779920,0
AXNX.US,D,20191219,000000,26.48,26.94,25.5,26.89,728559,0
AXNX.US,D,20191220,000000,27,27.5089,26.11,26.31,1121213,0
AXNX.US,D,20191223,000000,26.46,27.03,25.79,26.92,419779,0
AXNX.US,D,20191224,000000,26.77,27.3,26.18,27.07,455650,0
AXNX.US,D,20191226,000000,27.14,27.27,26.65,26.98,388771,0
AXNX.US,D,20191227,000000,27.44,27.44,26.26,26.77,431254,0
AXNX.US,D,20191230,000000,26.94,27.24,26.02,27.13,395823,0
AXNX.US,D,20191231,000000,27.04,27.979,26.58,27.71,476690,0
AXNX.US,D,20200102,000000,27.79,27.79,26.85,27.52,595684,0
AXNX.US,D,20200103,000000,26.91,27.57,26.18,27.01,880536,0
AXNX.US,D,20200106,000000,27,27.56,26.42,27.46,390061,0
AXNX.US,D,20200107,000000,27.32,27.32,26.16,26.95,372311,0
AXNX.US,D,20200108,000000,27.31,27.59,26.59,26.94,600971,0
AXNX.US,D,20200109,000000,31.01,33.9365,30.51,32.555,4375200,0
AXNX.US,D,20200110,000000,31.61,32.5611,31.61,32.38,972054,0
AXNX.US,D,20200113,000000,31.98,32.75,29.0142,30.385,1751185,0
AXNX.US,D,20200114,000000,30.3,31.71,30.23,30.92,882811,0
AXNX.US,D,20200115,000000,31,31.02,29.85,30.44,466934,0
AXNX.US,D,20200116,000000,30.8,31.63,30.58,31.5,890669,0
AXNX.US,D,20200117,000000,31.5,31.85,31.16,31.5,605160,0
AXNX.US,D,20200121,000000,31.5,32.16,31.32,31.84,387333,0
AXNX.US,D,20200122,000000,31.97,32.3,31.18,31.52,360123,0
AXNX.US,D,20200123,000000,31.16,31.75,30.9319,31.04,754626,0
AXNX.US,D,20200124,000000,31.09,31.35,29.39,30.59,488624,0
AXNX.US,D,20200127,000000,29.87,31.02,29.77,30.25,327904,0
AXNX.US,D,20200128,000000,30.24,31.14,29.5929,30.77,374804,0
AXNX.US,D,20200129,000000,31.03,31.14,30.2,30.35,354364,0
AXNX.US,D,20200130,000000,29.95,30.69,29.4,29.81,323767,0
AXNX.US,D,20200131,000000,29.64,29.905,28.31,29.03,526445,0
AXNX.US,D,20200203,000000,29.19,29.65,28.77,29.4,277451,0
AXNX.US,D,20200204,000000,30.12,30.85,28.87,29.78,317663,0
AXNX.US,D,20200205,000000,30.25,30.25,28.58,29.05,518000,0
AXNX.US,D,20200206,000000,29.21,30.67,28.44,30.06,509024,0
AXNX.US,D,20200207,000000,30,30.56,29.71,30.21,256901,0
AXNX.US,D,20200210,000000,30.21,31.01,30.15,30.95,502725,0
AXNX.US,D,20200211,000000,31.15,31.9,31.13,31.55,376926,0
AXNX.US,D,20200212,000000,31.61,33.43,31.61,33.35,647071,0
AXNX.US,D,20200213,000000,33.19,34,32.109,33.74,423739,0
AXNX.US,D,20200214,000000,33.92,34.535,33.29,34.29,320685,0
AXNX.US,D,20200218,000000,33.7822,34.77,33.7822,34.55,394560,0
AXNX.US,D,20200219,000000,34.76,35.93,34.64,35.01,732020,0
AXNX.US,D,20200220,000000,35.01,36.16,34.5807,35.96,721851,0
AXNX.US,D,20200221,000000,35.96,36.54,35.5,36.09,1143171,0
AXNX.US,D,20200224,000000,34.84,36.17,34.23,35.41,1049710,0
AXNX.US,D,20200225,000000,35.71,36.38,34.8,35.94,1126261,0
AXNX.US,D,20200226,000000,36.18,37.13,35.86,36.55,701671,0
AXNX.US,D,20200227,000000,35.8,36.54,34.96,35.1,894198,0
AXNX.US,D,20200228,000000,31.77,35.57,31.01,35.445,850169,0
AXNX.US,D,20200302,000000,35.26,37.26,34.86,37.19,792432,0
AXNX.US,D,20200303,000000,37.02,37.61,35.54,36.37,728617,0
AXNX.US,D,20200304,000000,37.1,38,36.0101,37.73,691500,0
AXNX.US,D,20200305,000000,38.12,38.49,35.39,36.79,1307383,0
AXNX.US,D,20200306,000000,35.84,36.235,34.64,35.93,664502,0
AXNX.US,D,20200309,000000,34.28,34.95,31.91,32.35,800177,0
AXNX.US,D,20200310,000000,33.11,34.16,30.63,32.03,746808,0
AXNX.US,D,20200311,000000,31.5,31.83,29.92,30.22,782391,0
AXNX.US,D,20200312,000000,27.55,28.99,24.63,27.18,1335924,0
AXNX.US,D,20200313,000000,27.89,28.4667,24.1,25.52,1402364,0
AXNX.US,D,20200316,000000,21.44,22.01,20,20.15,971893,0
AXNX.US,D,20200317,000000,20.22,21.25,18.03,20.26,1215114,0
AXNX.US,D,20200318,000000,19.32,19.77,15.7701,16.44,819493,0
AXNX.US,D,20200319,000000,16.29,18.66,15.25,17.86,714819,0
AXNX.US,D,20200320,000000,18.04,20,17.54,18.16,868721,0
AXNX.US,D,20200323,000000,18.13,19.02,17.25,18.37,504703,0
AXNX.US,D,20200324,000000,19.44,23.19,19.32,20.97,615475,0
AXNX.US,D,20200325,000000,21.04,24.07,21.04,22.31,431127,0
AXNX.US,D,20200326,000000,22.77,24.7399,22.38,22.83,603989,0
AXNX.US,D,20200327,000000,21.68,23.49,21.31,22.61,309584,0
AXNX.US,D,20200330,000000,22.53,23.9,22.04,23.76,339889,0
AXNX.US,D,20200331,000000,23.58,26.74,23.46,25.41,613325,0
AXNX.US,D,20200401,000000,24.5,24.5,23.32,23.96,569524,0
AXNX.US,D,20200402,000000,23.75,25.35,21.94,23.07,539621,0
AXNX.US,D,20200403,000000,23,24.4,22.14,22.91,389356,0
AXNX.US,D,20200406,000000,24.29,25.49,23.9875,25.13,511029,0
AXNX.US,D,20200407,000000,25.77,28.9,25.77,27.21,611738,0
AXNX.US,D,20200408,000000,26.51,28.58,26.01,27.8,334437,0
AXNX.US,D,20200409,000000,28.44,28.66,26.83,28.34,550227,0
AXNX.US,D,20200413,000000,27.91,28.9297,26.29,27.31,415037,0
AXNX.US,D,20200414,000000,27.88,29.44,27.88,29.25,411548,0
AXNX.US,D,20200415,000000,27.95,30.19,26.2908,29.71,344684,0
AXNX.US,D,20200416,000000,29.92,30.4,28.55,30.29,466705,0
AXNX.US,D,20200417,000000,31.94,34.5,30.85,34.31,1078684,0
AXNX.US,D,20200420,000000,33.63,34.71,31.711,33.35,384213,0
AXNX.US,D,20200421,000000,32.38,33.09,31.46,31.54,284051,0
AXNX.US,D,20200422,000000,32.95,34.43,32.135,33.69,605325,0
AXNX.US,D,20200423,000000,33.72,35.75,33.47,35.04,857216,0
AXNX.US,D,20200424,000000,35.17,35.65,33.94,34.92,586029,0
AXNX.US,D,20200427,000000,35.17,35.85,34.56,34.88,458337,0
AXNX.US,D,20200428,000000,35.57,35.88,33.22,33.28,497452,0
AXNX.US,D,20200429,000000,34.24,35.52,33.49,33.76,609815,0
AXNX.US,D,20200430,000000,34.22,34.22,31.01,32.21,718559,0
AXNX.US,D,20200501,000000,31.39,32.21,30.37,31.145,461534,0
AXNX.US,D,20200504,000000,30.45,31.68,30,31.45,375288,0
AXNX.US,D,20200505,000000,32.33,33.66,31.72,33.28,533046,0
AXNX.US,D,20200506,000000,35.51,36.72,34.28,35.01,1424041,0
AXNX.US,D,20200507,000000,35,35.485,34.18,34.91,716179,0
AXNX.US,D,20200508,000000,34,35.7198,33.87,35.15,3249038,0
AXNX.US,D,20200511,000000,34.72,35.3,33.64,34.92,661114,0
AXNX.US,D,20200512,000000,35.25,36.19,33.54,34.58,624516,0
AXNX.US,D,20200513,000000,34.88,36.11,33.57,34.89,518989,0
AXNX.US,D,20200514,000000,33.92,35.77,33.52,35.51,422105,0
AXNX.US,D,20200515,000000,35.14,36,34.57,35.81,454940,0
AXNX.US,D,20200518,000000,36.07,38.5,36.0501,38.26,858372,0
AXNX.US,D,20200519,000000,38.46,40.4,38,39.82,1281389,0
AXNX.US,D,20200520,000000,40.25,40.27,37.78,39.54,753583,0
AXNX.US,D,20200521,000000,39.34,39.85,38.28,38.65,585003,0
AXNX.US,D,20200522,000000,38.59,39.08,37.51,38.84,322118,0
AXNX.US,D,20200526,000000,40,40,36.67,38,534888,0
AXNX.US,D,20200527,000000,38.64,38.71,34.25,37.16,527772,0
AXNX.US,D,20200528,000000,37.57,38.09,35.82,35.91,410893,0
AXNX.US,D,20200529,000000,36.04,36.865,34.02,36.67,547177,0
AXNX.US,D,20200601,000000,36.79,37.59,35.63,36.88,294528,0
AXNX.US,D,20200602,000000,37.13,37.97,36.21,37.6,384503,0
AXNX.US,D,20200603,000000,37.68,39.01,37.35,38.33,465391,0
AXNX.US,D,20200604,000000,38.66,39.92,37.31,37.51,665574,0
AXNX.US,D,20200605,000000,38.6,39.87,37.21,39.53,631975,0
AXNX.US,D,20200608,000000,39.45,40.7186,38.09,39.245,409603,0
AXNX.US,D,20200609,000000,39.05,39.76,37.31,37.43,354728,0
AXNX.US,D,20200610,000000,37.74,39.07,36.4,38,438160,0
AXNX.US,D,20200611,000000,35.49,37.65,35.11,35.46,661949,0
AXNX.US,D,20200612,000000,36.8,37.99,34.8,35.98,471502,0
AXNX.US,D,20200615,000000,35.26,38.27,34.83,38.22,462908,0
AXNX.US,D,20200616,000000,39.23,40.45,38.26,39.66,773947,0
AXNX.US,D,20200617,000000,39.94,40.79,39.44,39.83,347716,0
AXNX.US,D,20200618,000000,39.41,40.19,38.41,38.93,683430,0
AXNX.US,D,20200619,000000,39.33,39.795,37.61,37.69,1484772,0
AXNX.US,D,20200622,000000,37.35,38.42,35.77,36.95,695831,0
AXNX.US,D,20200623,000000,37.31,39.195,37.17,38.49,782619,0
AXNX.US,D,20200624,000000,38.21,38.375,34.32,35.11,691100,0
AXNX.US,D,20200625,000000,35.13,35.915,34.33,34.89,505859,0
AXNX.US,D,20200626,000000,34.67,35.6775,32.71,32.96,2092945,0
AXNX.US,D,20200629,000000,33.31,34.705,32.145,34.5,527940,0
AXNX.US,D,20200630,000000,34.26,35.57,33.68,35.11,522954,0
AXNX.US,D,20200701,000000,35.02,36.57,34.48,36.41,604536,0
AXNX.US,D,20200702,000000,36.93,38.36,36.75,37.87,469650,0
AXNX.US,D,20200706,000000,38.5,39.84,37.635,39.25,526883,0
AXNX.US,D,20200707,000000,38.98,40.25,38.8201,39.49,423912,0
AXNX.US,D,20200708,000000,39.5,40.79,37.98,40.42,818369,0
AXNX.US,D,20200709,000000,40.39,41.5,39.315,41.28,845346,0
AXNX.US,D,20200710,000000,40.88,41.52,38.73,39.34,780088,0
AXNX.US,D,20200713,000000,40.9,41.845,37.43,37.71,1267809,0
AXNX.US,D,20200714,000000,37.44,37.855,36.09,36.98,585728,0
AXNX.US,D,20200715,000000,37.67,40,37.31,39.83,551689,0
AXNX.US,D,20200716,000000,39.53,40.15,39.04,39.66,512083,0
AXNX.US,D,20200717,000000,39.63,40.37,39.14,40,300014,0
AXNX.US,D,20200720,000000,40.07,40.33,38.475,39.15,336537,0
AXNX.US,D,20200721,000000,39.8,41.28,39.455,40.8,548815,0
AXNX.US,D,20200722,000000,40.7,41.13,39.82,40.35,230551,0
AXNX.US,D,20200723,000000,40.21,41.375,39.575,39.9,266637,0
AXNX.US,D,20200724,000000,39.46,39.78,37.56,39.13,327535,0
AXNX.US,D,20200727,000000,39.49,41.31,39.32,41.05,341169,0
AXNX.US,D,20200728,000000,41.07,44.25,41.07,42.13,1305349,0
AXNX.US,D,20200729,000000,42.33,43.99,42.07,42.81,287721,0
AXNX.US,D,20200730,000000,42.2,42.815,41.94,42.37,293462,0
AXNX.US,D,20200731,000000,42.24,42.735,40.8602,42.36,470685,0
AXNX.US,D,20200803,000000,41.69,44.58,39.71,43.24,833015,0
AXNX.US,D,20200804,000000,43.3,43.47,42.23,43,255534,0
AXNX.US,D,20200805,000000,43.95,44.86,43.09,44.48,515883,0
AXNX.US,D,20200806,000000,44.96,45.23,42.67,43.3,500821,0
AXNX.US,D,20200807,000000,45,46.15,41.44,44.07,721632,0
AXNX.US,D,20200810,000000,44.08,44.52,43.44,44,342307,0
AXNX.US,D,20200811,000000,43.32,43.32,40.21,41.01,872280,0
AXNX.US,D,20200812,000000,41.22,43.53,41.08,43.02,660082,0
AXNX.US,D,20200813,000000,43.06,44,42.55,43.67,450857,0
AXNX.US,D,20200814,000000,43.67,43.935,42.755,43.04,299196,0
AXNX.US,D,20200817,000000,43.09,44.225,42.73,44.01,571860,0
AXNX.US,D,20200818,000000,44,44.09,43.23,43.76,243591,0
AXNX.US,D,20200819,000000,43.51,44.62,43.51,44.02,412388,0
AXNX.US,D,20200820,000000,43.75,44.9,43.71,44.34,280605,0
AXNX.US,D,20200821,000000,44.16,44.99,43.44,44.25,447982,0
AXNX.US,D,20200824,000000,44.4,45.17,41.63,42.04,494251,0
AXNX.US,D,20200825,000000,41.95,43.78,41.72,43.31,542890,0
AXNX.US,D,20200826,000000,43.25,44.02,43.25,43.68,627227,0
AXNX.US,D,20200827,000000,43.74,43.84,42.58,43.35,348495,0
AXNX.US,D,20200828,000000,43.44,43.94,42.97,43.125,356258,0
AXNX.US,D,20200831,000000,43.4,43.4,41.935,42.26,470181,0
AXNX.US,D,20200901,000000,42.24,43.02,40.96,41.21,516517,0
AXNX.US,D,20200902,000000,42.18,42.18,39.14,40.59,490050,0
AXNX.US,D,20200903,000000,40.25,40.25,37.375,37.88,614093,0
AXNX.US,D,20200904,000000,37.81,38.05,34.82,36.05,542970,0
AXNX.US,D,20200908,000000,34.5313,36.33,34,35.33,684595,0
AXNX.US,D,20200909,000000,36,38.21,35.79,38.2,712845,0
AXNX.US,D,20200910,000000,38.11,39.48,37.52,37.65,737809,0
AXNX.US,D,20200911,000000,38,39.26,37.7,38.44,671972,0
AXNX.US,D,20200914,000000,39.13,42.04,39.01,41.75,447957,0
AXNX.US,D,20200915,000000,42.18,43.915,41.59,41.78,738855,0
AXNX.US,D,20200916,000000,41.9,42.1,40.4746,41.705,315365,0
AXNX.US,D,20200917,000000,40.92,42.55,40.17,42.29,519352,0
AXNX.US,D,20200918,000000,43.72,45.25,42.29,43.03,1268474,0
AXNX.US,D,20200921,000000,41.8,42.94,40.05,42.76,494466,0
AXNX.US,D,20200922,000000,43.14,44.31,42.7005,43.97,458845,0
AXNX.US,D,20200923,000000,43.84,44.98,42.21,44.28,886527,0
AXNX.US,D,20200924,000000,43.89,45.4479,42.99,43.89,377198,0
AXNX.US,D,20200925,000000,44.11,45.47,43.2,45.28,421905,0
AXNX.US,D,20200928,000000,45.98,46.03,44.67,45.9,330394,0
AXNX.US,D,20200929,000000,46.75,51.25,46.55,49.29,2055000,0
AXNX.US,D,20200930,000000,49.42,52.05,49.1,51.04,1072771,0
AXNX.US,D,20201001,000000,51.81,52.1,48.83,50.89,711904,0
AXNX.US,D,20201002,000000,49.87,51.16,48.605,48.7,452654,0
AXNX.US,D,20201005,000000,49.71,49.88,47.01,48.34,454508,0
AXNX.US,D,20201006,000000,48.65,50.2507,47.74,47.85,436084,0
AXNX.US,D,20201007,000000,48.41,49.02,46.67,48.7,634941,0
AXNX.US,D,20201008,000000,49.57,50.88,49.313,50.21,726844,0
AXNX.US,D,20201009,000000,51.69,51.69,50.09,50.95,343317,0
AXNX.US,D,20201012,000000,51.81,52.01,50,50.31,376083,0
AXNX.US,D,20201013,000000,50.37,50.37,47.29,48.68,469078,0
AXNX.US,D,20201014,000000,48.66,49.04,46.17,48.14,681097,0
AXNX.US,D,20201015,000000,47.5,48.36,46.92,48.01,309370,0
AXNX.US,D,20201016,000000,48.03,49.46,47.63,48.11,354473,0
AXNX.US,D,20201019,000000,48.57,49.47,47.45,47.71,285954,0
AXNX.US,D,20201020,000000,47.71,48.74,46.71,46.95,190139,0
AXNX.US,D,20201021,000000,47.12,47.64,45.07,46.29,252150,0
AXNX.US,D,20201022,000000,46.61,49,46.61,48.52,376370,0
AXNX.US,D,20201023,000000,49.75,50.29,48.55,49.94,367271,0
AXNX.US,D,20201026,000000,49.91,50.28,48.48,49.93,333072,0
AXNX.US,D,20201027,000000,49.97,50.82,47.44,50.32,709197,0
AXNX.US,D,20201028,000000,49.13,49.62,47.75,48.89,319356,0
AXNX.US,D,20201029,000000,48.6,49.07,46.9176,48.87,155367,0
AXNX.US,D,20201030,000000,48.6,48.73,45.622,46.89,472208,0
AXNX.US,D,20201102,000000,47.11,47.845,45.35,46.06,383450,0
AXNX.US,D,20201103,000000,46.49,50.02,46.08,48.83,443217,0
AXNX.US,D,20201104,000000,49.73,51.5,48.05,51.5,654280,0
AXNX.US,D,20201105,000000,48.5,49.17,46.35,46.98,1602371,0
AXNX.US,D,20201106,000000,47.15,48.1,45.49,47.78,534577,0
AXNX.US,D,20201109,000000,49.12,49.75,46.84,47.43,1123445,0
AXNX.US,D,20201110,000000,46.71,47.96,43.56,44.89,1070324,0
AXNX.US,D,20201111,000000,44.74,45.69,44.16,45.33,525837,0
AXNX.US,D,20201112,000000,45.2,46.43,44.3,45.99,659234,0
AXNX.US,D,20201113,000000,46.06,47.6723,45.13,45.81,526460,0
AXNX.US,D,20201116,000000,46.7,48.6,45.5612,46.64,554745,0
AXNX.US,D,20201117,000000,45.15,46.78,44.38,44.73,520400,0
AXNX.US,D,20201118,000000,44.65,45.86,43.81,45.34,635536,0
AXNX.US,D,20201119,000000,45.53,47.25,44.74,46.89,297809,0
AXNX.US,D,20201120,000000,46.76,47.7,46.27,47.11,479509,0
AXNX.US,D,20201123,000000,47.11,47.265,46.094,46.3,421732,0
AXNX.US,D,20201124,000000,46.38,46.76,44.2,44.52,746909,0
AXNX.US,D,20201125,000000,44.26,45.605,43.54,43.64,424658,0
AXNX.US,D,20201127,000000,44.11,45.82,43.36,45.79,200787,0
AXNX.US,D,20201130,000000,45.67,45.8,43.62,43.89,475766,0
AXNX.US,D,20201201,000000,43.89,44.82,41.39,42.19,787414,0
AXNX.US,D,20201202,000000,42.04,42.51,41.13,42.2,415086,0
AXNX.US,D,20201203,000000,42.34,43.53,41.15,43.13,429010,0
AXNX.US,D,20201204,000000,43.44,45.08,43.14,44.26,343675,0
AXNX.US,D,20201207,000000,44.41,44.945,43.205,43.77,281662,0
AXNX.US,D,20201208,000000,43.54,46.95,43.11,46.82,529795,0
AXNX.US,D,20201209,000000,47,48.28,45.57,45.8,367872,0
AXNX.US,D,20201210,000000,45.42,46,44.48,45.84,273315,0
AXNX.US,D,20201211,000000,45.78,46.66,43.86,43.94,313743,0
AXNX.US,D,20201214,000000,43.96,45.2467,42.85,43.21,609209,0
AXNX.US,D,20201215,000000,43.42,44.81,42.07,43.89,451402,0
AXNX.US,D,20201216,000000,43.75,43.7721,42.16,42.86,565593,0
AXNX.US,D,20201217,000000,43.31,44.33,42.68,44.16,414761,0
AXNX.US,D,20201218,000000,44.43,48.99,43.51,48.69,1632484,0
AXNX.US,D,20201221,000000,47.29,47.73,45.3853,47.7,444904,0
AXNX.US,D,20201222,000000,47.99,49.49,47.6865,48.95,377611,0
AXNX.US,D,20201223,000000,46.01,49.26,46.01,48,417052,0
AXNX.US,D,20201224,000000,48.23,49.55,47.25,47.78,195513,0
AXNX.US,D,20201228,000000,48.2,48.95,46.995,47.38,277953,0
AXNX.US,D,20201229,000000,47.69,47.69,45.93,46.79,231590,0
AXNX.US,D,20201230,000000,47.26,49.09,46.7266,48.89,346365,0
AXNX.US,D,20201231,000000,49.06,50.28,48.805,49.92,881275,0
AXNX.US,D,20210104,000000,50.06,50.9464,47.6,49.14,483612,0
AXNX.US,D,20210105,000000,49.16,51.14,48.9094,50.43,748667,0
AXNX.US,D,20210106,000000,50.25,52.43,49.25,51.48,512188,0
AXNX.US,D,20210107,000000,52,53.24,51.06,52.49,543217,0
AXNX.US,D,20210108,000000,52.03,53.07,50.31,51.83,470540,0
AXNX.US,D,20210111,000000,51.46,52.53,50.4704,52.17,318380,0
AXNX.US,D,20210112,000000,52,52.9,50.03,51.65,302952,0
AXNX.US,D,20210113,000000,51.73,52.48,50.8827,51.83,297341,0
AXNX.US,D,20210114,000000,51.87,53.86,51.63,52.75,462523,0
AXNX.US,D,20210115,000000,52.07,52.5,51.016,51.7,386593,0
AXNX.US,D,20210119,000000,52,53.03,51.64,51.65,583989,0
AXNX.US,D,20210120,000000,51.85,52.5,50.3501,50.8,312915,0
AXNX.US,D,20210121,000000,51.64,54.65,51.12,54.31,999558,0
AXNX.US,D,20210122,000000,53.73,56.67,52.02,56.55,734677,0
AXNX.US,D,20210125,000000,57.01,58.77,54.68,55.35,537150,0
AXNX.US,D,20210126,000000,55.26,55.6484,52.86,53.15,981234,0
AXNX.US,D,20210127,000000,52.53,56.01,51.87,54.03,1869376,0
AXNX.US,D,20210128,000000,54.03,54.79,49.85,53.43,979878,0
AXNX.US,D,20210129,000000,52.26,53.02,48.44,51.7,910481,0
AXNX.US,D,20210201,000000,52.49,53.43,51.04,51.23,599882,0
AXNX.US,D,20210202,000000,52.08,53.36,51.24,51.54,375019,0
AXNX.US,D,20210203,000000,51.8,52.24,50.84,52.16,295902,0
AXNX.US,D,20210204,000000,52.5,53.67,52.3,53.13,348297,0
AXNX.US,D,20210205,000000,53.75,53.89,52.15,53.78,344320,0
AXNX.US,D,20210208,000000,53.91,55.02,53.13,54.3,378800,0
AXNX.US,D,20210209,000000,54.33,54.79,53.03,54.76,391138,0
AXNX.US,D,20210210,000000,54.85,55.38,53.58,55.06,337417,0
AXNX.US,D,20210211,000000,55.01,55.6,54.29,54.77,475606,0
AXNX.US,D,20210212,000000,54.88,55.57,53.95,54.54,279008,0
AXNX.US,D,20210216,000000,56.25,56.55,54.22,55.17,493561,0
AXNX.US,D,20210217,000000,55,55,53.42,54.42,346020,0
AXNX.US,D,20210218,000000,54.31,54.91,53.56,53.64,204771,0
AXNX.US,D,20210219,000000,54.19,55.33,53.039,54.28,297569,0
AXNX.US,D,20210222,000000,53.97,55.3,53.2537,54.05,255596,0
AXNX.US,D,20210223,000000,53.08,53.27,50.265,52.37,621413,0
AXNX.US,D,20210224,000000,52.13,53.4644,51.21,52.87,588673,0
AXNX.US,D,20210225,000000,52.83,52.83,49.76,50.82,910793,0
AXNX.US,D,20210226,000000,51,52.45,48.1,50.31,1165119,0
AXNX.US,D,20210301,000000,51.75,54.07,51.41,53.47,1070870,0
AXNX.US,D,20210302,000000,54.04,54.8,52.61,54.46,478041,0
AXNX.US,D,20210303,000000,54.61,58.31,54.525,56.45,1133865,0
AXNX.US,D,20210304,000000,55.72,56.746,52.86,55.68,807608,0
AXNX.US,D,20210305,000000,55.77,56.94,53.34,56.56,935693,0
AXNX.US,D,20210308,000000,56.56,59.18,55.7,55.88,746221,0
AXNX.US,D,20210309,000000,56.64,59.64,56.26,56.55,667619,0
AXNX.US,D,20210310,000000,57,59.26,56.51,58.56,677974,0
AXNX.US,D,20210311,000000,59.03,60,58,58.56,647340,0
AXNX.US,D,20210312,000000,58.5,58.84,57.1,58.12,477323,0
AXNX.US,D,20210315,000000,58.04,58.42,56.82,57.51,543053,0
AXNX.US,D,20210316,000000,57.31,57.845,54.89,55.98,574072,0
AXNX.US,D,20210317,000000,56,58.67,54.89,58,544218,0
AXNX.US,D,20210318,000000,57.89,58,54.93,55.44,501693,0
AXNX.US,D,20210319,000000,54.77,58.05,54.0135,57.14,576779,0
AXNX.US,D,20210322,000000,57.73,59.87,57.65,58.88,362159,0
AXNX.US,D,20210323,000000,58.56,59.62,57.625,58.16,563384,0
AXNX.US,D,20210324,000000,58.91,58.915,54.54,54.62,539071,0
AXNX.US,D,20210325,000000,53.88,56.32,53,55.9,509686,0
AXNX.US,D,20210326,000000,56.47,56.83,54.21,56.55,429991,0
AXNX.US,D,20210329,000000,56.15,58.88,56.15,57.07,398941,0
AXNX.US,D,20210330,000000,56.74,58.5,54.44,57.65,568357,0
AXNX.US,D,20210331,000000,57.6,61.16,57.6,59.89,1148372,0
AXNX.US,D,20210401,000000,59.45,59.6219,57.29,58.61,460961,0
AXNX.US,D,20210405,000000,59.46,60.41,58.88,59.3,410339,0
AXNX.US,D,20210406,000000,58.87,60.39,58.83,59.83,415810,0
AXNX.US,D,20210407,000000,59.73,60.38,58.9331,59.9,321439,0
AXNX.US,D,20210408,000000,60.11,60.31,59.55,60,401281,0
AXNX.US,D,20210409,000000,59.79,60.4,58.08,60.13,368964,0
AXNX.US,D,20210412,000000,59.98,59.98,58,59.25,163816,0
AXNX.US,D,20210413,000000,59.32,59.81,57.27,58.5,385398,0
AXNX.US,D,20210414,000000,58.71,60.24,58.38,59.94,316841,0
AXNX.US,D,20210415,000000,60.3,60.5,57.89,59.86,481625,0
AXNX.US,D,20210416,000000,60.41,60.41,58.25,59.83,326540,0
AXNX.US,D,20210419,000000,59.68,59.81,57.87,58.67,363146,0
AXNX.US,D,20210420,000000,58.18,59.17,57.5,58.62,357658,0
AXNX.US,D,20210421,000000,58.82,62.49,57.42,61.95,779025,0
AXNX.US,D,20210422,000000,61.38,63.49,60.98,61.52,548052,0
AXNX.US,D,20210423,000000,61.45,63.15,61.45,61.93,457417,0
AXNX.US,D,20210426,000000,61.94,63.25,61.32,62.63,317767,0
AXNX.US,D,20210427,000000,62.89,62.98,61.5,61.66,251124,0
AXNX.US,D,20210428,000000,61.42,63.59,61.08,63.26,380014,0
AXNX.US,D,20210429,000000,63.97,64.3599,61.84,62.36,382292,0
AXNX.US,D,20210430,000000,62.13,63.62,61.63,62.93,567337,0
AXNX.US,D,20210503,000000,63.5,63.92,61.89,62.57,513836,0
AXNX.US,D,20210504,000000,61.95,62.67,57.34,57.87,495820,0
AXNX.US,D,20210505,000000,57.69,58.09,55.56,56.31,385406,0
AXNX.US,D,20210506,000000,55.45,56.17,53.49,56,479466,0
AXNX.US,D,20210507,000000,58.23,60.12,56.7,56.92,755840,0
AXNX.US,D,20210510,000000,56.63,56.66,52.57,53.08,440245,0
AXNX.US,D,20210511,000000,52.65,54.99,52.05,52.74,353088,0
AXNX.US,D,20210512,000000,50.5,52.71,50.1,52.06,2511090,0
AXNX.US,D,20210513,000000,52.08,52.75,50.685,51.39,1115680,0
AXNX.US,D,20210514,000000,50.11,54.255,49.95,54.03,769323,0
AXNX.US,D,20210517,000000,53.87,55,53.225,54.41,586824,0
AXNX.US,D,20210518,000000,54.72,56.11,52.98,53.14,701221,0
AXNX.US,D,20210519,000000,52.19,54.88,51.1028,54.2,472779,0
AXNX.US,D,20210520,000000,54.36,55.28,53.83,54.45,466480,0
AXNX.US,D,20210521,000000,55.12,57,54.72,55.25,491919,0
AXNX.US,D,20210524,000000,55.9,57.17,54.67,54.88,552240,0
AXNX.US,D,20210525,000000,54.83,56.32,53.97,55.98,457891,0
AXNX.US,D,20210526,000000,55.85,57.165,55.0688,56.72,518774,0
AXNX.US,D,20210527,000000,56.85,58.34,56.85,57.84,591027,0
AXNX.US,D,20210528,000000,57.93,59.41,57.59,57.69,476682,0
AXNX.US,D,20210601,000000,57.99,59.12,54.77,55.25,516610,0
AXNX.US,D,20210602,000000,55.37,56.14,54.47,54.77,324997,0
AXNX.US,D,20210603,000000,54.75,56.32,53.48,56.16,547757,0
AXNX.US,D,20210604,000000,56.6,58.89,54.21,58.41,424250,0
AXNX.US,D,20210607,000000,58.59,59.9,57.74,59.58,405886,0
AXNX.US,D,20210608,000000,59.41,60.37,57.8984,58.75,567160,0
AXNX.US,D,20210609,000000,59.16,59.77,58.85,59.6,306843,0
AXNX.US,D,20210610,000000,59.85,60.13,58.53,59.9,295343,0
AXNX.US,D,20210611,000000,59.78,60.73,59.45,60.39,524969,0
AXNX.US,D,20210614,000000,60.75,60.83,58.05,59.2,370984,0
AXNX.US,D,20210615,000000,59.22,60,58.105,58.28,327801,0
AXNX.US,D,20210616,000000,58.51,59.75,58.34,59.74,413429,0
AXNX.US,D,20210617,000000,59.8,61.72,59.06,60.87,638220,0
AXNX.US,D,20210618,000000,60.77,63.41,58.1905,62.94,1656308,0
AXNX.US,D,20210621,000000,63.26,64.36,61.86,63.34,711915,0
AXNX.US,D,20210622,000000,63.24,65.08,63.06,64.79,428295,0
AXNX.US,D,20210623,000000,64.98,65.265,63.36,64.88,507794,0
AXNX.US,D,20210624,000000,65.11,66.41,65.04,65.64,485881,0
AXNX.US,D,20210625,000000,66.13,67.73,65.53,66.9,1806718,0
AXNX.US,D,20210628,000000,67.7,68.195,64.57,64.71,537231,0
AXNX.US,D,20210629,000000,64.89,65.2,63.05,63.21,472101,0
AXNX.US,D,20210630,000000,62.86,64.61,62.375,63.41,473009,0
AXNX.US,D,20210701,000000,63.77,66.21,63.06,65.27,441370,0
AXNX.US,D,20210702,000000,65.27,66.09,64.38,65.46,264415,0
AXNX.US,D,20210706,000000,65.11,65.17,63.43,63.67,435606,0
AXNX.US,D,20210707,000000,64.03,65.22,62.42,62.72,363092,0
AXNX.US,D,20210708,000000,61.85,63.63,60.6,63.42,318551,0
AXNX.US,D,20210709,000000,63.55,64.39,62.49,62.92,217660,0
AXNX.US,D,20210712,000000,63.76,65.41,62.52,64.64,371148,0
AXNX.US,D,20210713,000000,64.39,65.25,63.5,63.99,191466,0
AXNX.US,D,20210714,000000,63.95,64.173,60.24,60.82,304663,0
AXNX.US,D,20210715,000000,60.91,61.44,58.78,59.7,440767,0
AXNX.US,D,20210716,000000,60.23,62.32,58.7,59.77,494106,0
AXNX.US,D,20210719,000000,58.93,61.19,58.59,59.21,590007,0
AXNX.US,D,20210720,000000,59.51,61.53,58.27,61.18,376665,0
AXNX.US,D,20210721,000000,61.66,65,61.08,64.71,389940,0
AXNX.US,D,20210722,000000,64.93,66.76,62.36,65.36,632501,0
AXNX.US,D,20210723,000000,65.61,66.51,64.61,66.25,286541,0
AXNX.US,D,20210726,000000,66.38,66.72,64.33,64.94,391795,0
AXNX.US,D,20210727,000000,64.73,65.4,63.42,64.03,247441,0
AXNX.US,D,20210728,000000,64.53,67.5,63.35,66.84,445646,0
AXNX.US,D,20210729,000000,66.55,68.66,66.55,68.38,311244,0
AXNX.US,D,20210730,000000,68.49,69.66,67.61,67.95,335930,0
AXNX.US,D,20210802,000000,67.57,70.38,66.84,68.88,375679,0
AXNX.US,D,20210803,000000,68.69,69.6,66.31,66.65,545943,0
AXNX.US,D,20210804,000000,66.16,68.17,66.12,66.3,324881,0
AXNX.US,D,20210805,000000,66.09,66.54,62.67,63,1129682,0
AXNX.US,D,20210806,000000,64.71,69.93,63.065,69.58,959735,0
AXNX.US,D,20210809,000000,69.7,70.46,68.66,69.23,670768,0
AXNX.US,D,20210810,000000,69.69,69.76,65.57,65.87,671570,0
AXNX.US,D,20210811,000000,65.61,65.61,61.9,62.78,638029,0
AXNX.US,D,20210812,000000,62.91,67.09,62.91,65.34,437665,0
AXNX.US,D,20210813,000000,65.27,67.245,64.72,66.34,221996,0
AXNX.US,D,20210816,000000,66.33,67.77,65.38,67.07,284729,0
AXNX.US,D,20210817,000000,68.84,72.48,65.46,69.14,408491,0
AXNX.US,D,20210818,000000,69.68,70.97,67.67,69.49,474920,0
AXNX.US,D,20210819,000000,69.4,72.24,69.085,71.79,1132595,0
AXNX.US,D,20210820,000000,71.54,72.06,70.67,72,836692,0
AXNX.US,D,20210823,000000,73.765,74,70.9,71.64,433010,0
AXNX.US,D,20210824,000000,71.51,74,70.48,72.68,399178,0
AXNX.US,D,20210825,000000,72.42,73.05,71.18,71.97,309970,0
AXNX.US,D,20210826,000000,72.06,73.14,71.135,72.36,279513,0
AXNX.US,D,20210827,000000,72.69,74,72.06,73.57,457132,0
AXNX.US,D,20210830,000000,73.48,74.61,72.63,73.25,365157,0
AXNX.US,D,20210831,000000,72.3,75.08,72.3,74.98,611837,0
AXNX.US,D,20210901,000000,74.74,75.34,73.82,74.54,273519,0
AXNX.US,D,20210902,000000,75.12,77.65,74.73,77,418051,0
AXNX.US,D,20210903,000000,76.58,78.44,76.43,77.21,338576,0
AXNX.US,D,20210907,000000,77.35,79.38,76.99,78.66,496444,0
AXNX.US,D,20210908,000000,78.18,79.24,77.6,77.85,350383,0
AXNX.US,D,20210909,000000,77.59,79.81,75,75.01,613221,0
AXNX.US,D,20210910,000000,75,76.65,74.41,74.98,478667,0
AXNX.US,D,20210913,000000,75.27,75.6,72.32,72.5,606064,0
AXNX.US,D,20210914,000000,72.83,74.07,69.97,70.44,703325,0
AXNX.US,D,20210915,000000,69.42,71.115,68.33,70.52,887081,0
AXNX.US,D,20210916,000000,70.96,71.72,69.71,71.32,647565,0
AXNX.US,D,20210917,000000,71.91,74,70.93,72.44,1866258,0
AXNX.US,D,20210920,000000,70.75,71.8,68.68,68.87,896479,0
AXNX.US,D,20210921,000000,69.05,70.77,69.05,69.25,869698,0
AXNX.US,D,20210922,000000,69.45,70.6,68.2,69.78,444504,0
AXNX.US,D,20210923,000000,69.76,70.07,67.69,69.7,508692,0
AXNX.US,D,20210924,000000,69.45,70.72,67.51,69.54,259110,0
AXNX.US,D,20210927,000000,69.07,69.48,67.13,67.33,273805,0
AXNX.US,D,20210928,000000,66.88,67,63.42,64.87,469788,0
AXNX.US,D,20210929,000000,64.99,67.02,64.99,65.9,407952,0
AXNX.US,D,20210930,000000,65.89,66.695,64.97,65.09,246769,0
AXNX.US,D,20211001,000000,65.09,67,62.92,66.83,460188,0
AXNX.US,D,20211004,000000,66.41,66.41,64.6,65.54,408657,0
AXNX.US,D,20211005,000000,65.85,67.34,64.18,64.2,472061,0
AXNX.US,D,20211006,000000,63.45,65.54,62.68,63.51,351575,0
AXNX.US,D,20211007,000000,64.06,66.77,63.42,66.33,378717,0
AXNX.US,D,20211008,000000,66.39,66.54,63.25,63.62,363418,0
AXNX.US,D,20211011,000000,63.18,64.48,63.02,63.16,407349,0
AXNX.US,D,20211012,000000,63.08,64.08,62.56,63.56,350343,0
AXNX.US,D,20211013,000000,63.85,64.36,62.67,63.04,258094,0
AXNX.US,D,20211014,000000,64.03,64.98,63.79,64.54,504547,0
AXNX.US,D,20211015,000000,65.45,65.45,63.1,63.16,449957,0
AXNX.US,D,20211018,000000,62.81,65.94,62.085,65.69,469832,0
AXNX.US,D,20211019,000000,66,67.67,64.84,66.31,317024,0
AXNX.US,D,20211020,000000,66.48,67.08,65.42,66.6,217302,0
AXNX.US,D,20211021,000000,66.77,67.49,66.25,67.16,189807,0
AXNX.US,D,20211022,000000,67.04,68,66.53,67.42,376719,0
AXNX.US,D,20211025,000000,67.42,69.53,67.3125,67.73,313527,0
AXNX.US,D,20211026,000000,68.37,71.15,68.23,70.94,257507,0
AXNX.US,D,20211027,000000,71.21,71.655,69.975,71.1,458122,0
AXNX.US,D,20211028,000000,71.24,73.26,69.33,73.17,243595,0
AXNX.US,D,20211029,000000,73.33,73.82,72.7,73.35,323344,0
AXNX.US,D,20211101,000000,73.13,74,69.75,69.76,352723,0
AXNX.US,D,20211102,000000,69.95,70.27,67.87,68.89,315228,0
AXNX.US,D,20211103,000000,68.76,71.125,68.39,70.71,352686,0
AXNX.US,D,20211104,000000,70.71,71.8,68.64,68.96,396460,0
AXNX.US,D,20211105,000000,68.45,71.26,64.19,68.05,1491483,0
AXNX.US,D,20211108,000000,67.89,68.49,65,66.47,744892,0
AXNX.US,D,20211109,000000,66.14,67.75,65,66,631433,0
AXNX.US,D,20211110,000000,64.86,65.76,61.95,63.09,676842,0
AXNX.US,D,20211111,000000,63.7,64.94,61.88,62.03,526472,0
AXNX.US,D,20211112,000000,62.04,64.1,60.57,60.81,663085,0
AXNX.US,D,20211115,000000,61.81,61.895,58.94,59.08,870541,0
AXNX.US,D,20211116,000000,59.09,62.93,58.45,61.95,521398,0
AXNX.US,D,20211117,000000,62.42,63.18,61.7,62.3,463041,0
AXNX.US,D,20211118,000000,62.75,62.75,59.6,60.09,366307,0
AXNX.US,D,20211119,000000,59.98,61.35,59.17,60.11,411055,0
AXNX.US,D,20211122,000000,60.11,61.48,58.59,61.18,545654,0
AXNX.US,D,20211123,000000,61.28,61.65,57.37,59.55,682393,0
AXNX.US,D,20211124,000000,58.99,61.9,58.35,61.58,334247,0
AXNX.US,D,20211126,000000,60.8,61.29,58.25,58.51,329999,0
AXNX.US,D,20211129,000000,59.03,59.215,54.38,54.6,1100594,0
AXNX.US,D,20211130,000000,54.51,55.685,53.695,54.41,549180,0
AXNX.US,D,20211201,000000,55.37,56,53.54,54.24,748546,0
AXNX.US,D,20211202,000000,54.14,56.33,54.14,55.5,743471,0
AXNX.US,D,20211203,000000,55.72,56.195,51.75,52,584835,0
AXNX.US,D,20211206,000000,52.28,55.32,51,54.85,603300,0
AXNX.US,D,20211207,000000,56.06,59.04,55.46,57.38,630642,0
AXNX.US,D,20211208,000000,57.38,59.35,56.67,58.77,344970,0
AXNX.US,D,20211209,000000,58.29,59.61,54.98,55.34,234537,0
AXNX.US,D,20211210,000000,55.97,56.73,52.89,53.23,546695,0
AXNX.US,D,20211213,000000,52.98,53.315,50.38,50.53,670627,0
AXNX.US,D,20211214,000000,48.9,50.41,46.96,50.14,1465729,0
AXNX.US,D,20211215,000000,50.14,51.72,49.66,51.71,620836,0
AXNX.US,D,20211216,000000,51.97,53.38,49.86,50.57,949399,0
AXNX.US,D,20211217,000000,50.98,53.105,49.7,52.37,820436,0
AXNX.US,D,20211220,000000,50.12,51.99,49.39,50.01,929398,0
AXNX.US,D,20211221,000000,50.73,54.83,50.73,54.43,976562,0
AXNX.US,D,20211222,000000,54.7,56.42,54.23,56.18,372141,0
AXNX.US,D,20211223,000000,56.18,57.17,55.17,56.81,452305,0
AXNX.US,D,20211227,000000,56.81,57.405,55.4,57.12,223109,0
AXNX.US,D,20211228,000000,56.94,57.7,55.92,56.93,433487,0
AXNX.US,D,20211229,000000,56.79,57.03,55.06,55.54,260763,0
AXNX.US,D,20211230,000000,55.54,57.07,55.36,56.22,308947,0
AXNX.US,D,20211231,000000,56.73,56.96,55.625,56,314496,0
AXNX.US,D,20220103,000000,56.5,58.95,55.32,58.71,395873,0
AXNX.US,D,20220104,000000,58.71,59.82,57.825,58.61,531120,0
AXNX.US,D,20220105,000000,58.18,58.85,54.755,54.8,383714,0
AXNX.US,D,20220106,000000,55.68,59.8,55.59,58.87,1104938,0
AXNX.US,D,20220107,000000,57.48,58.73,54.56,54.69,573192,0
AXNX.US,D,20220110,000000,53.62,54.83,52.2,54.75,490454,0
AXNX.US,D,20220111,000000,55.08,57.39,54.11,57.19,400685,0
AXNX.US,D,20220112,000000,57.74,58.845,55.54,55.61,405314,0
AXNX.US,D,20220113,000000,55.76,56.43,54.75,55.08,293942,0
AXNX.US,D,20220114,000000,54.23,55.23,51.9818,53.86,932033,0
AXNX.US,D,20220118,000000,53.36,53.36,49.25,50.16,647703,0
AXNX.US,D,20220119,000000,50.33,51.35,49.0501,49.39,349695,0
AXNX.US,D,20220120,000000,50.5,52.42,49.56,49.81,383356,0
AXNX.US,D,20220121,000000,48.9,50.91,48.66,49.33,750160,0
AXNX.US,D,20220124,000000,48.04,51.06,47.02,50.67,519131,0
AXNX.US,D,20220125,000000,49.01,50.25,47.04,47.64,437275,0
AXNX.US,D,20220126,000000,48.81,49.35,45.79,46.25,403135,0
AXNX.US,D,20220127,000000,46.92,49.965,43.38,43.74,465088,0
AXNX.US,D,20220128,000000,43.27,44.96,42.37,44.86,332029,0
AXNX.US,D,20220131,000000,44.4,47.53,42.795,47.43,468858,0
AXNX.US,D,20220201,000000,47.87,49.86,46.44,49.77,449552,0
AXNX.US,D,20220202,000000,50.01,50.73,47.89,49.43,443206,0
AXNX.US,D,20220203,000000,48.15,49.58,47.69,48.05,532199,0
AXNX.US,D,20220204,000000,47.82,50.6,47.29,50.22,315123,0
AXNX.US,D,20220207,000000,50.09,52.03,49.52,51.09,262300,0
AXNX.US,D,20220208,000000,50.87,52.58,50.0075,52.44,258886,0
AXNX.US,D,20220209,000000,53.3,55.81,53.035,55.64,405451,0
AXNX.US,D,20220210,000000,53.68,55.68,53.14,54.29,461622,0
AXNX.US,D,20220211,000000,54.55,54.86,51.97,53.12,325964,0
AXNX.US,D,20220214,000000,53.37,54.47,51.71,51.88,253088,0
AXNX.US,D,20220215,000000,52.66,55.41,52.66,54.37,317402,0
AXNX.US,D,20220216,000000,53.75,55.195,51.625,54.51,316321,0
AXNX.US,D,20220217,000000,53.83,54.38,49.88,50.43,320928,0
AXNX.US,D,20220218,000000,50.03,50.8,48.57,48.85,419889,0
AXNX.US,D,20220222,000000,48.02,49.83,47.74,48.06,542813,0
AXNX.US,D,20220223,000000,48.41,49.095,46.965,48.02,703030,0
AXNX.US,D,20220224,000000,46.46,53.33,45.75,52.89,863072,0
AXNX.US,D,20220225,000000,53.07,57.335,51.67,57.08,936635,0
AXNX.US,D,20220228,000000,56.26,56.99,54.99,56.76,499086,0
AXNX.US,D,20220301,000000,56.58,58.81,55.82,57.38,553007,0
AXNX.US,D,20220302,000000,58.3,59.53,57.125,59.17,445927,0
AXNX.US,D,20220303,000000,59.9,59.99,56.63,57.51,355944,0
AXNX.US,D,20220304,000000,56.99,57.9329,55.555,56.31,421473,0
AXNX.US,D,20220307,000000,57.07,57.07,53.92,54.15,492870,0
AXNX.US,D,20220308,000000,54.2,57.92,52.45,55.55,671556,0
AXNX.US,D,20220309,000000,57.33,59.49,56.79,58.19,428567,0
AXNX.US,D,20220310,000000,56.95,58.48,56.09,57.44,364043,0
AXNX.US,D,20220311,000000,58.13,58.135,54.39,54.52,361024,0
AXNX.US,D,20220314,000000,54.67,55.29,48.71,49.07,609322,0
AXNX.US,D,20220315,000000,49.89,51.18,48.11,51.08,333967,0
AXNX.US,D,20220316,000000,52.36,54.07,50.91,54.06,376229,0
AXNX.US,D,20220317,000000,53.51,57.62,53.0045,57.3,383356,0
AXNX.US,D,20220318,000000,56.65,58.7,56.65,57.06,530092,0
AXNX.US,D,20220321,000000,56.47,57.69,55.13,55.72,409562,0
AXNX.US,D,20220322,000000,56.18,59.02,56.08,58.34,575291,0
AXNX.US,D,20220323,000000,58.28,58.28,55.68,56.31,303799,0
AXNX.US,D,20220324,000000,56.55,58.2,55.85,58.12,278834,0
AXNX.US,D,20220325,000000,57.93,59.05,56.85,58.84,374718,0
AXNX.US,D,20220328,000000,58.98,59.57,57.12,59.56,351859,0
AXNX.US,D,20220329,000000,60,63.33,59.77,62.76,611784,0
AXNX.US,D,20220330,000000,62.11,62.65,61.57,62.45,328632,0
AXNX.US,D,20220331,000000,62.47,63.91,61.095,62.6,433302,0
AXNX.US,D,20220401,000000,62.71,64.85,61.91,64.42,432605,0
AXNX.US,D,20220404,000000,64.31,65.14,63.35,63.55,297407,0
AXNX.US,D,20220405,000000,63.6,63.94,62.4813,63.56,240919,0
AXNX.US,D,20220406,000000,63.01,63.44,60.82,63.06,441154,0
AXNX.US,D,20220407,000000,62.89,65.09,62.54,64.04,523608,0
AXNX.US,D,20220408,000000,63.59,65.9,62.35,64.35,664436,0
AXNX.US,D,20220411,000000,63.38,64.99,61.59,62.91,695059,0
AXNX.US,D,20220412,000000,64.36,65.3,62.45,63.33,254336,0
AXNX.US,D,20220413,000000,63.77,64.99,62.99,64.21,262578,0
AXNX.US,D,20220414,000000,64.21,65.03,63.02,63.81,429452,0
AXNX.US,D,20220418,000000,63.82,63.955,60.37,60.96,392223,0
AXNX.US,D,20220419,000000,60.95,64.14,60.65,63.92,637609,0
AXNX.US,D,20220420,000000,64.56,65.02,62.76,64.11,364159,0
AXNX.US,D,20220421,000000,64.55,65.95,62.44,62.77,589666,0
AXNX.US,D,20220422,000000,62.05,62.38,58.09,59.04,303855,0
AXNX.US,D,20220425,000000,58.52,60.54,58.28,60.2,274173,0
AXNX.US,D,20220426,000000,59.24,60.27,57.76,58.08,511867,0
AXNX.US,D,20220427,000000,57.81,59.01,55.325,55.72,415543,0
AXNX.US,D,20220428,000000,56.56,56.56,51.57,52.91,770606,0
AXNX.US,D,20220429,000000,52.86,53.87,51.55,51.82,492682,0
AXNX.US,D,20220502,000000,52.18,57.69,52,57.68,870265,0
AXNX.US,D,20220503,000000,57.29,58.57,56.66,57.74,406165,0
AXNX.US,D,20220504,000000,58.36,58.36,54.58,57.45,477975,0
AXNX.US,D,20220505,000000,56.47,56.47,50.4,52.26,930281,0
AXNX.US,D,20220506,000000,56.75,57.49,47.35,48.02,1233272,0
AXNX.US,D,20220509,000000,47.06,47.06,38.41,39.5,1634888,0
AXNX.US,D,20220510,000000,40.87,43.15,38.7401,42.62,1208517,0
AXNX.US,D,20220511,000000,42.71,45.36,41.37,41.57,1157965,0
AXNX.US,D,20220512,000000,41.5,44.57,40.98,44.27,1039977,0
AXNX.US,D,20220513,000000,45.4,48.22,44.98,47.29,575836,0
AXNX.US,D,20220516,000000,47.17,48.97,46.21,47.33,425764,0
AXNX.US,D,20220517,000000,48.76,49.785,47.73,49.74,295581,0
AXNX.US,D,20220518,000000,48.6,50.235,47.93,48.62,512971,0
AXNX.US,D,20220519,000000,47.9,50.03,47.705,49.31,532178,0
AXNX.US,D,20220520,000000,50.56,50.56,47.72,49.94,424176,0
AXNX.US,D,20220523,000000,49.95,51.99,49.26,51.34,332386,0
AXNX.US,D,20220524,000000,50.3,50.935,48.805,49.64,360260,0
AXNX.US,D,20220525,000000,49.42,50.03,48.08,49.57,383801,0
AXNX.US,D,20220526,000000,50.13,50.68,48.77,50.06,395056,0
AXNX.US,D,20220527,000000,50.88,53.02,50.57,52.33,464162,0
AXNX.US,D,20220531,000000,51.83,52.245,48.91,50,723321,0
AXNX.US,D,20220601,000000,50.31,50.66,48.38,50,311953,0
AXNX.US,D,20220602,000000,50.16,54.43,49.355,54.41,455916,0
AXNX.US,D,20220603,000000,53.92,58.77,52.695,56.29,855370,0
AXNX.US,D,20220606,000000,57.17,57.72,56,56.76,316988,0
AXNX.US,D,20220607,000000,55.79,58.98,55.32,58.68,294460,0
AXNX.US,D,20220608,000000,58.34,59.205,57.08,57.96,363636,0
AXNX.US,D,20220609,000000,57.46,57.46,54.93,55.39,406976,0
AXNX.US,D,20220610,000000,53.78,55.5,51.27,53.74,515852,0
AXNX.US,D,20220613,000000,51.28,52.87,49,49.8,428314,0
AXNX.US,D,20220614,000000,46.57,50.415,46.57,49.65,408701,0
AXNX.US,D,20220615,000000,50.11,52.18,47.53,50.71,445542,0
AXNX.US,D,20220616,000000,48.94,49.52,47.3,48.9,379810,0
AXNX.US,D,20220617,000000,49.44,51.77,48.11,48.26,1175068,0
AXNX.US,D,20220621,000000,49.79,51.3,49.3,49.72,644500,0
AXNX.US,D,20220622,000000,48.79,52.34,48.79,52.03,380607,0
AXNX.US,D,20220623,000000,52.925,56.67,52.46,56.63,397675,0
AXNX.US,D,20220624,000000,57.65,58.76,54,58.57,1035973,0
AXNX.US,D,20220627,000000,58.34,59.42,56.67,57.51,770451,0
AXNX.US,D,20220628,000000,57.66,58.97,55.535,56.64,596152,0
AXNX.US,D,20220629,000000,56.24,57.69,55.04,57.68,269615,0
AXNX.US,D,20220630,000000,56.62,58,55.34,56.67,363707,0
AXNX.US,D,20220701,000000,56.48,58.49,56.28,57.96,231718,0
AXNX.US,D,20220705,000000,57.12,60.66,56.38,60.24,778303,0
AXNX.US,D,20220706,000000,60.26,63.32,59.78,62.94,1016518,0
AXNX.US,D,20220707,000000,63,65.02,61.09,62.66,704614,0
AXNX.US,D,20220708,000000,62.25,63.675,60.96,63.1,447546,0
AXNX.US,D,20220711,000000,62.46,63.04,61.1,61.25,342887,0
AXNX.US,D,20220712,000000,61.58,62.54,60.71,61.25,298535,0
AXNX.US,D,20220713,000000,60.09,62.19,59.89,61.47,358786,0
AXNX.US,D,20220714,000000,61,62.92,60.725,62.53,389340,0
AXNX.US,D,20220715,000000,63.84,64.14,61.61,63.46,427799,0
AXNX.US,D,20220718,000000,64.28,64.77,61.61,61.9,393648,0
AXNX.US,D,20220719,000000,62.92,63.94,62.3,63.52,281543,0
AXNX.US,D,20220720,000000,63.77,64.41,62.11,62.33,866648,0
AXNX.US,D,20220721,000000,62.54,65,62.31,65,591689,0
AXNX.US,D,20220722,000000,65.1,65.1,61.975,62.46,466784,0
AXNX.US,D,20220725,000000,62.27,63.14,60.8,61.25,473980,0
AXNX.US,D,20220726,000000,61.24,63.51,60.35,63,498815,0
AXNX.US,D,20220727,000000,63.77,64.89,62.65,64.53,401641,0
AXNX.US,D,20220728,000000,64.99,65.72,63.26,65.24,704020,0
AXNX.US,D,20220729,000000,65.25,65.34,63.22,64.87,391945,0
AXNX.US,D,20220801,000000,64.44,67.25,63.99,66.66,1178611,0
AXNX.US,D,20220802,000000,66.75,72,66.74,71.18,1860681,0
AXNX.US,D,20220803,000000,66.05,69.45,66,69.4,2597698,0
AXNX.US,D,20220804,000000,69.99,72.38,67.88,72.27,1433390,0
AXNX.US,D,20220805,000000,71.65,72.45,69.96,71,626690,0
AXNX.US,D,20220808,000000,71.37,72.65,68.94,71.07,618567,0
AXNX.US,D,20220809,000000,71.06,71.78,68.86,69.16,443513,0
AXNX.US,D,20220810,000000,71.15,71.28,68.98,71,615336,0
AXNX.US,D,20220811,000000,71.71,72.63,69.93,70.08,760106,0
AXNX.US,D,20220812,000000,70.3,72.48,69.29,72.38,446472,0
AXNX.US,D,20220815,000000,72,73.97,71.68,73.74,575559,0
AXNX.US,D,20220816,000000,73.4,73.4,70.24,72.35,488395,0
AXNX.US,D,20220817,000000,71.96,72.84,71.02,72.19,848585,0
AXNX.US,D,20220818,000000,72.31,73.17,71.66,72.96,531991,0
AXNX.US,D,20220819,000000,72.88,72.98,70.69,72.74,584474,0
AXNX.US,D,20220822,000000,72.21,73.51,71.62,71.9,431814,0
AXNX.US,D,20220823,000000,71.77,71.88,67.9,69.52,831436,0
AXNX.US,D,20220824,000000,70.07,72.28,69.9,72.15,481730,0
AXNX.US,D,20220825,000000,73.16,74.17,72.2675,73.99,554769,0
AXNX.US,D,20220826,000000,74,74,71.23,71.71,365247,0
AXNX.US,D,20220829,000000,70.66,72.35,69.381,71.99,383213,0
AXNX.US,D,20220830,000000,72.02,73.32,70.495,70.93,487712,0
AXNX.US,D,20220831,000000,71.76,73.19,71.16,72.25,446404,0
AXNX.US,D,20220901,000000,72.02,72.22,68.97,70.81,772948,0
AXNX.US,D,20220902,000000,71.97,72.25,70.13,70.65,395850,0
AXNX.US,D,20220906,000000,70.53,71.17,67.945,68.46,636583,0
AXNX.US,D,20220907,000000,68.8,72.5,68.8,71.87,568641,0
AXNX.US,D,20220908,000000,72.37,76.33,70.79,75.48,1189416,0
AXNX.US,D,20220909,000000,75.84,77.19,75.05,76.8,1059180,0
AXNX.US,D,20220912,000000,76.51,78.48,76.18,78.12,666026,0
AXNX.US,D,20220913,000000,75.6,78.15,74.4,77.28,691235,0
AXNX.US,D,20220914,000000,77.54,78.31,76.385,77.15,872998,0
AXNX.US,D,20220915,000000,77.17,79.915,76.735,77.98,937620,0
AXNX.US,D,20220916,000000,76.95,77.6,73.3601,74.71,1405223,0
AXNX.US,D,20220919,000000,73.73,75.44,71.38,75.05,795652,0
AXNX.US,D,20220920,000000,74.82,75.56,73.135,74.09,528524,0
AXNX.US,D,20220921,000000,74.5,74.87,71.8,71.82,332093,0
AXNX.US,D,20220922,000000,71.51,71.51,66.36,67.36,677106,0
AXNX.US,D,20220923,000000,66.68,67.08,63.94,65.24,530568,0
AXNX.US,D,20220926,000000,64.91,68.46,64.91,67.34,523135,0
AXNX.US,D,20220927,000000,68.16,69.25,66.89,68.51,349723,0
AXNX.US,D,20220928,000000,69.27,71.79,68.93,70.97,477948,0
AXNX.US,D,20220929,000000,70.29,71.5,69.91,70.77,397064,0
AXNX.US,D,20220930,000000,70.74,74.44,70.41,70.44,541527,0
AXNX.US,D,20221003,000000,70.79,74.16,69.75,73.63,773707,0
AXNX.US,D,20221004,000000,75.51,76.31,74.75,76.2,402345,0
AXNX.US,D,20221005,000000,75.9,76.785,73.29,76.6,352285,0
AXNX.US,D,20221006,000000,76.61,77.2,74.165,74.65,521713,0
AXNX.US,D,20221007,000000,73.48,74.975,71.92,72.51,368921,0
AXNX.US,D,20221010,000000,67.98,72.11,67.41,68.27,876821,0
AXNX.US,D,20221011,000000,68.53,70.72,65.3,69.66,792145,0
AXNX.US,D,20221012,000000,69.77,70.4,67.29,69.53,533885,0
AXNX.US,D,20221013,000000,67.44,70.03,65.88,68.95,595385,0
AXNX.US,D,20221014,000000,69.75,70.34,66.31,66.53,546538,0
AXNX.US,D,20221017,000000,67.9,70.61,67.385,70.41,578995,0
AXNX.US,D,20221018,000000,72.72,74.05,69.72,70.33,496415,0
AXNX.US,D,20221019,000000,69.77,70.66,67.28,68.2,389958,0
AXNX.US,D,20221020,000000,68.37,70.24,66.74,68.49,455040,0
AXNX.US,D,20221021,000000,69.66,70.46,66.47,69.95,334091,0
AXNX.US,D,20221024,000000,70.95,70.95,67.44,70,813656,0
AXNX.US,D,20221025,000000,70.65,72.62,70.12,71.15,455077,0
AXNX.US,D,20221026,000000,71.5,73.1483,70.55,71.6,906717,0
AXNX.US,D,20221027,000000,71.81,72.06,68.8825,68.97,803142,0
AXNX.US,D,20221028,000000,68.92,72.07,67.29,71.9,1074110,0
AXNX.US,D,20221031,000000,71.15,75.14,71.15,73.14,793057,0
AXNX.US,D,20221101,000000,68.77,71,67.11,68.16,1308778,0
AXNX.US,D,20221102,000000,68.39,70.605,66.06,66.2,671623,0
AXNX.US,D,20221103,000000,65.5,66.77,64.61,64.94,590424,0
AXNX.US,D,20221104,000000,65.68,65.68,61.56,62.23,704478,0
AXNX.US,D,20221107,000000,62.74,62.96,60.7,61.47,652871,0
AXNX.US,D,20221108,000000,61.64,62.14,59.2,61.58,660121,0
AXNX.US,D,20221109,000000,61.38,62.98,60.67,61.25,567052,0
AXNX.US,D,20221110,000000,64.63,65.47,62.43,64.05,739296,0
AXNX.US,D,20221111,000000,64.3,65.82,61.11,61.81,663123,0
AXNX.US,D,20221114,000000,61.83,63.245,60.8006,61.98,477851,0
AXNX.US,D,20221115,000000,63.5,64.98,62.49,64.38,375596,0
AXNX.US,D,20221116,000000,63.98,64.4,62.44,62.9,490879,0
AXNX.US,D,20221117,000000,61.94,63.58,61.5,63.05,306406,0
AXNX.US,D,20221118,000000,64.62,65.24,63.77,63.91,390626,0
AXNX.US,D,20221121,000000,63.87,64.485,62.76,62.99,211136,0
AXNX.US,D,20221122,000000,63.16,64.415,61.46,63.42,558702,0
AXNX.US,D,20221123,000000,63.64,65.98,62.7,64.96,495990,0
AXNX.US,D,20221125,000000,64.95,66,64.58,65.7,116357,0
AXNX.US,D,20221128,000000,65.65,66.215,63.4,64.1,389791,0
AXNX.US,D,20221129,000000,63.93,65.45,63.8,64.65,373186,0
AXNX.US,D,20221130,000000,64.65,68.85,64.4,68.48,568576,0
AXNX.US,D,20221201,000000,69.02,71.99,68.15,70.87,1048044,0
AXNX.US,D,20221202,000000,69.94,71.68,66.5,70.34,440553,0
AXNX.US,D,20221205,000000,69.74,70.09,66.9,67.47,388547,0
AXNX.US,D,20221206,000000,67.34,67.89,64.885,65.53,279739,0
AXNX.US,D,20221207,000000,65.42,67.025,64.78,65.96,381117,0
AXNX.US,D,20221208,000000,66.47,68.32,64.81,65.89,334675,0
AXNX.US,D,20221209,000000,65.63,66.02,63.355,64.43,553932,0
AXNX.US,D,20221212,000000,64.97,66.48,63.955,65.2,434441,0
AXNX.US,D,20221213,000000,67.42,68.93,65.83,67.25,398696,0
AXNX.US,D,20221214,000000,67.52,68.92,62.57,64.4,984302,0
AXNX.US,D,20221215,000000,63.45,64.19,59.37,59.56,1544335,0
AXNX.US,D,20221216,000000,58.76,60.1,57.09,59.81,1240418,0
AXNX.US,D,20221219,000000,59.57,61.395,58.11,60.22,818652,0
AXNX.US,D,20221220,000000,59.73,62.16,59.03,61.61,742581,0
AXNX.US,D,20221221,000000,61.88,64.48,61.75,63.69,470504,0
AXNX.US,D,20221222,000000,63.33,64.32,63.07,64.19,351107,0
AXNX.US,D,20221223,000000,64.2,64.83,61.95,62.87,448460,0
AXNX.US,D,20221227,000000,63,63.63,61.3,61.39,291907,0
AXNX.US,D,20221228,000000,61.69,62.84,61.02,61.53,397970,0
AXNX.US,D,20221229,000000,62.23,64.2,61.84,63.02,564655,0
AXNX.US,D,20221230,000000,62.17,63.01,61.7,62.53,402738,0
AXNX.US,D,20230103,000000,63.61,63.96,58.95,59.64,893131,0
AXNX.US,D,20230104,000000,60.12,60.74,58.85,60.74,702625,0
AXNX.US,D,20230105,000000,60.28,61.6,59.5022,59.85,871820,0
AXNX.US,D,20230106,000000,60.27,60.7,58.48,59.65,829173,0
AXNX.US,D,20230109,000000,60.18,60.18,54.57,55.03,1406213,0
AXNX.US,D,20230110,000000,55.23,56.7,55.21,55.84,967218,0
AXNX.US,D,20230111,000000,61.45,64.13,59.06,61.76,2890383,0
AXNX.US,D,20230112,000000,61.61,64.81,60.55,64.73,1095847,0
AXNX.US,D,20230113,000000,64.5,67.52,63.8878,64.88,888127,0
AXNX.US,D,20230117,000000,64.52,67.94,63.72,67.34,560224,0
AXNX.US,D,20230118,000000,67.81,68.22,64.77,66.12,546369,0
AXNX.US,D,20230119,000000,65.99,65.99,60.125,62.02,1166737,0
AXNX.US,D,20230120,000000,63.39,63.39,59.5878,61.84,715708,0
AXNX.US,D,20230123,000000,61.66,62.45,59.8,60.3,687508,0
AXNX.US,D,20230124,000000,60.28,60.84,59.19,59.73,363956,0
AXNX.US,D,20230125,000000,59.24,61.13,58.25,61.05,403298,0
AXNX.US,D,20230126,000000,62.4,63,61.21,62.66,453097,0
AXNX.US,D,20230127,000000,62.66,63,61.57,62.46,260581,0
AXNX.US,D,20230130,000000,61.78,62.28,60.585,61.1,269354,0
AXNX.US,D,20230131,000000,61.4,62.36,60.75,61.4,504124,0
AXNX.US,D,20230201,000000,61.82,62.24,59.85,61.07,506348,0
AXNX.US,D,20230202,000000,61.5,63.01,60.13,61.94,769348,0
AXNX.US,D,20230203,000000,61.56,61.56,58.94,59.67,679912,0
AXNX.US,D,20230206,000000,59.38,60.485,57.32,57.65,652990,0
AXNX.US,D,20230207,000000,57.5,58.86,56.26,58.83,530882,0
AXNX.US,D,20230208,000000,58.52,59.81,56.9,57.32,408131,0
AXNX.US,D,20230209,000000,57.95,58.505,56.31,56.42,823091,0
AXNX.US,D,20230210,000000,56.23,56.972,55.465,56.38,378975,0
AXNX.US,D,20230213,000000,56.49,57.69,55.69,57.59,407435,0
AXNX.US,D,20230214,000000,57.5,58.5,56.67,57.44,399049,0
AXNX.US,D,20230215,000000,57.23,58.15,56.38,57.6,429645,0
AXNX.US,D,20230216,000000,56.65,58.75,55.99,57.48,387820,0
AXNX.US,D,20230217,000000,57.93,58.015,56.5,57.41,495801,0
AXNX.US,D,20230221,000000,56.53,57.72,55.6,57.13,742585,0
AXNX.US,D,20230222,000000,57.27,57.785,56.35,56.92,543355,0
AXNX.US,D,20230223,000000,57.43,58.36,56.55,58.14,379442,0
AXNX.US,D,20230224,000000,57.19,57.74,56.48,57.37,373778,0
AXNX.US,D,20230227,000000,58.07,60.14,57.87,58.88,642254,0
AXNX.US,D,20230228,000000,58.59,60.755,57.8,60.09,806361,0
AXNX.US,D,20230301,000000,59.39,61.49,58.62,60.87,764684,0
AXNX.US,D,20230302,000000,60.8,62.14,58.495,59.39,1201126,0
AXNX.US,D,20230303,000000,59.75,60.23,56.53,57.4,911968,0
AXNX.US,D,20230306,000000,57.1,57.1,55.55,57,708238,0
AXNX.US,D,20230307,000000,57.21,58.12,55.66,55.77,854934,0
AXNX.US,D,20230308,000000,55.68,56.045,53.71,54.12,651373,0
AXNX.US,D,20230309,000000,54.23,55.55,53.78,54.58,685693,0
AXNX.US,D,20230310,000000,54.46,54.46,52.19,52.6,654325,0
AXNX.US,D,20230313,000000,52.17,54.79,51.44,52.8,459010,0
AXNX.US,D,20230314,000000,53.72,53.72,52.27,52.97,409552,0
AXNX.US,D,20230315,000000,51.87,53.99,51.72,53.45,426903,0
AXNX.US,D,20230316,000000,53.01,56.38,52.5,55.9,653703,0
AXNX.US,D,20230317,000000,55.96,58.12,55.21,57.7,1171015,0
AXNX.US,D,20230320,000000,58.07,61.17,57.35,59.21,810945,0
AXNX.US,D,20230321,000000,59.43,61.015,58.87,60.57,515143,0
AXNX.US,D,20230322,000000,60.64,60.64,55.45,55.49,988268,0
AXNX.US,D,20230323,000000,56.01,57.26,54.59,55.3,626890,0
AXNX.US,D,20230324,000000,56.46,57.06,55.03,56.04,653514,0
AXNX.US,D,20230327,000000,57.04,58.05,56.12,57.51,414359,0
AXNX.US,D,20230328,000000,57.39,58.055,54.88,54.88,590869,0
AXNX.US,D,20230329,000000,55.39,56.43,55.39,56.01,634691,0
AXNX.US,D,20230330,000000,56.52,57.01,54.01,54.41,741356,0
AXNX.US,D,20230331,000000,55,56.03,54.34,54.56,669587,0
AXNX.US,D,20230403,000000,54.78,54.98,53.53,54.78,568126,0
AXNX.US,D,20230404,000000,54.83,55.52,53.5901,55.52,406269,0
AXNX.US,D,20230405,000000,55.37,56.79,54.78,56.58,619398,0
AXNX.US,D,20230406,000000,56.74,56.99,55,56.43,356226,0
AXNX.US,D,20230410,000000,56.04,56.415,55.28,56.26,307184,0
AXNX.US,D,20230411,000000,56.71,57.94,56.515,57.31,424155,0
AXNX.US,D,20230412,000000,57.96,58.375,54.88,54.93,305836,0
AXNX.US,D,20230413,000000,54.5,57.37,54.5,56.79,325205,0
AXNX.US,D,20230414,000000,57.84,59,57.14,57.32,466379,0
AXNX.US,D,20230417,000000,57.24,58.655,57.24,58.34,271788,0
AXNX.US,D,20230418,000000,58.5,58.5,56.935,57.38,270997,0
AXNX.US,D,20230419,000000,57.12,59.27,56.96,59.16,324507,0
AXNX.US,D,20230420,000000,58.52,60.07,58.52,59.53,564717,0
AXNX.US,D,20230421,000000,59.75,61.3899,59.08,60.21,591509,0
AXNX.US,D,20230424,000000,60.32,60.956,59.2891,60.07,441226,0
AXNX.US,D,20230425,000000,59.5,60.24,57.73,58.14,389383,0
AXNX.US,D,20230426,000000,58.25,59.34,56.68,57.44,499818,0
AXNX.US,D,20230427,000000,57.36,58.885,56.15,56.69,674954,0
AXNX.US,D,20230428,000000,56.39,58.41,56.01,57.46,766234,0
AXNX.US,D,20230501,000000,57.37,60.665,57.35,58.65,1105125,0
AXNX.US,D,20230502,000000,54.34,55.65,51.3,52.76,2427199,0
AXNX.US,D,20230503,000000,52.93,53.77,51.46,51.81,997677,0
AXNX.US,D,20230504,000000,51.28,51.4567,49.93,50.39,835481,0
AXNX.US,D,20230505,000000,51.1,53.18,50.69,52.44,625685,0
AXNX.US,D,20230508,000000,52.45,55.16,51.14,55.04,594528,0
AXNX.US,D,20230509,000000,54.89,56.5,54.27,55.88,599833,0
AXNX.US,D,20230510,000000,56.95,57.47,56.3645,57.19,494218,0
AXNX.US,D,20230511,000000,56.88,57.39,54.63,55.06,580076,0
AXNX.US,D,20230512,000000,55.28,55.62,53.74,54.09,443846,0
AXNX.US,D,20230515,000000,54.07,55.52,53.12,54.02,438586,0
AXNX.US,D,20230516,000000,53.5,54.11,52.69,53,350284,0
AXNX.US,D,20230517,000000,52.93,53.25,52.14,52.33,533414,0
AXNX.US,D,20230518,000000,52.22,53.91,51.14,51.5,528637,0
AXNX.US,D,20230519,000000,52.14,52.27,50.015,50.33,736166,0
AXNX.US,D,20230522,000000,50.65,52.22,50.338,51.61,630026,0
AXNX.US,D,20230523,000000,51.96,52.29,50.18,51.57,853226,0
AXNX.US,D,20230524,000000,51.24,51.92,50.91,51.19,348629,0
AXNX.US,D,20230525,000000,50.89,51.28,49.2,49.65,984252,0
AXNX.US,D,20230526,000000,49.81,50.4,48.37,48.54,559048,0
AXNX.US,D,20230530,000000,48.97,49.19,47.97,48.13,341107,0
AXNX.US,D,20230531,000000,47.9,48.51,47.59,48.39,838965,0
AXNX.US,D,20230601,000000,48.34,49.46,47.65,49.31,506196,0
AXNX.US,D,20230602,000000,49.81,49.84,47.73,48.39,810459,0
AXNX.US,D,20230605,000000,48.2,49.27,47.86,48.02,300960,0
AXNX.US,D,20230606,000000,47.9,49.5,47.7,49.17,346159,0
AXNX.US,D,20230607,000000,49.45,50.96,49.16,50.85,638030,0
AXNX.US,D,20230608,000000,50.67,52.08,50.59,51.61,527925,0
AXNX.US,D,20230609,000000,51.72,51.985,50.04,50.3,307252,0
AXNX.US,D,20230612,000000,50.36,50.94,49.35,49.5,457979,0
AXNX.US,D,20230613,000000,49.61,50.655,49.54,50.04,436314,0
AXNX.US,D,20230614,000000,50.54,51.95,50.5,50.88,659506,0
AXNX.US,D,20230615,000000,50.88,52.61,50.5001,52.38,620445,0
AXNX.US,D,20230616,000000,53.32,53.42,51.02,51.57,884939,0
AXNX.US,D,20230620,000000,51.45,52.2,50.675,52.03,611226,0
AXNX.US,D,20230621,000000,51.68,52.225,50.63,51.13,422345,0
AXNX.US,D,20230622,000000,51.1,51.81,50.56,50.94,262813,0
AXNX.US,D,20230623,000000,50.52,51.17,49.41,49.62,766423,0
AXNX.US,D,20230626,000000,49.27,52.84,48.49,50,818275,0
AXNX.US,D,20230627,000000,50.18,52.63,47.94,47.99,593331,0
AXNX.US,D,20230628,000000,48.04,50.3,48,50.27,594798,0
AXNX.US,D,20230629,000000,50.31,51.855,49.8601,50.32,530370,0
AXNX.US,D,20230630,000000,50.62,51.39,50.05,50.47,459568,0
AXNX.US,D,20230703,000000,50.4,51.06,50.21,50.84,291958,0
AXNX.US,D,20230705,000000,50.9,50.9,49.05,49.88,376530,0
AXNX.US,D,20230706,000000,49.23,50.19,49,49.33,504952,0
AXNX.US,D,20230707,000000,49.19,49.935,48.02,49.02,589574,0
AXNX.US,D,20230710,000000,49.12,50.17,48.81,50.04,617298,0
AXNX.US,D,20230711,000000,49.98,50.43,49.51,50.14,365049,0
AXNX.US,D,20230712,000000,50.51,50.96,48.59,48.64,380647,0
AXNX.US,D,20230713,000000,50.24,51.48,49.04,50.41,990422,0
AXNX.US,D,20230714,000000,51,55.26,50.79,52.03,1302011,0
AXNX.US,D,20230717,000000,51.75,52.32,50.785,51.04,705824,0
AXNX.US,D,20230718,000000,51.04,51.57,50.56,50.98,387573,0
AXNX.US,D,20230719,000000,52.07,52.43,51.24,51.46,842618,0
AXNX.US,D,20230720,000000,51.46,51.62,50.52,50.6,462965,0
AXNX.US,D,20230721,000000,50.77,54.42,50.74,53.94,884005,0
AXNX.US,D,20230724,000000,53.82,54.37,52.4,54.16,1013434,0
AXNX.US,D,20230725,000000,54.39,55.38,53.93,54.93,1001208,0
AXNX.US,D,20230726,000000,54.74,54.92,53.65,54.3,681907,0
AXNX.US,D,20230727,000000,54.87,55.2485,52.77,53,1166440,0
AXNX.US,D,20230728,000000,58.06,63.84,57.125,60.85,3480400,0
AXNX.US,D,20230731,000000,61.22,61.244,59.11,60.37,1148056,0
AXNX.US,D,20230801,000000,59.97,61.83,59.35,61.75,690719,0
AXNX.US,D,20230802,000000,60.95,61.51,59.73,59.9,815891,0
AXNX.US,D,20230803,000000,59.9,60.71,59.01,60.05,448640,0
AXNX.US,D,20230804,000000,60.05,60.57,59.34,60.09,459475,0
AXNX.US,D,20230807,000000,60.34,60.74,58.98,59.03,811758,0
AXNX.US,D,20230808,000000,58.47,58.6,57.13,57.6,388309,0
AXNX.US,D,20230809,000000,57.72,58.524,56.41,57.55,556563,0
AXNX.US,D,20230810,000000,57.71,58.49,56.83,56.91,477327,0
AXNX.US,D,20230811,000000,56.61,58.59,56.42,58.53,293388,0
AXNX.US,D,20230814,000000,58.08,61,58.005,60.94,605453,0
AXNX.US,D,20230815,000000,60.81,62.7,60.0883,62.51,859763,0
AXNX.US,D,20230816,000000,62.51,62.67,60.68,61.06,669528,0
AXNX.US,D,20230817,000000,61.21,61.23,59.43,60,823620,0
AXNX.US,D,20230818,000000,59.28,60.99,59.25,60.56,1091750,0
AXNX.US,D,20230821,000000,59.64,60.52,57.32,57.96,1149967,0
AXNX.US,D,20230822,000000,57.42,58.69,55.42,57.52,957552,0
AXNX.US,D,20230823,000000,57.4,57.67,55.27,55.34,935909,0
AXNX.US,D,20230824,000000,55.1,55.285,54.17,55.16,724771,0
AXNX.US,D,20230825,000000,55.28,56.92,55.02,56.56,360188,0
AXNX.US,D,20230828,000000,56.69,57.44,55.11,55.5,1344598,0
AXNX.US,D,20230829,000000,55.63,56.63,55.32,56.57,395663,0
AXNX.US,D,20230830,000000,56.57,58.29,56.3436,58.06,374384,0
AXNX.US,D,20230831,000000,58.46,58.65,56.89,57.3,421085,0
AXNX.US,D,20230901,000000,57.67,58.365,57.46,58,358684,0
AXNX.US,D,20230905,000000,57.36,57.62,56.49,56.59,417734,0
AXNX.US,D,20230906,000000,56.94,58.69,56.03,58.19,615025,0
AXNX.US,D,20230907,000000,57.89,57.89,55.93,56.38,343410,0
AXNX.US,D,20230908,000000,56.3,58.39,55.905,58.13,790384,0
AXNX.US,D,20230911,000000,58.54,61.62,58.1921,61.29,852218,0
AXNX.US,D,20230912,000000,61.18,61.84,58.85,59.38,774708,0
AXNX.US,D,20230913,000000,59.19,61.1815,58.9962,60.4,513137,0
AXNX.US,D,20230914,000000,60.64,60.925,58.79,58.97,571006,0
AXNX.US,D,20230915,000000,58.97,60.025,57.72,59.14,874869,0
AXNX.US,D,20230918,000000,58.85,59.88,58.285,58.51,425250,0
AXNX.US,D,20230919,000000,58.63,59.01,57.73,58.32,621164,0
AXNX.US,D,20230920,000000,58.78,59.6,58.37,58.75,592984,0
AXNX.US,D,20230921,000000,58.2,58.48,55.41,55.42,476372,0
AXNX.US,D,20230922,000000,55.49,56.25,54.16,54.9,430979,0
AXNX.US,D,20230925,000000,54.73,57.4,54.03,55.4,406122,0
AXNX.US,D,20230926,000000,55.02,59.95,54.76,55.18,463622,0
AXNX.US,D,20230927,000000,55.27,56.15,55.0401,55.84,308713,0
AXNX.US,D,20230928,000000,55.94,57.41,55.48,57,420539,0
AXNX.US,D,20230929,000000,57.63,58.45,55.971,56.12,397314,0
AXNX.US,D,20231002,000000,55.85,57.48,55.17,57.31,358270,0
AXNX.US,D,20231003,000000,56.84,57.23,55,55.28,467132,0
AXNX.US,D,20231004,000000,55.32,55.95,54.01,55.71,452264,0
AXNX.US,D,20231005,000000,56.05,57.52,55.01,56.28,744575,0
AXNX.US,D,20231006,000000,56.17,58.36,55.975,58.22,526345,0
AXNX.US,D,20231009,000000,57.84,59.16,57.05,58.16,382668,0
AXNX.US,D,20231010,000000,58.21,59.81,58.21,59.14,537564,0
AXNX.US,D,20231011,000000,59.42,59.42,52.21,55.55,993563,0
AXNX.US,D,20231012,000000,55.86,57.17,51.02,51.28,769627,0
AXNX.US,D,20231013,000000,50.86,53.08,50.46,53,764895,0
AXNX.US,D,20231016,000000,54.23,55.95,53.44,54.43,566335,0
AXNX.US,D,20231017,000000,54.11,55.89,53.855,53.92,556419,0
AXNX.US,D,20231018,000000,53.5,55.48,53.25,53.99,616543,0
AXNX.US,D,20231019,000000,54,54.03,51.88,52.11,472117,0
AXNX.US,D,20231020,000000,52.09,53.41,51.5,52.63,581827,0
AXNX.US,D,20231023,000000,52.41,52.98,51.45,52.81,577133,0
AXNX.US,D,20231024,000000,52.88,53.72,51.84,52.73,421717,0
AXNX.US,D,20231025,000000,52.11,52.16,50.54,50.83,714102,0
AXNX.US,D,20231026,000000,50.39,51.09,48.93,49.7,795421,0
AXNX.US,D,20231027,000000,50.23,50.87,49.13,49.38,584944,0
AXNX.US,D,20231030,000000,50.26,50.86,48.3,49.5,862665,0
AXNX.US,D,20231031,000000,51.02,51.99,48.99,51.21,1112320,0
AXNX.US,D,20231101,000000,51.32,52.49,49.755,51.77,584818,0
AXNX.US,D,20231102,000000,52.45,53.085,51.36,52.84,1213120,0
AXNX.US,D,20231103,000000,53.99,54.72,53.08,54.34,632772,0
AXNX.US,D,20231106,000000,54.44,54.7,53.19,53.47,552186,0
AXNX.US,D,20231107,000000,53.28,53.92,52.71,53.46,626515,0
AXNX.US,D,20231108,000000,53.63,53.765,51.74,52.94,452230,0
AXNX.US,D,20231109,000000,53.5,53.5,51.06,51.12,395376,0
AXNX.US,D,20231110,000000,51.14,51.45,49.7,50.41,448080,0
AXNX.US,D,20231113,000000,51.14,53.73,50.55,52.56,339898,0
AXNX.US,D,20231114,000000,54.13,56.83,53.995,56.66,576038,0
AXNX.US,D,20231115,000000,56.51,60.34,56.0783,57.22,777035,0
AXNX.US,D,20231116,000000,56.79,57.56,56.2059,57.02,307304,0
AXNX.US,D,20231117,000000,57.55,58.225,56.03,56.29,328788,0
AXNX.US,D,20231120,000000,56.26,58.165,56.26,57.65,469991,0
AXNX.US,D,20231121,000000,57.91,58.01,55.97,56.62,333319,0
AXNX.US,D,20231122,000000,57.44,58.47,56.96,57.83,313955,0
AXNX.US,D,20231124,000000,57.75,58.56,55.9,56.83,172038,0
AXNX.US,D,20231127,000000,56.3,57.69,56.27,57.63,311169,0
AXNX.US,D,20231128,000000,57.61,57.98,56.52,56.69,486866,0
AXNX.US,D,20231129,000000,57.19,58.61,56.76,57.01,364599,0
AXNX.US,D,20231130,000000,56.92,58.17,55.55,55.99,910811,0
AXNX.US,D,20231201,000000,55.8,58.06,55.61,57.5,642828,0
AXNX.US,D,20231204,000000,57.34,58.43,56.91,58.06,398106,0
AXNX.US,D,20231205,000000,57.43,58.8,56.84,57.21,346229,0
AXNX.US,D,20231206,000000,57.9,58.97,57.31,57.35,266956,0
AXNX.US,D,20231207,000000,57.21,58.6,56.98,57.88,414324,0
AXNX.US,D,20231208,000000,57.63,58.305,56.575,56.82,566509,0
AXNX.US,D,20231211,000000,56.75,57.545,56.34,56.59,477785,0
AXNX.US,D,20231212,000000,56.73,56.91,55.475,56.19,498191,0
AXNX.US,D,20231213,000000,56.13,58.1,55.69,58.06,486841,0
AXNX.US,D,20231214,000000,59.32,61.46,59.01,59.52,777328,0
AXNX.US,D,20231215,000000,59.91,60.78,58.11,58.28,851430,0
AXNX.US,D,20231218,000000,58.31,59.68,57.44,58.66,417102,0
AXNX.US,D,20231219,000000,59.36,61.6382,58.96,60.22,715701,0
AXNX.US,D,20231220,000000,59.93,60.29,58.32,58.69,352847,0
AXNX.US,D,20231221,000000,59.86,60.59,59.305,60.11,264870,0
AXNX.US,D,20231222,000000,60.78,62.65,59.75,62.56,516449,0
AXNX.US,D,20231226,000000,62.6,63,61.64,62.17,240263,0
AXNX.US,D,20231227,000000,61.97,62.98,61.63,62.93,320685,0
AXNX.US,D,20231228,000000,63,64.76,62.58,63.75,478742,0
AXNX.US,D,20231229,000000,63.45,63.595,62.06,62.23,319721,0
AXNX.US,D,20240102,000000,61.62,62.85,59.66,59.71,434201,0
AXNX.US,D,20240103,000000,59.55,59.55,56.405,56.67,713970,0
AXNX.US,D,20240104,000000,56.92,58.26,56.53,58.06,450918,0
AXNX.US,D,20240105,000000,57.33,58.2399,55.09,57.57,1013153,0
AXNX.US,D,20240108,000000,68.99,69.68,68.38,69.36,14478107,0
AXNX.US,D,20240109,000000,68.92,69.08,68.695,69.05,3982162,0
AXNX.US,D,20240110,000000,69.03,69.15,68.83,68.85,4313396,0
AXNX.US,D,20240111,000000,68.9,68.99,68.61,68.72,2539794,0
AXNX.US,D,20240112,000000,68.79,68.8325,68.1,68.72,3865640,0
AXNX.US,D,20240116,000000,68.6,68.69,68.3,68.34,2042416,0
AXNX.US,D,20240117,000000,68.25,68.495,68.17,68.36,1205745,0
AXNX.US,D,20240118,000000,68.45,68.65,68.1,68.33,1994975,0
AXNX.US,D,20240119,000000,68.54,68.54,67.83,67.99,2178077,0
AXNX.US,D,20240122,000000,68.17,68.41,67.75,67.98,1434540,0
AXNX.US,D,20240123,000000,68,68.185,67.51,68.04,1681406,0
AXNX.US,D,20240124,000000,68.31,68.42,67.99,68.06,1048834,0
AXNX.US,D,20240125,000000,68.35,68.47,67.7,68.25,1692943,0
AXNX.US,D,20240126,000000,68.28,68.305,67.76,68.01,902879,0
AXNX.US,D,20240129,000000,67.93,68.25,67.82,68.22,579676,0
AXNX.US,D,20240130,000000,68.04,68.08,67.72,68,892917,0
AXNX.US,D,20240131,000000,68.5,68.5,67.53,67.88,1532219,0
AXNX.US,D,20240201,000000,68.01,68.2,67.66,67.7,1029653,0
AXNX.US,D,20240202,000000,67.75,67.835,67.46,67.65,698905,0
AXNX.US,D,20240205,000000,67.52,68.14,67.4,68,784611,0
AXNX.US,D,20240206,000000,67.84,68.33,67.8,68.09,697636,0
AXNX.US,D,20240207,000000,68.2,68.2,67.7,67.8,1076028,0
AXNX.US,D,20240208,000000,67.78,67.97,67.63,67.95,784896,0
AXNX.US,D,20240209,000000,67.9,68.03,67.65,67.95,1010096,0
AXNX.US,D,20240212,000000,67.9,68.05,67.72,67.85,1175242,0
AXNX.US,D,20240213,000000,67.75,68,67.62,67.85,781210,0
AXNX.US,D,20240214,000000,67.95,67.95,67.74,67.8,621808,0
AXNX.US,D,20240215,000000,67.82,68.04,67.76,67.9,633135,0
AXNX.US,D,20240216,000000,67.94,68.05,67.7,67.76,776850,0
AXNX.US,D,20240220,000000,67.83,68,67.8,67.96,515815,0
AXNX.US,D,20240221,000000,67.95,68.01,67.755,67.88,529490,0
AXNX.US,D,20240222,000000,67.86,68.15,67.8,68.13,761667,0
AXNX.US,D,20240223,000000,68.13,68.52,68,68.39,675203,0
AXNX.US,D,20240226,000000,68.21,68.66,68.19,68.63,404273,0
AXNX.US,D,20240227,000000,68.63,68.68,68.28,68.31,376036,0
AXNX.US,D,20240228,000000,68.24,68.46,68.14,68.46,558122,0
AXNX.US,D,20240229,000000,68.3,68.3,66.68,67.94,3217556,0
AXNX.US,D,20240301,000000,68.07,68.07,67.14,67.73,1109334,0
AXNX.US,D,20240304,000000,67.6,67.7899,67.41,67.59,553662,0
AXNX.US,D,20240305,000000,67.54,67.73,67.05,67.38,1205298,0
AXNX.US,D,20240306,000000,67.5,67.99,67.345,67.55,917830,0
AXNX.US,D,20240307,000000,67.43,67.695,67.15,67.44,499575,0
AXNX.US,D,20240308,000000,67.41,67.79,67.41,67.63,763643,0
AXNX.US,D,20240311,000000,67.63,67.72,67.5,67.51,429900,0
AXNX.US,D,20240312,000000,67.52,67.75,67.4,67.65,389068,0
AXNX.US,D,20240313,000000,67.65,67.9,67.63,67.84,462811,0
AXNX.US,D,20240314,000000,67.8,68.04,67.8,67.85,381480,0
AXNX.US,D,20240315,000000,67.65,67.9,67.65,67.81,473135,0
AXNX.US,D,20240318,000000,67.75,68.29,67.75,68.25,731837,0
AXNX.US,D,20240319,000000,68.25,69.07,68.2,68.7,1217501,0
AXNX.US,D,20240320,000000,68.63,68.94,68.55,68.75,728375,0
AXNX.US,D,20240321,000000,68.89,68.95,68.2,68.27,1462625,0
AXNX.US,D,20240322,000000,68.5,68.67,68.23,68.26,1025416,0
AXNX.US,D,20240325,000000,68.43,68.815,68.31,68.73,492699,0
AXNX.US,D,20240326,000000,68.75,69.0299,68.75,68.96,1678700,0
AXNX.US,D,20240327,000000,68.9,69.05,68.752,68.9,1149517,0
AXNX.US,D,20240328,000000,68.9,69.004,68.88,68.97,743971,0
AXNX.US,D,20240401,000000,69,69.33,68.92,69.21,493988,0
AXNX.US,D,20240402,000000,69.1,69.25,68.85,68.92,1713719,0
AXNX.US,D,20240403,000000,69.01,69.67,69.01,69.65,1536689,0
AXNX.US,D,20240404,000000,67.58,67.96,67.58,67.74,2921315,0
AXNX.US,D,20240405,000000,67.9,68.19,67.75,67.85,1537908,0
AXNX.US,D,20240408,000000,67.71,67.99,67.71,67.72,543015,0
AXNX.US,D,20240409,000000,67.75,67.9,67.71,67.75,671206,0
AXNX.US,D,20240410,000000,67.67,67.815,67.61,67.7,1266193,0
AXNX.US,D,20240411,000000,67.69,67.75,67.66,67.72,448442,0
AXNX.US,D,20240412,000000,67.75,67.775,67.52,67.6,907025,0
AXNX.US,D,20240415,000000,67.65,67.65,67.25,67.33,1528454,0
AXNX.US,D,20240416,000000,67.35,67.53,67.21,67.34,524752,0
AXNX.US,D,20240417,000000,67.33,67.49,67.15,67.2,608291,0
AXNX.US,D,20240418,000000,67.34,67.34,66.97,67.05,507604,0
AXNX.US,D,20240419,000000,67.05,67.125,66.85,66.94,568374,0
AXNX.US,D,20240422,000000,67,67.05,66.755,66.84,670197,0
AXNX.US,D,20240423,000000,66.75,66.7625,66.42,66.47,1069674,0
AXNX.US,D,20240424,000000,66.5,66.8,66.5,66.64,396114,0
AXNX.US,D,20240425,000000,66.65,66.77,66.46,66.54,484280,0
AXNX.US,D,20240426,000000,66.75,66.875,66.5,66.69,318433,0
AXNX.US,D,20240429,000000,66.75,67.462,66.62,66.93,656211,0
AXNX.US,D,20240430,000000,66.76,67.05,66.525,66.57,645846,0
AXNX.US,D,20240501,000000,66.32,67.1,66.32,66.87,741186,0
AXNX.US,D,20240502,000000,66.75,67.26,66.75,67.11,502650,0
AXNX.US,D,20240503,000000,67.38,67.39,66.81,67.28,398176,0
AXNX.US,D,20240506,000000,67.24,67.77,67.07,67.59,195794,0
AXNX.US,D,20240507,000000,67.49,67.91,67.28,67.38,293486,0
AXNX.US,D,20240508,000000,67.13,67.45,67.08,67.32,511180,0
AXNX.US,D,20240509,000000,67.4,67.44,67.19,67.4,223970,0
AXNX.US,D,20240510,000000,67.45,67.5925,67.225,67.43,233015,0
AXNX.US,D,20240513,000000,67.5,67.65,67.2,67.33,318963,0
AXNX.US,D,20240514,000000,67.8,67.8,67.15,67.45,403385,0
AXNX.US,D,20240515,000000,67.75,67.75,67.4,67.69,229729,0
AXNX.US,D,20240516,000000,67.67,67.725,67.555,67.67,336569,0
AXNX.US,D,20240517,000000,67.76,67.76,67.34,67.55,236660,0
AXNX.US,D,20240520,000000,67.69,67.69,67.3,67.54,163774,0
AXNX.US,D,20240521,000000,67.54,67.69,67.52,67.59,253786,0
AXNX.US,D,20240522,000000,67.7,67.725,67.5,67.63,505077,0
AXNX.US,D,20240523,000000,67.55,67.625,66.975,67.33,559373,0
AXNX.US,D,20240524,000000,67.5,67.5,67.12,67.22,291184,0
AXNX.US,D,20240528,000000,67.17,67.23,66.97,67.13,299937,0
AXNX.US,D,20240529,000000,67.1,67.34,66.86,67.01,386915,0
AXNX.US,D,20240530,000000,67.01,67.175,66.92,67.13,322201,0
AXNX.US,D,20240531,000000,67.15,67.3,66.75,67.09,360459,0
AXNX.US,D,20240603,000000,67.19,67.19,66.5875,66.8,486165,0
AXNX.US,D,20240604,000000,66.8,67.08,66.75,66.86,329941,0
AXNX.US,D,20240605,000000,67.08,67.31,66.81,67.18,156503,0
AXNX.US,D,20240606,000000,66.97,67.38,66.97,67.13,123697,0
AXNX.US,D,20240607,000000,67.14,67.89,66.95,67.08,380258,0
AXNX.US,D,20240610,000000,67.13,67.27,66.71,67.04,432347,0
AXNX.US,D,20240611,000000,67,67.12,66.6,67,461400,0
AXNX.US,D,20240612,000000,67.2,67.29,66.86,67,297840,0
AXNX.US,D,20240613,000000,66.9,67.4399,66.675,67.34,301020,0
AXNX.US,D,20240614,000000,67.01,67.44,66.97,67.2,235432,0
AXNX.US,D,20240617,000000,67.12,67.39,66.9675,67.28,319999,0
AXNX.US,D,20240618,000000,67.17,67.8,67.17,67.51,429331,0
AXNX.US,D,20240620,000000,67.41,67.77,67.28,67.32,357749,0
AXNX.US,D,20240621,000000,67.46,67.74,67.36,67.57,390222,0
AXNX.US,D,20240624,000000,67.7,67.79,67.54,67.72,232140,0
AXNX.US,D,20240625,000000,67.73,68,67.58,67.8,321907,0
AXNX.US,D,20240626,000000,67.69,67.84,67.15,67.36,629647,0
AXNX.US,D,20240627,000000,67.59,67.59,67.01,67.4,434114,0
AXNX.US,D,20240628,000000,67.55,67.55,67.13,67.23,826045,0
AXNX.US,D,20240701,000000,67.25,67.4,67.2,67.3,337341,0
AXNX.US,D,20240702,000000,67.29,67.53,67.21,67.45,306530,0
AXNX.US,D,20240703,000000,67.5,67.58,67.2,67.52,78877,0
AXNX.US,D,20240705,000000,67.3,67.57,67.22,67.53,123497,0
AXNX.US,D,20240708,000000,67.48,67.55,67.3,67.37,172725,0
AXNX.US,D,20240709,000000,67.45,67.5,67.27,67.49,271305,0
AXNX.US,D,20240710,000000,67.5,67.72,67.38,67.72,236852,0
AXNX.US,D,20240711,000000,67.7,68.02,67.49,67.93,568899,0
AXNX.US,D,20240712,000000,67.9,67.97,67.74,67.8,352486,0
AXNX.US,D,20240715,000000,67.93,68,67.8148,67.85,192963,0
AXNX.US,D,20240716,000000,68,68,67.78,67.97,338737,0
AXNX.US,D,20240717,000000,67.91,68.19379,67.91,68,230503,0
AXNX.US,D,20240718,000000,68,68.09,67.785,68,289602,0
AXNX.US,D,20240719,000000,68.17,68.28,67.6,67.72,494860,0
AXNX.US,D,20240722,000000,67.8,68.04,67.73,67.97,441341,0
AXNX.US,D,20240723,000000,67.85,68.17,67.78,68.14,370549,0
AXNX.US,D,20240724,000000,68.13,68.17,67.975,68.01,389660,0
AXNX.US,D,20240725,000000,68,68.3501,67.9,68.19,340284,0
AXNX.US,D,20240726,000000,68.5,68.56,68.2486,68.49,499351,0
AXNX.US,D,20240729,000000,68.42,68.66,68.32,68.53,258035,0
AXNX.US,D,20240730,000000,68.68,68.7,68.24,68.44,339231,0
AXNX.US,D,20240731,000000,68.23,68.65,68.23,68.48,438318,0
AXNX.US,D,20240801,000000,68.59,68.69,68.23,68.44,382721,0
AXNX.US,D,20240802,000000,68.4,68.85,68.3,68.49,825499,0
AXNX.US,D,20240805,000000,68.25,68.74,68.05,68.62,612336,0
AXNX.US,D,20240806,000000,68.54,68.8,68.42,68.71,396265,0
AXNX.US,D,20240807,000000,68.93,69.14,68.45,68.45,310907,0
AXNX.US,D,20240808,000000,68.7,68.77,68.46,68.54,303151,0
AXNX.US,D,20240809,000000,68.55,68.8,68.45,68.51,243895,0
AXNX.US,D,20240812,000000,68.55,68.62,68.52,68.57,256432,0
AXNX.US,D,20240813,000000,68.55,68.78,68.53,68.75,196831,0
AXNX.US,D,20240814,000000,68.75,68.75,68.58,68.63,199860,0
AXNX.US,D,20240815,000000,68.65,68.98,68.6,68.84,202581,0
AXNX.US,D,20240816,000000,68.8,68.88,68.76,68.83,221187,0
AXNX.US,D,20240819,000000,68.97,69.15,68.8,68.98,162876,0
AXNX.US,D,20240820,000000,68.9,69.3,68.9,68.96,427772,0
AXNX.US,D,20240821,000000,69.19,69.19,68.9,69.1,218147,0
AXNX.US,D,20240822,000000,69.15,69.15,68.93,68.93,235224,0
AXNX.US,D,20240823,000000,69.1,69.1,68.8,68.95,226330,0
AXNX.US,D,20240826,000000,69.1,69.1,68.69,68.75,212347,0
AXNX.US,D,20240827,000000,68.93,69.15,68.6,69.1,178868,0
AXNX.US,D,20240828,000000,69.05,69.17,68.92,69.1,205297,0
AXNX.US,D,20240829,000000,69.1,69.205,68.9,69.1,268861,0
AXNX.US,D,20240830,000000,69.21,69.225,69.09,69.165,282822,0
AXNX.US,D,20240903,000000,69.15,69.285,69.1,69.16,378492,0
AXNX.US,D,20240904,000000,69.13,69.25,69.03,69.1,443190,0
AXNX.US,D,20240905,000000,69.19,69.19,68.68,68.84,587876,0
AXNX.US,D,20240906,000000,68.97,69.05,68.68,68.83,449884,0
AXNX.US,D,20240909,000000,68.72,69,68.69,68.9,299706,0
AXNX.US,D,20240910,000000,68.82,68.96,68.78,68.89,277441,0
AXNX.US,D,20240911,000000,68.81,68.94,68.68,68.73,196773,0
AXNX.US,D,20240912,000000,68.8,68.83,68.6,68.7,162828,0
AXNX.US,D,20240913,000000,68.89,68.89,68.6,68.83,128244,0
AXNX.US,D,20240916,000000,68.93,69.06,68.73,69.02,160383,0
AXNX.US,D,20240917,000000,69.2,69.2,68.86,68.9,224243,0
AXNX.US,D,20240918,000000,69,69.075,68.31,68.72,487398,0
AXNX.US,D,20240919,000000,69.26,69.36,69.22,69.25,596778,0
AXNX.US,D,20240920,000000,69.26,69.27,68.92,69.15,766323,0
AXNX.US,D,20240923,000000,69.25,69.25,69,69.01,322308,0
AXNX.US,D,20240924,000000,69,69.335,68.95,69.26,573060,0
AXNX.US,D,20240925,000000,69.4,69.68,69.24,69.6,757199,0
AXNX.US,D,20240926,000000,69.91,69.91,69.52,69.53,305934,0
AXNX.US,D,20240927,000000,69.6,69.6,69.44,69.45,271779,0
AXNX.US,D,20240930,000000,69.1,69.64,69.1,69.6,453842,0
AXNX.US,D,20241001,000000,69.6,69.67,69.26,69.41,328657,0
AXNX.US,D,20241002,000000,69.38,69.53,69.37,69.48,151556,0
AXNX.US,D,20241003,000000,69.41,69.63,69.37,69.63,347075,0
AXNX.US,D,20241004,000000,69.5,69.685,69.5,69.63,483886,0
AXNX.US,D,20241007,000000,69.5,69.7,69.46,69.66,207835,0
AXNX.US,D,20241008,000000,69.7,69.74,69.589,69.66,263650,0
AXNX.US,D,20241009,000000,69.7,70.53,69.56,70.35,1913780,0
AXNX.US,D,20241010,000000,70.34,70.5,70.195,70.3,1290502,0
AXNX.US,D,20241011,000000,70.28,70.35,70.24,70.3,592874,0
AXNX.US,D,20241014,000000,70.3,70.325,70.17,70.22,404067,0
AXNX.US,D,20241015,000000,70.22,70.3,70.19,70.28,445714,0
AXNX.US,D,20241016,000000,70.3,70.325,70.2,70.24,451500,0
AXNX.US,D,20241017,000000,70.2,70.33,70.2,70.3,238588,0
AXNX.US,D,20241018,000000,70.3,70.31,70.21,70.24,193836,0
AXNX.US,D,20241021,000000,70.23,70.3,70.23,70.28,240448,0
AXNX.US,D,20241022,000000,70.24,70.31,70.2,70.29,170190,0
AXNX.US,D,20241023,000000,70.27,70.31,70.23,70.27,321812,0
AXNX.US,D,20241024,000000,70.23,70.43,70.23,70.28,434191,0
AXNX.US,D,20241025,000000,70.3,70.35,69.954,70.23,847112,0
AXNX.US,D,20241028,000000,70.37,70.37,70.14,70.24,491810,0
AXNX.US,D,20241029,000000,70.14,70.31,70.14,70.24,309026,0
AXNX.US,D,20241030,000000,70.29,70.34,70.07,70.29,267133,0
AXNX.US,D,20241031,000000,70.34,70.44,70.15,70.3,279984,0
AXNX.US,D,20241101,000000,70.45,70.45,70.29,70.37,506435,0
AXNX.US,D,20241104,000000,70.37,70.48,70.33,70.38,289027,0
AXNX.US,D,20241105,000000,70.36,70.43,70.275,70.31,528699,0
AXNX.US,D,20241106,000000,70.46,70.75,70.39,70.48,735902,0
AXNX.US,D,20241107,000000,70.41,70.48,70.36,70.45,438417,0
AXNX.US,D,20241108,000000,70.48,70.5,70.4,70.42,233837,0
AXNX.US,D,20241111,000000,70.43,70.585,70.4,70.48,501626,0
AXNX.US,D,20241112,000000,70.44,70.58,70.44,70.49,353818,0
AXNX.US,D,20241113,000000,70.57,70.57,70.45,70.45,243126,0
AXNX.US,D,20241114,000000,70.5,71.05,70.37,70.98,4233308,0
