<TICKER>,<PER>,<DATE>,<TIME>,<OPEN>,<HIGH>,<LOW>,<CLOSE>,<VOL>,<OPENINT>
BGXX.US,D,20220517,000000,15.99,36.44,15.99,25.245,315700,0
BGXX.US,D,20220518,000000,23.73,58,18.01,48.08,3221000,0
BGXX.US,D,20220519,000000,36.54,39.6494,11.7001,15.7,6983600,0
BGXX.US,D,20220520,000000,12.4,13.31,10.8,11.25,2960900,0
BGXX.US,D,20220523,000000,10.5,14.25,5.6,13.28,11177100,0
BGXX.US,D,20220524,000000,11.45,14,11,11.77,2893000,0
BGXX.US,D,20220525,000000,11.59,12.43,10.48,10.5,1635400,0
BGXX.US,D,20220526,000000,10.05,10.61,7.73,7.89,1402306,0
BGXX.US,D,20220527,000000,8,8.36,6.03,6.18,2074463,0
BGXX.US,D,20220531,000000,6.78,6.8,5,5.08,1812335,0
BGXX.US,D,20220601,000000,5.2,5.45,3.46,3.54,3664590,0
BGXX.US,D,20220602,000000,3.44,4.7381,3.23,3.6,7447315,0
BGXX.US,D,20220603,000000,3.63,3.7324,2.78,3.04,3767650,0
BGXX.US,D,20220606,000000,2.95,2.9699,2.61,2.66,1831041,0
BGXX.US,D,20220607,000000,2.65,2.85,2.59,2.74,1943740,0
BGXX.US,D,20220608,000000,2.8,2.8,2.51,2.56,1392095,0
BGXX.US,D,20220609,000000,2.53,2.59,2.2201,2.24,898087,0
BGXX.US,D,20220610,000000,2.26,2.84,2.16,2.58,3582838,0
BGXX.US,D,20220613,000000,2.57,2.68,2.21,2.41,1215765,0
BGXX.US,D,20220614,000000,2.35,2.93,2.33,2.66,2694605,0
BGXX.US,D,20220615,000000,2.59,2.9,2.5,2.71,1347018,0
BGXX.US,D,20220616,000000,2.66,2.67,2.42,2.45,542158,0
BGXX.US,D,20220617,000000,2.4,2.64,2.39,2.59,664994,0
BGXX.US,D,20220621,000000,2.67,2.81,2.61,2.72,613702,0
BGXX.US,D,20220622,000000,2.67,2.92,2.62,2.82,596850,0
BGXX.US,D,20220623,000000,2.83,2.97,2.66,2.79,591588,0
BGXX.US,D,20220624,000000,2.68,2.9,2.68,2.84,526272,0
BGXX.US,D,20220627,000000,2.86,2.92,2.73,2.81,391779,0
BGXX.US,D,20220628,000000,2.84,2.84,2.5,2.51,402472,0
BGXX.US,D,20220629,000000,2.61,2.61,2.37,2.38,186730,0
BGXX.US,D,20220630,000000,2.3,2.38,2.19,2.22,321186,0
BGXX.US,D,20220701,000000,2.28,2.35,2.1992,2.26,195801,0
BGXX.US,D,20220705,000000,2.17,2.25,2.1,2.17,315179,0
BGXX.US,D,20220706,000000,2.27,2.3292,2.15,2.23,404536,0
BGXX.US,D,20220707,000000,2.26,2.34,2.21,2.26,172075,0
BGXX.US,D,20220708,000000,2.23,2.35,2.17,2.32,172653,0
BGXX.US,D,20220711,000000,2.36,2.36,2.18,2.22,184129,0
BGXX.US,D,20220712,000000,2.13,2.24,2.03,2.09,384954,0
BGXX.US,D,20220713,000000,2.03,2.09,2.02,2.04,151341,0
BGXX.US,D,20220714,000000,2.02,2.47,1.97,2.3,1996744,0
BGXX.US,D,20220715,000000,2.27,2.27,1.91,2.02,494306,0
BGXX.US,D,20220718,000000,2.11,2.21,2,2.03,380450,0
BGXX.US,D,20220719,000000,2.05,2.18,2.04,2.11,217371,0
BGXX.US,D,20220720,000000,2.12,2.2499,2.06,2.08,503290,0
BGXX.US,D,20220721,000000,2.09,2.19,2.04,2.04,269007,0
BGXX.US,D,20220722,000000,2.09,2.13,1.86,1.9,406809,0
BGXX.US,D,20220725,000000,1.95,2.12,1.91,2.07,369789,0
BGXX.US,D,20220726,000000,1.99,2.04,1.92,1.96,283364,0
BGXX.US,D,20220727,000000,1.97,2.01,1.88,1.94,371633,0
BGXX.US,D,20220728,000000,1.92,1.95,1.74,1.78,682592,0
BGXX.US,D,20220729,000000,1.8,1.83,1.61,1.65,570981,0
BGXX.US,D,20220801,000000,1.6,1.62,1.29,1.32,1578324,0
BGXX.US,D,20220802,000000,1.34,1.34,1.15,1.19,1487902,0
BGXX.US,D,20220803,000000,1.24,1.24,1.1,1.18,1431802,0
BGXX.US,D,20220804,000000,1.14,1.59,1.08,1.27,4195380,0
BGXX.US,D,20220805,000000,1.23,1.24,1.13,1.18,912725,0
BGXX.US,D,20220808,000000,1.16,1.28,1.15,1.22,1068145,0
BGXX.US,D,20220809,000000,1.25,1.27,1.14,1.17,670689,0
BGXX.US,D,20220810,000000,1.34,1.34,1.1,1.23,933408,0
BGXX.US,D,20220811,000000,1.22,1.28,1.19,1.21,475241,0
BGXX.US,D,20220812,000000,1.21,1.24,1.15,1.22,528184,0
BGXX.US,D,20220815,000000,1.26,1.26,1.18,1.24,422927,0
BGXX.US,D,20220816,000000,1.24,1.24,1.15,1.24,462384,0
BGXX.US,D,20220817,000000,1.23,1.2524,1.175,1.23,393890,0
BGXX.US,D,20220818,000000,1.24,1.25,1.16,1.2,520319,0
BGXX.US,D,20220819,000000,1.18,1.3,1.13,1.28,805968,0
BGXX.US,D,20220822,000000,1.26,1.26,1.15,1.16,404332,0
BGXX.US,D,20220823,000000,1.14,1.17,1.13,1.16,252160,0
BGXX.US,D,20220824,000000,1.17,1.19,1.14,1.17,276338,0
BGXX.US,D,20220825,000000,1.17,1.17,1.12,1.14,251794,0
BGXX.US,D,20220826,000000,1.15,1.16,1.11,1.12,224782,0
BGXX.US,D,20220829,000000,1.11,1.12,1,1.05,339632,0
BGXX.US,D,20220830,000000,1.1,1.13,1,1.04,314960,0
BGXX.US,D,20220831,000000,1.1,1.41,1.05,1.38,1419536,0
BGXX.US,D,20220901,000000,1.85,2.4,1.51,1.55,80813778,0
BGXX.US,D,20220902,000000,1.49,1.63,1.32,1.5,7542661,0
BGXX.US,D,20220906,000000,1.37,1.775,1.37,1.68,3985209,0
BGXX.US,D,20220907,000000,1.74,1.74,1.51,1.56,1866893,0
BGXX.US,D,20220908,000000,1.63,1.8,1.5,1.78,6800623,0
BGXX.US,D,20220909,000000,1.66,1.82,1.64,1.67,1835009,0
BGXX.US,D,20220912,000000,1.65,1.68,1.56,1.65,1029577,0
BGXX.US,D,20220913,000000,1.55,1.61,1.48,1.54,1133703,0
BGXX.US,D,20220914,000000,1.55,1.73,1.5,1.59,1550257,0
BGXX.US,D,20220915,000000,1.58,1.59,1.5,1.51,1023771,0
BGXX.US,D,20220916,000000,1.5,1.56,1.45,1.48,3572946,0
BGXX.US,D,20220919,000000,1.47,1.48,1.36,1.36,807645,0
BGXX.US,D,20220920,000000,1.36,1.45,1.35,1.35,841803,0
BGXX.US,D,20220921,000000,1.34,1.4246,1.23,1.25,681564,0
BGXX.US,D,20220922,000000,1.21,1.2499,1.11,1.23,710977,0
BGXX.US,D,20220923,000000,1.2,1.28,1.14,1.25,379756,0
BGXX.US,D,20220926,000000,1.25,1.28,1.2,1.23,287023,0
BGXX.US,D,20220927,000000,1.25,1.25,1.18,1.21,170811,0
BGXX.US,D,20220928,000000,1.19,1.23,1.17,1.23,261475,0
BGXX.US,D,20220929,000000,1.21,1.21,1.16,1.19,243084,0
BGXX.US,D,20220930,000000,1.2,1.2,1.08,1.08,329505,0
BGXX.US,D,20221003,000000,1.09,1.12,0.9786,1,1118689,0
BGXX.US,D,20221004,000000,1,1.01,0.9796,0.996,578594,0
BGXX.US,D,20221005,000000,1.01,1.02,0.9666,0.9766,402981,0
BGXX.US,D,20221006,000000,0.98,1.07,0.9186,0.99,1462188,0
BGXX.US,D,20221007,000000,0.9896,1.01,0.86,0.8726,4958890,0
BGXX.US,D,20221010,000000,0.86,0.879999,0.7106,0.7633,1298182,0
BGXX.US,D,20221011,000000,0.765,0.765,0.6705,0.7432,1121254,0
BGXX.US,D,20221012,000000,0.7899,0.7899,0.6901,0.7,3899661,0
BGXX.US,D,20221013,000000,0.6588,0.699,0.640001,0.6898,862904,0
BGXX.US,D,20221014,000000,0.7,0.7,0.65,0.68,604656,0
BGXX.US,D,20221017,000000,0.7,0.7,0.619,0.64,513663,0
BGXX.US,D,20221018,000000,0.6522,0.667,0.4435,0.555,2413318,0
BGXX.US,D,20221019,000000,0.555,0.57,0.5351,0.5502,853325,0
BGXX.US,D,20221020,000000,0.56,0.56,0.4993,0.5147,853804,0
BGXX.US,D,20221021,000000,0.5175,0.5175,0.4552,0.495,946404,0
BGXX.US,D,20221024,000000,0.5297,0.577,0.4902,0.56,1660829,0
BGXX.US,D,20221025,000000,0.5669,0.57,0.530001,0.55,764924,0
BGXX.US,D,20221026,000000,0.55,0.56,0.536,0.555,552027,0
BGXX.US,D,20221027,000000,0.56,0.649,0.5473,0.6096,1982806,0
BGXX.US,D,20221028,000000,0.6301,0.6378,0.5379,0.5563,1117542,0
BGXX.US,D,20221031,000000,0.57,0.6299,0.5437,0.6042,783682,0
BGXX.US,D,20221101,000000,0.6168,0.6168,0.551,0.5799,757341,0
BGXX.US,D,20221102,000000,0.59,0.5974,0.55,0.57,267484,0
BGXX.US,D,20221103,000000,0.5636,0.586,0.551,0.5601,266708,0
BGXX.US,D,20221104,000000,0.57,0.5998,0.55,0.5651,283059,0
BGXX.US,D,20221107,000000,0.5772,0.58,0.5303,0.549,308846,0
BGXX.US,D,20221108,000000,0.547,0.55,0.52,0.5337,214178,0
BGXX.US,D,20221109,000000,0.53,0.5423,0.48,0.4801,249573,0
BGXX.US,D,20221110,000000,0.5,0.5299,0.5,0.5212,174145,0
BGXX.US,D,20221111,000000,0.526,0.5666,0.5073,0.531,150954,0
BGXX.US,D,20221114,000000,0.5499,0.56,0.53,0.5476,231379,0
BGXX.US,D,20221115,000000,0.55,0.6075,0.55,0.5799,564613,0
BGXX.US,D,20221116,000000,0.5689,0.58,0.5352,0.5405,182228,0
BGXX.US,D,20221117,000000,0.56,0.595,0.5225,0.5638,442797,0
BGXX.US,D,20221118,000000,0.564,0.5974,0.5306,0.5974,406457,0
BGXX.US,D,20221121,000000,0.58,0.59,0.55,0.552,344433,0
BGXX.US,D,20221122,000000,0.5744,0.5744,0.521,0.5388,209277,0
BGXX.US,D,20221123,000000,0.5288,0.5662,0.5288,0.56,151533,0
BGXX.US,D,20221125,000000,0.5566,0.5792,0.54,0.555,185760,0
BGXX.US,D,20221128,000000,0.5568,0.569,0.5418,0.567,165362,0
BGXX.US,D,20221129,000000,0.57,0.57,0.5313,0.5666,257715,0
BGXX.US,D,20221130,000000,0.56,0.58,0.55,0.5796,138703,0
BGXX.US,D,20221201,000000,0.5775,0.58,0.551,0.5797,280490,0
BGXX.US,D,20221202,000000,0.58,0.5889,0.56,0.5889,244039,0
BGXX.US,D,20221205,000000,0.58,0.62,0.5701,0.615,847289,0
BGXX.US,D,20221206,000000,0.6168,0.6185,0.58,0.6058,229406,0
BGXX.US,D,20221207,000000,0.5876,0.6094,0.56,0.5795,126990,0
BGXX.US,D,20221208,000000,0.5984,0.5984,0.55,0.57,131712,0
BGXX.US,D,20221209,000000,0.57,0.572,0.5288,0.56,290506,0
BGXX.US,D,20221212,000000,0.5594,0.5594,0.521,0.531,146604,0
BGXX.US,D,20221213,000000,0.5369,0.55,0.513,0.5304,132841,0
BGXX.US,D,20221214,000000,0.5281,0.54,0.4802,0.5,536829,0
BGXX.US,D,20221215,000000,0.504,0.504,0.45,0.45,482547,0
BGXX.US,D,20221216,000000,0.4825,0.4906,0.45,0.45,528878,0
BGXX.US,D,20221219,000000,0.478,0.4869,0.4116,0.4116,660270,0
BGXX.US,D,20221220,000000,0.4111,0.4322,0.3751,0.4,854279,0
BGXX.US,D,20221221,000000,0.41,0.4277,0.394,0.402,401793,0
BGXX.US,D,20221222,000000,0.41,0.415,0.375101,0.405,231999,0
BGXX.US,D,20221223,000000,0.415,0.420824,0.4,0.4064,171391,0
BGXX.US,D,20221227,000000,0.4,0.4216,0.4,0.406,113507,0
BGXX.US,D,20221228,000000,0.4085,0.4199,0.35,0.383,273899,0
BGXX.US,D,20221229,000000,0.4,0.472,0.385001,0.4538,505621,0
BGXX.US,D,20221230,000000,0.465,0.4843,0.4281,0.4695,376570,0
BGXX.US,D,20230103,000000,0.49,0.5,0.45,0.4892,206255,0
BGXX.US,D,20230104,000000,0.4797,0.5283,0.479101,0.51,219275,0
BGXX.US,D,20230105,000000,0.51,0.52,0.4859,0.4911,168965,0
BGXX.US,D,20230106,000000,0.4973,0.4973,0.46,0.46,193197,0
BGXX.US,D,20230109,000000,0.483,0.483,0.4406,0.475,223864,0
BGXX.US,D,20230110,000000,0.4607,0.483,0.4451,0.48,132921,0
BGXX.US,D,20230111,000000,0.475,0.4849,0.461,0.462,135619,0
BGXX.US,D,20230112,000000,0.475,0.48,0.460001,0.4716,127887,0
BGXX.US,D,20230113,000000,0.48,0.5,0.48,0.495,275273,0
BGXX.US,D,20230117,000000,0.49,0.54,0.475,0.53,406187,0
BGXX.US,D,20230118,000000,0.55,0.56,0.5148,0.5399,420938,0
BGXX.US,D,20230119,000000,0.54,0.549,0.487,0.5,215346,0
BGXX.US,D,20230120,000000,0.53,0.57,0.49,0.519,718261,0
BGXX.US,D,20230123,000000,0.52,0.526,0.5,0.509,281127,0
BGXX.US,D,20230124,000000,0.51,0.5285,0.492,0.502,256507,0
BGXX.US,D,20230125,000000,0.5177,0.5255,0.5,0.5155,179343,0
BGXX.US,D,20230126,000000,0.52,0.52,0.4921,0.5107,189671,0
BGXX.US,D,20230127,000000,0.5175,0.5313,0.5,0.505,702355,0
BGXX.US,D,20230130,000000,0.52,0.55,0.5161,0.53,365728,0
BGXX.US,D,20230131,000000,0.535,0.54,0.51,0.5225,150391,0
BGXX.US,D,20230201,000000,0.92,1.88,0.65,1.42,141904374,0
BGXX.US,D,20230202,000000,1.22,1.26,1.01,1.06,21239729,0
BGXX.US,D,20230203,000000,1.23,1.49,1.15,1.27,43152594,0
BGXX.US,D,20230206,000000,1.25,1.25,1.13,1.18,7046020,0
BGXX.US,D,20230207,000000,1.11,1.1293,1.05,1.11,3500224,0
BGXX.US,D,20230208,000000,1.01,1.079,0.9901,1.03,2369977,0
BGXX.US,D,20230209,000000,1.02,1.0391,0.8752,0.8926,2209350,0
BGXX.US,D,20230210,000000,0.8102,1.0382,0.8,1,3455043,0
BGXX.US,D,20230213,000000,0.9501,1.09,0.9,1.07,2360245,0
BGXX.US,D,20230214,000000,1.02,1.03,0.9511,0.9793,891756,0
BGXX.US,D,20230215,000000,0.94,1.08,0.92,1.06,1069962,0
BGXX.US,D,20230216,000000,1.02,1.05,0.9901,1.04,906442,0
BGXX.US,D,20230217,000000,0.9984,1.02,0.9601,0.98,527190,0
BGXX.US,D,20230221,000000,0.9408,0.9887,0.93,0.93,501644,0
BGXX.US,D,20230222,000000,0.9178,0.95,0.83,0.842,1044240,0
BGXX.US,D,20230223,000000,0.8419,0.8419,0.75,0.8399,595648,0
BGXX.US,D,20230224,000000,0.85,0.85,0.78,0.8094,374485,0
BGXX.US,D,20230227,000000,0.8,0.84,0.7936,0.804,262748,0
BGXX.US,D,20230228,000000,0.82,0.89,0.79,0.8825,1239493,0
BGXX.US,D,20230301,000000,0.8861,0.9499,0.85,0.93,802007,0
BGXX.US,D,20230302,000000,0.92,1.13,0.91,0.9597,2428740,0
BGXX.US,D,20230303,000000,0.9399,0.94,0.885,0.92,659881,0
BGXX.US,D,20230306,000000,0.9131,0.92,0.87,0.9,468102,0
BGXX.US,D,20230307,000000,0.88,0.9082,0.85,0.8652,346039,0
BGXX.US,D,20230308,000000,0.8672,0.91,0.85,0.9,288519,0
BGXX.US,D,20230309,000000,0.8865,0.9,0.85,0.85,309302,0
BGXX.US,D,20230310,000000,0.84,0.8799,0.7612,0.7851,567717,0
BGXX.US,D,20230313,000000,0.76,0.79,0.6706,0.6735,822236,0
BGXX.US,D,20230314,000000,0.673,0.79,0.67,0.78,1081523,0
BGXX.US,D,20230315,000000,0.6805,0.78,0.670101,0.7296,713560,0
BGXX.US,D,20230316,000000,0.706,0.8,0.7,0.7997,465057,0
BGXX.US,D,20230317,000000,0.7395,0.9525,0.7395,0.9525,1322618,0
BGXX.US,D,20230320,000000,0.94,0.9607,0.8901,0.9124,1444037,0
BGXX.US,D,20230321,000000,0.9124,0.9605,0.89,0.9123,546654,0
BGXX.US,D,20230322,000000,0.927,0.94,0.8724,0.8949,297403,0
BGXX.US,D,20230323,000000,0.96,0.98,0.9,0.9199,746762,0
BGXX.US,D,20230324,000000,0.93,0.97,0.92,0.97,486330,0
BGXX.US,D,20230327,000000,0.96,0.98,0.94,0.96,384254,0
BGXX.US,D,20230328,000000,0.964,0.97,0.93,0.9509,247766,0
BGXX.US,D,20230329,000000,0.9323,0.96,0.92,0.96,153618,0
BGXX.US,D,20230330,000000,0.95,0.95,0.919,0.9282,163728,0
BGXX.US,D,20230331,000000,0.9231,0.9594,0.9003,0.9416,210170,0
BGXX.US,D,20230403,000000,0.95,1.12,0.93,1.11,1434811,0
BGXX.US,D,20230404,000000,1.12,1.13,1,1,710126,0
BGXX.US,D,20230405,000000,1,1.07,0.999,1.05,525048,0
BGXX.US,D,20230406,000000,1.05,1.08,1.01,1.08,288875,0
BGXX.US,D,20230410,000000,1.04,1.17,1.02,1.17,789364,0
BGXX.US,D,20230411,000000,1.16,1.17,1.1004,1.13,479943,0
BGXX.US,D,20230412,000000,1.14,1.24,1.12,1.21,1078229,0
BGXX.US,D,20230413,000000,1.23,1.5,1.19,1.37,1894962,0
BGXX.US,D,20230414,000000,1.37,1.63,1.29,1.55,3807854,0
BGXX.US,D,20230417,000000,1.61,1.71,1.4101,1.44,2390572,0
BGXX.US,D,20230418,000000,1.38,1.44,1.22,1.42,1983133,0
BGXX.US,D,20230419,000000,1.36,1.55,1.35,1.51,1217016,0
BGXX.US,D,20230420,000000,1.51,1.51,1.38,1.38,484076,0
BGXX.US,D,20230421,000000,1.37,1.44,1.33,1.38,437115,0
BGXX.US,D,20230424,000000,1.36,1.3985,1.3,1.32,519813,0
BGXX.US,D,20230425,000000,1.28,1.34,1.24,1.28,481220,0
BGXX.US,D,20230426,000000,1.29,1.36,1.2201,1.3,309760,0
BGXX.US,D,20230427,000000,1.35,1.44,1.32,1.4,568617,0
BGXX.US,D,20230428,000000,1.39,1.52,1.39,1.45,1233870,0
BGXX.US,D,20230501,000000,1.52,1.81,1.45,1.55,4467455,0
BGXX.US,D,20230502,000000,1.6,1.65,1.37,1.38,2012799,0
BGXX.US,D,20230503,000000,1.51,1.51,1.08,1.13,1654858,0
BGXX.US,D,20230504,000000,1.2,1.28,1.14,1.17,1026875,0
BGXX.US,D,20230505,000000,1.2,1.2,1.08,1.11,1278059,0
BGXX.US,D,20230508,000000,1.15,1.19,1.12,1.13,559962,0
BGXX.US,D,20230509,000000,1.15,1.19,1.12,1.16,597399,0
BGXX.US,D,20230510,000000,1.17,1.19,1.12,1.13,243507,0
BGXX.US,D,20230511,000000,1.13,1.16,1.08,1.08,500809,0
BGXX.US,D,20230512,000000,1.09,1.12,0.9647,1.04,608050,0
BGXX.US,D,20230515,000000,1.03,1.0692,0.9358,0.95,1054888,0
BGXX.US,D,20230516,000000,0.925,0.9401,0.9001,0.9022,494484,0
BGXX.US,D,20230517,000000,0.91,1.01,0.91,0.98,746510,0
BGXX.US,D,20230518,000000,1.03,1.04,0.9302,0.9445,818343,0
BGXX.US,D,20230519,000000,0.9636,1.02,0.95091,0.9955,656257,0
BGXX.US,D,20230522,000000,0.98,0.98,0.8823,0.9147,941706,0
BGXX.US,D,20230523,000000,0.9087,0.9087,0.8333,0.8399,476884,0
BGXX.US,D,20230524,000000,0.85,0.8786,0.7699,0.783,732106,0
BGXX.US,D,20230525,000000,0.77,0.908899,0.77,0.8694,819567,0
BGXX.US,D,20230526,000000,0.86,0.89,0.8097,0.82,437555,0
BGXX.US,D,20230530,000000,0.8541,0.885,0.826,0.8306,481699,0
BGXX.US,D,20230531,000000,0.885,1.05,0.8403,1.03,1684203,0
BGXX.US,D,20230601,000000,0.97,1.02,0.9201,0.94,456011,0
BGXX.US,D,20230602,000000,0.9339,1.02,0.9222,0.9514,408208,0
BGXX.US,D,20230605,000000,0.955,0.9856,0.922,0.922,298787,0
BGXX.US,D,20230606,000000,0.9374,0.97,0.9122,0.9491,255385,0
BGXX.US,D,20230607,000000,0.92,0.97,0.89,0.96,317064,0
BGXX.US,D,20230608,000000,0.956,0.97,0.93,0.9325,338274,0
BGXX.US,D,20230609,000000,0.93,0.969999,0.8805,0.886,269598,0
BGXX.US,D,20230612,000000,0.886,0.9393,0.886,0.92,259703,0
BGXX.US,D,20230613,000000,0.9083,0.945,0.8724,0.8724,381416,0
BGXX.US,D,20230614,000000,0.8767,0.9292,0.87,0.87,388577,0
BGXX.US,D,20230615,000000,0.8617,0.95,0.8617,0.9114,455313,0
BGXX.US,D,20230616,000000,0.91,0.971,0.91,0.9279,438205,0
BGXX.US,D,20230620,000000,0.9107,0.95,0.87,0.87,386329,0
BGXX.US,D,20230621,000000,0.87,0.9658,0.87,0.9366,833752,0
BGXX.US,D,20230622,000000,0.9216,1.01,0.9,0.9385,746655,0
BGXX.US,D,20230623,000000,0.95,0.985,0.9152,0.9517,6183326,0
BGXX.US,D,20230626,000000,0.9439,0.99,0.93425,0.9688,671838,0
BGXX.US,D,20230627,000000,0.97,0.9899,0.936,0.9899,570501,0
BGXX.US,D,20230628,000000,0.97,1.02,0.96,0.9906,887218,0
BGXX.US,D,20230629,000000,0.98,1.05,0.98,1.04,472371,0
BGXX.US,D,20230630,000000,1.03,1.06,1,1.01,654157,0
BGXX.US,D,20230703,000000,0.99,1.02,0.97,1,139840,0
BGXX.US,D,20230705,000000,0.99,1.0039,0.9538,0.9682,257090,0
BGXX.US,D,20230706,000000,0.9519,0.989,0.9021,0.9356,272456,0
BGXX.US,D,20230707,000000,0.9448,0.9635,0.872,0.9014,494568,0
BGXX.US,D,20230710,000000,0.8949,0.94,0.8949,0.91,221249,0
BGXX.US,D,20230711,000000,0.9152,0.93,0.88,0.8984,138849,0
BGXX.US,D,20230712,000000,0.9013,0.92,0.89,0.8941,109228,0
BGXX.US,D,20230713,000000,0.8992,0.9199,0.86,0.874,359695,0
BGXX.US,D,20230714,000000,0.865,0.8831,0.85,0.85,267596,0
BGXX.US,D,20230717,000000,0.8628,0.8769,0.8044,0.8264,395697,0
BGXX.US,D,20230718,000000,0.84,0.84,0.805,0.8199,196651,0
BGXX.US,D,20230719,000000,0.8113,0.84,0.8113,0.84,278422,0
BGXX.US,D,20230720,000000,0.8228,0.835,0.8,0.8152,244818,0
BGXX.US,D,20230721,000000,0.82,0.82,0.7813,0.7902,249750,0
BGXX.US,D,20230724,000000,0.7816,0.7996,0.7615,0.7655,258177,0
BGXX.US,D,20230725,000000,0.76,0.779999,0.7211,0.7312,347025,0
BGXX.US,D,20230726,000000,0.7184,0.74,0.7184,0.73,215376,0
BGXX.US,D,20230727,000000,0.73,0.7399,0.6931,0.7014,428153,0
BGXX.US,D,20230728,000000,0.729,0.73,0.680401,0.7263,756888,0
BGXX.US,D,20230731,000000,0.7257,0.74,0.6972,0.74,344266,0
BGXX.US,D,20230801,000000,0.74,0.75,0.7,0.7192,251461,0
BGXX.US,D,20230802,000000,0.71,0.73,0.6841,0.6932,254367,0
BGXX.US,D,20230803,000000,0.7,0.7002,0.693,0.698,189728,0
BGXX.US,D,20230804,000000,0.7,0.7,0.68,0.6913,115052,0
BGXX.US,D,20230807,000000,0.68,0.7,0.67,0.6894,273127,0
BGXX.US,D,20230808,000000,0.6901,0.6995,0.66,0.69,218834,0
BGXX.US,D,20230809,000000,0.66,0.6999,0.63,0.6335,407116,0
BGXX.US,D,20230810,000000,0.63,0.69,0.63,0.69,295719,0
BGXX.US,D,20230811,000000,0.67,0.69,0.65,0.69,206762,0
BGXX.US,D,20230814,000000,0.651,0.809,0.65,0.7105,1047273,0
BGXX.US,D,20230815,000000,0.701,0.7947,0.6742,0.75,883459,0
BGXX.US,D,20230816,000000,0.7495,0.9,0.69545,0.81,2345672,0
BGXX.US,D,20230817,000000,0.84,0.84,0.6801,0.6818,1146057,0
BGXX.US,D,20230818,000000,0.7001,0.7002,0.643,0.66,378608,0
BGXX.US,D,20230821,000000,0.6573,0.682,0.575,0.579,2567019,0
BGXX.US,D,20230822,000000,0.5824,0.596,0.5384,0.541,243416,0
BGXX.US,D,20230823,000000,0.5566,0.579899,0.5,0.559,569723,0
BGXX.US,D,20230824,000000,0.5272,0.56,0.5272,0.5469,185438,0
BGXX.US,D,20230825,000000,0.55,0.5665,0.5136,0.5583,186881,0
BGXX.US,D,20230828,000000,0.579,0.5799,0.4522,0.5119,362916,0
BGXX.US,D,20230829,000000,0.4819,0.512,0.43,0.4382,1011880,0
BGXX.US,D,20230830,000000,0.4411,0.5,0.432,0.4798,766424,0
BGXX.US,D,20230831,000000,0.48,0.5111,0.46,0.4672,849651,0
BGXX.US,D,20230901,000000,0.4875,0.499999,0.451,0.4634,406102,0
BGXX.US,D,20230905,000000,0.4622,0.643,0.45,0.474,3465179,0
BGXX.US,D,20230906,000000,0.479,0.48,0.42115,0.4282,769124,0
BGXX.US,D,20230907,000000,0.439,0.4499,0.4213,0.427,310885,0
BGXX.US,D,20230908,000000,0.4282,0.4385,0.4,0.4015,695703,0
BGXX.US,D,20230911,000000,0.4036,0.49,0.4036,0.4595,1664803,0
BGXX.US,D,20230912,000000,0.4595,0.475939,0.4124,0.4204,976096,0
BGXX.US,D,20230913,000000,0.4536,0.4536,0.4102,0.4124,477189,0
BGXX.US,D,20230914,000000,0.4177,0.4248,0.395,0.408,653009,0
BGXX.US,D,20230915,000000,0.4265,0.434,0.38,0.38,1645902,0
BGXX.US,D,20230918,000000,0.39,0.3926,0.3701,0.382,603960,0
BGXX.US,D,20230919,000000,0.38,0.3908,0.3701,0.3755,620394,0
BGXX.US,D,20230920,000000,0.38,0.3951,0.376,0.3848,347882,0
BGXX.US,D,20230921,000000,0.4,0.4,0.38,0.3848,400985,0
BGXX.US,D,20230922,000000,0.3811,0.398,0.33325,0.3374,1036715,0
BGXX.US,D,20230925,000000,0.3381,0.3699,0.3368,0.3447,775618,0
BGXX.US,D,20230926,000000,0.3419,0.36,0.3419,0.3544,327185,0
BGXX.US,D,20230927,000000,0.3647,0.4,0.3508,0.382,852089,0
BGXX.US,D,20230928,000000,0.3885,0.3998,0.3556,0.388,291603,0
BGXX.US,D,20230929,000000,0.3884,0.4113,0.3884,0.3959,329797,0
BGXX.US,D,20231002,000000,0.39,0.3999,0.3659,0.3693,164762,0
BGXX.US,D,20231003,000000,0.368,0.3948,0.365,0.3865,315038,0
BGXX.US,D,20231004,000000,0.3749,0.3845,0.3649,0.3674,221188,0
BGXX.US,D,20231005,000000,0.368,0.379,0.3321,0.3459,539964,0
BGXX.US,D,20231006,000000,0.3468,0.3734,0.34,0.3565,257353,0
BGXX.US,D,20231009,000000,0.358,0.358,0.3415,0.3496,224410,0
BGXX.US,D,20231010,000000,0.3534,0.3725,0.3493,0.36,177711,0
BGXX.US,D,20231011,000000,0.3514,0.365979,0.341,0.3501,180193,0
BGXX.US,D,20231012,000000,0.3434,0.3635,0.3401,0.3451,169982,0
BGXX.US,D,20231013,000000,0.3437,0.3575,0.333,0.34,160095,0
BGXX.US,D,20231016,000000,0.3487,0.3548,0.34,0.3446,207524,0
BGXX.US,D,20231017,000000,0.3514,0.3531,0.32,0.3369,391881,0
BGXX.US,D,20231018,000000,0.35,0.35,0.3267,0.335,155572,0
BGXX.US,D,20231019,000000,0.323,0.375,0.323,0.3606,333372,0
BGXX.US,D,20231020,000000,0.3623,0.37,0.33,0.3534,180858,0
BGXX.US,D,20231023,000000,0.3591,0.438,0.359,0.415,857456,0
BGXX.US,D,20231024,000000,0.4097,0.43,0.38,0.3829,286279,0
BGXX.US,D,20231025,000000,0.3808,0.4283,0.3725,0.3768,188176,0
BGXX.US,D,20231026,000000,0.397,0.3978,0.36,0.3653,161873,0
BGXX.US,D,20231027,000000,0.3675,0.3887,0.3468,0.3581,182595,0
BGXX.US,D,20231030,000000,0.3623,0.3797,0.3595,0.3658,152518,0
BGXX.US,D,20231031,000000,0.3505,0.3778,0.3505,0.3642,124815,0
BGXX.US,D,20231101,000000,0.3648,0.378,0.356,0.356,128031,0
BGXX.US,D,20231102,000000,0.3648,0.3999,0.356,0.384,453298,0
BGXX.US,D,20231103,000000,0.3824,0.3949,0.3775,0.394,236994,0
BGXX.US,D,20231106,000000,0.3946,0.399,0.37,0.375,167767,0
BGXX.US,D,20231107,000000,0.383,0.3885,0.353,0.3646,201908,0
BGXX.US,D,20231108,000000,0.3687,0.3737,0.3187,0.3207,500119,0
BGXX.US,D,20231109,000000,0.34,0.3708,0.313,0.3225,491272,0
BGXX.US,D,20231110,000000,0.33,0.34,0.300201,0.3156,703091,0
BGXX.US,D,20231113,000000,0.32,0.32,0.291,0.3053,413880,0
BGXX.US,D,20231114,000000,0.3106,0.32,0.2968,0.32,433815,0
BGXX.US,D,20231115,000000,0.32,0.42,0.302,0.4,2072925,0
BGXX.US,D,20231116,000000,0.3914,0.3915,0.321,0.3353,479357,0
BGXX.US,D,20231117,000000,0.3428,0.3428,0.302,0.303,555127,0
BGXX.US,D,20231120,000000,0.3107,0.3244,0.305,0.3152,320084,0
BGXX.US,D,20231121,000000,0.305,0.3118,0.29,0.297,518307,0
BGXX.US,D,20231122,000000,0.3,0.3,0.2866,0.3,212222,0
BGXX.US,D,20231124,000000,0.3088,0.3091,0.292001,0.3,268567,0
BGXX.US,D,20231127,000000,0.2965,0.31,0.2963,0.3014,538610,0
BGXX.US,D,20231128,000000,0.3018,0.3069,0.272,0.272,328226,0
BGXX.US,D,20231129,000000,0.2953,0.2953,0.2759,0.2779,187848,0
BGXX.US,D,20231130,000000,0.2917,0.2917,0.2721,0.2746,195055,0
BGXX.US,D,20231201,000000,0.2746,0.289,0.2743,0.2849,215405,0
BGXX.US,D,20231204,000000,0.2855,0.3098,0.2817,0.29,363321,0
BGXX.US,D,20231205,000000,0.3004,0.3004,0.2718,0.2814,229028,0
BGXX.US,D,20231206,000000,0.2912,0.2912,0.2721,0.2751,168094,0
BGXX.US,D,20231207,000000,0.273,0.285,0.272,0.2794,111754,0
BGXX.US,D,20231208,000000,0.2747,0.2819,0.2721,0.2799,150231,0
BGXX.US,D,20231211,000000,0.277,0.2829,0.2638,0.2645,244684,0
BGXX.US,D,20231212,000000,0.2663,0.2713,0.25,0.2512,262116,0
BGXX.US,D,20231213,000000,0.26,0.2636,0.2235,0.249,429806,0
BGXX.US,D,20231214,000000,0.25,0.2656,0.2411,0.2521,628700,0
BGXX.US,D,20231215,000000,0.265,0.269,0.24,0.24,814542,0
BGXX.US,D,20231218,000000,0.2403,0.28,0.24,0.2717,857580,0
BGXX.US,D,20231219,000000,0.2705,0.33,0.25,0.312,726274,0
BGXX.US,D,20231220,000000,0.2965,0.36,0.29,0.349,709100,0
BGXX.US,D,20231221,000000,0.35,0.352,0.325,0.3488,217659,0
BGXX.US,D,20231222,000000,0.35,0.35,0.3224,0.3339,211525,0
BGXX.US,D,20231226,000000,0.3357,0.3357,0.3,0.326,401657,0
BGXX.US,D,20231227,000000,0.3307,0.38,0.3207,0.37,429348,0
BGXX.US,D,20231228,000000,0.38,0.38,0.346,0.346,249353,0
BGXX.US,D,20231229,000000,0.3436,0.36,0.323,0.3301,264407,0
BGXX.US,D,20240102,000000,0.3345,0.3564,0.3245,0.3276,119211,0
BGXX.US,D,20240103,000000,0.3387,0.35,0.2744,0.2781,380787,0
BGXX.US,D,20240104,000000,0.2784,0.3099,0.2784,0.2961,256160,0
BGXX.US,D,20240105,000000,0.2959,0.31,0.281,0.2824,197446,0
BGXX.US,D,20240108,000000,0.2836,0.299699,0.2825,0.2961,88966,0
BGXX.US,D,20240109,000000,0.287,0.3095,0.2806,0.3014,98204,0
BGXX.US,D,20240110,000000,0.3,0.31,0.2806,0.2978,105363,0
BGXX.US,D,20240111,000000,0.2977,0.2999,0.2713,0.2897,209862,0
BGXX.US,D,20240112,000000,0.3016,0.3016,0.2765,0.2953,124617,0
BGXX.US,D,20240116,000000,0.3,0.3,0.2651,0.276,280793,0
BGXX.US,D,20240117,000000,0.3,0.3,0.2646,0.2647,339169,0
BGXX.US,D,20240118,000000,0.2633,0.281183,0.2567,0.26,198241,0
BGXX.US,D,20240119,000000,0.279,0.279,0.26,0.27,156630,0
BGXX.US,D,20240122,000000,0.2689,0.28,0.261,0.2614,185588,0
BGXX.US,D,20240123,000000,0.2698,0.2718,0.2327,0.2351,468993,0
BGXX.US,D,20240124,000000,0.241,0.247,0.2351,0.2352,366321,0
BGXX.US,D,20240125,000000,0.25,0.25,0.2309,0.2316,422688,0
BGXX.US,D,20240126,000000,0.2425,0.25,0.2,0.23,549282,0
BGXX.US,D,20240129,000000,0.2288,0.2332,0.22,0.227,533179,0
BGXX.US,D,20240130,000000,0.2303,0.2303,0.2055,0.2116,385589,0
BGXX.US,D,20240131,000000,0.2105,0.2299,0.1971,0.1996,1042827,0
BGXX.US,D,20240201,000000,0.2019,0.2175,0.192,0.2109,911028,0
BGXX.US,D,20240202,000000,0.21,0.225,0.2,0.2109,458792,0
BGXX.US,D,20240205,000000,0.2109,0.2399,0.204,0.2109,1442723,0
BGXX.US,D,20240206,000000,0.2097,0.22,0.2,0.2,387299,0
BGXX.US,D,20240207,000000,0.202,0.22,0.18,0.18,838625,0
BGXX.US,D,20240208,000000,0.18,0.1899,0.1627,0.17,914155,0
BGXX.US,D,20240209,000000,0.1732,0.1849,0.1673,0.178,1071410,0
BGXX.US,D,20240212,000000,0.1879,0.195,0.17,0.1708,892717,0
BGXX.US,D,20240213,000000,0.178,0.187,0.15,0.1501,1522768,0
BGXX.US,D,20240214,000000,0.16,0.169,0.1501,0.169,714055,0
BGXX.US,D,20240215,000000,0.185,0.185,0.16,0.176,1347154,0
BGXX.US,D,20240216,000000,0.185,0.224,0.162,0.224,1431131,0
BGXX.US,D,20240220,000000,0.2241,0.2499,0.21,0.21,957163,0
BGXX.US,D,20240221,000000,0.2249,0.2249,0.19,0.19,249096,0
BGXX.US,D,20240222,000000,0.1911,0.369,0.1911,0.2344,12353588,0
BGXX.US,D,20240223,000000,0.2514,0.2514,0.2086,0.2094,1445105,0
BGXX.US,D,20240226,000000,0.2165,0.2165,0.195,0.1964,843302,0
BGXX.US,D,20240227,000000,0.1964,0.2094,0.1964,0.2022,337543,0
BGXX.US,D,20240228,000000,0.2011,0.2104,0.2011,0.2099,237963,0
BGXX.US,D,20240229,000000,0.2115,0.256,0.21,0.2492,758935,0
BGXX.US,D,20240301,000000,0.26,0.28,0.2506,0.26,909060,0
BGXX.US,D,20240304,000000,0.28,0.2848,0.2511,0.2605,335843,0
BGXX.US,D,20240305,000000,0.2566,0.2636,0.25,0.25,427080,0
BGXX.US,D,20240306,000000,0.2506,0.27,0.2256,0.2357,306021,0
BGXX.US,D,20240307,000000,0.2294,0.2317,0.2111,0.2159,402751,0
BGXX.US,D,20240308,000000,0.222,0.2251,0.2118,0.2195,303384,0
BGXX.US,D,20240311,000000,0.2195,0.2199,0.208,0.2091,174229,0
BGXX.US,D,20240312,000000,0.2088,0.54,0.2088,0.3047,67771833,0
BGXX.US,D,20240313,000000,0.2968,0.2968,0.2525,0.281,3573246,0
BGXX.US,D,20240314,000000,0.3,0.3194,0.258,0.2693,4543537,0
BGXX.US,D,20240315,000000,0.2662,0.2815,0.2504,0.2723,1838042,0
BGXX.US,D,20240318,000000,0.27,0.31,0.2601,0.2713,1860833,0
BGXX.US,D,20240319,000000,0.27,0.299,0.2663,0.2833,537846,0
BGXX.US,D,20240320,000000,0.284,0.3077,0.27,0.2932,1000441,0
BGXX.US,D,20240321,000000,0.2847,0.2978,0.2824,0.29,444654,0
BGXX.US,D,20240322,000000,0.2957,0.3,0.2611,0.268,1297722,0
BGXX.US,D,20240325,000000,0.279,0.2895,0.2401,0.2431,1210588,0
BGXX.US,D,20240326,000000,0.2358,0.26,0.225,0.2424,981196,0
BGXX.US,D,20240327,000000,0.237,0.259,0.2364,0.2569,821722,0
BGXX.US,D,20240328,000000,0.2569,0.2585,0.24,0.2436,854604,0
BGXX.US,D,20240401,000000,0.248,0.27,0.24,0.2669,726534,0
BGXX.US,D,20240402,000000,0.2689,0.279,0.2474,0.2603,841838,0
BGXX.US,D,20240403,000000,0.2603,0.2895,0.2475,0.251,1449015,0
BGXX.US,D,20240404,000000,0.25,0.28,0.25,0.2576,1001121,0
BGXX.US,D,20240405,000000,0.26,0.271,0.251,0.2668,414350,0
BGXX.US,D,20240408,000000,0.263,0.273,0.2526,0.263,317572,0
BGXX.US,D,20240409,000000,0.2551,0.269,0.252,0.2551,293867,0
BGXX.US,D,20240410,000000,0.2506,0.2656,0.25,0.254,655272,0
BGXX.US,D,20240411,000000,0.2542,0.262,0.23,0.24,747054,0
BGXX.US,D,20240412,000000,0.2451,0.2504,0.23,0.2358,316961,0
BGXX.US,D,20240415,000000,0.231,0.2355,0.2105,0.2255,409190,0
BGXX.US,D,20240416,000000,0.2211,0.2338,0.2211,0.225,161564,0
BGXX.US,D,20240417,000000,0.226,0.2324,0.2131,0.218,242220,0
BGXX.US,D,20240418,000000,0.2182,0.238,0.2122,0.2226,424394,0
BGXX.US,D,20240419,000000,0.2214,0.235,0.2144,0.2144,366164,0
BGXX.US,D,20240422,000000,0.22,0.2229,0.186,0.1981,500400,0
BGXX.US,D,20240423,000000,0.1988,0.207,0.1964,0.1977,342156,0
BGXX.US,D,20240424,000000,0.2,0.2078,0.1925,0.196,185682,0
BGXX.US,D,20240425,000000,0.1973,0.198,0.1584,0.184,911567,0
BGXX.US,D,20240426,000000,0.1841,0.2,0.184025,0.1996,164856,0
BGXX.US,D,20240429,000000,0.1953,0.2,0.1846,0.1987,266060,0
BGXX.US,D,20240430,000000,0.2,0.26,0.1951,0.2509,4912302,0
BGXX.US,D,20240501,000000,0.2499,0.2499,0.2008,0.2166,1695868,0
BGXX.US,D,20240502,000000,0.2133,0.227,0.2076,0.2138,736440,0
BGXX.US,D,20240503,000000,0.2168,0.22,0.2006,0.2145,499627,0
BGXX.US,D,20240506,000000,0.22,0.22,0.201,0.2035,401565,0
BGXX.US,D,20240507,000000,0.2087,0.2294,0.2051,0.2219,597083,0
BGXX.US,D,20240508,000000,0.22,0.2285,0.2051,0.2146,268432,0
BGXX.US,D,20240509,000000,0.2131,0.224,0.2005,0.2209,383818,0
BGXX.US,D,20240510,000000,0.2163,0.219699,0.211,0.2119,221982,0
BGXX.US,D,20240513,000000,0.204,0.2149,0.2,0.2086,341752,0
BGXX.US,D,20240514,000000,0.2098,0.2237,0.197,0.2143,435753,0
BGXX.US,D,20240515,000000,0.22,0.22,0.2058,0.2106,184684,0
BGXX.US,D,20240516,000000,0.21,0.2472,0.2068,0.228,1355489,0
BGXX.US,D,20240517,000000,0.25,0.29,0.225,0.23,2334901,0
BGXX.US,D,20240520,000000,0.2278,0.2381,0.2116,0.2238,513699,0
BGXX.US,D,20240521,000000,0.227,0.229,0.2084,0.2205,451730,0
BGXX.US,D,20240522,000000,0.2246,0.235,0.2066,0.2299,358328,0
BGXX.US,D,20240523,000000,0.2303,0.2303,0.2099,0.2099,473881,0
BGXX.US,D,20240524,000000,0.2107,0.2219,0.2035,0.209,491720,0
BGXX.US,D,20240528,000000,0.2116,0.217,0.2027,0.2037,449855,0
BGXX.US,D,20240529,000000,0.212,0.23,0.204,0.215,721039,0
BGXX.US,D,20240530,000000,0.21,0.3495,0.21,0.223,10247527,0
BGXX.US,D,20240531,000000,0.273,0.287,0.2291,0.2747,11109657,0
BGXX.US,D,20240603,000000,0.2372,0.2905,0.2276,0.2819,2106492,0
BGXX.US,D,20240604,000000,0.2564,0.3049,0.2468,0.2951,3352565,0
BGXX.US,D,20240605,000000,0.3301,0.4093,0.3182,0.38,19918381,0
BGXX.US,D,20240606,000000,0.3943,0.439,0.3183,0.351,8425912,0
BGXX.US,D,20240607,000000,0.3119,0.3164,0.2721,0.2807,1918323,0
BGXX.US,D,20240610,000000,0.2578,0.2999,0.2526,0.2948,1158092,0
BGXX.US,D,20240611,000000,0.2875,0.3051,0.276,0.3047,782622,0
BGXX.US,D,20240612,000000,0.291,0.3047,0.2801,0.288,613587,0
BGXX.US,D,20240613,000000,0.3,0.3,0.269401,0.2744,689089,0
BGXX.US,D,20240614,000000,0.2662,0.2744,0.2526,0.2611,600992,0
BGXX.US,D,20240617,000000,0.2611,0.2795,0.2606,0.278,409680,0
BGXX.US,D,20240618,000000,0.2795,0.2951,0.2676,0.2763,571836,0
BGXX.US,D,20240620,000000,0.268,0.2876,0.2655,0.2818,353608,0
BGXX.US,D,20240621,000000,0.29,0.29,0.2657,0.2805,655302,0
BGXX.US,D,20240624,000000,0.2799,0.3197,0.2799,0.296,1188386,0
BGXX.US,D,20240625,000000,0.295,0.32,0.295,0.32,717670,0
BGXX.US,D,20240626,000000,0.3149,0.38,0.3034,0.3388,2149244,0
BGXX.US,D,20240627,000000,0.345,0.3897,0.3382,0.3851,1374645,0
BGXX.US,D,20240628,000000,0.39,0.413,0.2533,0.2533,7733521,0
BGXX.US,D,20240701,000000,0.27,0.284,0.26,0.2755,1004138,0
BGXX.US,D,20240702,000000,0.2788,0.2816,0.26,0.2628,892206,0
BGXX.US,D,20240703,000000,0.277,0.279,0.262,0.262,296429,0
BGXX.US,D,20240705,000000,0.2619,0.2696,0.2515,0.2626,617292,0
BGXX.US,D,20240708,000000,0.2626,0.2749,0.25,0.2706,566094,0
BGXX.US,D,20240709,000000,0.2647,0.2705,0.246,0.2521,853772,0
BGXX.US,D,20240710,000000,0.2508,0.2629,0.25,0.2605,218775,0
BGXX.US,D,20240711,000000,0.263,0.2869,0.2565,0.2687,1820598,0
BGXX.US,D,20240712,000000,0.2625,0.264,0.2521,0.2638,564065,0
BGXX.US,D,20240715,000000,0.2632,0.2632,0.2513,0.2564,328451,0
BGXX.US,D,20240716,000000,0.2503,0.265,0.2503,0.2593,457666,0
BGXX.US,D,20240717,000000,0.254,0.265,0.2417,0.2436,803421,0
BGXX.US,D,20240718,000000,0.241,0.2542,0.225,0.2253,403726,0
BGXX.US,D,20240719,000000,0.24,0.244,0.2167,0.2242,629621,0
BGXX.US,D,20240722,000000,0.2208,0.238,0.2208,0.2312,299730,0
BGXX.US,D,20240723,000000,0.2322,0.2467,0.2314,0.238,409199,0
BGXX.US,D,20240724,000000,0.2356,0.244,0.2324,0.2373,247608,0
BGXX.US,D,20240725,000000,0.24,0.2437,0.2312,0.2368,324135,0
BGXX.US,D,20240726,000000,0.2401,0.2431,0.2293,0.2321,123538,0
BGXX.US,D,20240729,000000,0.225,0.2497,0.221,0.2254,916292,0
BGXX.US,D,20240730,000000,0.2264,0.25,0.2254,0.2496,520724,0
BGXX.US,D,20240731,000000,0.254,0.254,0.2402,0.25,315963,0
BGXX.US,D,20240801,000000,0.2544,0.254743,0.2292,0.234,294064,0
BGXX.US,D,20240802,000000,0.225001,0.242,0.2179,0.2332,153446,0
BGXX.US,D,20240805,000000,0.22,0.23,0.2106,0.2212,154795,0
BGXX.US,D,20240806,000000,0.2296,0.2374,0.2212,0.237,95720,0
BGXX.US,D,20240807,000000,0.2398,0.2399,0.2274,0.2274,116213,0
BGXX.US,D,20240808,000000,0.2259,0.2425,0.2259,0.236,1257029,0
BGXX.US,D,20240809,000000,0.238,0.27,0.2302,0.242,897952,0
BGXX.US,D,20240812,000000,0.242,0.25,0.2262,0.2345,272025,0
BGXX.US,D,20240813,000000,0.2338,0.2544,0.2328,0.252,316314,0
BGXX.US,D,20240814,000000,0.2491,0.25,0.2324,0.2393,209488,0
BGXX.US,D,20240815,000000,0.24,0.249,0.2314,0.237,187410,0
BGXX.US,D,20240816,000000,0.2425,0.2425,0.2326,0.2369,153028,0
BGXX.US,D,20240819,000000,0.258,0.258,0.2388,0.2574,266077,0
BGXX.US,D,20240820,000000,0.2513,0.2599,0.23,0.2418,484175,0
BGXX.US,D,20240821,000000,0.2404,0.3346,0.205,0.2221,7571411,0
BGXX.US,D,20240822,000000,0.233,0.233,0.2221,0.226,374205,0
BGXX.US,D,20240823,000000,0.226,0.255,0.226,0.245,1228466,0
BGXX.US,D,20240826,000000,0.2354,0.2448,0.2202,0.223,507161,0
BGXX.US,D,20240827,000000,0.225,0.2299,0.2104,0.2238,468334,0
BGXX.US,D,20240828,000000,0.2171,0.2299,0.2171,0.2218,170527,0
BGXX.US,D,20240829,000000,0.218,0.24,0.218,0.2348,410145,0
BGXX.US,D,20240830,000000,0.2345,0.2388,0.2216,0.2271,227435,0
BGXX.US,D,20240903,000000,0.2318,0.2325,0.199,0.2009,628572,0
BGXX.US,D,20240904,000000,0.205,0.2125,0.1941,0.197,398912,0
BGXX.US,D,20240905,000000,0.212,0.212,0.1982,0.2,268044,0
BGXX.US,D,20240906,000000,0.2051,0.2051,0.1822,0.1872,419651,0
BGXX.US,D,20240909,000000,0.187,0.1958,0.1832,0.1895,216872,0
BGXX.US,D,20240910,000000,0.1895,0.1931,0.1845,0.1893,357843,0
BGXX.US,D,20240911,000000,0.1993,0.2225,0.1896,0.2081,553389,0
BGXX.US,D,20240912,000000,0.218,0.218,0.2003,0.204,216701,0
BGXX.US,D,20240913,000000,0.215,0.215,0.1915,0.1986,652922,0
BGXX.US,D,20240916,000000,0.2034,0.2059,0.195,0.1956,217510,0
BGXX.US,D,20240917,000000,0.21,0.21,0.184783,0.1899,525858,0
BGXX.US,D,20240918,000000,0.19,0.1995,0.1425,0.1481,2558512,0
