<TICKER>,<PER>,<DATE>,<TIME>,<OPEN>,<HIGH>,<LOW>,<CLOSE>,<VOL>,<OPENINT>
BRAC.US,D,20220225,000000,9.85,9.85,9.84,9.84,353058,0
BRAC.US,D,20220228,000000,9.86,9.9,9.86,9.9,357730,0
BRAC.US,D,20220301,000000,9.89,9.89,9.89,9.89,1242,0
BRAC.US,D,20220302,000000,9.92,9.92,9.92,9.92,4097,0
BRAC.US,D,20220308,000000,9.91,10.13,9.87,9.87,25037,0
BRAC.US,D,20220315,000000,9.9,9.9,9.88,9.88,17266,0
BRAC.US,D,20220323,000000,9.88,9.89,9.88,9.89,10811,0
BRAC.US,D,20220324,000000,9.9,9.91,9.9,9.9,353502,0
BRAC.US,D,20220325,000000,9.94,9.95,9.94,9.95,1005,0
BRAC.US,D,20220329,000000,9.94,9.95,9.88,9.89,19336,0
BRAC.US,D,20220404,000000,9.89,9.9,9.88,9.88,1336,0
BRAC.US,D,20220405,000000,9.9,9.9,9.9,9.9,404,0
BRAC.US,D,20220408,000000,9.9,9.9,9.89,9.9,5765,0
BRAC.US,D,20220411,000000,9.9,9.9,9.89,9.89,742,0
BRAC.US,D,20220412,000000,9.91,9.96,9.91,9.96,1501,0
BRAC.US,D,20220413,000000,9.98,9.98,9.98,9.98,1183,0
BRAC.US,D,20220418,000000,9.97,9.97,9.97,9.97,1000,0
BRAC.US,D,20220419,000000,9.97,9.97,9.97,9.97,100,0
BRAC.US,D,20220420,000000,9.945,9.945,9.945,9.945,588,0
BRAC.US,D,20220421,000000,9.93,9.93,9.93,9.93,250,0
BRAC.US,D,20220422,000000,9.93,9.95,9.91,9.91,956,0
BRAC.US,D,20220425,000000,9.91,9.91,9.91,9.91,1840,0
BRAC.US,D,20220428,000000,9.91,9.91,9.91,9.91,453,0
BRAC.US,D,20220510,000000,9.91,9.91,9.91,9.91,173,0
BRAC.US,D,20220512,000000,9.94,9.94,9.94,9.94,301,0
BRAC.US,D,20220513,000000,9.93,9.93,9.89,9.89,16245,0
BRAC.US,D,20220607,000000,9.89,9.89,9.89,9.89,28200,0
BRAC.US,D,20220613,000000,9.9,9.9,9.9,9.9,100010,0
BRAC.US,D,20220617,000000,9.92,9.92,9.9,9.92,275030,0
BRAC.US,D,20220622,000000,9.95,9.95,9.9,9.9,225100,0
BRAC.US,D,20220629,000000,9.91,9.91,9.88,9.9,171340,0
BRAC.US,D,20220630,000000,9.91,9.91,9.89,9.9,70010,0
BRAC.US,D,20220701,000000,9.91,9.92,9.91,9.92,25602,0
BRAC.US,D,20220705,000000,9.915,9.92,9.91,9.92,2271,0
BRAC.US,D,20220706,000000,9.92,9.93,9.92,9.93,44384,0
BRAC.US,D,20220708,000000,9.94,9.94,9.93,9.93,699,0
BRAC.US,D,20220711,000000,9.94,9.94,9.94,9.94,4067,0
BRAC.US,D,20220712,000000,9.95,9.95,9.93,9.93,341,0
BRAC.US,D,20220715,000000,9.95,9.95,9.94,9.94,112340,0
BRAC.US,D,20220718,000000,9.95,9.95,9.95,9.95,27711,0
BRAC.US,D,20220725,000000,9.98,9.98,9.98,9.98,386,0
BRAC.US,D,20220726,000000,9.97,9.97,9.97,9.97,200,0
BRAC.US,D,20220728,000000,9.98,9.98,9.98,9.98,218,0
BRAC.US,D,20220729,000000,9.975,9.975,9.96,9.96,18342,0
BRAC.US,D,20220802,000000,9.96,9.96,9.96,9.96,120761,0
BRAC.US,D,20220804,000000,9.96,9.96,9.96,9.96,901,0
BRAC.US,D,20220809,000000,9.96,9.96,9.96,9.96,1240,0
BRAC.US,D,20220812,000000,9.98,9.98,9.98,9.98,100,0
BRAC.US,D,20220815,000000,9.98,9.98,9.97,9.97,5349,0
BRAC.US,D,20220817,000000,9.99,9.99,9.99,9.99,40001,0
BRAC.US,D,20220818,000000,9.99,10,9.98,10,75330,0
BRAC.US,D,20220819,000000,9.98,9.98,9.98,9.98,25504,0
BRAC.US,D,20220822,000000,9.97,9.97,9.97,9.97,410,0
BRAC.US,D,20220824,000000,9.96,9.9807,9.95,9.97,634840,0
BRAC.US,D,20220825,000000,9.95,9.98,9.95,9.98,87145,0
BRAC.US,D,20220901,000000,9.98,9.98,9.98,9.98,100,0
BRAC.US,D,20220902,000000,9.98,9.98,9.98,9.98,248,0
BRAC.US,D,20220908,000000,9.98,9.98,9.98,9.98,100,0
BRAC.US,D,20220909,000000,9.99,9.99,9.99,9.99,102,0
BRAC.US,D,20220914,000000,9.97,9.985,9.97,9.98,1239,0
BRAC.US,D,20220915,000000,9.99,9.99,9.99,9.99,100,0
BRAC.US,D,20220919,000000,10.05,10.05,9.96,9.99,5100,0
BRAC.US,D,20220920,000000,10.01,10.01,10.01,10.01,10000,0
BRAC.US,D,20220921,000000,9.985,9.985,9.985,9.985,292,0
BRAC.US,D,20220922,000000,9.97,9.97,9.97,9.97,165,0
BRAC.US,D,20220926,000000,9.97,9.99,9.97,9.985,3499,0
BRAC.US,D,20220927,000000,10.03,10.03,9.98,9.98,660,0
BRAC.US,D,20220928,000000,10.03,10.03,9.96,9.98,3933,0
BRAC.US,D,20221004,000000,9.96,9.96,9.96,9.96,102,0
BRAC.US,D,20221006,000000,9.98,9.99,9.98,9.99,5429,0
BRAC.US,D,20221010,000000,10.45,10.45,9.97,10.01,600,0
BRAC.US,D,20221011,000000,9.96,9.99,9.96,9.99,23511,0
BRAC.US,D,20221012,000000,10,10,10,10,116,0
BRAC.US,D,20221017,000000,10.07,10.07,10.07,10.07,152,0
BRAC.US,D,20221018,000000,10.05,10.05,10.05,10.05,152,0
BRAC.US,D,20221019,000000,9.99,10.04,9.99,10.02,908,0
BRAC.US,D,20221020,000000,10.02,10.02,10.02,10.02,125,0
BRAC.US,D,20221021,000000,10.02,10.02,9.99,9.99,246,0
BRAC.US,D,20221024,000000,9.99,9.99,9.99,9.99,368,0
BRAC.US,D,20221025,000000,10,10.02,10,10.01,4683,0
BRAC.US,D,20221026,000000,10.02,10.02,10.02,10.02,2067,0
BRAC.US,D,20221028,000000,10.04,10.04,10.02,10.02,354,0
BRAC.US,D,20221110,000000,10.03,10.03,10.03,10.03,248,0
BRAC.US,D,20221114,000000,10.025,10.03,10.025,10.03,2470,0
BRAC.US,D,20221115,000000,10.04,10.05,10.04,10.05,1302,0
BRAC.US,D,20221122,000000,10.08,10.12,10.05,10.05,11116,0
BRAC.US,D,20221202,000000,10.05,10.05,10.05,10.05,272,0
BRAC.US,D,20221206,000000,10.08,10.08,10.08,10.08,100,0
BRAC.US,D,20221207,000000,10.075,10.075,10.06,10.06,1634,0
BRAC.US,D,20221208,000000,10.06,10.06,10.06,10.06,108,0
BRAC.US,D,20221214,000000,10.09,10.09,10.09,10.09,353,0
BRAC.US,D,20221215,000000,10.06,10.06,10.06,10.06,100,0
BRAC.US,D,20221216,000000,10.07,10.13,10.07,10.13,111739,0
BRAC.US,D,20221219,000000,10.13,10.13,10.13,10.13,50368,0
BRAC.US,D,20221220,000000,10.13,10.13,10.13,10.13,975,0
BRAC.US,D,20221222,000000,10.1301,10.1301,10.13,10.13,27745,0
BRAC.US,D,20221223,000000,10.16,10.16,10.16,10.16,141,0
BRAC.US,D,20221227,000000,10.15,10.15,10.15,10.15,379028,0
BRAC.US,D,20221228,000000,10.16,10.25,10.16,10.2324,87736,0
BRAC.US,D,20221229,000000,10.23,10.23,10.21,10.21,2216,0
BRAC.US,D,20221230,000000,10.21,10.2201,10.21,10.22,10655,0
BRAC.US,D,20230103,000000,10.6,10.6,10.22,10.37,12403,0
BRAC.US,D,20230104,000000,10.27,10.29,10.25,10.28,511810,0
BRAC.US,D,20230105,000000,10.28,10.28,10.24,10.28,43420,0
BRAC.US,D,20230106,000000,10.275,10.28,10.275,10.28,6200,0
BRAC.US,D,20230109,000000,10.28,10.28,10.275,10.28,6901,0
BRAC.US,D,20230110,000000,10.28,10.29,10.28,10.29,8769,0
BRAC.US,D,20230111,000000,10.32,10.32,10.31,10.315,104114,0
BRAC.US,D,20230117,000000,10.33,10.36,10.33,10.35,11245,0
BRAC.US,D,20230118,000000,10.3772,10.38,10.37,10.37,5711,0
BRAC.US,D,20230119,000000,10.39,10.4,10.39,10.39,10951,0
BRAC.US,D,20230120,000000,10.39,10.41,10.39,10.4,9173,0
BRAC.US,D,20230123,000000,10.41,10.41,10.395,10.41,9205,0
BRAC.US,D,20230124,000000,10.41,10.42,10.4,10.4,1118,0
BRAC.US,D,20230126,000000,10.4,10.42,10.4,10.42,562,0
BRAC.US,D,20230127,000000,10.42,10.42,10.4198,10.42,12979,0
BRAC.US,D,20230130,000000,10.42,10.42,10.41,10.42,1900,0
BRAC.US,D,20230131,000000,10.415,10.42,10.415,10.42,1827,0
BRAC.US,D,20230201,000000,10.42,10.42,10.41,10.41,1325,0
BRAC.US,D,20230202,000000,10.42,10.42,10.41,10.41,367,0
BRAC.US,D,20230203,000000,10.42,10.42,10.42,10.42,5646,0
BRAC.US,D,20230207,000000,10.42,10.44,10.42,10.43,27504,0
BRAC.US,D,20230209,000000,10.44,10.45,10.43,10.43,11798,0
BRAC.US,D,20230210,000000,10.46,10.46,10.44,10.44,1301,0
BRAC.US,D,20230216,000000,10.43,10.43,10.43,10.43,310,0
BRAC.US,D,20230221,000000,10.46,10.46,10.44,10.45,3001,0
BRAC.US,D,20230222,000000,10.4482,10.46,10.44,10.46,5626,0
BRAC.US,D,20230227,000000,10.45,10.46,10.45,10.45,1910,0
BRAC.US,D,20230228,000000,10.45,10.45,10.45,10.45,101,0
BRAC.US,D,20230301,000000,10.46,10.47,10.45,10.45,1110,0
BRAC.US,D,20230306,000000,10.46,10.46,10.46,10.46,36264,0
BRAC.US,D,20230307,000000,10.4616,10.465,10.46,10.46,3403,0
BRAC.US,D,20230308,000000,10.46,10.46,10.46,10.46,101,0
BRAC.US,D,20230322,000000,10.51,10.51,10.51,10.51,250,0
BRAC.US,D,20230329,000000,10.5,10.5001,10.5,10.5,9002,0
BRAC.US,D,20230330,000000,10.58,10.58,10.57,10.58,10368,0
BRAC.US,D,20230405,000000,10.58,10.58,10.58,10.58,5655,0
BRAC.US,D,20230412,000000,10.6,10.61,10.6,10.61,14453,0
BRAC.US,D,20230413,000000,10.62,10.62,10.62,10.62,414,0
BRAC.US,D,20230417,000000,10.63,10.63,10.63,10.63,60006,0
BRAC.US,D,20230418,000000,10.62,10.62,10.62,10.62,200,0
BRAC.US,D,20230421,000000,10.64,10.64,10.64,10.64,404,0
BRAC.US,D,20230425,000000,10.64,10.74,10.64,10.65,5738,0
BRAC.US,D,20230426,000000,10.7,10.7,10.64,10.64,561,0
BRAC.US,D,20230515,000000,10.68,10.68,10.68,10.68,102,0
BRAC.US,D,20230519,000000,10.67,10.67,10.67,10.67,100000,0
BRAC.US,D,20230523,000000,10.68,10.68,10.68,10.68,4035,0
BRAC.US,D,20230524,000000,10.68,10.68,10.68,10.68,5202,0
BRAC.US,D,20230525,000000,10.68,10.69,10.68,10.69,3004,0
BRAC.US,D,20230526,000000,10.68,10.68,10.68,10.68,10205,0
BRAC.US,D,20230531,000000,10.68,10.68,10.67,10.67,30200,0
BRAC.US,D,20230601,000000,10.69,10.69,10.64,10.65,95645,0
BRAC.US,D,20230602,000000,10.67,10.67,10.64,10.67,88774,0
BRAC.US,D,20230605,000000,10.73,10.73,10.66,10.66,6912,0
BRAC.US,D,20230606,000000,10.66,10.66,10.64,10.64,21223,0
BRAC.US,D,20230612,000000,10.64,10.64,10.64,10.64,443,0
BRAC.US,D,20230613,000000,10.68,10.9,10.68,10.7,74080,0
BRAC.US,D,20230614,000000,10.72,10.72,10.72,10.72,1179,0
BRAC.US,D,20230615,000000,10.72,10.72,10.72,10.72,400,0
BRAC.US,D,20230616,000000,10.89,10.89,10.89,10.89,100,0
BRAC.US,D,20230620,000000,10.72,10.72,10.72,10.72,484,0
BRAC.US,D,20230621,000000,10.7,10.7,10.7,10.7,110,0
BRAC.US,D,20230626,000000,10.72,10.72,10.72,10.72,108,0
BRAC.US,D,20230628,000000,10.72,10.72,10.72,10.72,100,0
BRAC.US,D,20230710,000000,10.7,10.7,10.7,10.7,1400,0
BRAC.US,D,20230714,000000,10.74,10.74,10.71,10.72,77512,0
BRAC.US,D,20230724,000000,10.73,10.73,10.73,10.73,230,0
BRAC.US,D,20230727,000000,10.74,10.75,10.74,10.74,26315,0
BRAC.US,D,20230731,000000,10.74,10.75,10.74,10.75,212,0
BRAC.US,D,20230801,000000,10.75,10.78,10.75,10.78,19104,0
BRAC.US,D,20230802,000000,10.75,10.75,10.75,10.75,830,0
BRAC.US,D,20230804,000000,10.76,10.76,10.76,10.76,762,0
BRAC.US,D,20230906,000000,10.9,10.9,10.8998,10.9,7400,0
BRAC.US,D,20230919,000000,10.91,10.91,10.91,10.91,61659,0
BRAC.US,D,20230928,000000,10.95,11,10.95,11,10272,0
BRAC.US,D,20230929,000000,11,11,11,11,100,0
BRAC.US,D,20231003,000000,11,11,11,11,1712,0
BRAC.US,D,20231004,000000,10.9607,10.9607,10.95,10.95,320,0
BRAC.US,D,20231005,000000,10.95,10.95,10.95,10.95,6508,0
BRAC.US,D,20231011,000000,11,11,11,11,1000,0
BRAC.US,D,20231012,000000,10.95,11,10.95,11,637,0
BRAC.US,D,20231013,000000,10.99,10.99,10.95,10.95,2315,0
BRAC.US,D,20231018,000000,11,11,11,11,901,0
BRAC.US,D,20231019,000000,10.95,10.95,10.95,10.95,526,0
BRAC.US,D,20231023,000000,11,11.335,11,11,50805,0
BRAC.US,D,20231024,000000,11,11,11,11,150504,0
BRAC.US,D,20231025,000000,11,11,11,11,7244,0
BRAC.US,D,20231026,000000,11.01,11.01,11,11.005,40805,0
BRAC.US,D,20231027,000000,11,11,11,11,105,0
BRAC.US,D,20231030,000000,11.01,11.01,11.01,11.01,100111,0
BRAC.US,D,20231103,000000,11,11,10.991,11,5018,0
BRAC.US,D,20231113,000000,10.99,11,10.99,11,73201,0
BRAC.US,D,20231114,000000,11.005,11.005,11.005,11.005,150111,0
BRAC.US,D,20231115,000000,11.01,11.01,11,11,192929,0
BRAC.US,D,20231116,000000,11.01,11.01,11,11,7736,0
BRAC.US,D,20231201,000000,11,11,10.97,10.97,27863,0
BRAC.US,D,20231204,000000,10.97,10.97,10.97,10.97,1005,0
BRAC.US,D,20231205,000000,10.97,10.97,10.97,10.97,9467,0
BRAC.US,D,20231206,000000,10.98,10.98,10.98,10.98,184496,0
BRAC.US,D,20231208,000000,10.98,10.98,10.98,10.98,50033,0
BRAC.US,D,20231211,000000,10.98,10.98,10.98,10.98,50008,0
BRAC.US,D,20231213,000000,10.98,10.98,10.98,10.98,3700,0
BRAC.US,D,20231214,000000,10.98,10.98,10.98,10.98,300,0
BRAC.US,D,20231215,000000,11,11,11,11,17700,0
BRAC.US,D,20231218,000000,11,11.575,11,11.06,57532,0
BRAC.US,D,20231219,000000,11.09,11.13,11.09,11.12,91219,0
BRAC.US,D,20231221,000000,11.1,11.1,11.1,11.1,11198,0
BRAC.US,D,20231222,000000,11.1,11.1,11.1,11.1,9483,0
BRAC.US,D,20231226,000000,11.12,11.15,11.12,11.14,4208,0
BRAC.US,D,20231228,000000,11.12,11.14,11.12,11.14,1897,0
BRAC.US,D,20231229,000000,11.14,11.14,11.11,11.11,254,0
BRAC.US,D,20240102,000000,11.11,11.11,11.11,11.11,172,0
BRAC.US,D,20240103,000000,11.14,11.475,11.14,11.14,9564,0
BRAC.US,D,20240104,000000,11.2,11.75,11.15,11.24,6551,0
BRAC.US,D,20240105,000000,11.2,11.2,11.14,11.2,2902,0
BRAC.US,D,20240108,000000,11.14,11.14,11.14,11.14,651,0
BRAC.US,D,20240109,000000,11.14,11.1634,11.12,11.12,5991,0
BRAC.US,D,20240112,000000,11.2,11.2,11.2,11.2,303,0
BRAC.US,D,20240116,000000,11.19,12.31,11.19,11.26,26718,0
BRAC.US,D,20240118,000000,11.22,11.22,11.22,11.22,307,0
BRAC.US,D,20240123,000000,11.23,11.23,11.19,11.21,3665,0
BRAC.US,D,20240131,000000,11.21,11.2101,11.21,11.21,372,0
BRAC.US,D,20240202,000000,11.21,11.21,11.21,11.21,500,0
BRAC.US,D,20240205,000000,11.21,11.21,11.21,11.21,600,0
BRAC.US,D,20240206,000000,11.21,11.22,11.21,11.22,76519,0
BRAC.US,D,20240214,000000,11.22,11.22,11.22,11.22,123,0
BRAC.US,D,20240215,000000,11.22,11.22,11.22,11.22,108,0
BRAC.US,D,20240216,000000,11.22,11.22,11.22,11.22,100,0
BRAC.US,D,20240220,000000,11.22,11.22,11.22,11.22,301,0
BRAC.US,D,20240221,000000,11.24,11.24,11.235,11.235,514,0
BRAC.US,D,20240226,000000,11.2498,11.25,11.2498,11.25,1222,0
BRAC.US,D,20240304,000000,11.24,11.24,11.24,11.24,1093,0
BRAC.US,D,20240306,000000,11.24,11.24,11.22,11.22,501,0
BRAC.US,D,20240312,000000,11.25,11.26,11.25,11.26,117448,0
BRAC.US,D,20240319,000000,11.26,11.26,11.26,11.26,1220,0
BRAC.US,D,20240322,000000,11.25,11.25,11.25,11.25,100,0
BRAC.US,D,20240327,000000,11.24,11.24,11.24,11.24,102,0
BRAC.US,D,20240401,000000,11.26,11.26,11.26,11.26,102,0
BRAC.US,D,20240403,000000,11.26,11.26,11.26,11.26,100,0
BRAC.US,D,20240405,000000,11.26,11.26,11.26,11.26,104,0
BRAC.US,D,20240408,000000,11.24,11.24,11.24,11.24,101,0
BRAC.US,D,20240409,000000,11.25,11.25,11.25,11.25,105,0
BRAC.US,D,20240412,000000,11.25,11.25,11.25,11.25,100,0
BRAC.US,D,20240415,000000,11.25,11.25,11.25,11.25,316,0
BRAC.US,D,20240417,000000,11.3,11.3,11.28,11.28,800,0
BRAC.US,D,20240418,000000,11.29,11.29,11.29,11.29,115,0
BRAC.US,D,20240424,000000,11.28,11.28,11.28,11.28,4200,0
BRAC.US,D,20240502,000000,11.29,11.29,11.29,11.29,100,0
BRAC.US,D,20240503,000000,11.31,11.31,11.31,11.31,100,0
BRAC.US,D,20240506,000000,11.3,11.3,11.3,11.3,103,0
BRAC.US,D,20240507,000000,11.3,11.3,11.3,11.3,100,0
BRAC.US,D,20240508,000000,11.3,11.3,11.3,11.3,100,0
BRAC.US,D,20240509,000000,11.3,11.3,11.3,11.3,100,0
BRAC.US,D,20240510,000000,11.3,11.3,11.3,11.3,100,0
BRAC.US,D,20240513,000000,11.3,11.3,11.3,11.3,100,0
BRAC.US,D,20240514,000000,11.3,11.3,11.3,11.3,100,0
BRAC.US,D,20240515,000000,11.3,11.3,11.3,11.3,112,0
BRAC.US,D,20240516,000000,11.29,11.29,11.29,11.29,100,0
BRAC.US,D,20240517,000000,11.28,11.28,11.28,11.28,100,0
BRAC.US,D,20240520,000000,11.31,11.31,11.31,11.31,100,0
BRAC.US,D,20240521,000000,11.31,11.31,11.31,11.31,100,0
BRAC.US,D,20240522,000000,11.31,11.31,11.31,11.31,101,0
BRAC.US,D,20240613,000000,11.39,11.4,11.39,11.4,3579,0
BRAC.US,D,20240614,000000,11.4,11.4,11.4,11.4,1013,0
BRAC.US,D,20240617,000000,11.47,11.9,11.42,11.42,4569,0
BRAC.US,D,20240618,000000,11.4,11.4,11.4,11.4,1000,0
BRAC.US,D,20240620,000000,11.37,11.37,11.37,11.37,108,0
BRAC.US,D,20240621,000000,11.32,11.32,11.32,11.32,201,0
BRAC.US,D,20240626,000000,11.4,11.51,11.4,11.5,5709,0
BRAC.US,D,20240627,000000,11.35,11.35,11.35,11.35,611,0
BRAC.US,D,20240701,000000,11.6,11.6,11.5,11.5,752,0
BRAC.US,D,20240709,000000,11.4,11.4,11.4,11.4,1015,0
BRAC.US,D,20240717,000000,11.44,11.44,11.43,11.44,25939,0
BRAC.US,D,20240718,000000,12,12,11.45,11.45,1205,0
BRAC.US,D,20240722,000000,11.43,11.45,11.43,11.44,13555,0
BRAC.US,D,20240723,000000,11.44,11.44,11.44,11.44,572,0
BRAC.US,D,20240724,000000,11.44,11.5,11.44,11.45,6847,0
BRAC.US,D,20240725,000000,11.44,11.47,11.44,11.47,1950,0
BRAC.US,D,20240731,000000,12,12,11.55,11.55,5473,0
BRAC.US,D,20240801,000000,11.45,11.45,11.45,11.45,358,0
BRAC.US,D,20240805,000000,11.48,11.49,11.48,11.49,1332,0
BRAC.US,D,20240806,000000,11.5,11.5,11.45,11.45,1424,0
BRAC.US,D,20240816,000000,11.5,11.5,11.5,11.5,2248,0
BRAC.US,D,20240820,000000,11.5,11.5,11.5,11.5,550,0
BRAC.US,D,20240904,000000,11.32,11.32,11.32,11.32,133,0
BRAC.US,D,20241016,000000,11.33,11.33,11.33,11.33,752,0
BRAC.US,D,20241021,000000,11.48,11.51,11.48,11.51,1852,0
BRAC.US,D,20241023,000000,11.52,11.52,11.46,11.4601,1493,0
BRAC.US,D,20241030,000000,11.54,11.55,11.54,11.55,3520,0
BRAC.US,D,20241031,000000,11.55,11.56,11.55,11.56,6521,0
BRAC.US,D,20241101,000000,11.58,11.6,11.58,11.6,10035,0
BRAC.US,D,20241105,000000,11.58,11.6,11.58,11.6,5902,0
BRAC.US,D,20241115,000000,11.65,11.67,11.51,11.51,5205,0
BRAC.US,D,20241118,000000,11.67,11.67,11.67,11.67,224,0
BRAC.US,D,20241125,000000,11.65,11.67,11.65,11.67,1003,0
BRAC.US,D,20241210,000000,11.7,11.72,11.7,11.72,700,0
BRAC.US,D,20241217,000000,11.65,11.73,11.65,11.73,7113,0
BRAC.US,D,20241223,000000,11.45,11.74,11.45,11.74,2499,0
BRAC.US,D,20241224,000000,11.74,11.74,11.74,11.74,150,0
BRAC.US,D,20241227,000000,11.66,11.75,11.66,11.75,30199,0
BRAC.US,D,20241231,000000,11.75,11.77,11.7429,11.7699,7558,0
BRAC.US,D,20250103,000000,11.77,11.77,11.77,11.77,2105,0
BRAC.US,D,20250106,000000,11.7,11.77,11.7,11.75,6600,0
BRAC.US,D,20250107,000000,11.67,11.76,11.67,11.76,31918,0
BRAC.US,D,20250108,000000,11.69,11.77,11.69,11.77,420,0
BRAC.US,D,20250110,000000,12.2,12.48,12,12.05,2033,0
BRAC.US,D,20250113,000000,11.71,11.71,11.71,11.71,230,0
BRAC.US,D,20250114,000000,12,13.59,12,12.8,6415,0
BRAC.US,D,20250115,000000,11.8,11.915,11.8,11.915,608,0
BRAC.US,D,20250116,000000,11.78,11.78,11.78,11.78,488,0
BRAC.US,D,20250121,000000,12.19,12.29,11.6817,11.81,1875,0
BRAC.US,D,20250122,000000,11.91,11.91,11.7,11.7,1179,0
