<TICKER>,<PER>,<DATE>,<TIME>,<OPEN>,<HIGH>,<LOW>,<CLOSE>,<VOL>,<OPENINT>
BSLKW.US,D,20240815,000000,0.1101,0.1101,0.11,0.11,299317,0
BSLKW.US,D,20240822,000000,0.11,0.11,0.1,0.105,5925,0
BSLKW.US,D,20240823,000000,0.1,0.1,0.05,0.05,443584,0
BSLKW.US,D,20240826,000000,0.0525,0.0551,0.0501,0.0501,112177,0
BSLKW.US,D,20240827,000000,0.05,0.0526,0.05,0.0526,5320,0
BSLKW.US,D,20240828,000000,0.0799,0.099999,0.071,0.071,88274,0
BSLKW.US,D,20240829,000000,0.071,0.071,0.0312,0.0655,62769,0
BSLKW.US,D,20240830,000000,0.04,0.041,0.0397,0.04,11625,0
BSLKW.US,D,20240905,000000,0.0401,0.0401,0.0401,0.0401,1079,0
BSLKW.US,D,20240906,000000,0.0401,0.0401,0.0401,0.0401,467,0
BSLKW.US,D,20240909,000000,0.03,0.03,0.0261,0.0262,3617,0
BSLKW.US,D,20240910,000000,0.0265,0.0265,0.0261,0.0261,4664,0
BSLKW.US,D,20240911,000000,0.0252,0.0253,0.0252,0.0253,400,0
BSLKW.US,D,20240913,000000,0.0252,0.0252,0.0252,0.0252,43938,0
BSLKW.US,D,20240923,000000,0.029899,0.03,0.026,0.03,6050,0
BSLKW.US,D,20240926,000000,0.05,0.06,0.05,0.06,800,0
BSLKW.US,D,20241004,000000,0.027,0.027,0.027,0.027,200,0
BSLKW.US,D,20241008,000000,0.0451,0.0598,0.025,0.032501,5383,0
BSLKW.US,D,20241010,000000,0.04,0.0401,0.04,0.0401,2015,0
BSLKW.US,D,20241011,000000,0.03,0.03,0.03,0.03,519,0
BSLKW.US,D,20241014,000000,0.025,0.025,0.025,0.025,23004,0
BSLKW.US,D,20241015,000000,0.025,0.025,0.023,0.023,1320,0
BSLKW.US,D,20241016,000000,0.022,0.022,0.0157,0.0199,115200,0
BSLKW.US,D,20241024,000000,0.02,0.02,0.02,0.02,10007,0
BSLKW.US,D,20241025,000000,0.0199,0.025968,0.0181,0.0181,54697,0
BSLKW.US,D,20241028,000000,0.0161,0.0161,0.0161,0.0161,100,0
BSLKW.US,D,20241030,000000,0.0162,0.025,0.0162,0.024,3017,0
BSLKW.US,D,20241031,000000,0.0238,0.0238,0.02,0.02,32923,0
BSLKW.US,D,20241101,000000,0.021399,0.021399,0.018099,0.018099,3460,0
BSLKW.US,D,20241105,000000,0.025,0.03,0.023,0.03,20692,0
BSLKW.US,D,20241107,000000,0.02,0.0252,0.02,0.0252,1206,0
BSLKW.US,D,20241108,000000,0.025,0.039,0.02,0.036,14467,0
BSLKW.US,D,20241111,000000,0.02805,0.0351,0.02,0.0351,1960,0
BSLKW.US,D,20241112,000000,0.0335,0.0335,0.0299,0.03,101950,0
BSLKW.US,D,20241115,000000,0.0184,0.0184,0.018,0.018,7095,0
BSLKW.US,D,20241118,000000,0.024,0.024,0.024,0.024,999,0
BSLKW.US,D,20241119,000000,0.0186,0.0186,0.0161,0.0162,13189,0
BSLKW.US,D,20241121,000000,0.0162,0.0162,0.0102,0.0145,80808,0
BSLKW.US,D,20241122,000000,0.0146,0.0182,0.0115,0.0119,25271,0
BSLKW.US,D,20241129,000000,0.0297,0.07,0.015,0.034,144566,0
BSLKW.US,D,20241202,000000,0.0598,0.0598,0.03,0.0349,34214,0
BSLKW.US,D,20241203,000000,0.031,0.0448,0.031,0.0448,1800,0
BSLKW.US,D,20241204,000000,0.03865,0.0391,0.03,0.03,129076,0
BSLKW.US,D,20241205,000000,0.03,0.03,0.03,0.03,371,0
BSLKW.US,D,20241213,000000,0.03,0.03,0.03,0.03,700,0
BSLKW.US,D,20241216,000000,0.03,0.0309,0.03,0.0309,9680,0
BSLKW.US,D,20241217,000000,0.0309,0.0309,0.0309,0.0309,500,0
BSLKW.US,D,20241218,000000,0.0336,0.0336,0.0172,0.025,69062,0
BSLKW.US,D,20241220,000000,0.02,0.02,0.02,0.02,3892,0
BSLKW.US,D,20241224,000000,0.0396,0.04,0.0396,0.04,3400,0
BSLKW.US,D,20241226,000000,0.0375,0.04,0.0358,0.0375,42031,0
BSLKW.US,D,20241227,000000,0.03,0.0574,0.03,0.0421,267130,0
BSLKW.US,D,20241230,000000,0.032,0.0574,0.0301,0.05,28846,0
BSLKW.US,D,20241231,000000,0.0301,0.055,0.0301,0.055,23630,0
BSLKW.US,D,20250103,000000,0.035,0.0423,0.0325,0.0419,4763,0
BSLKW.US,D,20250106,000000,0.035,0.04,0.035,0.04,61681,0
BSLKW.US,D,20250107,000000,0.04,0.04,0.04,0.04,14103,0
BSLKW.US,D,20250108,000000,0.0404,0.0404,0.033,0.033,68855,0
BSLKW.US,D,20250113,000000,0.05,0.05,0.0448,0.0448,901,0
BSLKW.US,D,20250117,000000,0.049,0.0495,0.049,0.0494,440,0
BSLKW.US,D,20250121,000000,0.0325,0.0325,0.0325,0.0325,843,0
BSLKW.US,D,20250122,000000,0.040251,0.040251,0.0311,0.0311,3987,0
BSLKW.US,D,20250123,000000,0.025,0.025,0.025,0.025,250,0
BSLKW.US,D,20250124,000000,0.0255,0.0255,0.0255,0.0255,250,0
BSLKW.US,D,20250128,000000,0.025,0.025,0.02,0.021,6126,0
BSLKW.US,D,20250130,000000,0.0181,0.0181,0.0181,0.0181,1000,0
BSLKW.US,D,20250205,000000,0.030177,0.030177,0.02,0.0201,27457,0
BSLKW.US,D,20250207,000000,0.0191,0.0203,0.0184,0.019,55294,0
BSLKW.US,D,20250213,000000,0.0269,0.06,0.0189,0.0511,1200026,0
