<TICKER>,<PER>,<DATE>,<TIME>,<OPEN>,<HIGH>,<LOW>,<CLOSE>,<VOL>,<OPENINT>
CALT.US,D,20200605,000000,19.9,20.51,19.45,19.6,1566420,0
CALT.US,D,20200608,000000,20.12,20.36,19.75,20.19,155075,0
CALT.US,D,20200609,000000,20.02,20.17,19.81,20.17,55772,0
CALT.US,D,20200610,000000,20.25,20.62,19.775,19.96,41620,0
CALT.US,D,20200611,000000,19.8,19.85,19.4,19.4,78687,0
CALT.US,D,20200612,000000,19.7,19.8,19.4,19.5,25472,0
CALT.US,D,20200615,000000,19.4,19.49,19.25,19.39,7878,0
CALT.US,D,20200616,000000,19.66,19.7,19.25,19.48,29032,0
CALT.US,D,20200617,000000,19.59,19.59,19.26,19.38,10614,0
CALT.US,D,20200618,000000,19.34,19.52,19.15,19.25,13665,0
CALT.US,D,20200619,000000,19.28,19.28,19,19.17,12842,0
CALT.US,D,20200622,000000,19.17,19.44,19.17,19.38,2976,0
CALT.US,D,20200623,000000,19.57,20.065,19.4201,19.78,11802,0
CALT.US,D,20200624,000000,20.04,20.17,19.5,19.89,4804,0
CALT.US,D,20200625,000000,19.65,19.8402,19,19.19,3888,0
CALT.US,D,20200626,000000,19.64,20.41,19.33,19.71,28362,0
CALT.US,D,20200629,000000,20.01,20.01,19.5001,19.95,7154,0
CALT.US,D,20200630,000000,24.86,24.97,22.6,23.2,172990,0
CALT.US,D,20200701,000000,24.12,24.71,22.96,23.605,67547,0
CALT.US,D,20200702,000000,23.5,23.591,21.16,22.22,18030,0
CALT.US,D,20200706,000000,22.97,23.7498,22.155,23.48,17147,0
CALT.US,D,20200707,000000,23.49,23.62,22.74,22.82,10897,0
CALT.US,D,20200708,000000,23.55,24.05,22.39,23.57,20018,0
CALT.US,D,20200709,000000,23.4,23.78,22.69,23.78,19903,0
CALT.US,D,20200710,000000,23.92,24.1,22.765,23.345,3520,0
CALT.US,D,20200713,000000,23.34,23.6,22.76,22.76,8356,0
CALT.US,D,20200714,000000,23.61,23.625,22.96,22.98,4209,0
CALT.US,D,20200715,000000,23.97,24.1,23.1,23.35,13087,0
CALT.US,D,20200716,000000,24.16,24.2,23.295,23.58,8214,0
CALT.US,D,20200717,000000,24.16,24.22,23.58,23.76,9023,0
CALT.US,D,20200720,000000,25.1,25.65,24.61,24.82,25228,0
CALT.US,D,20200721,000000,25.03,25.559,24.84,25.1,7107,0
CALT.US,D,20200722,000000,25.63,28.38,24.92,25.69,20315,0
CALT.US,D,20200723,000000,25.35,25.35,24.06,24.08,7025,0
CALT.US,D,20200724,000000,24.16,24.465,23.68,23.69,7175,0
CALT.US,D,20200727,000000,24.16,24.6,23.67,24.05,10616,0
CALT.US,D,20200728,000000,24.38,24.39,23.71,23.82,6932,0
CALT.US,D,20200729,000000,24.12,24.2,20.85,21.61,51172,0
CALT.US,D,20200730,000000,22.4,23.02,22.0753,22.54,32076,0
CALT.US,D,20200731,000000,23,23.16,22.345,22.85,11709,0
CALT.US,D,20200803,000000,23.37,23.43,22.45,22.86,6320,0
CALT.US,D,20200804,000000,22.63,22.87,22.41,22.44,7328,0
CALT.US,D,20200805,000000,22.77,23.49,22.44,23.49,3092,0
CALT.US,D,20200806,000000,22.91,22.91,21.81,21.91,4768,0
CALT.US,D,20200807,000000,22.46,22.7,21.6,22.17,5658,0
CALT.US,D,20200810,000000,23.55,23.86,22.31,23.25,12544,0
CALT.US,D,20200811,000000,23.53,23.53,22.35,22.43,20631,0
CALT.US,D,20200812,000000,23,23.4699,22.75,23.06,9011,0
CALT.US,D,20200813,000000,23.31,23.575,22.03,22.03,6983,0
CALT.US,D,20200814,000000,24.16,24.39,23.505,23.6,12021,0
CALT.US,D,20200817,000000,24.7,25.25,23.82,24.03,36379,0
CALT.US,D,20200818,000000,24.16,24.4499,23.62,24.075,15665,0
CALT.US,D,20200819,000000,24.62,24.6539,23.7,24.3,19122,0
CALT.US,D,20200820,000000,23.68,25.99,23.095,24.33,17076,0
CALT.US,D,20200821,000000,24.33,24.33,21,22.47,172857,0
CALT.US,D,20200824,000000,23.04,23.44,22.467,22.66,36167,0
CALT.US,D,20200825,000000,23.46,23.69,22.67,23.44,29993,0
CALT.US,D,20200826,000000,23.44,23.755,22.54,23.13,29605,0
CALT.US,D,20200827,000000,23.88,24,23.13,23.49,42995,0
CALT.US,D,20200828,000000,23.71,23.93,23.17,23.34,16880,0
CALT.US,D,20200831,000000,24.07,24.28,22.02,22.71,84242,0
CALT.US,D,20200901,000000,23.56,23.69,22.77,22.85,61644,0
CALT.US,D,20200902,000000,23.25,23.32,22.57,23.04,79088,0
CALT.US,D,20200903,000000,23.28,23.28,22.3517,22.49,43107,0
CALT.US,D,20200904,000000,22.42,23.12,21.75,22.47,38433,0
CALT.US,D,20200908,000000,22.74,22.79,21.7701,22.5,122372,0
CALT.US,D,20200909,000000,22.92,25.02,22.325,22.65,219244,0
CALT.US,D,20200910,000000,22.77,22.89,22.31,22.5,24371,0
CALT.US,D,20200911,000000,22.58,22.8,22.24,22.54,55024,0
CALT.US,D,20200914,000000,22.9987,23.17,22.5501,22.79,23142,0
CALT.US,D,20200915,000000,23.26,23.29,22.71,22.71,14126,0
CALT.US,D,20200916,000000,23.68,23.68,22.98,23.44,36595,0
CALT.US,D,20200917,000000,23.78,26.81,23.69,24.8,38535,0
CALT.US,D,20200918,000000,24.73,25.91,23.59,23.8,22111,0
CALT.US,D,20200921,000000,23.61,26.59,23.16,24.5,67343,0
CALT.US,D,20200922,000000,23.61,25,23.27,24.5,17573,0
CALT.US,D,20200923,000000,24.15,24.15,22.89,23.42,18028,0
CALT.US,D,20200924,000000,22.88,23.48,22.4,22.6,10025,0
CALT.US,D,20200925,000000,22.34,25.45,22.315,23.42,61132,0
CALT.US,D,20200928,000000,23.22,26.27,22.62,24,117602,0
CALT.US,D,20200929,000000,23.7,24.3,23.36,23.42,36526,0
CALT.US,D,20200930,000000,23.77,24.21,23.73,24,20985,0
CALT.US,D,20201001,000000,23.85,24.48,23.75,24.08,51299,0
CALT.US,D,20201002,000000,23.18,24.71,23.095,23.53,22373,0
CALT.US,D,20201005,000000,24.22,26.35,23.01,24.99,97958,0
CALT.US,D,20201006,000000,24.81,24.96,24.1,24.61,26033,0
CALT.US,D,20201007,000000,24.61,25.76,24.61,25.09,15290,0
CALT.US,D,20201008,000000,26.57,27.23,25.8201,25.93,329998,0
CALT.US,D,20201009,000000,27.02,28.63,26.944,28.26,79049,0
CALT.US,D,20201012,000000,28.45,30,28.44,29.24,65430,0
CALT.US,D,20201013,000000,28.33,29.99,27.47,29.57,131177,0
CALT.US,D,20201014,000000,28.5,32.07,27.61,29.5,165768,0
CALT.US,D,20201015,000000,27.57,31,27.53,29.23,163364,0
CALT.US,D,20201016,000000,28.35,30.14,27.36,28.99,112883,0
CALT.US,D,20201019,000000,27.84,29.62,27.47,27.6,128525,0
CALT.US,D,20201020,000000,28.31,28.44,27.42,27.88,59767,0
CALT.US,D,20201021,000000,27.47,27.87,26.84,27.04,89233,0
CALT.US,D,20201022,000000,26.88,27.4,26.73,27.34,20427,0
CALT.US,D,20201023,000000,26.74,26.795,25.96,26,64466,0
CALT.US,D,20201026,000000,25.5425,25.88,25.05,25.27,20976,0
CALT.US,D,20201027,000000,24.97,26.02,24.66,25.09,47815,0
CALT.US,D,20201028,000000,23.7,24.45,23.23,23.46,37703,0
CALT.US,D,20201029,000000,23.34,24.0099,23.34,23.75,23228,0
CALT.US,D,20201030,000000,23.9,24,23.2971,23.34,6322,0
CALT.US,D,20201102,000000,23.53,24.03,23.35,23.69,9762,0
CALT.US,D,20201103,000000,24.23,24.5,23.97,24.23,7183,0
CALT.US,D,20201104,000000,24.98,26.05,24.95,25.7,21027,0
CALT.US,D,20201105,000000,25.98,25.99,25.51,25.51,4715,0
CALT.US,D,20201106,000000,25.76,26.25,24.745,25.17,56018,0
CALT.US,D,20201109,000000,37.9,38,32.11,33.95,751059,0
CALT.US,D,20201110,000000,34.22,35.495,33.45,34.66,108675,0
CALT.US,D,20201111,000000,35.25,36.1,33.5,33.5,150562,0
CALT.US,D,20201112,000000,34.5,34.7,32.7,32.7,132436,0
CALT.US,D,20201113,000000,32.77,33.22,32.35,32.5,118906,0
CALT.US,D,20201116,000000,32.69,33.77,32.69,32.96,72018,0
CALT.US,D,20201117,000000,32.55,32.84,32.43,32.53,21965,0
CALT.US,D,20201118,000000,32.88,33.19,32.72,32.76,33284,0
CALT.US,D,20201119,000000,32.74,32.85,32.41,32.62,14712,0
CALT.US,D,20201120,000000,32.7,33,32.6,33,17340,0
CALT.US,D,20201123,000000,32.6646,32.75,32.23,32.23,4147,0
CALT.US,D,20201124,000000,31.99,32.41,31.81,32.3,6747,0
CALT.US,D,20201125,000000,32.52,33,32.52,32.68,17648,0
CALT.US,D,20201127,000000,32.66,33.35,32.66,33.17,27482,0
CALT.US,D,20201130,000000,35.86,36.65,35.56,36.65,51637,0
CALT.US,D,20201201,000000,36.42,36.43,35.33,35.95,14023,0
CALT.US,D,20201202,000000,34.78,34.78,33.81,34.15,41167,0
CALT.US,D,20201203,000000,34.1038,34.15,33.63,33.63,13486,0
CALT.US,D,20201204,000000,34.02,34.19,33.76,33.91,27833,0
CALT.US,D,20201207,000000,34.08,34.55,33.89,34.55,2261,0
CALT.US,D,20201208,000000,33.66,34.71,33.56,34.71,3590,0
CALT.US,D,20201209,000000,34.57,34.61,33.77,33.77,987,0
CALT.US,D,20201210,000000,33.57,33.95,33.2,33.93,1785,0
CALT.US,D,20201211,000000,33.35,33.5,32.98,33.49,3485,0
CALT.US,D,20201214,000000,34,34.39,33.5203,33.6,5416,0
CALT.US,D,20201215,000000,33.92,34.76,33.6301,34.74,2219,0
CALT.US,D,20201216,000000,33.9858,34.43,33.9858,34.43,827,0
CALT.US,D,20201217,000000,34.7404,34.75,34.31,34.31,2541,0
CALT.US,D,20201218,000000,33.7262,33.7262,33.53,33.68,1714,0
CALT.US,D,20201221,000000,33.06,34.25,32.86,33.48,5201,0
CALT.US,D,20201222,000000,33.54,33.64,32.68,33.38,8459,0
CALT.US,D,20201223,000000,32.93,32.93,32.42,32.44,3155,0
CALT.US,D,20201224,000000,32.9373,33.28,32.9373,33.28,815,0
CALT.US,D,20201228,000000,33.19,33.53,32.75,33.53,2359,0
CALT.US,D,20201229,000000,33.99,34.01,33.24,33.34,7593,0
CALT.US,D,20201230,000000,33.93,34.15,33.38,33.97,4078,0
CALT.US,D,20201231,000000,33.57,33.62,33.57,33.62,999,0
CALT.US,D,20210104,000000,32.41,32.41,32.41,32.41,138,0
CALT.US,D,20210105,000000,32.93,32.93,31.35,32,42357,0
CALT.US,D,20210106,000000,32.5,32.5758,31.57,32.51,18989,0
CALT.US,D,20210107,000000,31.99,31.99,31.59,31.85,18580,0
CALT.US,D,20210108,000000,31.96,31.96,31.355,31.6,7464,0
CALT.US,D,20210111,000000,31.4,31.4,30.9,31,37860,0
CALT.US,D,20210112,000000,31.3,31.3,30.62,30.62,12729,0
CALT.US,D,20210113,000000,30.27,30.27,30.01,30.01,517,0
CALT.US,D,20210114,000000,31.02,31.39,30.75,31.13,3133,0
CALT.US,D,20210115,000000,30.55,30.55,30.1,30.1,1558,0
CALT.US,D,20210119,000000,31.76,32.55,31.76,32.14,34729,0
CALT.US,D,20210120,000000,32.8,32.95,32.34,32.74,55890,0
CALT.US,D,20210121,000000,31.945,32.766,31.58,31.58,925,0
CALT.US,D,20210122,000000,32.28,33.18,32.03,32.92,6284,0
CALT.US,D,20210125,000000,32,32.13,31.45,32.12,4041,0
CALT.US,D,20210126,000000,31.419,31.419,31.23,31.23,2455,0
CALT.US,D,20210127,000000,28.62,28.77,27.56,27.73,37623,0
CALT.US,D,20210128,000000,28.49,29.87,28.14,28.14,101018,0
CALT.US,D,20210129,000000,27.81,28,27.01,27.01,24387,0
CALT.US,D,20210201,000000,28.51,28.71,27.74,27.74,34410,0
CALT.US,D,20210202,000000,28.47,28.7399,28.3,28.36,42888,0
CALT.US,D,20210203,000000,29.36,30.3091,28.52,28.9,93647,0
CALT.US,D,20210204,000000,30.07,30.4,29.01,29.99,103423,0
CALT.US,D,20210205,000000,30.6599,30.6599,29.21,29.8,208401,0
CALT.US,D,20210208,000000,30.24,30.66,30.12,30.5,78169,0
CALT.US,D,20210209,000000,30.45,30.91,30.11,30.2,61462,0
CALT.US,D,20210210,000000,30.73,30.79,30,30.12,67805,0
CALT.US,D,20210211,000000,31.36,32.4199,31.36,32.06,52363,0
CALT.US,D,20210212,000000,31.87,32.39,31.75,32.39,23040,0
CALT.US,D,20210216,000000,32.44,32.49,32.18,32.18,4725,0
CALT.US,D,20210217,000000,31.77,32.18,31.5,31.9,11836,0
CALT.US,D,20210218,000000,30.63,30.8347,30.3,30.3,11140,0
CALT.US,D,20210219,000000,31.27,31.28,30.21,30.55,6347,0
CALT.US,D,20210222,000000,30.24,30.24,29.67,29.9,9465,0
CALT.US,D,20210223,000000,29.09,29.09,28.63,29.09,8093,0
CALT.US,D,20210224,000000,28.82,29.17,28.35,28.86,6402,0
CALT.US,D,20210225,000000,28.93,29.15,28.11,28.84,20661,0
CALT.US,D,20210226,000000,29.75,30.02,28.07,28.07,26011,0
CALT.US,D,20210301,000000,29.26,29.56,28.78,29.13,29212,0
CALT.US,D,20210302,000000,29.98,30.14,29.54,29.65,23820,0
CALT.US,D,20210303,000000,29.83,29.99,28.84,28.92,14387,0
CALT.US,D,20210304,000000,28.7032,28.7032,27.14,27.65,34638,0
CALT.US,D,20210305,000000,27.74,27.847,26.5,27.49,21450,0
CALT.US,D,20210308,000000,27.89,28.22,27.39,27.94,12589,0
CALT.US,D,20210309,000000,28.93,29.1292,28.56,28.91,2709,0
CALT.US,D,20210310,000000,29.12,29.23,28.56,28.82,12625,0
CALT.US,D,20210311,000000,30.04,30.3892,29.2,30.03,14005,0
CALT.US,D,20210312,000000,30.07,30.07,29.021,29.94,6457,0
CALT.US,D,20210315,000000,29.86,30.09,29.6,29.88,61847,0
CALT.US,D,20210316,000000,29.87,29.87,29.02,29.41,16913,0
CALT.US,D,20210317,000000,29.97,30,29.71,29.91,3580,0
CALT.US,D,20210318,000000,29.62,29.64,29.17,29.62,12652,0
CALT.US,D,20210319,000000,29.25,29.4751,29,29,902,0
CALT.US,D,20210322,000000,29.76,30,29.3,29.61,11856,0
CALT.US,D,20210323,000000,29.56,29.9722,29.48,29.9722,2744,0
CALT.US,D,20210324,000000,29.01,29.28,27.25,28.4502,2720,0
CALT.US,D,20210325,000000,28.49,28.54,27.82,28.14,9571,0
CALT.US,D,20210326,000000,28.52,29.3,28.23,29.3,1534,0
CALT.US,D,20210329,000000,28.12,28.12,26.98,27.42,7894,0
CALT.US,D,20210330,000000,27.46,27.88,27.33,27.46,7767,0
CALT.US,D,20210331,000000,27.92,28,27.565,27.565,16946,0
CALT.US,D,20210401,000000,27.45,27.96,27.3319,27.57,39080,0
CALT.US,D,20210405,000000,27.305,28.03,27.305,27.45,45088,0
CALT.US,D,20210406,000000,27.49,27.75,27.395,27.5,113328,0
CALT.US,D,20210407,000000,27.33,27.5,26.79,26.905,65473,0
CALT.US,D,20210408,000000,27.4,27.65,27.4,27.5,98755,0
CALT.US,D,20210409,000000,27.44,27.51,27.2,27.495,68087,0
CALT.US,D,20210412,000000,27.17,27.4,26.76,27.2,11326,0
CALT.US,D,20210413,000000,26.99,27,26.72,26.72,34853,0
CALT.US,D,20210414,000000,26.92,27.17,26.9,26.95,116374,0
CALT.US,D,20210415,000000,27.22,27.32,27.02,27.19,121587,0
CALT.US,D,20210416,000000,27.15,27.25,26.8,26.88,14993,0
CALT.US,D,20210419,000000,26.91,27.15,26.26,26.91,21278,0
CALT.US,D,20210420,000000,26.58,26.63,25.9,26.02,20204,0
CALT.US,D,20210421,000000,26.57,27,26.55,26.65,51081,0
CALT.US,D,20210422,000000,27.23,27.38,26.75,26.99,90650,0
CALT.US,D,20210423,000000,28.45,28.7,28.01,28.36,82001,0
CALT.US,D,20210426,000000,28.98,29.2399,28.76,28.91,109836,0
CALT.US,D,20210427,000000,29.09,29.09,28.401,28.76,20048,0
CALT.US,D,20210428,000000,31.47,31.84,29.76,30,301997,0
CALT.US,D,20210429,000000,29.97,30.09,29,29.64,82692,0
CALT.US,D,20210430,000000,29.24,29.8912,29.07,29.6,26715,0
CALT.US,D,20210503,000000,30.02,30.19,29.71,30,136352,0
CALT.US,D,20210504,000000,29.55,29.61,28.9,29,99022,0
CALT.US,D,20210505,000000,28.64,28.79,28.2,28.4,51685,0
CALT.US,D,20210506,000000,27.95,27.95,27.42,27.66,39816,0
CALT.US,D,20210507,000000,27.94,28.28,27.72,28.03,63567,0
CALT.US,D,20210510,000000,28.2,28.2,27.52,27.68,31414,0
CALT.US,D,20210511,000000,27.06,27.4786,26.87,27.24,24905,0
CALT.US,D,20210512,000000,27,27.04,26.85,27.02,10032,0
CALT.US,D,20210513,000000,27.19,28,26.73,27.12,8040,0
CALT.US,D,20210514,000000,27.3,27.82,27.23,27.71,9092,0
CALT.US,D,20210517,000000,28.15,29.12,28.15,29.12,18541,0
CALT.US,D,20210518,000000,28.905,29.12,28.76,29.08,13971,0
CALT.US,D,20210519,000000,27.99,28.26,27.9,28.26,13263,0
CALT.US,D,20210520,000000,28.26,28.97,28.21,28.97,8433,0
CALT.US,D,20210521,000000,30,30.17,29.7485,30.15,16961,0
CALT.US,D,20210524,000000,29.99,30.18,29.88,29.94,10269,0
CALT.US,D,20210525,000000,30.32,30.36,29.98,30.05,7750,0
CALT.US,D,20210526,000000,29.71,30.27,29.46,30.24,17602,0
CALT.US,D,20210527,000000,29.8,29.8,29.53,29.64,10631,0
CALT.US,D,20210528,000000,29.64,30.08,29.6,29.6,11351,0
CALT.US,D,20210601,000000,30.92,30.92,30.35,30.35,8469,0
CALT.US,D,20210602,000000,30.05,30.0999,29.74,29.78,8528,0
CALT.US,D,20210603,000000,28.95,28.98,28.6001,28.65,14025,0
CALT.US,D,20210604,000000,28.66,29.44,28.58,29.44,6071,0
CALT.US,D,20210607,000000,28.52,30.16,28.1,30.16,26534,0
CALT.US,D,20210608,000000,29.52,29.52,28.63,29.16,8857,0
CALT.US,D,20210609,000000,29.42,29.81,29.21,29.26,7407,0
CALT.US,D,20210610,000000,29,29.84,29,29.68,4995,0
CALT.US,D,20210611,000000,30.89,31.39,30.89,31.09,25844,0
CALT.US,D,20210614,000000,31.55,31.55,30.92,31.175,13747,0
CALT.US,D,20210615,000000,30.95,30.95,30.27,30.385,4825,0
CALT.US,D,20210616,000000,30.36,31.8671,30.33,30.4499,6546,0
CALT.US,D,20210617,000000,29.1,29.22,28.67,28.92,11942,0
CALT.US,D,20210618,000000,28.53,28.53,28.05,28.05,16091,0
CALT.US,D,20210621,000000,28.2,28.4,27.9101,28,8046,0
CALT.US,D,20210622,000000,27.66,29.41,27.66,28.33,13982,0
CALT.US,D,20210623,000000,28.68,28.68,28.23,28.57,14834,0
CALT.US,D,20210624,000000,31.26,31.26,28.22,28.6,20058,0
CALT.US,D,20210625,000000,28.07,29.82,28,28.54,7864,0
CALT.US,D,20210628,000000,29.11,29.2887,28.606,28.9,16494,0
CALT.US,D,20210629,000000,29.57,29.81,29.41,29.66,8418,0
CALT.US,D,20210630,000000,29.37,29.73,29.315,29.45,8751,0
CALT.US,D,20210701,000000,29.42,29.75,29.39,29.54,4243,0
CALT.US,D,20210702,000000,30.21,30.48,30.04,30.2,11172,0
CALT.US,D,20210706,000000,32,32.12,31.45,31.59,22697,0
CALT.US,D,20210707,000000,32.46,33.19,31.35,33.19,19895,0
CALT.US,D,20210708,000000,31.81,33.04,31.53,32.13,32270,0
CALT.US,D,20210709,000000,32.035,32.97,31.82,32,13015,0
CALT.US,D,20210712,000000,31.61,31.61,31.33,31.33,2518,0
CALT.US,D,20210713,000000,30.92,31.09,30.51,30.51,5636,0
CALT.US,D,20210714,000000,30.63,30.73,30.255,30.285,8382,0
CALT.US,D,20210715,000000,29.71,29.71,29.01,29.2,6159,0
CALT.US,D,20210716,000000,29.58,30.0743,29.2,29.51,8230,0
CALT.US,D,20210719,000000,28.69,30.2299,28.69,30.08,6818,0
CALT.US,D,20210720,000000,29.06,29.985,29.06,29.5,17622,0
CALT.US,D,20210721,000000,30.12,30.4,28.89,29.31,27914,0
CALT.US,D,20210722,000000,29.98,30,29.28,29.34,13541,0
CALT.US,D,20210723,000000,30.27,30.32,29.57,30.05,15592,0
CALT.US,D,20210726,000000,30.03,30.095,29.76,29.78,10572,0
CALT.US,D,20210727,000000,29.66,29.66,28.52,29.1315,11165,0
CALT.US,D,20210728,000000,29.61,30,29.406,29.5,12808,0
CALT.US,D,20210729,000000,29.4574,29.62,29.0024,29.21,6762,0
CALT.US,D,20210730,000000,29.25,29.495,28.79,29.05,27212,0
CALT.US,D,20210802,000000,28.97,29.71,28.7085,29.12,6446,0
CALT.US,D,20210803,000000,28.58,29.1588,28.51,28.855,16374,0
CALT.US,D,20210804,000000,28.72,29.1,28.72,28.8,4778,0
CALT.US,D,20210805,000000,29.28,29.5,29.25,29.28,10492,0
CALT.US,D,20210806,000000,29.43,29.43,29.2161,29.25,2772,0
CALT.US,D,20210809,000000,29.45,29.69,29.3,29.5,24671,0
CALT.US,D,20210810,000000,32.02,32.32,31.44,31.68,20274,0
CALT.US,D,20210811,000000,32.39,32.845,32.3,32.528,7387,0
CALT.US,D,20210812,000000,32.59,32.92,30.79,31.6,31392,0
CALT.US,D,20210813,000000,30.09,30.5,29.9,30.15,17751,0
CALT.US,D,20210816,000000,27.38,27.43,24.87,26.82,134028,0
CALT.US,D,20210817,000000,23.46,23.95,22.88,22.88,111661,0
CALT.US,D,20210818,000000,22.87,23.0673,22.01,22.01,61736,0
CALT.US,D,20210819,000000,22.83,22.83,21.51,21.91,74100,0
CALT.US,D,20210820,000000,21.34,21.5099,20.5,21.03,59190,0
CALT.US,D,20210823,000000,21.97,22.96,21.86,22.96,35219,0
CALT.US,D,20210824,000000,22.48,22.48,21.99,22.295,25365,0
CALT.US,D,20210825,000000,22.51,22.6846,22.405,22.54,13138,0
CALT.US,D,20210826,000000,23.61,24.09,23.55,23.8,29477,0
CALT.US,D,20210827,000000,23.53,23.98,23.32,23.9089,22936,0
CALT.US,D,20210830,000000,26.27,26.55,26.097,26.55,41830,0
CALT.US,D,20210831,000000,27.53,28.18,27.53,28.18,22929,0
CALT.US,D,20210901,000000,28.21,28.58,27.78,28.58,35561,0
CALT.US,D,20210902,000000,29.74,30.99,29.57,30.99,72197,0
CALT.US,D,20210903,000000,30.18,30.85,29.745,30.71,46086,0
CALT.US,D,20210907,000000,30.36,30.71,29.82,30.67,39493,0
CALT.US,D,20210908,000000,30.65,31.19,30.25,30.55,33295,0
CALT.US,D,20210909,000000,31.36,32.24,31.18,32.19,34569,0
CALT.US,D,20210910,000000,30.22,30.77,29.95,30.23,86374,0
CALT.US,D,20210913,000000,30.23,30.745,28.27,28.29,81350,0
CALT.US,D,20210914,000000,28.98,29.76,23.75,24.48,171778,0
CALT.US,D,20210915,000000,23.5,23.55,21.7001,22.71,193919,0
CALT.US,D,20210916,000000,22.19,22.47,21.99,22.24,40130,0
CALT.US,D,20210917,000000,22.29,23.06,22.25,23.06,20322,0
CALT.US,D,20210920,000000,22.39,23.099,22.32,23.09,16931,0
CALT.US,D,20210921,000000,22.61,23.05,22.42,22.98,25139,0
CALT.US,D,20210922,000000,22.89,23.2974,22.73,22.845,13718,0
CALT.US,D,20210923,000000,22.87,22.92,22.21,22.53,17965,0
CALT.US,D,20210924,000000,22.13,22.4449,22.0364,22.42,9474,0
CALT.US,D,20210927,000000,22.2,22.32,21.93,22.08,14046,0
CALT.US,D,20210928,000000,21.98,21.98,21.51,21.72,15349,0
CALT.US,D,20210929,000000,21.72,21.8,21.344,21.57,13781,0
CALT.US,D,20210930,000000,21.6,22,21.575,21.62,15461,0
CALT.US,D,20211001,000000,22.29,22.33,21.6901,22.27,14876,0
CALT.US,D,20211004,000000,21.79,21.88,20.9,21.15,18422,0
CALT.US,D,20211005,000000,20.72,20.93,20.5484,20.92,16404,0
CALT.US,D,20211006,000000,20.42,20.75,20.1801,20.67,12334,0
CALT.US,D,20211007,000000,20.35,20.59,20.1482,20.5699,12690,0
CALT.US,D,20211008,000000,20.16,20.4139,20.16,20.24,7034,0
CALT.US,D,20211011,000000,20.41,21.1,20.41,20.64,5441,0
CALT.US,D,20211012,000000,22,23.4416,21.86,22.94,46603,0
CALT.US,D,20211013,000000,21.83,22.1,21.456,21.95,22486,0
CALT.US,D,20211014,000000,22.51,22.775,22.25,22.25,8040,0
CALT.US,D,20211015,000000,22.31,22.5533,22.1301,22.18,7268,0
CALT.US,D,20211018,000000,22.24,23.1242,22.24,22.4534,4119,0
CALT.US,D,20211019,000000,22.4,22.44,22.21,22.32,7559,0
CALT.US,D,20211020,000000,22.67,22.85,22.251,22.85,16147,0
CALT.US,D,20211021,000000,22.4,22.4,21.75,22.28,24149,0
CALT.US,D,20211022,000000,22.06,22.11,21.72,21.99,7304,0
CALT.US,D,20211025,000000,20.88,21.01,20.62,21.01,15633,0
CALT.US,D,20211026,000000,20.56,21.225,20.56,20.93,9793,0
CALT.US,D,20211027,000000,21,21.015,20.296,20.75,12440,0
CALT.US,D,20211028,000000,20.25,20.4899,20,20.43,23244,0
CALT.US,D,20211029,000000,16.98,16.98,15.6,16.32,280800,0
CALT.US,D,20211101,000000,15.62,15.7,14.96,15.04,174043,0
CALT.US,D,20211102,000000,15.41,17.12,15.39,16.61,101983,0
CALT.US,D,20211103,000000,16.59,17.71,16.4379,17.6,42306,0
CALT.US,D,20211104,000000,18.39,18.78,17.87,18.07,36380,0
CALT.US,D,20211105,000000,18.44,18.44,17.34,17.73,35662,0
CALT.US,D,20211108,000000,17.72,18.03,17.632,17.97,20816,0
CALT.US,D,20211109,000000,18.95,18.95,18.44,18.8,22162,0
CALT.US,D,20211110,000000,18.18,18.47,17.97,18.05,33295,0
CALT.US,D,20211111,000000,16.75,16.76,16.49,16.61,46802,0
CALT.US,D,20211112,000000,16.61,17.1784,16.48,16.98,15361,0
CALT.US,D,20211115,000000,17.07,17.14,16.5,17.14,22805,0
CALT.US,D,20211116,000000,16.64,16.77,16.38,16.59,17718,0
CALT.US,D,20211117,000000,16.4,16.78,16.4,16.56,27579,0
CALT.US,D,20211118,000000,17.54,18.28,17.27,17.7,41994,0
CALT.US,D,20211119,000000,18.36,18.705,18.22,18.705,24247,0
CALT.US,D,20211122,000000,19.1,19.18,18.68,18.95,17681,0
CALT.US,D,20211123,000000,19.58,19.58,18.95,19.39,28941,0
CALT.US,D,20211124,000000,19.85,19.89,19.21,19.21,18445,0
CALT.US,D,20211126,000000,18.4,18.5,17.66,17.85,34426,0
CALT.US,D,20211129,000000,17.9,18.2407,17.67,17.68,16893,0
CALT.US,D,20211130,000000,18.33,18.77,18.28,18.39,31997,0
CALT.US,D,20211201,000000,18.59,19.3,17.83,17.93,60292,0
CALT.US,D,20211202,000000,17.6,18.026,17.47,17.71,25972,0
CALT.US,D,20211203,000000,17.55,17.6,16.66,17.16,21907,0
CALT.US,D,20211206,000000,16.67,17,16.437,16.9,20701,0
CALT.US,D,20211207,000000,17.04,18.01,16.98,17,34942,0
CALT.US,D,20211208,000000,17.92,18.04,17.33,17.61,66241,0
CALT.US,D,20211209,000000,17.72,18.185,17.08,17.3,79703,0
CALT.US,D,20211210,000000,17.3,18.29,17.23,17.85,66244,0
CALT.US,D,20211213,000000,17.4,17.7773,17.08,17.25,114045,0
CALT.US,D,20211214,000000,17.2,19.05,16.18,16.65,292212,0
CALT.US,D,20211215,000000,15.1,21.69,14.22,18.64,1490569,0
CALT.US,D,20211216,000000,25.71,27.5,22.5,22.93,5564868,0
CALT.US,D,20211217,000000,22.87,25.71,22.61,23.475,1009377,0
CALT.US,D,20211220,000000,26.22,26.64,25.48,26.26,494101,0
CALT.US,D,20211221,000000,24.83,25.24,24.02,24.77,131482,0
CALT.US,D,20211222,000000,25.17,26.14,25.02,25.79,89540,0
CALT.US,D,20211223,000000,25.8,26.57,25.71,26.32,68395,0
CALT.US,D,20211227,000000,26.14,26.15,25.52,25.68,41443,0
CALT.US,D,20211228,000000,25.56,25.64,24.82,25,46631,0
CALT.US,D,20211229,000000,24.95,24.98,24.59,24.75,38530,0
CALT.US,D,20211230,000000,24.7,25.03,24.7,24.87,26998,0
CALT.US,D,20211231,000000,25.39,25.39,24.53,24.76,6790,0
CALT.US,D,20220103,000000,25.08,25.55,24.61,25.55,45000,0
CALT.US,D,20220104,000000,24.77,24.81,23.96,24.37,57459,0
CALT.US,D,20220105,000000,24.52,25,23.95,24.04,36854,0
CALT.US,D,20220106,000000,23.86,24.18,23.15,23.84,47504,0
CALT.US,D,20220107,000000,23.53,23.73,23.15,23.23,30040,0
CALT.US,D,20220110,000000,22.24,22.39,21.7,21.91,56087,0
CALT.US,D,20220111,000000,22.5,22.72,22.16,22.4,52593,0
CALT.US,D,20220112,000000,24.68,24.7791,23.55,23.89,58964,0
CALT.US,D,20220113,000000,24.03,24.29,23.47,23.47,35999,0
CALT.US,D,20220114,000000,23.48,23.52,22.92,23.17,16028,0
CALT.US,D,20220118,000000,21.8,22.38,21.61,22.16,29369,0
CALT.US,D,20220119,000000,21.79,22.575,21.79,22.27,23005,0
CALT.US,D,20220120,000000,22.55,23,22.03,22.22,22280,0
CALT.US,D,20220121,000000,21.88,21.88,21.12,21.12,30900,0
CALT.US,D,20220124,000000,19.79,21.07,19.14,20.86,69523,0
CALT.US,D,20220125,000000,19.71,20.14,19.15,19.55,36546,0
CALT.US,D,20220126,000000,19.75,20.08,18.99,18.99,41552,0
CALT.US,D,20220127,000000,19.74,19.945,18.61,18.66,61830,0
CALT.US,D,20220128,000000,20.36,20.36,19.04,19.75,134690,0
CALT.US,D,20220131,000000,20.32,21.3,20.32,21.21,28729,0
CALT.US,D,20220201,000000,21.24,21.3,20.8018,21.15,8324,0
CALT.US,D,20220202,000000,22.23,22.35,21.6512,22.13,21040,0
CALT.US,D,20220203,000000,21.44,21.78,21.0645,21.78,6077,0
CALT.US,D,20220204,000000,20.86,21.3,20.55,21.3,5204,0
CALT.US,D,20220207,000000,21.4,22.345,21.32,21.87,18456,0
CALT.US,D,20220208,000000,21.19,22.445,20.88,21.92,15762,0
CALT.US,D,20220209,000000,22.01,23.01,21.98,22.94,15902,0
CALT.US,D,20220210,000000,22.1,22.52,21.88,21.94,9356,0
CALT.US,D,20220211,000000,22.37,22.675,21.6,22.01,11027,0
CALT.US,D,20220214,000000,20.71,21.25,20.57,21.25,7809,0
CALT.US,D,20220215,000000,21.78,22.2415,21.43,21.85,22875,0
CALT.US,D,20220216,000000,21.48,21.64,21.2421,21.38,4980,0
CALT.US,D,20220217,000000,21,21,19.82,20.02,18016,0
CALT.US,D,20220218,000000,20.13,20.15,19.07,19.12,17018,0
CALT.US,D,20220222,000000,18.96,19.35,18.92,19.21,26978,0
CALT.US,D,20220223,000000,18.86,18.91,17.67,17.71,15553,0
CALT.US,D,20220224,000000,16.47,17.91,16.34,17.91,47600,0
CALT.US,D,20220225,000000,18.7,18.79,18.015,18.5,28608,0
CALT.US,D,20220228,000000,19.3,20.05,19.3,19.745,19368,0
CALT.US,D,20220301,000000,18.84,19.2,17.7503,17.78,20344,0
CALT.US,D,20220302,000000,18.18,18.3699,17.4,17.74,15490,0
CALT.US,D,20220303,000000,17.31,17.36,16.41,16.57,9998,0
CALT.US,D,20220304,000000,16.455,16.6705,16.17,16.29,12925,0
CALT.US,D,20220307,000000,16.28,16.28,15.5,15.5,11330,0
CALT.US,D,20220308,000000,15.59,15.66,15.05,15.14,17385,0
CALT.US,D,20220309,000000,16.45,17.1,16.34,16.807,27045,0
CALT.US,D,20220310,000000,16.69,16.89,16.5,16.5,5564,0
CALT.US,D,20220311,000000,17.54,17.57,16.7,16.865,14743,0
CALT.US,D,20220314,000000,17.45,17.78,16.61,17.19,12302,0
CALT.US,D,20220315,000000,17.02,17.08,16.53,16.735,8986,0
CALT.US,D,20220316,000000,17.37,17.965,17.34,17.965,17344,0
CALT.US,D,20220317,000000,18.19,18.765,18.15,18.3,8892,0
CALT.US,D,20220318,000000,18.43,18.77,18.43,18.52,6452,0
CALT.US,D,20220321,000000,18.92,19.12,18.74,18.93,6727,0
CALT.US,D,20220322,000000,18.1,18.5907,17.8,17.96,16342,0
CALT.US,D,20220323,000000,18.19,18.19,17.62,17.62,5833,0
CALT.US,D,20220324,000000,19,19.34,18.73,19.27,16824,0
CALT.US,D,20220325,000000,19.26,19.28,18.63,19,5443,0
CALT.US,D,20220328,000000,18.35,18.63,17.995,18.265,15058,0
CALT.US,D,20220329,000000,19.09,19.49,18.57,18.9,14976,0
CALT.US,D,20220330,000000,18.95,19.9699,18.95,19.87,7734,0
CALT.US,D,20220331,000000,19.15,19.3992,18.99,19.14,2301,0
CALT.US,D,20220401,000000,19.44,19.69,18.9101,19.475,3042,0
CALT.US,D,20220404,000000,19.62,19.89,19.62,19.77,1927,0
CALT.US,D,20220405,000000,20.46,20.86,19.43,19.65,11493,0
CALT.US,D,20220406,000000,20.01,20.01,19.6401,19.91,5607,0
CALT.US,D,20220407,000000,19.8,20.36,19.43,20.36,6103,0
CALT.US,D,20220408,000000,19.69,19.75,19.61,19.62,4597,0
CALT.US,D,20220411,000000,19.2244,19.41,18.9,18.9,3794,0
CALT.US,D,20220412,000000,19.24,19.46,18.95,19.01,2271,0
CALT.US,D,20220413,000000,18.67,18.95,18.6,18.775,3769,0
CALT.US,D,20220414,000000,16.98,18.66,16.98,18.31,3846,0
CALT.US,D,20220418,000000,18.17,18.93,18.17,18.78,7349,0
CALT.US,D,20220419,000000,18.34,18.665,18.245,18.5095,12705,0
CALT.US,D,20220420,000000,18.35,18.35,17.5,18.13,3199,0
CALT.US,D,20220421,000000,17.73,17.7433,17.14,17.14,3115,0
CALT.US,D,20220422,000000,17.3299,17.37,17.085,17.085,5387,0
CALT.US,D,20220425,000000,16.51,16.7,16.3852,16.57,7813,0
CALT.US,D,20220426,000000,16.01,16.0245,15.6,15.61,5703,0
CALT.US,D,20220427,000000,15.63,15.7428,15.16,15.16,14669,0
CALT.US,D,20220428,000000,15.215,15.2216,14.69,15.2216,11423,0
CALT.US,D,20220429,000000,15.305,15.45,14.67,14.71,3885,0
CALT.US,D,20220502,000000,14.85,15.15,14.37,14.71,4175,0
CALT.US,D,20220503,000000,14.9,15.05,14.9,15.05,834,0
CALT.US,D,20220504,000000,14.69,14.8,14.41,14.8,2052,0
CALT.US,D,20220505,000000,14.55,14.55,13.697,14.15,6573,0
CALT.US,D,20220506,000000,13.93,14.23,13.93,14.18,3784,0
CALT.US,D,20220509,000000,13.15,13.2468,12.5501,12.85,15148,0
CALT.US,D,20220510,000000,13.0095,13.75,13.0095,13.46,21105,0
CALT.US,D,20220511,000000,13.5935,14,13.58,13.68,10437,0
CALT.US,D,20220512,000000,12.98,13.54,12.885,13.54,15957,0
CALT.US,D,20220513,000000,13.66,14.17,13.66,14.17,7171,0
CALT.US,D,20220516,000000,14.35,15.04,14.35,14.51,5104,0
CALT.US,D,20220517,000000,14.78,15.2,14.67,15.2,4773,0
CALT.US,D,20220518,000000,15.41,16.16,15.41,15.9899,9427,0
CALT.US,D,20220519,000000,18.41,18.85,17.73,18.46,51083,0
CALT.US,D,20220520,000000,19.74,20.26,18.9,19.45,31112,0
CALT.US,D,20220523,000000,19.15,19.7,18.68,18.8001,15704,0
CALT.US,D,20220524,000000,18.08,18.7,17.61,18.7,9305,0
CALT.US,D,20220525,000000,18.7,19.56,17.1519,18.53,33714,0
CALT.US,D,20220526,000000,18.4,19,17.62,17.62,10347,0
CALT.US,D,20220527,000000,18,18.15,17.3117,18.01,5589,0
CALT.US,D,20220531,000000,18.02,18.03,17.25,17.85,4032,0
CALT.US,D,20220601,000000,17.57,17.82,17.02,17.82,2240,0
CALT.US,D,20220602,000000,18.96,19.45,18.8,19.1,8481,0
CALT.US,D,20220603,000000,19.42,19.42,19.1635,19.1667,3481,0
CALT.US,D,20220606,000000,19.09,19.09,19.09,19.09,273,0
CALT.US,D,20220607,000000,19.44,19.45,19.44,19.45,735,0
CALT.US,D,20220608,000000,20,20.5399,19.1,19.49,8724,0
CALT.US,D,20220609,000000,19.61,19.61,19.61,19.61,865,0
CALT.US,D,20220610,000000,18.4,18.9,18.3,18.66,5839,0
CALT.US,D,20220613,000000,17.53,18.4925,17.35,18.4925,2961,0
CALT.US,D,20220614,000000,16.86,18.1,16.75,18.1,8149,0
CALT.US,D,20220615,000000,17.2,17.4335,16.86,17.4335,6092,0
CALT.US,D,20220616,000000,16.95,16.95,15.78,15.91,4214,0
CALT.US,D,20220617,000000,16.88,17.82,16.6,17.82,9166,0
CALT.US,D,20220621,000000,18.58,18.82,18.24,18.655,2581,0
CALT.US,D,20220622,000000,18.61,18.76,18,18,1716,0
CALT.US,D,20220623,000000,18.49,18.94,18.0673,18.0673,3445,0
CALT.US,D,20220624,000000,18.86,19,18.494,18.95,3267,0
CALT.US,D,20220627,000000,18.8,18.832,18.8,18.8001,2363,0
CALT.US,D,20220628,000000,17.735,17.735,17.735,17.735,324,0
CALT.US,D,20220629,000000,17.46,18.4,17.4,17.52,2561,0
CALT.US,D,20220630,000000,17.53,17.75,17.53,17.75,902,0
CALT.US,D,20220701,000000,18.11,18.5003,17.65,18.36,5157,0
CALT.US,D,20220705,000000,17.88,18.36,17.4,17.57,4768,0
CALT.US,D,20220706,000000,18.36,18.39,17.7211,17.7211,4036,0
CALT.US,D,20220707,000000,17.58,17.76,17.54,17.76,4392,0
CALT.US,D,20220708,000000,17.71,17.71,17.06,17.06,595,0
CALT.US,D,20220711,000000,17.8,17.83,17.0233,17.0233,5101,0
CALT.US,D,20220712,000000,17.05,17.27,17.01,17.01,4979,0
CALT.US,D,20220713,000000,16.76,17.73,16.76,17.73,1833,0
CALT.US,D,20220714,000000,16.7,16.77,16.27,16.5698,1755,0
CALT.US,D,20220715,000000,16.93,18.4351,16.84,18.12,21080,0
CALT.US,D,20220718,000000,18.19,18.35,17.69,17.69,2866,0
CALT.US,D,20220719,000000,18.4,18.59,17.8801,18.57,5452,0
CALT.US,D,20220720,000000,18.33,18.3301,18.28,18.3301,1128,0
CALT.US,D,20220721,000000,18.04,18.26,17.8376,18.195,1673,0
CALT.US,D,20220725,000000,17.83,17.83,17.83,17.83,358,0
CALT.US,D,20220726,000000,18.22,18.22,17.6,17.6,3660,0
CALT.US,D,20220727,000000,18.59,19.31,18.59,18.9847,8943,0
CALT.US,D,20220728,000000,18.58,18.9072,18.58,18.9072,741,0
CALT.US,D,20220729,000000,18.7,18.7,18.0317,18.65,4764,0
CALT.US,D,20220801,000000,19.51,20.26,19.5,19.6592,9038,0
CALT.US,D,20220802,000000,20.54,21.3153,20.45,20.45,4081,0
CALT.US,D,20220803,000000,21.15,21.7299,21.15,21.3,2612,0
CALT.US,D,20220804,000000,21.6,21.6,20.895,21.4,18255,0
CALT.US,D,20220805,000000,20.975,21.59,20.975,21.59,6491,0
CALT.US,D,20220808,000000,22.25,22.7,21.93,22.328,4774,0
CALT.US,D,20220809,000000,21.34,21.47,20.78,20.78,1577,0
CALT.US,D,20220810,000000,21.4,21.7541,21.35,21.575,3687,0
CALT.US,D,20220811,000000,22.48,22.65,22.4,22.49,3144,0
CALT.US,D,20220812,000000,21.88,22.17,21.6609,21.9,2100,0
CALT.US,D,20220815,000000,21.725,21.8,21.55,21.55,1355,0
CALT.US,D,20220817,000000,21.0346,21.21,20.5117,21.21,708,0
CALT.US,D,20220818,000000,17.89,18.66,17.44,18,11080,0
CALT.US,D,20220819,000000,16.6,16.85,16.1,16.13,12268,0
CALT.US,D,20220822,000000,16.15,16.21,15.86,15.89,3514,0
CALT.US,D,20220823,000000,15.66,16.18,15.52,15.52,4053,0
CALT.US,D,20220824,000000,16.03,16.475,16.03,16.28,3372,0
CALT.US,D,20220825,000000,16.69,16.9318,16.69,16.9125,2627,0
CALT.US,D,20220826,000000,16.25,16.25,15.82,16.01,6207,0
CALT.US,D,20220829,000000,15.33,15.6,15.33,15.37,2008,0
CALT.US,D,20220830,000000,15.72,16,15.68,15.99,2706,0
CALT.US,D,20220831,000000,16.43,16.52,16.43,16.5,2353,0
CALT.US,D,20220901,000000,16,16.1093,15.32,15.95,5456,0
CALT.US,D,20220902,000000,16.12,16.12,15.74,15.74,940,0
CALT.US,D,20220906,000000,15.87,15.87,15.6,15.75,1454,0
CALT.US,D,20220907,000000,15.75,15.99,15.46,15.46,3570,0
CALT.US,D,20220908,000000,15.5,15.75,15.5,15.75,2014,0
CALT.US,D,20220909,000000,16.44,16.65,16.31,16.65,2446,0
CALT.US,D,20220912,000000,16.65,17.51,15.6439,16.65,17117,0
CALT.US,D,20220913,000000,16.0385,16.78,15,15.82,15711,0
CALT.US,D,20220914,000000,15.83,16.68,15.13,15.9481,10083,0
CALT.US,D,20220915,000000,15.76,16.445,15.29,15.81,10178,0
CALT.US,D,20220916,000000,15.25,16.19,15.25,15.83,9099,0
CALT.US,D,20220919,000000,15.3,15.9,15.05,15.05,3195,0
CALT.US,D,20220920,000000,15.24,16.25,14.64,15.01,23197,0
CALT.US,D,20220921,000000,14.7037,15.02,14.51,14.9,6556,0
CALT.US,D,20220922,000000,14.2,14.73,14.2,14.73,6162,0
CALT.US,D,20220923,000000,13.74,14.85,13.69,14.35,12504,0
CALT.US,D,20220926,000000,13.96,15.09,13.8,14.15,14360,0
CALT.US,D,20220927,000000,14.12,14.3,13.97,14.2,4321,0
CALT.US,D,20220928,000000,14.36,15.2027,14.12,14.12,7259,0
CALT.US,D,20220929,000000,14.6,14.75,14.31,14.51,4013,0
CALT.US,D,20220930,000000,14.93,15.24,14.93,15.1661,1753,0
CALT.US,D,20221003,000000,15.3999,15.3999,14.9,15.02,4075,0
CALT.US,D,20221004,000000,15.84,17.45,15.05,16.14,19872,0
CALT.US,D,20221005,000000,15.74,16.09,15.3406,15.575,15399,0
CALT.US,D,20221006,000000,15.76,16.3,15.58,15.87,6916,0
CALT.US,D,20221007,000000,15.25,15.26,14.4691,15,3405,0
CALT.US,D,20221010,000000,14.84,15.71,14.84,15.3,15837,0
CALT.US,D,20221011,000000,14.86,15.35,14.52,14.52,5018,0
CALT.US,D,20221012,000000,14.64,14.64,14.3635,14.3635,1357,0
CALT.US,D,20221013,000000,14.31,15.41,13.75,15.21,11554,0
CALT.US,D,20221014,000000,15.79,15.79,15.1295,15.6,1393,0
CALT.US,D,20221017,000000,15.82,16.3505,15.5,16.3505,6382,0
CALT.US,D,20221018,000000,16.12,16.56,15.6,16.0006,6230,0
CALT.US,D,20221019,000000,15.4,15.4,12.78,13.75,16176,0
CALT.US,D,20221020,000000,11.02,12.42,10.82,11.5,109031,0
CALT.US,D,20221021,000000,12.53,12.84,11.81,12.68,49431,0
CALT.US,D,20221024,000000,12.61,12.9,11.965,12.45,7467,0
CALT.US,D,20221025,000000,12.78,13.125,12.11,12.95,19045,0
CALT.US,D,20221026,000000,12.86,13,12.67,13,1517,0
CALT.US,D,20221027,000000,13.08,13.65,12.62,13.05,9141,0
CALT.US,D,20221028,000000,14.41,14.95,13.89,14.5,18473,0
CALT.US,D,20221031,000000,15.12,15.3987,14.4422,14.9,17333,0
CALT.US,D,20221101,000000,15.09,15.19,14.4,14.4,3250,0
CALT.US,D,20221102,000000,14.76,14.92,13.3,14.1,19201,0
CALT.US,D,20221103,000000,14.91,14.91,14.82,14.842,7603,0
CALT.US,D,20221104,000000,15.3107,15.3107,13.82,14.9,4844,0
CALT.US,D,20221107,000000,15,15.0195,14.8,14.8,2906,0
CALT.US,D,20221108,000000,14.73,14.88,13.665,14.3125,10336,0
CALT.US,D,20221109,000000,14.25,14.75,14.2,14.22,7864,0
CALT.US,D,20221110,000000,14.73,14.9,13.9039,14.865,8999,0
CALT.US,D,20221111,000000,14.99,15.25,14.8,15.25,6349,0
CALT.US,D,20221114,000000,14.75,15.5296,14.6,15,5497,0
CALT.US,D,20221115,000000,16.12,16.5,15.89,16.5,7132,0
CALT.US,D,20221116,000000,16.05,16.87,15.1,15.8,16994,0
CALT.US,D,20221117,000000,16.16,16.16,14.71,15.16,15941,0
CALT.US,D,20221118,000000,15.7,15.96,14.9,15.49,9506,0
CALT.US,D,20221121,000000,15.66,15.7,15.18,15.34,7632,0
CALT.US,D,20221122,000000,15.72,16.01,15.57,15.57,6857,0
CALT.US,D,20221123,000000,16.37,17.805,16.1,17.805,7036,0
CALT.US,D,20221125,000000,17.7,17.7,17.05,17.21,5862,0
CALT.US,D,20221128,000000,18.29,19.74,17.8,17.85,18223,0
CALT.US,D,20221129,000000,17.94,18.17,16.5,17.35,18715,0
CALT.US,D,20221130,000000,18.1601,18.98,17.85,18.17,7976,0
CALT.US,D,20221201,000000,18.5,18.7,17.8,18.47,11939,0
CALT.US,D,20221202,000000,17.91,18.37,17.91,18,9776,0
CALT.US,D,20221205,000000,19.03,19.14,18.2131,18.2131,5505,0
CALT.US,D,20221206,000000,18.36,18.84,18.1,18.84,1122,0
CALT.US,D,20221207,000000,18.2526,18.2526,16.82,17.212,2902,0
CALT.US,D,20221208,000000,18.43,18.45,18,18.21,6980,0
CALT.US,D,20221209,000000,18.76,18.96,18.45,18.56,4097,0
CALT.US,D,20221212,000000,18.7164,18.7164,18.25,18.45,3659,0
CALT.US,D,20221213,000000,19.32,19.55,18.4102,19.15,10315,0
CALT.US,D,20221214,000000,19.56,20.07,18.99,19.49,12365,0
CALT.US,D,20221215,000000,19.4223,19.596,18.65,19.596,8803,0
CALT.US,D,20221216,000000,18.97,19,18.8,19,4954,0
CALT.US,D,20221219,000000,18.73,21,18.73,19.5,6440,0
CALT.US,D,20221220,000000,18.2,20.6,18.01,18.65,12527,0
CALT.US,D,20221221,000000,17.99,19.49,17.45,17.5078,9570,0
CALT.US,D,20221222,000000,18.26,18.44,17.25,18,12037,0
CALT.US,D,20221223,000000,17.27,17.46,16.984,17.3,8909,0
CALT.US,D,20221227,000000,17.28,17.29,16.02,16.9169,11228,0
CALT.US,D,20221228,000000,17.3,17.32,15.5557,16.9402,7702,0
CALT.US,D,20221229,000000,17.48,18.31,16.6469,18.31,10165,0
CALT.US,D,20221230,000000,17.93,17.99,16.5,17,9848,0
CALT.US,D,20230103,000000,18.36,18.8124,17.6312,18.11,8182,0
CALT.US,D,20230104,000000,18.4,18.7,17.99,18.5487,8707,0
CALT.US,D,20230105,000000,17.97,17.97,17.0843,17.97,7513,0
CALT.US,D,20230109,000000,18.53,18.75,17.95,18.1032,4761,0
CALT.US,D,20230110,000000,19.27,20.07,18.76,20.07,6492,0
CALT.US,D,20230111,000000,19.08,19.4,18.41,19.1906,6970,0
CALT.US,D,20230112,000000,19.18,20.02,19,19.42,5933,0
CALT.US,D,20230113,000000,19.64,20.71,18.815,19.8,17470,0
CALT.US,D,20230117,000000,20.25,20.34,19.7,20.27,11113,0
CALT.US,D,20230118,000000,20.44,21,18.98,20.43,15602,0
CALT.US,D,20230119,000000,18.85,20.3,18.4024,19.33,3630,0
CALT.US,D,20230120,000000,19.88,19.9599,19.6106,19.6106,1822,0
CALT.US,D,20230123,000000,20.2,20.33,19.28,20.1,10038,0
CALT.US,D,20230124,000000,19.6,19.8,19.52,19.8,5450,0
CALT.US,D,20230125,000000,19.68,19.68,19.4951,19.4951,688,0
CALT.US,D,20230126,000000,19.64,19.9941,19.1473,19.55,2976,0
CALT.US,D,20230127,000000,19.7,19.8395,19.4361,19.8395,4072,0
CALT.US,D,20230130,000000,19.12,19.15,18.6001,18.935,4500,0
CALT.US,D,20230131,000000,18.8,19.87,18.76,19.2,7970,0
CALT.US,D,20230201,000000,19.11,21.29,18.78,19.9,27411,0
CALT.US,D,20230202,000000,18.73,19.875,18.6982,19.1,27224,0
CALT.US,D,20230203,000000,18.725,20.42,18.56,18.56,12684,0
CALT.US,D,20230206,000000,18.21,18.21,17.61,18.2,9193,0
CALT.US,D,20230207,000000,18.675,20.02,17.62,17.79,20933,0
CALT.US,D,20230208,000000,17.8,18.35,17.65,17.65,14365,0
CALT.US,D,20230209,000000,17.96,19.44,17.77,17.77,6785,0
CALT.US,D,20230210,000000,17.61,19.14,17.11,17.44,30391,0
CALT.US,D,20230213,000000,17.88,18.38,17.72,18.3,8239,0
CALT.US,D,20230214,000000,18.58,18.58,18.4927,18.52,7916,0
CALT.US,D,20230215,000000,17.7601,18.19,17.7601,17.96,2581,0
CALT.US,D,20230216,000000,17.36,18.02,17.31,18.02,3999,0
CALT.US,D,20230217,000000,16.95,19,16.92,18.6,7866,0
CALT.US,D,20230221,000000,17.72,18.66,17.3,18,14374,0
CALT.US,D,20230222,000000,17.45,18.6,17.0006,18,16850,0
CALT.US,D,20230223,000000,20.32,20.64,18.61,19.99,67594,0
CALT.US,D,20230224,000000,19.39,19.39,18.51,18.66,16517,0
CALT.US,D,20230227,000000,19.4,19.58,18.9053,18.9053,6658,0
CALT.US,D,20230228,000000,18.92,19.148,18.51,18.51,6185,0
CALT.US,D,20230301,000000,19.32,19.5,19.32,19.5,4502,0
CALT.US,D,20230302,000000,19.2,19.2,18.81,18.81,3025,0
CALT.US,D,20230303,000000,18.5001,19.05,18.5,19.05,5585,0
CALT.US,D,20230306,000000,19.0297,19.65,18.94,19.65,17323,0
CALT.US,D,20230307,000000,18.87,19.01,18.5901,18.72,16249,0
CALT.US,D,20230308,000000,18.1,18.16,17.4,17.94,7301,0
CALT.US,D,20230309,000000,17.7,17.808,16.8,16.8,9276,0
CALT.US,D,20230310,000000,17.5599,17.64,16.3,16.83,8560,0
CALT.US,D,20230313,000000,22.6,23.4,22.0102,22.4224,164051,0
CALT.US,D,20230314,000000,23.74,25,23.6,24.73,78748,0
CALT.US,D,20230315,000000,23.86,25.49,23.86,25.24,14127,0
CALT.US,D,20230316,000000,23.8,25.02,23.5514,24,9447,0
CALT.US,D,20230317,000000,24.16,25.22,21.3159,24.8,9459,0
CALT.US,D,20230320,000000,23.75,24.59,23.3,23.53,14065,0
CALT.US,D,20230321,000000,24.07,24.4136,24.07,24.1,5987,0
CALT.US,D,20230322,000000,23.4,25.16,22.18,23.2,18489,0
CALT.US,D,20230323,000000,23.46,24.2596,21.1628,22.8,10449,0
CALT.US,D,20230324,000000,23.28,23.45,22.34,22.8,8549,0
CALT.US,D,20230327,000000,22.81,23.565,21.09,23.116,6486,0
CALT.US,D,20230328,000000,22.6616,23,21.92,22.4,13687,0
CALT.US,D,20230329,000000,23.4069,23.6467,23.4069,23.5,2984,0
CALT.US,D,20230330,000000,23.5299,23.5299,23,23.06,4995,0
CALT.US,D,20230331,000000,24.35,24.5,23.01,23.97,6752,0
CALT.US,D,20230403,000000,23.55,24.8,23.075,23.39,15651,0
CALT.US,D,20230404,000000,24.52,24.52,23.5,24.07,3881,0
CALT.US,D,20230405,000000,24,24.25,23.2601,23.85,5796,0
CALT.US,D,20230406,000000,23.76,24.44,22.55,23,22831,0
CALT.US,D,20230410,000000,23.2,23.82,22.5,23.72,7375,0
CALT.US,D,20230411,000000,24,25.18,24,25.15,17345,0
CALT.US,D,20230412,000000,25.1599,25.1599,25.1599,25.1599,664,0
CALT.US,D,20230413,000000,24.7701,25,24.12,24.925,4870,0
CALT.US,D,20230414,000000,25.22,25.23,24.7,24.75,2743,0
CALT.US,D,20230417,000000,24.99,25.48,24.7258,25.45,6380,0
CALT.US,D,20230418,000000,24.6,25.49,24.48,25.28,4686,0
CALT.US,D,20230419,000000,25.3,25.3,25.3,25.3,1590,0
CALT.US,D,20230420,000000,24.6652,24.865,23.8,23.8,3642,0
CALT.US,D,20230421,000000,24.64,24.64,24.2754,24.6132,1957,0
CALT.US,D,20230424,000000,24.92,25.34,24.3903,25.34,2471,0
CALT.US,D,20230425,000000,25.2,25.49,23.57,25.36,6666,0
CALT.US,D,20230426,000000,24,24.9,23.5,24.36,7659,0
CALT.US,D,20230427,000000,23.96,23.96,23.17,23.6801,1674,0
CALT.US,D,20230428,000000,24,24.75,23.34,23.34,1759,0
CALT.US,D,20230501,000000,24.28,25.4999,24.15,24.15,856,0
CALT.US,D,20230502,000000,25.03,25.19,23.75,23.75,1392,0
CALT.US,D,20230503,000000,24.45,25.12,24.32,25.12,2814,0
CALT.US,D,20230504,000000,24.8,24.8,23.6101,24.3,4574,0
CALT.US,D,20230505,000000,24.76,25.6122,24.76,25.6122,5550,0
CALT.US,D,20230508,000000,25.64,25.64,25.41,25.5,1261,0
CALT.US,D,20230509,000000,24.76,25.5269,24.5,24.9,6916,0
CALT.US,D,20230510,000000,25.03,25.03,24.44,24.6,4811,0
CALT.US,D,20230511,000000,24.88,25.19,24.4462,24.77,5934,0
CALT.US,D,20230512,000000,24.96,25.48,24.45,24.76,10397,0
CALT.US,D,20230515,000000,25.04,25.55,25.04,25.5,8489,0
CALT.US,D,20230516,000000,21.2,21.55,20.515,21.17,23208,0
CALT.US,D,20230517,000000,21.47,21.5,21,21.09,10365,0
CALT.US,D,20230518,000000,20.44,21.06,19.67,19.67,6820,0
CALT.US,D,20230519,000000,20,20,19.1625,19.58,10873,0
CALT.US,D,20230522,000000,19.32,19.6799,17.96,18.43,13596,0
CALT.US,D,20230523,000000,19.5,19.5,19.19,19.2,7327,0
CALT.US,D,20230524,000000,18.92,19.0199,18.35,18.41,5352,0
CALT.US,D,20230525,000000,18.04,18.12,17.6526,17.8,2706,0
CALT.US,D,20230526,000000,17.48,17.84,17.32,17.84,8502,0
CALT.US,D,20230530,000000,17.25,17.55,16.88,17.1798,8733,0
CALT.US,D,20230531,000000,16.68,17.205,16.6,16.95,5416,0
CALT.US,D,20230601,000000,17,19.15,16.93,17.69,13574,0
CALT.US,D,20230602,000000,17.52,17.68,17.52,17.52,1568,0
CALT.US,D,20230605,000000,16.88,17.6304,16.85,17.47,5891,0
CALT.US,D,20230606,000000,16.96,17.73,16.8,17.11,6941,0
CALT.US,D,20230607,000000,17.15,17.15,16.5603,16.75,8997,0
CALT.US,D,20230608,000000,16.88,17.4399,16.6363,17.1899,6083,0
CALT.US,D,20230609,000000,16.94,17.47,16.5721,17.1,12361,0
CALT.US,D,20230612,000000,17.54,17.8,17.0016,17.63,3763,0
CALT.US,D,20230613,000000,17.56,17.56,17.2201,17.5368,935,0
CALT.US,D,20230614,000000,18.07,18.07,17.25,17.8455,2275,0
CALT.US,D,20230615,000000,17.805,18.87,17.5,18.2375,3842,0
CALT.US,D,20230616,000000,18.24,18.55,18.24,18.45,2156,0
CALT.US,D,20230620,000000,17.8,18.25,17.74,18.2,4201,0
CALT.US,D,20230621,000000,18.05,18.05,17.85,17.85,4866,0
CALT.US,D,20230622,000000,17.9966,18.275,17.5,17.5,1568,0
CALT.US,D,20230623,000000,17.8,17.95,16.7501,17.94,1737,0
CALT.US,D,20230626,000000,17.15,17.2,16.94,16.99,3505,0
CALT.US,D,20230627,000000,16.01,16.44,15.8719,16.2,11719,0
CALT.US,D,20230628,000000,15.53,16.3,15.48,15.7,6543,0
CALT.US,D,20230629,000000,15.451,17.8499,15.451,16.6408,3590,0
CALT.US,D,20230630,000000,15.84,16.2,15.8,15.8394,3814,0
CALT.US,D,20230703,000000,15.5719,15.81,15.3601,15.81,3219,0
CALT.US,D,20230705,000000,16.43,17.84,16.17,17.84,15136,0
CALT.US,D,20230706,000000,15.84,16.0999,15.68,15.79,28410,0
CALT.US,D,20230707,000000,15.98,17.26,15.98,16.4999,8870,0
CALT.US,D,20230710,000000,16.15,16.9481,16.15,16.9199,5496,0
CALT.US,D,20230711,000000,16.25,17.73,16.12,16.35,4139,0
CALT.US,D,20230712,000000,16.44,16.68,16.3601,16.64,2217,0
CALT.US,D,20230713,000000,16.47,16.8,16.47,16.51,7570,0
CALT.US,D,20230714,000000,16.34,16.75,15.94,16.05,16916,0
CALT.US,D,20230717,000000,16.19,16.57,16.19,16.545,4248,0
CALT.US,D,20230718,000000,16.3479,16.7,16.3479,16.685,4888,0
CALT.US,D,20230719,000000,16.67,16.8,16.67,16.67,1474,0
CALT.US,D,20230720,000000,16.49,16.575,16.49,16.575,797,0
CALT.US,D,20230721,000000,16.6,16.6042,16.252,16.6,13652,0
CALT.US,D,20230724,000000,16.91,17.51,16.82,17.02,8789,0
CALT.US,D,20230725,000000,17.24,17.395,17.24,17.32,1298,0
CALT.US,D,20230726,000000,17.81,17.81,17.63,17.63,1188,0
CALT.US,D,20230727,000000,17.84,17.92,17.4,17.8,7660,0
CALT.US,D,20230728,000000,17.92,18.91,17.92,18.11,13074,0
CALT.US,D,20230731,000000,19.79,19.9,19.57,19.68,16682,0
CALT.US,D,20230801,000000,19.64,19.64,19.12,19.12,7398,0
CALT.US,D,20230802,000000,18.73,18.73,17.4701,17.52,4303,0
CALT.US,D,20230803,000000,18.01,19.38,18.01,19.38,1090,0
CALT.US,D,20230804,000000,18.4,18.4,17.66,17.66,3208,0
CALT.US,D,20230807,000000,17.69,17.9899,17.435,17.435,2369,0
CALT.US,D,20230808,000000,18.31,18.995,18.31,18.3353,14390,0
CALT.US,D,20230809,000000,18.91,19.14,18.91,19.14,2104,0
CALT.US,D,20230810,000000,19.6401,19.85,19.3,19.3,7702,0
CALT.US,D,20230811,000000,19.32,19.6,19.3,19.3,3128,0
CALT.US,D,20230814,000000,19.47,20.38,19.47,20.38,7263,0
CALT.US,D,20230815,000000,18.2,19.43,18.13,19.33,17961,0
CALT.US,D,20230816,000000,18.5801,18.95,18.5801,18.95,1722,0
CALT.US,D,20230817,000000,16.6,16.64,15.75,15.9,11534,0
CALT.US,D,20230818,000000,16.64,16.9999,15.68,16.4,25149,0
CALT.US,D,20230821,000000,17.74,17.99,17.11,17.44,47025,0
CALT.US,D,20230822,000000,17.6699,17.7,17.51,17.51,2467,0
CALT.US,D,20230823,000000,17.52,17.82,17.52,17.8,10789,0
CALT.US,D,20230824,000000,16.96,16.96,16.96,16.96,1818,0
CALT.US,D,20230825,000000,16.84,16.86,16.825,16.86,752,0
CALT.US,D,20230828,000000,17.47,17.4926,16.8091,17.059,2825,0
CALT.US,D,20230829,000000,17.02,17.1,16.8101,16.8101,4838,0
CALT.US,D,20230830,000000,17.0766,17.0766,16.63,16.63,1995,0
CALT.US,D,20230831,000000,17.09,17.224,16.78,16.78,2385,0
CALT.US,D,20230901,000000,16.82,16.8859,16.14,16.395,1705,0
CALT.US,D,20230905,000000,16.41,17.2847,16.402,16.402,685,0
CALT.US,D,20230906,000000,16.09,16.1397,15.596,16.1209,3237,0
CALT.US,D,20230907,000000,15.5,16.87,15.5,16.11,4379,0
CALT.US,D,20230908,000000,15.9,16.44,15.68,15.68,9051,0
CALT.US,D,20230911,000000,15.65,15.975,15.51,15.745,7548,0
CALT.US,D,20230912,000000,15.64,16.19,15.26,16.18,7973,0
CALT.US,D,20230913,000000,15.64,15.99,15.3501,15.99,2734,0
CALT.US,D,20230914,000000,15.68,16.3399,15.6512,15.75,1298,0
CALT.US,D,20230915,000000,15.98,16.9999,15.9427,15.9646,3148,0
CALT.US,D,20230918,000000,16.76,17.27,16.6995,17.27,6456,0
CALT.US,D,20230919,000000,16.2,16.88,16.185,16.2,4432,0
CALT.US,D,20230920,000000,16.5,16.7,16.38,16.38,826,0
CALT.US,D,20230921,000000,18.53,19.35,18.35,19.01,82769,0
CALT.US,D,20230922,000000,19.28,19.28,18.2,18.43,47134,0
CALT.US,D,20230925,000000,18.29,19.38,18.22,18.5399,13747,0
CALT.US,D,20230926,000000,18.485,18.9985,18.2677,18.2677,8655,0
CALT.US,D,20230927,000000,18.68,18.9999,18.1986,18.58,15126,0
CALT.US,D,20230928,000000,18,18,17.54,17.615,12156,0
CALT.US,D,20230929,000000,18,18.26,17.5599,18.26,10169,0
CALT.US,D,20231002,000000,16.86,17.19,16.86,17.04,4734,0
CALT.US,D,20231003,000000,16.99,17.1899,16.95,17.14,2944,0
CALT.US,D,20231004,000000,17.33,17.92,17.112,17.7,18347,0
CALT.US,D,20231005,000000,18.94,18.94,18.0101,18.0101,3907,0
CALT.US,D,20231006,000000,18.44,18.95,18.35,18.35,9635,0
CALT.US,D,20231009,000000,17.83,18.59,17.83,18.06,6776,0
CALT.US,D,20231010,000000,18.69,19.07,18.69,18.9,2133,0
CALT.US,D,20231011,000000,18.26,18.4,17.75,17.75,3515,0
CALT.US,D,20231012,000000,17.57,17.7,17.55,17.6255,4893,0
CALT.US,D,20231013,000000,17.51,17.8,16.21,17.35,13919,0
CALT.US,D,20231016,000000,17.73,17.99,16.2835,17.06,13900,0
CALT.US,D,20231017,000000,17.56,18.305,17.48,18.2,35127,0
CALT.US,D,20231018,000000,17.93,18.175,17.68,18.0106,8460,0
CALT.US,D,20231019,000000,17.72,17.77,17.58,17.71,5502,0
CALT.US,D,20231020,000000,18.1412,18.27,17.455,17.455,5838,0
CALT.US,D,20231023,000000,16.87,17.315,16.69,17.1,3592,0
CALT.US,D,20231024,000000,17.304,17.69,17.22,17.3,2084,0
CALT.US,D,20231025,000000,16.82,17.1955,16.506,16.985,10996,0
CALT.US,D,20231026,000000,16.79,16.846,16.01,16.26,5022,0
CALT.US,D,20231027,000000,16.68,16.6934,16.11,16.11,4155,0
CALT.US,D,20231030,000000,16.5,17,16.105,16.29,17354,0
CALT.US,D,20231031,000000,16.5,16.52,16.01,16.3,17403,0
CALT.US,D,20231101,000000,15.93,16.25,15.88,16,6368,0
CALT.US,D,20231102,000000,16.52,18.05,16.1386,16.2,6571,0
CALT.US,D,20231103,000000,16.25,16.89,16.01,16.21,22710,0
CALT.US,D,20231106,000000,16.84,17,16.31,16.41,20900,0
CALT.US,D,20231107,000000,15.85,16.3991,15.4,15.89,14452,0
CALT.US,D,20231108,000000,16.77,16.99,16.5637,16.7,5047,0
CALT.US,D,20231109,000000,16.655,16.7999,15.76,16.7999,2220,0
CALT.US,D,20231110,000000,16.15,17.0899,15.92,16.9623,3516,0
CALT.US,D,20231113,000000,16.05,17,15.25,15.79,53557,0
CALT.US,D,20231114,000000,16.41,16.995,16.26,16.995,29952,0
CALT.US,D,20231115,000000,17.19,17.215,16.7811,16.7811,2604,0
CALT.US,D,20231116,000000,17.01,17.16,16.11,17.16,6136,0
CALT.US,D,20231117,000000,17.31,17.48,17.29,17.29,2982,0
CALT.US,D,20231120,000000,17.31,17.69,16.82,16.82,4981,0
CALT.US,D,20231121,000000,17.89,18.21,17.7415,18.2,10176,0
CALT.US,D,20231122,000000,17.8798,18.2,17.51,17.955,5645,0
CALT.US,D,20231124,000000,18.55,18.7,18.38,18.7,4747,0
CALT.US,D,20231127,000000,18.29,18.97,18.29,18.97,1969,0
CALT.US,D,20231128,000000,18.4619,18.95,18.4,18.78,8201,0
CALT.US,D,20231129,000000,17.98,18.485,17.98,18.2,5444,0
CALT.US,D,20231130,000000,18.13,18.1725,17.35,17.35,5664,0
CALT.US,D,20231201,000000,17.61,17.93,17.61,17.9,3945,0
CALT.US,D,20231204,000000,17.5945,17.845,17.5945,17.845,1994,0
CALT.US,D,20231205,000000,17.23,17.94,17.23,17.726,5893,0
CALT.US,D,20231206,000000,17.7,18.96,17.7,17.8004,4721,0
CALT.US,D,20231207,000000,17.98,18.08,17.9,18.06,2229,0
CALT.US,D,20231208,000000,18.1,18.35,17.9,18.1915,4867,0
CALT.US,D,20231211,000000,18.98,18.98,18.5,18.97,15000,0
CALT.US,D,20231212,000000,20.49,20.49,18.83,19.782,16326,0
CALT.US,D,20231213,000000,20.04,20.7799,19.6097,20.49,7841,0
CALT.US,D,20231214,000000,20.85,21.34,20.75,20.75,11545,0
CALT.US,D,20231215,000000,21.08,23.2523,21.01,22.09,18751,0
CALT.US,D,20231218,000000,21.35,23,21.35,22.5,46685,0
CALT.US,D,20231219,000000,21.6,22.9799,21.04,21.04,35862,0
CALT.US,D,20231220,000000,21.86,22.99,21.32,22.4799,59205,0
CALT.US,D,20231221,000000,25.76,27.34,24.1,25.48,178846,0
CALT.US,D,20231222,000000,27.52,27.71,26.5,27.17,48458,0
CALT.US,D,20231226,000000,26.42,29.3,26.42,28.99,24096,0
CALT.US,D,20231227,000000,27.97,28.52,27.7,28.5,24116,0
CALT.US,D,20231228,000000,26,26.02,25,25.27,75810,0
CALT.US,D,20231229,000000,25.32,25.76,25.25,25.744,18405,0
CALT.US,D,20240102,000000,25.08,25.7386,24.35,24.998,12337,0
CALT.US,D,20240103,000000,24.01,24.55,23.71,23.96,13445,0
CALT.US,D,20240104,000000,23.83,23.9626,23.6163,23.91,5132,0
CALT.US,D,20240105,000000,23.91,24.99,23.5,23.7441,5476,0
CALT.US,D,20240108,000000,24.38,25.165,24.05,24.465,14681,0
CALT.US,D,20240109,000000,25.08,25.37,24.91,25.22,6769,0
CALT.US,D,20240110,000000,25.2,25.45,24.58,24.82,8035,0
CALT.US,D,20240111,000000,26.3,26.3115,25.0995,25.655,8836,0
CALT.US,D,20240112,000000,25.7701,25.98,25.0006,25.0006,6485,0
CALT.US,D,20240116,000000,23.6,24.6002,23.5,24.5,10387,0
CALT.US,D,20240117,000000,24.22,24.45,23.84,23.92,11752,0
CALT.US,D,20240118,000000,24.25,24.505,23.8985,24.1,10709,0
CALT.US,D,20240119,000000,23.88,23.95,23.34,23.76,15041,0
CALT.US,D,20240122,000000,23.17,23.66,23.085,23.29,13664,0
CALT.US,D,20240123,000000,23.6,24.245,23,23.32,9673,0
CALT.US,D,20240124,000000,23.39,23.65,23.06,23.06,4328,0
CALT.US,D,20240125,000000,23.55,23.55,22.065,22.065,22604,0
CALT.US,D,20240126,000000,22.7101,22.75,22.5293,22.625,8186,0
CALT.US,D,20240129,000000,22,22.61,21.88,22.29,8723,0
CALT.US,D,20240130,000000,22.215,22.35,21.7,21.76,12554,0
CALT.US,D,20240131,000000,22.07,22.3,22.05,22.1801,6232,0
CALT.US,D,20240201,000000,21.98,21.99,21.2,21.7286,8712,0
CALT.US,D,20240202,000000,21.91,21.91,20.59,20.85,5891,0
CALT.US,D,20240205,000000,20.79,20.87,20.3,20.75,8783,0
CALT.US,D,20240206,000000,21.05,22.71,21.05,21.5099,5869,0
CALT.US,D,20240207,000000,21.57,21.57,21.57,21.57,893,0
CALT.US,D,20240208,000000,21.3497,21.5,20.76,21.5,3760,0
CALT.US,D,20240209,000000,21.32,22.7205,21.02,21.14,9075,0
CALT.US,D,20240212,000000,21.46,21.86,21.25,21.4,12473,0
CALT.US,D,20240213,000000,21.04,21.11,20.6,21.05,10485,0
CALT.US,D,20240214,000000,20.65,21.038,20.1043,20.67,7573,0
CALT.US,D,20240215,000000,20.61,21.77,20.58,20.58,5443,0
CALT.US,D,20240216,000000,20.92,21.5,20.92,21.24,4183,0
CALT.US,D,20240220,000000,21.01,21.025,20.8,20.92,4808,0
CALT.US,D,20240221,000000,20.28,21.05,20.12,20.3,29343,0
CALT.US,D,20240222,000000,20.5722,22.26,20.5,20.5,18880,0
CALT.US,D,20240223,000000,20.6,20.66,20.04,20.04,10849,0
CALT.US,D,20240226,000000,20.26,21.5641,20.26,20.715,15764,0
CALT.US,D,20240227,000000,21.08,22.3999,21.08,22.07,17289,0
CALT.US,D,20240228,000000,21.41,21.88,21.41,21.88,5960,0
CALT.US,D,20240229,000000,21.3292,21.585,21.18,21.3195,3580,0
CALT.US,D,20240301,000000,21.2,21.685,21.2,21.43,4439,0
CALT.US,D,20240304,000000,21.06,21.9124,20.88,21.1,5911,0
CALT.US,D,20240305,000000,20.93,20.93,20.455,20.455,4341,0
CALT.US,D,20240306,000000,23.2,23.25,20.2927,22.19,17476,0
CALT.US,D,20240307,000000,22.64,23.36,22.5,23.13,4683,0
CALT.US,D,20240308,000000,22.72,22.74,22.0001,22.1,5661,0
CALT.US,D,20240311,000000,22.25,22.2501,22.25,22.2501,1563,0
CALT.US,D,20240312,000000,22.58,22.68,21.84,22.07,5953,0
CALT.US,D,20240313,000000,22.44,23.19,22.44,23.18,11753,0
CALT.US,D,20240314,000000,22.7,22.7636,22.4009,22.45,2945,0
CALT.US,D,20240315,000000,22.02,22.37,22.01,22.3,4886,0
CALT.US,D,20240318,000000,21.4,22.1,21.0876,22.05,10435,0
CALT.US,D,20240319,000000,21.41,22.24,20.47,21,7585,0
CALT.US,D,20240320,000000,21.3,21.3,21.0887,21.3,3809,0
CALT.US,D,20240321,000000,21.39,21.795,21.39,21.795,2081,0
CALT.US,D,20240322,000000,21.415,21.4999,21.25,21.2501,2164,0
CALT.US,D,20240325,000000,21.54,21.87,21.54,21.84,3439,0
CALT.US,D,20240326,000000,21.5101,21.85,21.0001,21.85,1531,0
CALT.US,D,20240327,000000,21.7699,21.7699,21.2607,21.4867,3966,0
CALT.US,D,20240328,000000,21.01,21.01,21.01,21.01,1163,0
CALT.US,D,20240401,000000,21.43,21.9634,21,21.0001,5579,0
CALT.US,D,20240402,000000,21,21.25,20.86,21.25,4719,0
CALT.US,D,20240404,000000,22,22.5096,21.93,22.08,6272,0
CALT.US,D,20240405,000000,21.03,21.63,21.03,21.63,7297,0
CALT.US,D,20240408,000000,21.4,22.68,21.4,22.56,6949,0
CALT.US,D,20240409,000000,23,23,20.7,22.5,2728,0
CALT.US,D,20240410,000000,20.97,21.91,20.64,21.52,7657,0
CALT.US,D,20240411,000000,20.79,21.06,20.13,20.53,18523,0
CALT.US,D,20240412,000000,19.24,19.7999,19,19,11737,0
CALT.US,D,20240415,000000,18.64,18.95,18,18.95,1251,0
CALT.US,D,20240416,000000,18.44,18.595,16,17.7993,9408,0
CALT.US,D,20240417,000000,18.43,18.88,17.6,18.74,6770,0
CALT.US,D,20240418,000000,18.17,18.8214,17.61,17.65,6178,0
CALT.US,D,20240419,000000,18.94,19.7,17.68,18.7,4016,0
CALT.US,D,20240422,000000,18.25,19.3,17.5,18.0825,2943,0
CALT.US,D,20240423,000000,17.5001,19.19,17.5001,18.2,1891,0
CALT.US,D,20240424,000000,18.83,18.83,18.5,18.5,1459,0
CALT.US,D,20240425,000000,18.8,20.38,18.665,19.45,5994,0
CALT.US,D,20240426,000000,19.44,20.1499,18.4842,19.5006,3791,0
CALT.US,D,20240429,000000,19.14,19.55,17.6788,18.6531,2768,0
CALT.US,D,20240430,000000,19.86,19.9742,19.41,19.9399,4762,0
CALT.US,D,20240502,000000,20.2199,20.2199,19.002,19.002,1682,0
CALT.US,D,20240503,000000,20.7,20.7,19.375,20,5563,0
CALT.US,D,20240506,000000,20.05,20.9999,19.935,20.13,3917,0
CALT.US,D,20240507,000000,20.64,20.64,19.75,20.64,1579,0
CALT.US,D,20240508,000000,19.7601,20.5618,19.7601,20.5618,1792,0
CALT.US,D,20240509,000000,19.7734,20.33,19.7734,20.33,2279,0
CALT.US,D,20240510,000000,20.5,20.55,19.99,20.5399,1307,0
CALT.US,D,20240513,000000,20.9692,21.02,20.82,21.02,1968,0
CALT.US,D,20240514,000000,22.8999,22.8999,22.31,22.59,6700,0
CALT.US,D,20240515,000000,22.28,22.28,22.0175,22.1368,1653,0
CALT.US,D,20240516,000000,21.9006,22.0299,21.9006,22.0299,954,0
CALT.US,D,20240517,000000,21.88,22.19,21.88,22.19,754,0
CALT.US,D,20240520,000000,22.04,22.59,22,22,5288,0
CALT.US,D,20240521,000000,21.76,22.5,21.5,21.5001,3872,0
CALT.US,D,20240522,000000,21.335,21.94,21.1,21.71,7776,0
CALT.US,D,20240523,000000,23.5,23.5,22.7499,22.7499,11022,0
CALT.US,D,20240524,000000,22.5,22.5,21.46,22.42,13209,0
CALT.US,D,20240528,000000,38.15,38.32,35.89,37.95,218781,0
CALT.US,D,20240529,000000,37.88,37.99,37.8,37.94,54142,0
CALT.US,D,20240530,000000,38.93,39.1,38.04,38.4716,90047,0
CALT.US,D,20240531,000000,39.16,40,38.8001,39.99,49364,0
CALT.US,D,20240603,000000,39.75,39.93,39.06,39.35,26937,0
CALT.US,D,20240604,000000,39.54,40.49,39.54,39.815,11912,0
CALT.US,D,20240605,000000,39.8,41.736,39.68,40.9,17246,0
CALT.US,D,20240606,000000,40.25,41.9,40.25,41.41,23117,0
CALT.US,D,20240607,000000,40,40,39.22,39.49,20026,0
CALT.US,D,20240610,000000,39.06,40.5,39.06,39.5,13170,0
CALT.US,D,20240611,000000,39.235,39.64,38.65,38.77,11285,0
CALT.US,D,20240612,000000,40,40,38.9,38.9,24489,0
CALT.US,D,20240613,000000,39.24,39.3499,39.01,39.07,12391,0
CALT.US,D,20240614,000000,39,39,38.68,38.77,4268,0
CALT.US,D,20240617,000000,38.76,38.965,38.76,38.9522,2118,0
CALT.US,D,20240618,000000,38.99,39.0816,38.8,39.05,3214,0
CALT.US,D,20240620,000000,39.15,39.15,38.69,38.69,63703,0
CALT.US,D,20240621,000000,38.78,39.01,38.7,38.73,10269,0
CALT.US,D,20240624,000000,39.19,39.5,38.7785,39.44,5246,0
CALT.US,D,20240625,000000,38.88,39.26,38.65,38.835,8541,0
CALT.US,D,20240626,000000,38.7,38.92,37.82,38.37,9345,0
CALT.US,D,20240627,000000,38.71,38.84,38.53,38.54,12072,0
CALT.US,D,20240628,000000,38.69,39,38.68,38.99,5536,0
CALT.US,D,20240701,000000,38.73,38.83,38.47,38.75,5595,0
CALT.US,D,20240702,000000,38.6,38.75,38.5,38.75,5604,0
CALT.US,D,20240703,000000,39.01,39.7499,38.96,39.23,5311,0
CALT.US,D,20240705,000000,39.12,39.19,38.6,39.19,2533,0
CALT.US,D,20240708,000000,39.13,39.245,38.82,39,4739,0
CALT.US,D,20240709,000000,38.98,39.06,38.98,39.06,1800,0
CALT.US,D,20240710,000000,38.89,39.01,38.89,39.01,877,0
CALT.US,D,20240711,000000,39.24,39.3499,38.9,39.06,4994,0
CALT.US,D,20240712,000000,39.1,39.7,39.1,39.5,9500,0
CALT.US,D,20240715,000000,39.06,39.1,38.7,38.72,2333,0
CALT.US,D,20240716,000000,38.79,38.79,38.61,38.61,2197,0
CALT.US,D,20240717,000000,39.2218,39.48,38.54,38.84,5444,0
CALT.US,D,20240718,000000,38.998,39.0154,38.62,38.62,4214,0
CALT.US,D,20240719,000000,38.7,38.97,38.5384,38.79,1049,0
CALT.US,D,20240722,000000,38.7,38.73,38.7,38.7,1162,0
CALT.US,D,20240723,000000,38.51,38.675,38.5,38.5,2220,0
CALT.US,D,20240724,000000,38.5,38.5,38.06,38.255,2207,0
CALT.US,D,20240725,000000,38.01,38.15,38.01,38.15,1681,0
CALT.US,D,20240726,000000,38.14,38.19,37.81,38.19,3638,0
CALT.US,D,20240729,000000,37.96,38.175,37.96,38,4036,0
CALT.US,D,20240730,000000,38.16,38.2999,37.66,38.1,2998,0
CALT.US,D,20240731,000000,38.52,38.55,37.77,38.45,13586,0
CALT.US,D,20240801,000000,38.61,38.6999,38.31,38.31,9693,0
CALT.US,D,20240802,000000,38.78,39.18,38.55,38.78,13482,0
CALT.US,D,20240805,000000,39.13,39.25,39.047,39.047,3394,0
CALT.US,D,20240806,000000,39.25,39.25,38.59,39.1,3315,0
CALT.US,D,20240807,000000,39.29,39.74,38.9496,39.74,2627,0
CALT.US,D,20240808,000000,39.1455,39.18,38.58,39.16,7782,0
CALT.US,D,20240809,000000,39.2,39.67,38.69,39.6104,5476,0
CALT.US,D,20240812,000000,39.15,39.2491,38.8,39.1843,5446,0
CALT.US,D,20240813,000000,39.5,39.67,39.2,39.24,6143,0
CALT.US,D,20240814,000000,39.65,39.8,39.2,39.21,5635,0
CALT.US,D,20240815,000000,39.2905,39.53,35.77,38.8,39872,0
CALT.US,D,20240816,000000,39.31,39.49,39.24,39.32,13062,0
CALT.US,D,20240819,000000,39.49,40.1,39.24,39.73,23628,0
CALT.US,D,20240820,000000,40.28,40.88,39.79,40.41,32259,0
CALT.US,D,20240821,000000,40.59,40.59,40.05,40.54,16035,0
CALT.US,D,20240822,000000,40.59,40.59,40.3031,40.35,3227,0
CALT.US,D,20240823,000000,40.17,40.75,40.17,40.47,10571,0
CALT.US,D,20240826,000000,40.4,41.5,40.35,40.35,11998,0
CALT.US,D,20240827,000000,40.44,41.05,40.355,40.51,34106,0
CALT.US,D,20240828,000000,40.7,40.7,40.25,40.5,7788,0
CALT.US,D,20240829,000000,40.25,40.52,40.2468,40.52,3793,0
CALT.US,D,20240830,000000,40.12,40.14,39.69,40.12,4417,0
CALT.US,D,20240903,000000,40.32,42.1,40.11,41.55,11806,0
CALT.US,D,20240904,000000,41.14,41.5,39.71,40.45,18134,0
CALT.US,D,20240905,000000,40.45,40.5,39.68,40.28,9713,0
CALT.US,D,20240906,000000,40,41.31,40,40.75,22663,0
CALT.US,D,20240909,000000,40.12,40.2769,39.71,39.78,10613,0
CALT.US,D,20240910,000000,39.79,40.07,39.78,39.78,1336,0
CALT.US,D,20240911,000000,39.81,40.275,39.8,39.8,3388,0
CALT.US,D,20240913,000000,39.9,40.3,39.04,40,4324,0
CALT.US,D,20240916,000000,40.37,40.75,40,40.75,3062,0
CALT.US,D,20240917,000000,40.34,40.34,39.99,39.99,964,0
CALT.US,D,20240918,000000,40.46,40.8,39.2,40.03,6039,0
CALT.US,D,20240919,000000,40.4,40.55,40.0664,40.16,5088,0
CALT.US,D,20240920,000000,40,43,40,40.0001,9796,0
