<TICKER>,<PER>,<DATE>,<TIME>,<OPEN>,<HIGH>,<LOW>,<CLOSE>,<VOL>,<OPENINT>
CLEU.US,D,20200508,000000,1125,1219.5,1023.75,1102.5,871.54666753824,0
CLEU.US,D,20200511,000000,1109.25,1109.25,902.25,902.25,225.30666689197,0
CLEU.US,D,20200512,000000,897.75,897.75,798.75,849.375,231.72888912062,0
CLEU.US,D,20200513,000000,837,888.75,823.5,873,94.177777871956,0
CLEU.US,D,20200514,000000,832.5,994.5,832.5,924.772,167.13777794492,0
CLEU.US,D,20200515,000000,954,978.727,945,969.75,68.875555624431,0
CLEU.US,D,20200518,000000,956.25,978.75,864,933.75,180.57777795836,0
CLEU.US,D,20200519,000000,900,956.227,900,922.522,44.497777822276,0
CLEU.US,D,20200520,000000,948.375,1095.75,927,994.5,212.33777799012,0
CLEU.US,D,20200521,000000,1032.75,1091.14,1017.04,1028.25,51.284444495729,0
CLEU.US,D,20200522,000000,1029.31,1122.75,1029.31,1118.25,27.626666694293,0
CLEU.US,D,20200526,000000,1118.25,1173.49,990,990,104.40444454885,0
CLEU.US,D,20200527,000000,1039.5,1079.98,911.25,956.25,52.693333386027,0
CLEU.US,D,20200528,000000,900,967.5,814.5,942.75,114.46222233668,0
CLEU.US,D,20200529,000000,888.75,911.542,810,810,64.426666731093,0
CLEU.US,D,20200601,000000,850.5,877.477,765.157,821.25,74.248888963138,0
CLEU.US,D,20200602,000000,866.25,873,832.5,845.977,36.315555591871,0
CLEU.US,D,20200603,000000,875.25,884.25,821.25,846,16.737777794516,0
CLEU.US,D,20200604,000000,873,900,821.25,850.5,146.88888903578,0
CLEU.US,D,20200605,000000,839.25,875.25,810,847.125,119.62222234184,0
CLEU.US,D,20200608,000000,855,911.25,839.25,884.25,70.871111181982,0
CLEU.US,D,20200609,000000,888.75,978.75,859.5,909,44.097777821876,0
CLEU.US,D,20200610,000000,870.75,949.5,821.25,886.5,180.63111129174,0
CLEU.US,D,20200611,000000,965.25,1374.75,911.272,1080,803.67111191477,0
CLEU.US,D,20200612,000000,1113.75,1190.52,1080,1127.25,236.64888912554,0
CLEU.US,D,20200615,000000,1057.5,1113.75,1057.5,1102.5,16.542222238764,0
CLEU.US,D,20200616,000000,1100.25,1462.5,974.25,1077.75,1160.4222233827,0
CLEU.US,D,20200617,000000,1062,1125,1001.25,1035,85.297777863076,0
CLEU.US,D,20200618,000000,1080,1122.75,1012.5,1064.25,36.844444481289,0
CLEU.US,D,20200619,000000,1053.02,1122.75,1023.75,1081.87,67.795555623351,0
CLEU.US,D,20200622,000000,1001.27,1174.5,976.5,1174.5,106.34222232856,0
CLEU.US,D,20200623,000000,1125,1174.5,1010.27,1046.25,61.768888950658,0
CLEU.US,D,20200624,000000,1125,1233,1021.5,1068.75,397.33777817512,0
CLEU.US,D,20200625,000000,1068.75,1125,1044.7,1082.25,21.808888910698,0
CLEU.US,D,20200626,000000,1059.75,1059.75,1012.5,1030.5,40.231111151342,0
CLEU.US,D,20200629,000000,999,1116,985.5,1068.75,349.18666701585,0
CLEU.US,D,20200630,000000,1046.25,1102.5,992.25,1082.25,309.83555586539,0
CLEU.US,D,20200701,000000,1091.25,1091.27,1046.25,1075.5,58.088888946978,0
CLEU.US,D,20200702,000000,1075.5,1075.5,1030.5,1046.25,119.63111123074,0
CLEU.US,D,20200706,000000,1046.25,1138.5,1023.79,1089,174.16888906306,0
CLEU.US,D,20200707,000000,1080,1080,1001.25,1064.23,61.582222283804,0
CLEU.US,D,20200708,000000,1023.75,1023.75,974.25,985.5,57.817777835596,0
CLEU.US,D,20200709,000000,994.5,1014.75,864,866.25,196.73333353007,0
CLEU.US,D,20200710,000000,1035,1068.75,936.022,1066.48,981.03111209212,0
CLEU.US,D,20200713,000000,1113.75,1113.75,950.85,1012.5,713.57777849139,0
CLEU.US,D,20200714,000000,1075.5,1311.75,1035,1156.5,5846.3155614019,0
CLEU.US,D,20200715,000000,1089,1108.12,972,1080.47,613.54666728021,0
CLEU.US,D,20200716,000000,1082.25,1275.75,987.997,1093.5,1050.04000105,0
CLEU.US,D,20200717,000000,1120.5,1147.48,990,1010.25,295.64000029564,0
CLEU.US,D,20200720,000000,994.5,1014.75,900,902.25,342.68888923158,0
CLEU.US,D,20200721,000000,902.25,985.5,902.25,967.657,274.2000002742,0
CLEU.US,D,20200722,000000,951.75,956.25,888.75,911.25,219.83111133094,0
CLEU.US,D,20200723,000000,893.25,934.875,855,913.5,238.42222246064,0
CLEU.US,D,20200724,000000,897.75,904.5,810,883.125,212.11555576767,0
CLEU.US,D,20200727,000000,877.5,940.5,826.357,918.315,141.86666680853,0
CLEU.US,D,20200728,000000,877.522,906.705,867.375,877.995,70.057777847836,0
CLEU.US,D,20200729,000000,868.5,897.75,821.25,852.75,217.35111132846,0
CLEU.US,D,20200730,000000,870.75,918,841.5,864,202.17333353551,0
CLEU.US,D,20200731,000000,839.992,904.5,821.25,832.972,98.76000009876,0
CLEU.US,D,20200803,000000,828,874.35,823.5,836.527,44.582222266804,0
CLEU.US,D,20200804,000000,884.182,884.182,848.25,870.727,93.84000009384,0
CLEU.US,D,20200805,000000,863.955,976.5,849.015,918,365.86222258808,0
CLEU.US,D,20200806,000000,893.25,969.75,868.5,969.75,201.66222242388,0
CLEU.US,D,20200807,000000,992.25,992.25,915.75,923.602,83.195555638751,0
CLEU.US,D,20200810,000000,904.5,904.5,823.5,888.75,182.85777796064,0
CLEU.US,D,20200811,000000,879.75,900,855,870.75,99.675555655231,0
CLEU.US,D,20200812,000000,884.25,911.25,855,855,91.528888980418,0
CLEU.US,D,20200813,000000,870.75,874.125,832.5,832.5,55.417777833196,0
CLEU.US,D,20200814,000000,872.392,880.942,823.522,843.75,30.106666696773,0
CLEU.US,D,20200817,000000,839.25,918,812.25,884.25,621.70666728837,0
CLEU.US,D,20200818,000000,877.5,1012.5,860.625,886.5,1172.3688900613,0
CLEU.US,D,20200819,000000,855,956.227,852.975,866.25,292.97333362631,0
CLEU.US,D,20200820,000000,870.75,1080,870.75,1063.12,1435.8622236581,0
CLEU.US,D,20200821,000000,992.25,1077.75,945,1023.75,533.08444497753,0
CLEU.US,D,20200824,000000,1035,1138.5,981.135,1138.5,251.64888914054,0
CLEU.US,D,20200825,000000,1116,1289.25,1092.37,1154.25,941.23555649682,0
CLEU.US,D,20200826,000000,1158.75,1253.2,1044,1219.5,443.44444488789,0
CLEU.US,D,20200827,000000,1237.5,1462.5,1237.5,1415.25,794.24000079425,0
CLEU.US,D,20200828,000000,1546.87,2353.5,1309.5,1428.75,12980.746679648,0
CLEU.US,D,20200831,000000,1437.75,1437.75,1228.57,1311.75,522.02666718869,0
CLEU.US,D,20200901,000000,1260,1800,1233,1518.75,1456.6444459011,0
CLEU.US,D,20200902,000000,1485,1635.75,1428.75,1509.75,255.12000025512,0
CLEU.US,D,20200903,000000,1552.5,1631.25,1410.75,1521,264.42222248664,0
CLEU.US,D,20200904,000000,1410.75,1620,1392.75,1532.25,83.057777860836,0
CLEU.US,D,20200908,000000,1521,1521,1350,1494,81.053333414387,0
CLEU.US,D,20200909,000000,1631.25,1631.25,1440.72,1442.25,52.031111163142,0
CLEU.US,D,20200910,000000,1479.31,1626.75,1397.38,1507.5,66.293333399627,0
CLEU.US,D,20200911,000000,1446.75,1575,1440,1505.25,39.853333373187,0
CLEU.US,D,20200914,000000,1462.5,1509.75,1462.5,1464.75,9.6311111207422,0
CLEU.US,D,20200915,000000,1496.25,1515.57,1481.62,1498.5,24.022222246244,0
CLEU.US,D,20200916,000000,1478.25,1698.72,1478.25,1674,88.915555644471,0
CLEU.US,D,20200917,000000,1703.25,1703.25,1464.75,1482.75,347.54222256976,0
CLEU.US,D,20200918,000000,1530,1532.25,1093.5,1332,1320.5822235428,0
CLEU.US,D,20200921,000000,1299.31,1553.62,1299.31,1431.27,438.06222266028,0
CLEU.US,D,20200922,000000,1545.75,1545.75,1271.25,1271.25,271.02666693769,0
CLEU.US,D,20200923,000000,1318.5,1570.5,1273.5,1338.75,1217.5733345509,0
CLEU.US,D,20200924,000000,1372.5,1424.25,1350,1422,32.417777810196,0
CLEU.US,D,20200925,000000,1275.75,1415.81,1275.75,1305,40.142222262364,0
CLEU.US,D,20200928,000000,1395,1406.25,1320.75,1320.75,56.942222279164,0
CLEU.US,D,20200929,000000,1392.75,1394.86,1314.85,1345.93,22.493333355827,0
CLEU.US,D,20200930,000000,1381.5,1406.25,1271.25,1383.75,74.835555630391,0
CLEU.US,D,20201001,000000,1372.5,1390.5,1260,1296,57.351111168462,0
CLEU.US,D,20201002,000000,1264.5,1280.25,1172.7,1280.25,20.724444465169,0
CLEU.US,D,20201005,000000,1289.25,1289.25,1172.25,1218.91,5.5066666721733,0
CLEU.US,D,20201006,000000,1219.5,1282.5,1219.5,1248.16,16.093333349427,0
CLEU.US,D,20201007,000000,1219.5,1248.75,1171.28,1246.5,9.6622222318844,0
CLEU.US,D,20201008,000000,1197,1244.25,1185.75,1244.25,16.648888905538,0
CLEU.US,D,20201009,000000,1183.5,1273.5,1183.5,1273.5,27.266666693933,0
CLEU.US,D,20201012,000000,1249.94,1586.25,1249.94,1370.25,1498.2044459426,0
CLEU.US,D,20201013,000000,1316.25,1350,1185.75,1293.75,278.60444472305,0
CLEU.US,D,20201014,000000,1248.75,1374.75,1217.25,1316.25,175.8177779536,0
CLEU.US,D,20201015,000000,1276.24,1363.5,1276.24,1363.5,26.155555581711,0
CLEU.US,D,20201016,000000,1350,1372.5,1221.77,1363.5,51.791111162902,0
CLEU.US,D,20201019,000000,1274.62,1374.75,1273.52,1347.75,15.186666681853,0
CLEU.US,D,20201020,000000,1363.5,1458,1293.75,1377,48.528888937418,0
CLEU.US,D,20201021,000000,1365.75,1365.75,1341,1351.12,13.791111124902,0
CLEU.US,D,20201022,000000,1318.5,1370.25,1298.54,1361.25,30.946666697613,0
CLEU.US,D,20201023,000000,1311.75,1348.54,1305.31,1348.54,5.7555555613111,0
CLEU.US,D,20201026,000000,1311.32,1311.32,1311.32,1311.32,0.84888888973778,0
CLEU.US,D,20201027,000000,1316.25,1361.25,1275.75,1275.75,19.626666686293,0
CLEU.US,D,20201028,000000,1298.25,1300.5,1248.32,1300.5,8.0133333413467,0
CLEU.US,D,20201029,000000,1271.25,1271.25,1271.25,1271.25,1.6088888904978,0
CLEU.US,D,20201030,000000,1217.25,1370,1214.91,1298.92,54.791111165902,0
CLEU.US,D,20201102,000000,1242,1246.5,1242,1246.5,2.2044444466489,0
CLEU.US,D,20201103,000000,1334.25,1343.25,1255.03,1255.03,6.3866666730533,0
CLEU.US,D,20201104,000000,1255.68,1275.75,1214.17,1271.25,16.04000001604,0
CLEU.US,D,20201106,000000,1244.25,1288.96,1214.59,1288.96,2.8533333361867,0
CLEU.US,D,20201109,000000,1221.75,1260,1212.75,1260,13.737777791516,0
CLEU.US,D,20201110,000000,1217.25,1282.5,1215,1282.5,8.3511111194622,0
CLEU.US,D,20201112,000000,1228.5,1361.25,1218.85,1305,268.23111137934,0
CLEU.US,D,20201113,000000,1165.5,1280.25,1165.5,1270.12,7.9777777857556,0
CLEU.US,D,20201116,000000,1307.25,1307.25,1219.5,1221.75,13.537777791316,0
CLEU.US,D,20201117,000000,1282.5,1284.75,1237.5,1237.5,4.3955555599511,0
CLEU.US,D,20201118,000000,1235.25,1277.98,1183,1237.5,41.235555596791,0
CLEU.US,D,20201119,000000,1210.5,1266.75,1210.5,1243.12,4.2711111153822,0
CLEU.US,D,20201120,000000,1245.42,1282.5,1237.5,1248.75,11.893333345227,0
CLEU.US,D,20201123,000000,1210.5,1251,1194.75,1251,8.4755555640311,0
CLEU.US,D,20201124,000000,1246.5,1246.5,1246.5,1246.5,7.2044444516489,0
CLEU.US,D,20201125,000000,1217.32,1424.25,1204.87,1305,956.57777873436,0
CLEU.US,D,20201127,000000,1338.75,1383.73,1286.91,1327.52,61.657777839436,0
CLEU.US,D,20201130,000000,1327.5,1379.25,1203.77,1280.25,26.204444470649,0
CLEU.US,D,20201201,000000,1260,1381.5,1230.75,1230.75,34.6000000346,0
CLEU.US,D,20201202,000000,1217.25,1417.5,1174.75,1366.42,145.50666681217,0
CLEU.US,D,20201203,000000,1305,1365.75,1257.37,1320.75,6.9155555624711,0
CLEU.US,D,20201204,000000,1248.07,1428.75,1248.07,1361.25,392.19555594775,0
CLEU.US,D,20201207,000000,1462.5,1462.5,1275.75,1339.33,511.50666717817,0
CLEU.US,D,20201208,000000,1302.75,1354.5,1183.5,1334.25,160.39555571595,0
CLEU.US,D,20201209,000000,1275.75,1406.23,1248.75,1252.12,49.92000004992,0
CLEU.US,D,20201210,000000,1287,1338.73,1260,1323,46.044444490489,0
CLEU.US,D,20201211,000000,1304.1,1397.25,1291.5,1344.15,1002.5600010025,0
CLEU.US,D,20201214,000000,1314,1379.25,1314,1338.75,221.92444466637,0
CLEU.US,D,20201215,000000,1338.75,1406.25,915.75,951.75,6775.6088956645,0
CLEU.US,D,20201216,000000,915.75,967.477,902.25,927,1168.6622233909,0
CLEU.US,D,20201217,000000,922.5,967.5,828,942.75,897.2000008972,0
CLEU.US,D,20201218,000000,1014.75,1048.5,911.25,978.75,1470.3822236926,0
CLEU.US,D,20201221,000000,924.75,945,866.25,882,776.6755563322,0
CLEU.US,D,20201222,000000,866.25,911.25,866.25,877.5,263.68888915258,0
CLEU.US,D,20201223,000000,884.632,915.75,857.272,884.25,217.55555577311,0
CLEU.US,D,20201224,000000,897.75,897.75,870.75,877.522,44.368888933258,0
CLEU.US,D,20201228,000000,864,996.75,843.75,875.25,1118.1022233403,0
CLEU.US,D,20201229,000000,903.915,944.977,846,888.75,429.48000042948,0
CLEU.US,D,20201230,000000,891,918,884.227,895.5,132.10666679877,0
CLEU.US,D,20201231,000000,895.5,902.25,850.5,868.5,134.28000013428,0
CLEU.US,D,20210104,000000,911.25,933.75,857.25,877.5,412.1822226344,0
CLEU.US,D,20210105,000000,864.9,873,848.25,850.5,249.44888913834,0
CLEU.US,D,20210106,000000,855,895.477,807.75,816.75,393.73777817152,0
CLEU.US,D,20210107,000000,839.25,918,776.25,855,4903.7466715704,0
CLEU.US,D,20210108,000000,882,888.75,828,850.5,1514.6444459591,0
CLEU.US,D,20210111,000000,857.25,861.457,828,848.25,587.10222280932,0
CLEU.US,D,20210112,000000,855,855,837,843.75,312.21777809,0
CLEU.US,D,20210113,000000,852.232,852.232,816.75,831.375,956.66222317886,0
CLEU.US,D,20210114,000000,832.5,918,814.5,877.5,9143.982231366,0
CLEU.US,D,20210115,000000,891,897.75,843.75,850.5,1212.7066678794,0
CLEU.US,D,20210119,000000,875.25,875.25,822.375,843.75,806.32000080629,0
CLEU.US,D,20210120,000000,846,942.75,823.5,852.547,3581.7111146928,0
CLEU.US,D,20210121,000000,859.5,870.75,848.25,857.25,526.89333386023,0
CLEU.US,D,20210122,000000,863.415,886.5,859.5,877.5,660.92444510537,0
CLEU.US,D,20210125,000000,895.5,945,866.25,911.25,2188.8755577444,0
CLEU.US,D,20210126,000000,922.5,931.477,882,888.75,630.80444507525,0
CLEU.US,D,20210127,000000,866.25,888.75,828,848.25,697.45777847526,0
CLEU.US,D,20210128,000000,850.5,875.25,816.75,841.5,661.93333399527,0
CLEU.US,D,20210129,000000,848.25,945,804.015,825.75,7306.1777850838,0
CLEU.US,D,20210201,000000,839.25,852.75,819,830.25,610.37777838816,0
CLEU.US,D,20210202,000000,839.25,873,821.25,837,871.64000087162,0
CLEU.US,D,20210203,000000,837,868.5,823.5,843.75,349.45777812724,0
CLEU.US,D,20210204,000000,852.75,990,850.5,936,27460.893360794,0
CLEU.US,D,20210205,000000,1064.54,1120.5,832.5,936,12748.813346082,0
CLEU.US,D,20210208,000000,897.75,922.41,837,904.5,3089.5111142006,0
CLEU.US,D,20210209,000000,900,949.5,895.5,924.75,2642.9066693096,0
CLEU.US,D,20210210,000000,915.75,945,900,929.25,2014.3955575699,0
CLEU.US,D,20210211,000000,918,929.25,888.75,911.25,17612.13779539,0
CLEU.US,D,20210212,000000,2056.5,2209.5,1271.25,1424.25,445737.15155685,0
CLEU.US,D,20210216,000000,1192.5,1293.75,1149.73,1170,12055.875567611,0
CLEU.US,D,20210217,000000,1138.5,1158.75,1024.87,1032.75,4909.4622271317,0
CLEU.US,D,20210218,000000,1014.75,1147.5,1014.75,1062,4304.6355598602,0
CLEU.US,D,20210219,000000,1095.75,1109.25,996.75,1019.25,1676.3244461208,0
CLEU.US,D,20210222,000000,990,1075.5,981,1032.75,2034.0044464785,0
CLEU.US,D,20210223,000000,918,918,903.375,918,2976.8133363101,0
CLEU.US,D,20210224,000000,904.5,960.75,904.5,920.25,2452.2444468967,0
CLEU.US,D,20210225,000000,947.25,1086.75,911.25,1010.25,8374.7022305967,0
CLEU.US,D,20210226,000000,994.5,1001.25,866.272,870.75,2285.1911133963,0
CLEU.US,D,20210301,000000,918,933.75,897.75,909,1033.2755565888,0
CLEU.US,D,20210302,000000,900,911.25,876.375,879.75,984.97777876276,0
CLEU.US,D,20210303,000000,884.25,909,861.75,861.75,756.01333408934,0
CLEU.US,D,20210304,000000,859.5,870.75,744.75,767.25,1376.2977791541,0
CLEU.US,D,20210305,000000,792,830.25,717.75,767.25,2925.1866695919,0
CLEU.US,D,20210308,000000,780.75,808.065,762.75,774,817.2622230395,0
CLEU.US,D,20210309,000000,778.5,852.75,772.987,825.75,1837.346668504,0
CLEU.US,D,20210310,000000,859.5,873,812.25,850.5,4376.2266710429,0
CLEU.US,D,20210311,000000,852.75,913.5,843.75,870.75,3078.3155586339,0
CLEU.US,D,20210312,000000,848.25,933.75,848.25,888.75,1665.8177794436,0
CLEU.US,D,20210315,000000,886.5,967.5,886.5,945,1864.8222240871,0
CLEU.US,D,20210316,000000,956.25,965.25,902.25,913.5,1378.4044458229,0
CLEU.US,D,20210317,000000,888.75,927,868.5,913.5,1064.3822232866,0
CLEU.US,D,20210318,000000,900,949.5,888.75,911.25,2507.2844469517,0
CLEU.US,D,20210319,000000,922.5,1098,866.25,954,8168.2044526128,0
CLEU.US,D,20210322,000000,933.75,960.57,918,927,991.25777876903,0
CLEU.US,D,20210323,000000,929.25,940.5,886.5,895.5,1277.0711123882,0
CLEU.US,D,20210324,000000,900,922.5,828,839.25,839.85777861766,0
CLEU.US,D,20210325,000000,810,866.25,807.39,859.5,887.02222310924,0
CLEU.US,D,20210326,000000,1012.5,1716.75,969.75,1111.5,269583.73360292,0
CLEU.US,D,20210329,000000,990,1109.25,843.75,868.5,16279.644460724,0
CLEU.US,D,20210330,000000,843.75,852.75,810,823.5,2701.6755582572,0
CLEU.US,D,20210331,000000,828,1010.25,828,904.5,60556.662282779,0
CLEU.US,D,20210401,000000,877.5,940.5,866.25,929.25,3773.3422259955,0
CLEU.US,D,20210405,000000,915.75,922.5,859.5,882,1555.4711126666,0
CLEU.US,D,20210406,000000,888.75,931.5,857.25,873,2284.7555578403,0
CLEU.US,D,20210407,000000,859.5,938.25,834.75,864,5789.5777835673,0
CLEU.US,D,20210408,000000,866.25,958.5,845.932,868.5,10466.915566023,0
CLEU.US,D,20210409,000000,859.5,885.352,845.955,855,1018.0088899069,0
CLEU.US,D,20210412,000000,855,888.75,821.25,837,1050.2888899392,0
CLEU.US,D,20210413,000000,839.25,861.862,821.25,846,560.95555611651,0
CLEU.US,D,20210414,000000,837,846,821.25,828,857.64444530209,0
CLEU.US,D,20210415,000000,846,967.5,769.5,798.75,19409.302241631,0
CLEU.US,D,20210416,000000,796.5,834.75,765,792,2415.7111135269,0
CLEU.US,D,20210419,000000,787.5,846.112,753.75,769.5,6313.5377840913,0
CLEU.US,D,20210420,000000,765,783,751.5,771.75,860.79111197193,0
CLEU.US,D,20210421,000000,794.25,805.5,765,785.25,1272.435556828,0
CLEU.US,D,20210422,000000,794.25,821.25,776.25,787.5,701.62222292388,0
CLEU.US,D,20210423,000000,794.25,818.977,787.635,814.5,436.05333376939,0
CLEU.US,D,20210426,000000,819,855,801,812.25,3456.4888923454,0
CLEU.US,D,20210427,000000,830.25,911.227,805.5,864,7541.7955630976,0
CLEU.US,D,20210428,000000,850.5,868.477,837,839.25,1161.4577789393,0
CLEU.US,D,20210429,000000,841.5,920.25,807.772,819,5710.6800057107,0
CLEU.US,D,20210430,000000,819,843.75,803.25,812.25,1403.8577791817,0
CLEU.US,D,20210503,000000,841.5,914.625,821.25,859.5,5172.6355607282,0
CLEU.US,D,20210504,000000,861.75,877.5,832.5,870.75,1245.4177790232,0
CLEU.US,D,20210505,000000,873,884.25,837,843.75,2645.8400026459,0
CLEU.US,D,20210506,000000,839.25,861.75,807.75,821.25,3229.4000032294,0
CLEU.US,D,20210507,000000,828,848.25,807.772,816.75,6769.5333401028,0
CLEU.US,D,20210510,000000,819,834.75,789.75,812.25,2111.1066687778,0
CLEU.US,D,20210511,000000,780.75,861.75,776.25,834.75,2832.8888917218,0
CLEU.US,D,20210512,000000,830.25,879.75,810,816.75,4565.7244490102,0
CLEU.US,D,20210513,000000,810,837,747,767.25,2439.1822246614,0
CLEU.US,D,20210514,000000,789.75,814.5,777.442,798.75,4219.5555597751,0
CLEU.US,D,20210517,000000,796.5,810,758.25,789.75,3238.9822254612,0
CLEU.US,D,20210518,000000,794.25,794.25,715.5,742.5,5732.1555612877,0
CLEU.US,D,20210519,000000,731.25,733.5,699.75,713.25,2195.1066688618,0
CLEU.US,D,20210520,000000,720,760.5,711,751.5,2329.96000233,0
CLEU.US,D,20210521,000000,758.25,819.045,744.75,774,14705.822236928,0
CLEU.US,D,20210524,000000,765,786.375,741.375,749.25,1932.5422241547,0
CLEU.US,D,20210525,000000,765,810,749.25,780.75,4463.6311155747,0
CLEU.US,D,20210526,000000,776.25,796.477,742.5,747,3461.5422256838,0
CLEU.US,D,20210527,000000,756,756,720,729,3415.0844478595,0
CLEU.US,D,20210528,000000,726.75,740.25,706.5,724.5,2095.951113207,0
CLEU.US,D,20210601,000000,724.5,765.022,715.5,756,2813.6222250359,0
CLEU.US,D,20210602,000000,771.75,780.75,744.75,749.25,2131.7155576873,0
CLEU.US,D,20210603,000000,744.75,785.25,731.25,771.75,5422.5466720892,0
CLEU.US,D,20210604,000000,776.25,789.75,744.75,753.75,2767.0977805449,0
CLEU.US,D,20210607,000000,749.25,767.25,747,760.5,2032.2666686989,0
CLEU.US,D,20210608,000000,765,810,760.5,783,11597.911122709,0
CLEU.US,D,20210609,000000,805.5,816.75,758.25,762.75,4077.9911151891,0
CLEU.US,D,20210610,000000,769.5,792,760.432,780.75,2861.5511139726,0
CLEU.US,D,20210611,000000,785.25,798.75,765,776.25,3068.564447513,0
CLEU.US,D,20210614,000000,785.25,850.5,762.75,776.25,28327.880028328,0
CLEU.US,D,20210615,000000,774,780.75,715.5,724.5,4059.297781837,0
CLEU.US,D,20210616,000000,724.5,729,686.25,699.75,2424.4800024245,0
CLEU.US,D,20210617,000000,702,708.75,681.75,695.25,2776.9688916659,0
CLEU.US,D,20210618,000000,690.75,722.25,661.5,679.5,8982.4044534265,0
CLEU.US,D,20210621,000000,681.75,686.25,657,677.25,1596.5777793744,0
CLEU.US,D,20210622,000000,675,686.25,659.25,684,970.90666763759,0
CLEU.US,D,20210623,000000,681.75,706.5,679.5,686.25,1665.0755572206,0
CLEU.US,D,20210624,000000,688.5,713.25,677.25,690.75,2323.1644467676,0
CLEU.US,D,20210625,000000,690.75,699.75,670.5,679.5,1946.8177797246,0
CLEU.US,D,20210628,000000,686.25,688.477,663.75,670.5,1226.4666678932,0
CLEU.US,D,20210629,000000,675,677.25,659.25,666,1656.1066683228,0
CLEU.US,D,20210630,000000,675,715.5,667.125,697.5,3552.8088924417,0
CLEU.US,D,20210701,000000,697.5,707.355,670.5,684,2179.9644466244,0
CLEU.US,D,20210702,000000,672.75,682.875,621,623.25,2190.6977799685,0
CLEU.US,D,20210706,000000,623.25,625.477,585,589.5,1653.782223876,0
CLEU.US,D,20210707,000000,587.25,607.5,555.75,576,1661.12889055,0
CLEU.US,D,20210708,000000,551.25,591.75,528.75,573.75,3673.2488925622,0
CLEU.US,D,20210709,000000,580.5,603,568.417,594,2154.5911132657,0
CLEU.US,D,20210712,000000,600.75,632.295,576,600.75,3146.3200031463,0
CLEU.US,D,20210713,000000,600.75,609.75,555.75,562.5,1156.4133344897,0
CLEU.US,D,20210714,000000,558,600.75,537.75,546.75,2835.5733361689,0
CLEU.US,D,20210715,000000,537.75,576,535.5,555.75,4082.1644485266,0
CLEU.US,D,20210716,000000,549,555.75,526.5,535.5,1368.0222235903,0
CLEU.US,D,20210719,000000,497.25,504,472.5,492.75,1416.1333347495,0
CLEU.US,D,20210720,000000,488.25,533.25,477,533.25,870.1244453146,0
CLEU.US,D,20210721,000000,528.75,528.75,499.5,515.25,1077.0133344104,0
CLEU.US,D,20210722,000000,504,510.75,483.75,483.75,872.13333420547,0
CLEU.US,D,20210723,000000,389.25,461.25,387,416.25,4086.69333742,0
CLEU.US,D,20210726,000000,393.75,476.977,355.5,461.25,3381.6133367149,0
CLEU.US,D,20210727,000000,461.25,463.5,364.5,409.5,1689.4400016895,0
CLEU.US,D,20210728,000000,414,454.477,409.5,425.25,1785.3155573409,0
CLEU.US,D,20210729,000000,427.5,434.25,411.75,411.75,558.66222278088,0
CLEU.US,D,20210730,000000,418.5,434.25,409.5,425.25,551.22222277344,0
CLEU.US,D,20210802,000000,432,432,409.5,418.5,284.12444472857,0
CLEU.US,D,20210803,000000,416.25,416.25,391.5,402.75,484.71111159582,0
CLEU.US,D,20210804,000000,411.75,432,398.25,414,1197.2711123084,0
CLEU.US,D,20210805,000000,414,452.25,405,445.5,1183.6133345169,0
CLEU.US,D,20210806,000000,454.5,477,438.75,456.75,1220.5200012205,0
CLEU.US,D,20210809,000000,454.5,477,443.25,443.25,1086.8000010868,0
CLEU.US,D,20210810,000000,459,463.5,432,454.5,1010.7955565663,0
CLEU.US,D,20210811,000000,463.5,472.5,443.25,447.75,406.07555596163,0
CLEU.US,D,20210812,000000,454.5,461.25,418.5,425.25,2612.1866692788,0
CLEU.US,D,20210813,000000,425.25,427.5,400.5,407.25,801.55555635711,0
CLEU.US,D,20210816,000000,405,439.695,382.5,414,1462.5066681292,0
CLEU.US,D,20210817,000000,405,418.5,397.575,409.5,3466.6844479111,0
CLEU.US,D,20210818,000000,409.5,495,407.272,465.75,4204.7866708715,0
CLEU.US,D,20210819,000000,493.965,663.75,488.25,571.5,40803.866707471,0
CLEU.US,D,20210820,000000,575.392,607.5,528.772,585,11266.697789045,0
CLEU.US,D,20210823,000000,569.25,652.5,565.875,618.75,14077.760014078,0
CLEU.US,D,20210824,000000,643.5,675,598.5,643.5,17177.591128289,0
CLEU.US,D,20210825,000000,630,681.727,612.022,630,9134.7200091347,0
CLEU.US,D,20210826,000000,652.5,660.375,616.5,636.75,5430.7777832085,0
CLEU.US,D,20210827,000000,645.75,690.75,645.75,668.25,6753.2044511979,0
CLEU.US,D,20210830,000000,693,708.75,627.862,652.5,2364.0088912529,0
CLEU.US,D,20210831,000000,648,686.227,648,684,1624.0266682907,0
CLEU.US,D,20210901,000000,686.25,726.75,686.25,715.5,2124.6755576802,0
CLEU.US,D,20210902,000000,729,750.375,708.75,738,3631.2355591868,0
CLEU.US,D,20210903,000000,717.75,751.5,708.525,717.75,4308.5333376419,0
CLEU.US,D,20210907,000000,751.5,769.5,699.75,753.75,24141.315579697,0
CLEU.US,D,20210908,000000,787.5,879.75,756,814.5,40264.031151375,0
CLEU.US,D,20210909,000000,1082.25,1091.25,654.75,690.75,110537.29788832,0
CLEU.US,D,20210910,000000,699.75,726.75,654.907,690.75,10510.720010511,0
CLEU.US,D,20210913,000000,686.25,742.5,648,702,60021.946726688,0
CLEU.US,D,20210914,000000,689.805,729,634.5,652.5,17650.444462095,0
CLEU.US,D,20210915,000000,684,693.27,582.75,612,20804.600020804,0
CLEU.US,D,20210916,000000,719.437,719.437,598.5,661.5,12456.275568012,0
CLEU.US,D,20210917,000000,652.5,742.5,641.25,675,8973.0444534172,0
CLEU.US,D,20210920,000000,648,673.537,607.5,625.5,1534.4444459789,0
CLEU.US,D,20210921,000000,623.25,668.25,623.25,650.25,1425.5733347589,0
CLEU.US,D,20210922,000000,652.5,670.5,632.25,670.5,2881.3422251035,0
CLEU.US,D,20210923,000000,765,780.75,319.5,479.25,41624.271152735,0
CLEU.US,D,20210924,000000,461.25,472.5,438.75,461.25,3898.5200038985,0
CLEU.US,D,20210927,000000,454.5,472.5,427.5,443.25,6070.177783848,0
CLEU.US,D,20210928,000000,427.5,445.5,416.25,427.5,2959.7422251819,0
CLEU.US,D,20210929,000000,427.5,436.477,418.5,427.5,1903.9866685707,0
CLEU.US,D,20210930,000000,593.347,594,441.022,479.25,12760.875568316,0
CLEU.US,D,20211001,000000,504,506.25,461.25,483.75,3381.7288922706,0
CLEU.US,D,20211004,000000,472.5,495,463.5,490.5,1911.1422241334,0
CLEU.US,D,20211005,000000,504,507.375,461.25,463.5,2830.693336164,0
CLEU.US,D,20211006,000000,466.312,477,450,465.75,1024.7066676914,0
CLEU.US,D,20211007,000000,486,497.25,474.75,497.25,2882.0711139932,0
CLEU.US,D,20211008,000000,497.25,497.25,477,488.25,1241.8977790197,0
CLEU.US,D,20211011,000000,492.75,501.75,474.75,492.75,2975.5466696422,0
CLEU.US,D,20211012,000000,492.75,506.362,486,501.75,1216.1644456606,0
CLEU.US,D,20211013,000000,501.75,517.5,483.75,517.5,1300.3555568559,0
CLEU.US,D,20211014,000000,513,544.5,501.75,524.25,1553.7155571093,0
CLEU.US,D,20211015,000000,531,535.5,506.25,528.637,592.64444503709,0
CLEU.US,D,20211018,000000,517.5,537.75,517.5,537.75,1083.257778861,0
CLEU.US,D,20211019,000000,549,560.25,537.75,560.25,886.1244453306,0
CLEU.US,D,20211020,000000,560.25,591.75,553.5,585,1436.5111125477,0
CLEU.US,D,20211021,000000,585,596.25,569.25,580.5,1101.7511122129,0
CLEU.US,D,20211022,000000,571.5,571.5,479.25,540,3054.3111141654,0
CLEU.US,D,20211025,000000,546.75,576,522,567,1970.2800019703,0
CLEU.US,D,20211026,000000,562.5,573.75,540,542.25,2490.9911136021,0
CLEU.US,D,20211027,000000,553.5,578.25,535.5,542.25,2261.8088911507,0
CLEU.US,D,20211028,000000,537.75,558,531,531,982.92000098293,0
CLEU.US,D,20211029,000000,537.75,551.25,510.75,510.75,857.19111196833,0
CLEU.US,D,20211101,000000,515.25,537.75,515.25,533.25,1196.2222234184,0
CLEU.US,D,20211102,000000,531,549,513,519.75,1102.128889991,0
CLEU.US,D,20211103,000000,519.75,533.25,517.5,522,1042.4266677091,0
CLEU.US,D,20211104,000000,522,528.75,497.25,513,847.7911119589,0
CLEU.US,D,20211105,000000,513,560.227,508.5,535.5,4401.9688932909,0
CLEU.US,D,20211108,000000,526.5,532.125,515.272,517.5,1307.4400013075,0
CLEU.US,D,20211109,000000,519.75,524.25,501.75,513,608.34222283056,0
CLEU.US,D,20211110,000000,515.25,518.062,495,495,803.52888969243,0
CLEU.US,D,20211111,000000,499.5,499.5,490.5,497.25,267.72888915662,0
CLEU.US,D,20211112,000000,490.5,504,486,499.5,208.1911113193,0
CLEU.US,D,20211115,000000,499.5,504,492.75,492.75,330.51111144162,0
CLEU.US,D,20211116,000000,497.25,506.25,488.25,504,300.75555585631,0
CLEU.US,D,20211117,000000,513,517.5,495,515.25,2174.4977799522,0
CLEU.US,D,20211118,000000,526.5,526.5,495,510.75,2692.9333360263,0
CLEU.US,D,20211119,000000,499.5,510.75,490.5,490.5,597.60444504205,0
CLEU.US,D,20211122,000000,486,510.727,454.5,461.25,3124.8400031248,0
CLEU.US,D,20211123,000000,454.5,481.5,452.25,472.5,1975.4888908643,0
CLEU.US,D,20211124,000000,483.75,485.955,451.125,454.5,1742.7377795205,0
CLEU.US,D,20211126,000000,452.25,456.75,432,438.75,2229.564446674,0
CLEU.US,D,20211129,000000,443.25,452.25,416.25,416.25,741.69777851945,0
CLEU.US,D,20211130,000000,423,432,373.5,393.75,1001.6888898906,0
CLEU.US,D,20211201,000000,398.25,425.227,396.022,405,909.61333424294,0
CLEU.US,D,20211202,000000,409.5,413.235,389.25,402.75,268.23555582379,0
CLEU.US,D,20211203,000000,398.25,407.25,373.5,384.75,780.85777855863,0
CLEU.US,D,20211206,000000,382.5,387,324,324,2253.4711133646,0
CLEU.US,D,20211207,000000,346.5,366.75,333,339.75,3284.3955588399,0
CLEU.US,D,20211208,000000,357.75,366.75,338.625,351,983.55111209464,0
CLEU.US,D,20211209,000000,373.5,373.5,337.5,339.75,1327.653334661,0
CLEU.US,D,20211210,000000,339.75,378,337.5,348.75,532.21777831,0
CLEU.US,D,20211213,000000,342,355.5,322.875,351,647.03111175814,0
CLEU.US,D,20211214,000000,344.25,357.75,330.75,353.25,688.75555624431,0
CLEU.US,D,20211215,000000,346.5,346.5,335.25,342,237.68444468213,0
CLEU.US,D,20211216,000000,342,348.75,321.772,335.25,1881.4133352148,0
CLEU.US,D,20211217,000000,333,335.25,315,321.75,731.18666739786,0
CLEU.US,D,20211220,000000,326.25,326.25,258.75,274.5,3639.7333369731,0
CLEU.US,D,20211221,000000,279,292.275,274.5,283.5,440.35111155146,0
CLEU.US,D,20211222,000000,297,297,276.75,285.75,491.07555604663,0
CLEU.US,D,20211223,000000,281.25,292.5,277.875,292.5,495.03111160614,0
CLEU.US,D,20211227,000000,283.5,342,281.362,299.25,1241.693334575,0
CLEU.US,D,20211228,000000,299.25,303.75,276.75,290.25,402.11555595767,0
CLEU.US,D,20211229,000000,285.75,292.5,279,285.75,434.24444487869,0
CLEU.US,D,20211230,000000,290.25,315,288,292.5,2512.088891401,0
CLEU.US,D,20211231,000000,303.75,308.25,285.75,299.25,2878.3244473228,0
CLEU.US,D,20220103,000000,297,313.987,297,303.75,635.8177784136,0
CLEU.US,D,20220104,000000,297,330.75,297,310.5,1901.9200019019,0
CLEU.US,D,20220105,000000,312.75,312.75,285.75,299.25,2476.6266691433,0
CLEU.US,D,20220106,000000,292.5,294.75,281.25,288,2489.524446934,0
CLEU.US,D,20220107,000000,290.25,294.75,283.477,288,1549.1200015491,0
CLEU.US,D,20220110,000000,288,297,274.5,283.5,2260.7955578163,0
CLEU.US,D,20220111,000000,290.25,294.75,285.75,290.25,2919.6444473641,0
CLEU.US,D,20220112,000000,292.5,292.5,283.5,283.5,3105.4488919943,0
CLEU.US,D,20220113,000000,283.5,290.07,274.5,281.25,1412.7733347461,0
CLEU.US,D,20220114,000000,279,283.5,267.75,274.5,761.99111187313,0
CLEU.US,D,20220118,000000,267.75,270,225,225,4838.1200048381,0
CLEU.US,D,20220119,000000,225,229.5,220.5,222.682,897.00444534144,0
CLEU.US,D,20220120,000000,225,236.25,213.322,213.75,1753.1466684198,0
CLEU.US,D,20220121,000000,209.272,213.75,195.705,200.25,1483.8444459283,0
CLEU.US,D,20220124,000000,197.482,212.152,180.225,200.25,9736.1333430694,0
CLEU.US,D,20220125,000000,194.355,198,186.817,194.625,2322.0933356554,0
CLEU.US,D,20220126,000000,195.772,200.25,184.455,188.64,5485.346672152,0
CLEU.US,D,20220127,000000,195.547,195.75,184.5,190.912,986.77777876459,0
CLEU.US,D,20220128,000000,191.25,195.75,181.125,184.275,1353.4133346868,0
CLEU.US,D,20220131,000000,200.587,202.5,186.75,200.25,9385.386676052,0
CLEU.US,D,20220201,000000,195.75,203.613,184.545,199.26,6183.951117295,0
CLEU.US,D,20220202,000000,191.25,202.5,186.75,200.25,3948.048892837,0
CLEU.US,D,20220203,000000,205.852,247.5,195.907,203.692,12024.377789802,0
CLEU.US,D,20220204,000000,203.287,218.25,198,200.317,6269.2000062692,0
CLEU.US,D,20220207,000000,201.375,211.5,193.725,200.677,4677.6266713443,0
CLEU.US,D,20220208,000000,202.5,209.25,193.612,205.2,8061.2177858393,0
CLEU.US,D,20220209,000000,204.232,211.5,199.372,204.705,4024.9066706916,0
CLEU.US,D,20220210,000000,201.082,209.25,200.587,208.102,1633.1822238554,0
CLEU.US,D,20220211,000000,198,213.75,198,209.25,289.12000028912,0
CLEU.US,D,20220214,000000,205.312,207.517,195.75,204.75,389.33333372267,0
CLEU.US,D,20220215,000000,198.607,216,198.607,211.5,1287.3333346207,0
CLEU.US,D,20220216,000000,205.807,213.75,200.857,211.5,422.2000004222,0
CLEU.US,D,20220217,000000,209.092,219.375,207.045,216,758.47555631404,0
CLEU.US,D,20220218,000000,214.29,224.775,212.85,217.215,348.04000034804,0
CLEU.US,D,20220222,000000,216,243,213.75,243,853.19111196433,0
CLEU.US,D,20220223,000000,258.75,270,209.25,218.25,20757.306687424,0
CLEU.US,D,20220224,000000,203.917,223.875,202.86,223.875,1981.475557537,0
CLEU.US,D,20220225,000000,225,272.25,211.95,236.25,1394.9511125061,0
CLEU.US,D,20220228,000000,243,249.75,227.25,236.25,608.42666727509,0
CLEU.US,D,20220301,000000,238.5,238.5,229.5,229.86,132.47555568803,0
CLEU.US,D,20220302,000000,234,238.725,225,234,424.5822226468,0
CLEU.US,D,20220303,000000,234,234.022,220.747,229.5,189.36444463381,0
CLEU.US,D,20220304,000000,225,227.25,203.265,217.125,1211.7600012117,0
CLEU.US,D,20220307,000000,217.125,217.237,204.097,209.25,470.10222269232,0
CLEU.US,D,20220308,000000,210.375,210.375,188.257,195.975,600.87555615643,0
CLEU.US,D,20220309,000000,207,216,198.067,211.5,494.73333382807,0
CLEU.US,D,20220310,000000,207,212.4,193.747,193.747,464.04888935294,0
CLEU.US,D,20220311,000000,202.5,205.875,184.5,187.29,682.79111179393,0
CLEU.US,D,20220314,000000,186.75,189,167.062,167.58,1196.1555567517,0
CLEU.US,D,20220315,000000,173.25,182.25,166.95,182.25,2787.3733361207,0
CLEU.US,D,20220316,000000,180,231.75,180,213.75,6292.9600062929,0
CLEU.US,D,20220317,000000,195.75,234,195.75,234,1223.4711123346,0
CLEU.US,D,20220318,000000,229.5,270,229.5,256.5,2501.5822247238,0
CLEU.US,D,20220321,000000,245.25,265.5,240.75,261,2481.3377802591,0
CLEU.US,D,20220322,000000,270,306,261,303.75,4003.2355595588,0
CLEU.US,D,20220323,000000,292.5,328.5,281.25,319.5,6116.8933394502,0
CLEU.US,D,20220324,000000,310.5,324,285.75,292.5,1242.6977790205,0
CLEU.US,D,20220325,000000,292.5,297,236.25,245.25,1801.3155573569,0
CLEU.US,D,20220328,000000,234,274.5,234,270,586.76444503121,0
CLEU.US,D,20220329,000000,267.75,292.5,258.975,288,510.57333384391,0
CLEU.US,D,20220330,000000,288,288,267.772,281.25,222.2088891111,0
CLEU.US,D,20220331,000000,290.25,324,281.25,315,15851.77779363,0
CLEU.US,D,20220401,000000,326.25,337.5,319.5,337.5,3200.9288920898,0
CLEU.US,D,20220404,000000,337.5,355.5,333,355.5,2796.3555583519,0
CLEU.US,D,20220405,000000,342,378,342,366.75,9264.6088981536,0
CLEU.US,D,20220406,000000,351,378,326.25,360,7913.34667458,0
CLEU.US,D,20220407,000000,369,369,299.25,312.75,1369.0133347024,0
CLEU.US,D,20220408,000000,306,306,299.25,303.75,324.90666699157,0
CLEU.US,D,20220411,000000,297,303.727,270,281.25,2193.6622244159,0
CLEU.US,D,20220412,000000,281.25,297,270,292.5,141.33333347467,0
CLEU.US,D,20220413,000000,292.5,294.75,274.5,279,590.02666725669,0
CLEU.US,D,20220414,000000,263.272,283.5,263.25,281.25,620.16444506461,0
CLEU.US,D,20220418,000000,288,337.5,281.7,337.5,11381.240011381,0
CLEU.US,D,20220419,000000,330.75,353.25,317.25,348.75,3738.3022259606,0
CLEU.US,D,20220420,000000,353.25,366.75,336.375,353.25,7827.320007827,0
CLEU.US,D,20220421,000000,360,407.25,337.5,346.5,5035.3155605909,0
CLEU.US,D,20220422,000000,348.75,364.5,346.5,353.25,703.78666737043,0
CLEU.US,D,20220425,000000,276.75,306,258.75,301.5,3226.040003226,0
CLEU.US,D,20220426,000000,297,301.5,276.75,292.5,1670.0311127811,0
CLEU.US,D,20220427,000000,288,292.5,283.5,290.25,635.68444508013,0
CLEU.US,D,20220428,000000,289.125,297,277.2,290.25,1124.1955566798,0
CLEU.US,D,20220429,000000,285.75,344.25,285.75,333,3574.9377813527,0
CLEU.US,D,20220502,000000,337.5,400.5,306.18,391.5,3138.0222253603,0
CLEU.US,D,20220503,000000,387,400.5,362.25,398.25,1178.1555567337,0
CLEU.US,D,20220504,000000,389.25,517.5,382.5,491.625,5351.1422275734,0
CLEU.US,D,20220505,000000,468,519.75,468,506.25,3214.7600032148,0
CLEU.US,D,20220506,000000,506.25,541.26,495,533.25,1152.1644455966,0
CLEU.US,D,20220509,000000,510.75,551.25,465.75,533.25,3299.4977810773,0
CLEU.US,D,20220510,000000,510.75,564.75,474.975,560.25,2418.5911135297,0
CLEU.US,D,20220511,000000,555.75,596.25,540.022,565.875,2390.3555579459,0
CLEU.US,D,20220512,000000,553.5,603,553.5,596.25,2727.9555582835,0
CLEU.US,D,20220513,000000,603,650.25,592.56,648,4481.782226704,0
CLEU.US,D,20220516,000000,630,679.5,540,666,6305.9866729727,0
CLEU.US,D,20220517,000000,652.5,675,630,636.75,3128.9688920179,0
CLEU.US,D,20220518,000000,630,648,562.522,636.75,5775.6666724424,0
CLEU.US,D,20220519,000000,639,679.5,373.5,551.25,35308.315590864,0
CLEU.US,D,20220520,000000,531,567,488.25,551.25,3806.4177815842,0
CLEU.US,D,20220523,000000,533.25,562.5,452.25,477,9163.5911202745,0
CLEU.US,D,20220524,000000,479.25,585,450,562.5,31305.80447575,0
CLEU.US,D,20220525,000000,540,555.727,265.5,344.25,83042.075638594,0
CLEU.US,D,20220526,000000,263.25,279,212.737,248.625,21029.586687696,0
CLEU.US,D,20220527,000000,249.75,272.25,237.375,247.5,8476.7333418104,0
CLEU.US,D,20220531,000000,256.5,283.5,225,265.5,9184.702231407,0
CLEU.US,D,20220601,000000,265.5,279,212.377,217.282,10799.408899688,0
CLEU.US,D,20220602,000000,213.75,225,194.535,205.65,3206.3955587619,0
CLEU.US,D,20220603,000000,202.5,218.25,202.5,206.527,1984.6311130957,0
CLEU.US,D,20220606,000000,211.5,225,203.13,204.975,1825.0488907139,0
CLEU.US,D,20220607,000000,207,215.977,200.947,206.1,3649.2222258714,0
CLEU.US,D,20220608,000000,205.245,217.35,204.75,206.46,3162.8666698295,0
CLEU.US,D,20220609,000000,207,215.325,177.727,180.517,6314.911117426,0
CLEU.US,D,20220610,000000,175.275,186.75,166.5,166.5,7748.7377855264,0
CLEU.US,D,20220613,000000,166.5,173.227,146.947,146.947,1371.4222235936,0
CLEU.US,D,20220614,000000,148.5,162.922,138.375,149.062,2577.8044470222,0
CLEU.US,D,20220615,000000,158.242,168.75,148.5,162.675,5966.5022281887,0
CLEU.US,D,20220616,000000,163.732,175.432,158.13,169.492,1423.3022236455,0
CLEU.US,D,20220617,000000,173.227,177.727,170.325,172.912,479.07555603463,0
CLEU.US,D,20220621,000000,168.75,175.477,164.25,170.977,2401.9733357353,0
CLEU.US,D,20220622,000000,172.057,179.955,164.25,166.657,1909.1111130202,0
CLEU.US,D,20220623,000000,166.522,174.15,154.867,166.455,4315.4844487599,0
CLEU.US,D,20220624,000000,171.63,173.317,157.5,158.04,5970.5600059705,0
CLEU.US,D,20220627,000000,162,162,141.255,151.92,4050.1155596057,0
CLEU.US,D,20220628,000000,147.982,151.92,139.837,142.357,3368.9155589245,0
CLEU.US,D,20220629,000000,141.75,150.525,131.625,141.66,1378.4800013785,0
CLEU.US,D,20220630,000000,137.407,148.252,137.25,137.25,849.16888973805,0
CLEU.US,D,20220701,000000,140.625,146.25,139.387,144,1108.0222233303,0
CLEU.US,D,20220705,000000,142.807,146.25,139.5,140.827,1249.3111123605,0
CLEU.US,D,20220706,000000,139.5,141.75,132.75,132.907,1644.0444460885,0
CLEU.US,D,20220707,000000,132.772,139.477,129.645,132.75,1067.217778845,0
CLEU.US,D,20220708,000000,133.875,140.602,130.725,134.55,622.94222284516,0
CLEU.US,D,20220711,000000,137.25,138.442,131.647,136.89,1047.0977788249,0
CLEU.US,D,20220712,000000,133.875,143.932,133.875,134.46,1923.0088908119,0
CLEU.US,D,20220713,000000,136.98,141.75,136.98,141.75,1288.4000012884,0
CLEU.US,D,20220714,000000,139.5,148.5,137.25,140.625,2502.4888913914,0
CLEU.US,D,20220715,000000,138.375,141.525,137.272,139.05,1157.6800011577,0
CLEU.US,D,20220718,000000,138.532,144,137.25,141.57,2930.6577807085,0
CLEU.US,D,20220719,000000,141.75,141.952,132.75,136.125,1697.5066683642,0
CLEU.US,D,20220720,000000,137.61,141.727,135,137.25,784.34222300657,0
CLEU.US,D,20220721,000000,135,142.605,135,139.5,1484.9955570406,0
CLEU.US,D,20220722,000000,139.523,142.582,136.125,137.227,2554.1644469986,0
CLEU.US,D,20220725,000000,141.75,141.75,136.125,138.375,1089.8000010898,0
CLEU.US,D,20220726,000000,136.17,139.5,132.412,132.727,1174.4800011745,0
CLEU.US,D,20220727,000000,137.25,138.375,131.625,133.875,2151.5511132626,0
CLEU.US,D,20220728,000000,137.25,138.15,134.1,135,810.60444525504,0
CLEU.US,D,20220729,000000,133.875,143.302,133.875,136.26,2335.7866690024,0
CLEU.US,D,20220801,000000,139.5,139.5,134.19,134.55,809.55555636511,0
CLEU.US,D,20220802,000000,132.435,137.25,121.5,123.75,2200.5600022005,0
CLEU.US,D,20220803,000000,124.875,138.375,124.65,137.25,4802.1555603577,0
CLEU.US,D,20220804,000000,134.505,139.5,126.135,136.125,3777.4133371108,0
CLEU.US,D,20220805,000000,132.03,146.227,130.995,141.727,4763.8311158749,0
CLEU.US,D,20220808,000000,140.152,148.5,137.385,145.102,820.44444526489,0
CLEU.US,D,20220809,000000,145.8,145.8,137.362,141.525,506.42666717309,0
CLEU.US,D,20220810,000000,137.902,141.525,137.25,139.365,257.96888914686,0
CLEU.US,D,20220811,000000,138.375,145.8,135.337,141.727,314.77777809256,0
CLEU.US,D,20220812,000000,139.567,144,136.125,139.432,368.0088892569,0
CLEU.US,D,20220815,000000,139.5,143.955,134.325,142.897,513.6177782914,0
CLEU.US,D,20220816,000000,144,144,135.675,141.48,585.50666725217,0
CLEU.US,D,20220817,000000,141.48,141.75,136.575,139.5,609.05777838684,0
CLEU.US,D,20220818,000000,136.17,142.29,136.17,140.625,819.33333415267,0
CLEU.US,D,20220819,000000,150.525,150.525,141.3,143.955,1861.8355574174,0
CLEU.US,D,20220822,000000,139.5,143.415,137.25,140.58,268.96444471341,0
CLEU.US,D,20220823,000000,140.618,143.752,139.5,141.322,411.54666707821,0
CLEU.US,D,20220824,000000,141.75,143.752,139.5,139.77,645.55555620111,0
CLEU.US,D,20220825,000000,139.5,166.5,139.5,165.397,10024.920010025,0
CLEU.US,D,20220826,000000,168.75,180,135.427,139.5,10170.115565726,0
CLEU.US,D,20220829,000000,146.25,148.477,139.522,139.995,1347.1200013471,0
CLEU.US,D,20220830,000000,142.11,148.5,140.76,144.765,1252.2088901411,0
CLEU.US,D,20220831,000000,144,148.5,141.525,146.925,961.44444540592,0
CLEU.US,D,20220901,000000,146.25,150.75,135.225,142.132,1530.8755570864,0
CLEU.US,D,20220902,000000,137.7,146.812,137.7,141.772,541.38666720805,0
CLEU.US,D,20220906,000000,139.747,148.477,139.747,141.998,344.31555589987,0
CLEU.US,D,20220907,000000,141.75,146.227,141.75,144.382,201.65777797944,0
CLEU.US,D,20220908,000000,152.977,152.977,140.535,147.015,439.37777821716,0
CLEU.US,D,20220909,000000,148.612,153.562,148.612,153.562,340.57777811836,0
CLEU.US,D,20220912,000000,157.5,184.5,153.18,175.95,2229.1377800069,0
CLEU.US,D,20220913,000000,171,186.705,171,180,1204.8355567604,0
CLEU.US,D,20220914,000000,182.272,213.727,182.272,199.89,4948.4622271707,0
CLEU.US,D,20220915,000000,204.975,225,202.5,212.782,3064.3511141754,0
CLEU.US,D,20220916,000000,272.25,301.5,191.25,202.432,165334.31127645,0
CLEU.US,D,20220919,000000,186.277,189.742,168.75,181.755,6102.8400061028,0
CLEU.US,D,20220920,000000,171,231.75,171,205.875,7481.1822297033,0
CLEU.US,D,20220921,000000,216,216,186.75,195.345,1817.6977795954,0
CLEU.US,D,20220922,000000,193.5,209.002,193.5,199.395,1010.2755565658,0
CLEU.US,D,20220923,000000,193.432,209.025,191.52,202.5,1769.4622239917,0
CLEU.US,D,20220926,000000,202.5,216.675,200.475,204.187,1804.0044462485,0
CLEU.US,D,20220927,000000,209.025,212.85,193.5,195.727,1009.3733343427,0
CLEU.US,D,20220928,000000,193.5,205.92,175.635,179.775,2049.8400020499,0
CLEU.US,D,20220929,000000,180,188.775,180,182.25,502.3822227246,0
CLEU.US,D,20220930,000000,182.272,189,180.022,181.218,634.09777841188,0
CLEU.US,D,20221003,000000,184.14,211.275,184.14,209.25,1692.3777794701,0
CLEU.US,D,20221004,000000,210.15,211.275,195.525,207.99,974.66222319686,0
CLEU.US,D,20221005,000000,207.99,222.75,198.022,222.727,2250.2044466946,0
CLEU.US,D,20221006,000000,220.5,238.5,218.25,231.75,815.73333414907,0
CLEU.US,D,20221007,000000,229.5,245.25,227.25,227.272,1120.6488900095,0
CLEU.US,D,20221010,000000,229.477,242.46,222.772,236.25,590.62666725729,0
CLEU.US,D,20221011,000000,236.25,236.25,227.857,234,542.6000005426,0
CLEU.US,D,20221012,000000,234,240.75,229.5,238.5,630.45777840824,0
CLEU.US,D,20221013,000000,238.5,240.75,220.5,227.25,712.69333404601,0
CLEU.US,D,20221014,000000,220.5,238.5,220.5,231.75,824.68888971354,0
CLEU.US,D,20221017,000000,225,238.5,225,238.5,336.88000033688,0
CLEU.US,D,20221018,000000,238.5,247.5,232.875,236.25,652.5822228748,0
CLEU.US,D,20221019,000000,234,240.75,231.75,236.25,382.95111149406,0
CLEU.US,D,20221020,000000,236.227,236.25,227.25,231.75,261.6000002616,0
CLEU.US,D,20221021,000000,225,240.75,225,236.25,349.0177781268,0
CLEU.US,D,20221024,000000,229.5,240.75,229.5,236.25,464.05333379739,0
CLEU.US,D,20221025,000000,239.625,270,238.5,263.25,1668.7555572243,0
CLEU.US,D,20221026,000000,263.25,270.855,258.75,262.687,340.74666700741,0
CLEU.US,D,20221027,000000,263.25,288,263.25,281.25,1628.9022238511,0
CLEU.US,D,20221028,000000,288,299.25,270,297,849.08000084907,0
CLEU.US,D,20221031,000000,297,375.75,297,353.25,2312.5022245347,0
CLEU.US,D,20221101,000000,353.25,362.25,191.475,256.5,8318.1822305404,0
CLEU.US,D,20221102,000000,256.5,290.25,247.5,258.75,2321.5777800994,0
CLEU.US,D,20221103,000000,243,274.5,243,274.5,2988.4533363218,0
CLEU.US,D,20221104,000000,274.5,288,267.75,276.75,1060.0533343934,0
CLEU.US,D,20221107,000000,281.25,281.25,252,281.25,1601.0622238233,0
CLEU.US,D,20221108,000000,272.25,279,256.5,261,1712.2755572678,0
CLEU.US,D,20221109,000000,252,267.75,243,256.5,1256.7066679234,0
CLEU.US,D,20221110,000000,261,263.25,252,258.75,498.63111160974,0
CLEU.US,D,20221111,000000,258.75,279,258.75,276.75,367.98666703465,0
CLEU.US,D,20221114,000000,272.25,288,270,281.25,754.76444519918,0
CLEU.US,D,20221115,000000,281.25,290.25,279,281.25,357.44888924634,0
CLEU.US,D,20221116,000000,281.25,304.74,270,274.5,898.524445343,0
CLEU.US,D,20221117,000000,270,280.98,270,272.25,1117.5422233398,0
CLEU.US,D,20221118,000000,271.125,279,265.5,270,389.34666705601,0
CLEU.US,D,20221121,000000,272.25,272.25,261,267.75,256.76888914566,0
CLEU.US,D,20221122,000000,267.75,267.75,220.522,252,845.79555640136,0
CLEU.US,D,20221123,000000,254.25,258.75,243.225,256.5,454.31111156542,0
CLEU.US,D,20221125,000000,252.247,270,252.247,264.375,219.87111133098,0
CLEU.US,D,20221128,000000,252,267.75,236.25,255.375,876.90666754359,0
CLEU.US,D,20221129,000000,258.75,263.25,253.012,261,391.782222614,0
CLEU.US,D,20221130,000000,261,267.75,252,258.75,297.03555585259,0
CLEU.US,D,20221201,000000,258.75,261,247.5,258.75,338.76444478321,0
CLEU.US,D,20221202,000000,258.75,270,252,265.5,1456.9511125681,0
CLEU.US,D,20221205,000000,267.75,270,254.25,256.5,253.85333358719,0
CLEU.US,D,20221206,000000,254.25,254.25,238.5,247.5,527.6088894165,0
CLEU.US,D,20221207,000000,245.25,245.25,231.75,243,483.94222270616,0
CLEU.US,D,20221208,000000,240.75,241.875,236.25,240.75,344.84888923374,0
CLEU.US,D,20221209,000000,240.772,247.5,240.75,245.25,506.04444495049,0
CLEU.US,D,20221212,000000,243,250.357,238.5,243,385.89777816368,0
CLEU.US,D,20221213,000000,243,245.25,236.25,241.875,239.49777801728,0
CLEU.US,D,20221214,000000,243.315,243.315,231.75,240.75,316.35555587191,0
CLEU.US,D,20221215,000000,231.75,240.75,231.75,235.125,352.03555590759,0
CLEU.US,D,20221216,000000,243,243,229.5,231.75,164.52000016452,0
CLEU.US,D,20221219,000000,231.75,231.75,216,223.897,425.47111153658,0
CLEU.US,D,20221220,000000,214.02,229.5,214.02,224.415,205.38666687205,0
CLEU.US,D,20221221,000000,224.977,228.96,216.067,222.75,83.4000000834,0
CLEU.US,D,20221222,000000,216.247,229.5,202.5,225,448.05777822584,0
CLEU.US,D,20221223,000000,220.05,227.25,206.122,218.25,122.44444456689,0
CLEU.US,D,20221227,000000,240.75,240.75,218.25,218.25,145.62222236784,0
CLEU.US,D,20221228,000000,218.25,227.25,211.725,216,506.90666717357,0
CLEU.US,D,20221229,000000,217.462,227.475,202.5,214.875,749.02222297124,0
CLEU.US,D,20221230,000000,208.113,227.25,202.5,225,899.8088897887,0
CLEU.US,D,20230103,000000,225,227.25,213.75,227.227,270.15111138126,0
CLEU.US,D,20230104,000000,220.5,227.25,204.75,213.75,1174.1511122853,0
CLEU.US,D,20230105,000000,207.337,217.147,200.25,212.602,1547.2400015472,0
CLEU.US,D,20230106,000000,213.232,216,206.775,213.75,557.02666722369,0
CLEU.US,D,20230109,000000,213.75,220.5,171.472,190.687,2214.1066688808,0
CLEU.US,D,20230110,000000,185.017,186.75,175.725,184.5,656.43111176754,0
CLEU.US,D,20230111,000000,180,180.022,168.75,177.75,626.97333396031,0
CLEU.US,D,20230112,000000,175.5,182.25,169.087,180,829.17777860692,0
CLEU.US,D,20230113,000000,180,189,177.75,182.947,369.53777814732,0
CLEU.US,D,20230117,000000,180,193.5,179.325,182.25,1156.1866678228,0
CLEU.US,D,20230118,000000,191.25,191.25,180,188.325,4264.4088931533,0
CLEU.US,D,20230119,000000,191.25,191.25,181.125,185.175,202.70222242492,0
CLEU.US,D,20230120,000000,186.847,197.955,181.575,186.727,872.32000087229,0
CLEU.US,D,20230123,000000,181.125,191.25,164.475,175.005,831.81333416517,0
CLEU.US,D,20230124,000000,177.255,182.542,173.25,179.977,298.28444474273,0
CLEU.US,D,20230125,000000,175.545,181.125,173.25,181.125,55.408888944298,0
CLEU.US,D,20230126,000000,184.05,184.5,175.522,184.275,197.88444464233,0
CLEU.US,D,20230127,000000,185.625,185.625,177.75,185.4,222.30666688897,0
CLEU.US,D,20230130,000000,192.06,192.06,180.112,183.375,340.2088892291,0
CLEU.US,D,20230131,000000,182.25,186.3,180,183.825,404.98666707165,0
CLEU.US,D,20230201,000000,188.55,188.55,180,183.352,418.04888930694,0
CLEU.US,D,20230202,000000,180.067,195.75,180.045,186.637,430.91555598647,0
CLEU.US,D,20230203,000000,189,189,173.25,180,872.36888976125,0
CLEU.US,D,20230206,000000,174.6,181.102,174.6,180,234.25333356759,0
CLEU.US,D,20230207,000000,180,191.227,177.817,187.875,758.85333409216,0
CLEU.US,D,20230208,000000,184.5,184.5,175.5,180,247.75555580331,0
CLEU.US,D,20230209,000000,179.887,189,177.322,182.115,147.42666681409,0
CLEU.US,D,20230210,000000,182.25,182.25,175.5,180,256.91111136802,0
CLEU.US,D,20230213,000000,179.932,179.977,175.95,176.625,163.6000001636,0
CLEU.US,D,20230214,000000,175.972,184.477,174.375,181.125,270.28888915918,0
CLEU.US,D,20230215,000000,176.4,189,176.017,183.15,1214.871112326,0
CLEU.US,D,20230216,000000,175.567,187.875,175.567,186.525,276.86666694353,0
CLEU.US,D,20230217,000000,185.4,185.4,179.01,182.182,2000.7733353341,0
CLEU.US,D,20230221,000000,178.65,186.525,175.5,184.477,4397.8355599534,0
CLEU.US,D,20230222,000000,182.25,202.05,181.957,202.05,841.58222306379,0
CLEU.US,D,20230223,000000,202.05,220.5,200.272,215.967,794.81333412814,0
CLEU.US,D,20230224,000000,220.5,222.75,204.817,220.5,748.76000074878,0
CLEU.US,D,20230227,000000,216,220.5,192.285,198.135,418.7911115299,0
CLEU.US,D,20230228,000000,191.497,216,191.475,196.875,1585.8177793636,0
CLEU.US,D,20230301,000000,193.5,202.477,191.497,195.48,2829.1555583847,0
CLEU.US,D,20230302,000000,193.5,209.25,191.925,199.147,3994.6622262169,0
CLEU.US,D,20230303,000000,195.75,201.352,193.5,195.435,312.82222253504,0
CLEU.US,D,20230306,000000,193.387,202.5,191.25,195.75,4190.1333375235,0
CLEU.US,D,20230307,000000,195.75,195.75,189.022,195.75,94.773333428107,0
CLEU.US,D,20230308,000000,191.272,192.757,182.25,187.785,573.43555612899,0
CLEU.US,D,20230309,000000,184.623,188.932,180.225,188.01,278.53333361187,0
CLEU.US,D,20230310,000000,186.075,193.5,180.675,189.045,303.56888919246,0
CLEU.US,D,20230313,000000,189.045,191.227,180.9,186.75,88.626666755293,0
CLEU.US,D,20230314,000000,182.25,189.45,171,183.375,371.96888926086,0
CLEU.US,D,20230315,000000,180,183.375,175.5,180.63,250.73777802852,0
CLEU.US,D,20230316,000000,182.25,182.25,172.147,181.957,82.595555638151,0
CLEU.US,D,20230317,000000,180,182.25,174.127,179.19,117.94222234016,0
CLEU.US,D,20230320,000000,177.772,191.25,174.15,191.25,1086.69333442,0
CLEU.US,D,20230321,000000,184.5,191.25,182.497,189,744.44888963336,0
CLEU.US,D,20230322,000000,184.5,191.25,180,180.247,279.28888916818,0
CLEU.US,D,20230323,000000,191.227,191.227,183.15,187.323,291.83555584739,0
CLEU.US,D,20230324,000000,184.5,190.125,178.875,184.072,294.96444473941,0
CLEU.US,D,20230327,000000,182.317,186.727,180,180.112,200.21333353355,0
CLEU.US,D,20230328,000000,180.247,191.002,177.75,180,300.72000030072,0
CLEU.US,D,20230329,000000,169.875,175.455,119.295,142.2,12566.515568122,0
CLEU.US,D,20230330,000000,132.772,137.25,126.562,137.25,4104.8888929938,0
CLEU.US,D,20230331,000000,135,141.75,132.75,136.192,733.58666740026,0
CLEU.US,D,20230403,000000,139.5,141.75,129.982,133.357,428.45333376179,0
CLEU.US,D,20230404,000000,137.25,137.25,131.647,133.222,126.4000001264,0
CLEU.US,D,20230405,000000,132.435,137.25,128.542,137.025,44.417777822196,0
CLEU.US,D,20230406,000000,137.25,137.25,130.545,132.187,122.48444456693,0
CLEU.US,D,20230410,000000,132.75,132.75,128.565,130.5,156.51111126762,0
CLEU.US,D,20230411,000000,128.497,129.6,118.327,120.375,7809.244452254,0
CLEU.US,D,20230412,000000,118.597,139.5,112.5,131.085,7892.7955634484,0
CLEU.US,D,20230413,000000,139.5,157.5,132.75,143.479,418.52444486297,0
CLEU.US,D,20230414,000000,150.525,153,141.75,148.5,125.35111123646,0
CLEU.US,D,20230417,000000,143.977,148.5,138.6,148.5,193.11555574867,0
CLEU.US,D,20230418,000000,148.5,152.1,135,139.567,273.32000027332,0
CLEU.US,D,20230419,000000,139.545,164.812,137.25,152.685,495.09777827288,0
CLEU.US,D,20230420,000000,149.625,177.75,146.25,164.25,1405.9333347392,0
CLEU.US,D,20230421,000000,167.872,171,151.74,152.842,573.32000057332,0
CLEU.US,D,20230424,000000,153.045,167.625,150.75,154.125,1614.8044460593,0
CLEU.US,D,20230425,000000,152.775,166.477,152.775,157.5,2688.9733360223,0
CLEU.US,D,20230426,000000,155.025,157.5,148.511,157.477,786.22222300844,0
CLEU.US,D,20230427,000000,157.5,189.27,153,177.75,3451.3822256736,0
CLEU.US,D,20230428,000000,174.172,186.75,168.75,186.75,570.04888945894,0
CLEU.US,D,20230501,000000,183.352,195.75,180,190.575,2275.7511133869,0
CLEU.US,D,20230502,000000,199.125,211.5,182.812,195.75,6696.1333400294,0
CLEU.US,D,20230503,000000,184.5,195.75,171.225,176.062,1899.3911130105,0
CLEU.US,D,20230504,000000,186.75,202.5,180,183.42,1817.2844462617,0
CLEU.US,D,20230505,000000,186.502,189,164.34,165.375,608.22666727489,0
CLEU.US,D,20230508,000000,166.5,173.25,164.25,167.692,338.18666700485,0
CLEU.US,D,20230509,000000,168.75,174.375,166.5,171,345.91555590147,0
CLEU.US,D,20230510,000000,168.75,177.75,168.75,169.2,569.13333390247,0
CLEU.US,D,20230511,000000,173.227,179.977,166.5,172.125,593.32888948222,0
CLEU.US,D,20230512,000000,171.09,173.475,169.222,170.55,242.69777802048,0
CLEU.US,D,20230515,000000,164.25,171.112,159.772,166.5,332.82222255504,0
CLEU.US,D,20230516,000000,164.25,164.25,156.375,159.727,403.09777818088,0
CLEU.US,D,20230517,000000,157.725,157.725,154.575,154.62,708.98666737563,0
CLEU.US,D,20230518,000000,148.86,162,138.442,144.225,464.84888935374,0
CLEU.US,D,20230519,000000,139.905,150.84,139.905,141.772,359.6177781374,0
CLEU.US,D,20230522,000000,149.614,149.614,137.25,138.375,152.2000001522,0
CLEU.US,D,20230523,000000,139.5,141.75,137.25,137.25,221.90666688857,0
CLEU.US,D,20230524,000000,135.022,146.328,135,141.75,333.73777811152,0
CLEU.US,D,20230525,000000,135,141.75,132.772,133.042,229.64000022964,0
CLEU.US,D,20230526,000000,134.707,134.707,124.312,126.157,241.85777801964,0
CLEU.US,D,20230530,000000,128.25,137.925,126,126,2138.7244465832,0
CLEU.US,D,20230531,000000,124.875,141.75,124.875,140.445,32704.728921594,0
CLEU.US,D,20230601,000000,141.3,171,139.5,166.5,19838.164464282,0
CLEU.US,D,20230602,000000,180,180,153.9,173.25,14738.191125849,0
CLEU.US,D,20230605,000000,175.5,182.25,166.5,177.75,5572.3733389057,0
CLEU.US,D,20230606,000000,182.25,191.25,175.5,191.227,5687.7511167989,0
CLEU.US,D,20230607,000000,186.75,189,175.5,189,19820.777797598,0
CLEU.US,D,20230608,000000,189,195.75,178.875,191.25,6549.1200065491,0
CLEU.US,D,20230609,000000,191.25,200.25,184.5,195.75,2496.1244469406,0
CLEU.US,D,20230612,000000,201.622,213.75,195.772,211.477,18351.293351684,0
CLEU.US,D,20230613,000000,209.25,220.477,209.25,216,1092.7111122038,0
CLEU.US,D,20230614,000000,220.5,220.5,191.25,195.277,470.84000047084,0
CLEU.US,D,20230615,000000,202.5,213.975,201.982,202.5,3984.9644484294,0
CLEU.US,D,20230616,000000,207,225,205.875,225,2745.0755583006,0
CLEU.US,D,20230620,000000,223.177,225,213.142,225,1640.1155571957,0
CLEU.US,D,20230621,000000,225,247.5,224.797,240.75,4016.1866706828,0
CLEU.US,D,20230622,000000,245.25,254.25,225,247.5,7408.1244518527,0
CLEU.US,D,20230623,000000,247.5,267.75,240.75,267.75,4678.7288935676,0
CLEU.US,D,20230626,000000,281.25,288,247.5,263.25,4497.5377822753,0
CLEU.US,D,20230627,000000,263.25,274.5,247.5,274.5,1791.9155573475,0
CLEU.US,D,20230628,000000,268.875,297,267.75,267.75,8117.3555636727,0
CLEU.US,D,20230629,000000,265.5,268.875,238.5,247.5,1725.3422239475,0
CLEU.US,D,20230630,000000,245.25,263.25,236.25,258.75,5989.4844504339,0
CLEU.US,D,20230703,000000,270,274.5,247.5,270,5809.7422280319,0
CLEU.US,D,20230705,000000,272.25,283.5,258.75,283.5,12819.982235042,0
CLEU.US,D,20230706,000000,292.5,299.25,267.75,294.75,12115.00445656,0
CLEU.US,D,20230707,000000,292.5,315,282.375,310.5,10495.933343829,0
CLEU.US,D,20230710,000000,312.75,315,301.5,315,5271.6800052717,0
CLEU.US,D,20230711,000000,316.125,344.227,308.25,339.75,13299.604457744,0
CLEU.US,D,20230712,000000,339.75,348.75,321.75,342,10525.231121637,0
CLEU.US,D,20230713,000000,342,348.75,299.25,319.5,5494.1644499386,0
CLEU.US,D,20230714,000000,335.25,353.25,312.772,346.5,8695.4933420291,0
CLEU.US,D,20230717,000000,342,382.5,333,378,13164.764457609,0
CLEU.US,D,20230718,000000,373.5,389.25,339.75,375.75,26999.568915888,0
CLEU.US,D,20230719,000000,373.5,405,370.125,405,9934.8755654901,0
CLEU.US,D,20230720,000000,400.5,405,371.25,371.25,3059.4533363928,0
CLEU.US,D,20230721,000000,384.75,405,378,400.5,2777.8800027779,0
CLEU.US,D,20230724,000000,357.75,398.25,349.875,380.25,4530.1422267523,0
CLEU.US,D,20230725,000000,382.5,423,378,409.5,9049.1866757159,0
CLEU.US,D,20230726,000000,393.75,416.25,393.75,411.75,1735.5733350689,0
CLEU.US,D,20230727,000000,411.75,414,364.5,371.25,2313.1200023131,0
CLEU.US,D,20230728,000000,351,378,346.5,364.5,3094.8133364281,0
CLEU.US,D,20230731,000000,391.5,427.5,321.772,427.5,21687.346688354,0
CLEU.US,D,20230801,000000,445.5,459,416.25,441,10253.937788032,0
CLEU.US,D,20230802,000000,441,456.75,428.175,436.5,5293.000005293,0
CLEU.US,D,20230803,000000,430.875,463.5,393.75,459,12886.182235108,0
CLEU.US,D,20230804,000000,454.5,492.75,450,470.25,11338.480011339,0
CLEU.US,D,20230807,000000,474.75,486,450,481.5,7399.1288962882,0
CLEU.US,D,20230808,000000,483.75,486,472.5,477,6251.7022284739,0
CLEU.US,D,20230809,000000,499.5,578.25,465.75,576,63426.275618982,0
CLEU.US,D,20230810,000000,607.5,612,549,576,17780.826684448,0
CLEU.US,D,20230811,000000,562.5,578.25,542.25,564.75,10382.093343716,0
CLEU.US,D,20230814,000000,562.5,573.75,168.75,173.25,66420.266733087,0
CLEU.US,D,20230815,000000,157.95,162.675,87.75,97.2,37228.537815006,0
CLEU.US,D,20230816,000000,96.75,101.7,96.75,97.8975,7896.8533412304,0
CLEU.US,D,20230817,000000,90.495,93.3525,61.245,74.475,22686.160022686,0
CLEU.US,D,20230818,000000,67.5,86.5575,67.5,83.25,10710.675566266,0
CLEU.US,D,20230821,000000,78.75,80.55,69.75,69.75,14411.2089033,0
CLEU.US,D,20230822,000000,60.75,67.5,56.475,60.75,12885.231123997,0
CLEU.US,D,20230823,000000,56.6325,67.4775,56.6325,65.475,6456.2888953451,0
CLEU.US,D,20230824,000000,63.675,78.75,63.1147,73.35,10752.040010752,0
CLEU.US,D,20230825,000000,73.62,74.25,67.725,74.25,3717.7866703844,0
CLEU.US,D,20230828,000000,74.25,94.2525,74.025,88.7625,12090.537789869,0
CLEU.US,D,20230829,000000,93.6,105.75,89.6175,97.875,7287.4400072877,0
CLEU.US,D,20230830,000000,112.5,112.5,101.25,110.025,7274.2711183851,0
CLEU.US,D,20230831,000000,114.525,114.75,90.0225,99.9,4894.3111160054,0
CLEU.US,D,20230901,000000,99,105.727,92.2725,98.1,1888.8577796666,0
CLEU.US,D,20230905,000000,98.1,98.2125,85.5,89.01,3222.346669889,0
CLEU.US,D,20230906,000000,86.4,88.0872,81,81.045,1718.2133350516,0
CLEU.US,D,20230907,000000,81,81,72.2701,73.1475,1992.3688908813,0
CLEU.US,D,20230908,000000,72,74.25,67.5,73.8,1795.9200017959,0
CLEU.US,D,20230911,000000,71.4375,84.5775,71.4375,79.5825,2012.0533353454,0
CLEU.US,D,20230912,000000,79.65,85.5,76.5,78.75,1587.3377793651,0
CLEU.US,D,20230913,000000,78.75,78.75,69.75,71.775,2515.7866691824,0
CLEU.US,D,20230914,000000,69.84,76.275,69.75,70.3575,741.10666740775,0
CLEU.US,D,20230915,000000,69.75,76.5,69.75,72,1147.1511122582,0
CLEU.US,D,20230918,000000,73.125,74.25,69.7725,71.145,1570.5155571261,0
CLEU.US,D,20230919,000000,72.5625,76.365,69.75,69.7725,1536.7288904256,0
CLEU.US,D,20230920,000000,72,74.2275,68.625,69.75,1087.6622233099,0
CLEU.US,D,20230921,000000,69.75,70.875,69.75,69.75,832.14222305434,0
CLEU.US,D,20230922,000000,69.75,71.9775,67.5,67.5,759.44444520392,0
CLEU.US,D,20230925,000000,67.5675,71.9775,67.5,67.5,779.54222300177,0
CLEU.US,D,20230926,000000,67.5,69.1425,63,65.25,1125.9333344593,0
CLEU.US,D,20230927,000000,65.25,67.4752,63.225,63.9,797.09777857488,0
CLEU.US,D,20230928,000000,63.405,67.275,63.2925,64.71,968.66222319086,0
CLEU.US,D,20230929,000000,65.25,66.42,57.6,58.5,1246.7288901356,0
CLEU.US,D,20231002,000000,58.5,59.715,58.5,58.5,563.70666723037,0
CLEU.US,D,20231003,000000,60.75,60.75,56.25,57.015,2168.1733355015,0
CLEU.US,D,20231004,000000,56.25,56.25,49.4775,52.785,1526.7555570823,0
CLEU.US,D,20231005,000000,52.785,54,49.5,52.92,967.88888985681,0
CLEU.US,D,20231006,000000,52.92,52.9425,48.375,50.67,276.37333360971,0
CLEU.US,D,20231009,000000,49.3875,50.67,46.125,46.8,1533.3644459778,0
CLEU.US,D,20231010,000000,46.125,52.875,46.125,52.335,1062.1511121733,0
CLEU.US,D,20231011,000000,49.5,54.8977,49.5,52.8975,1204.5733345379,0
CLEU.US,D,20231012,000000,54,59.7375,54,55.4625,1686.2488905751,0
CLEU.US,D,20231013,000000,54,56.2275,52.2,55.125,884.12000088413,0
CLEU.US,D,20231016,000000,51.75,55.575,51.75,55.575,461.74666712841,0
CLEU.US,D,20231017,000000,58.275,58.4325,51.7725,55.2375,225.77333355911,0
CLEU.US,D,20231018,000000,54,55.125,51.975,51.975,389.47555594503,0
CLEU.US,D,20231019,000000,51.75,56.61,51.75,51.975,978.57333431189,0
CLEU.US,D,20231020,000000,51.75,51.975,51.75,51.7725,644.14222286636,0
CLEU.US,D,20231023,000000,49.5225,51.0975,47.97,49.68,378.16444482261,0
CLEU.US,D,20231024,000000,47.25,50.805,47.25,47.5875,437.19555599275,0
CLEU.US,D,20231025,000000,47.25,50.625,46.1475,50.2759,15472.368904362,0
CLEU.US,D,20231026,000000,51.5925,51.75,48.375,48.375,1350.3022235726,0
CLEU.US,D,20231027,000000,48.375,48.915,44.91,46.89,457.13777823492,0
CLEU.US,D,20231030,000000,42.75,47.25,42.75,43.2675,751.06666741773,0
CLEU.US,D,20231031,000000,37.125,44.9775,37.125,43.875,990.45777876823,0
CLEU.US,D,20231101,000000,41.625,43.9875,39.375,40.725,670.8000006708,0
CLEU.US,D,20231102,000000,39.15,41.22,39.15,40.5,459.04888934794,0
CLEU.US,D,20231103,000000,42.75,47.25,40.5225,46.3275,1331.9911124431,0
CLEU.US,D,20231106,000000,45,47.2275,45,45.3825,732.43555628802,0
CLEU.US,D,20231107,000000,45.45,47.25,43.875,45.4959,227.6000002276,0
CLEU.US,D,20231108,000000,45,46.0575,43.11,43.695,595.1911117063,0
CLEU.US,D,20231109,000000,37.125,43.2225,36.9225,38.925,1035.475556591,0
CLEU.US,D,20231110,000000,45,45,38.925,38.925,898.52000089853,0
CLEU.US,D,20231113,000000,39.3525,40.5,37.1475,38.655,278.40444472285,0
CLEU.US,D,20231114,000000,39.1725,40.5,37.125,39.825,372.87111148398,0
CLEU.US,D,20231115,000000,41.625,41.625,39.6,39.6,96.946666763613,0
CLEU.US,D,20231116,000000,38.25,40.5,38.25,38.295,251.66666691833,0
CLEU.US,D,20231117,000000,38.2725,38.8347,33.7725,37.7775,440.30666710697,0
CLEU.US,D,20231120,000000,38.25,38.25,33.975,34.4475,899.66666756637,0
CLEU.US,D,20231121,000000,33.75,36.7425,32.4,32.4,1346.8622235691,0
CLEU.US,D,20231122,000000,31.5,35.6602,31.5,32.895,535.31111164642,0
CLEU.US,D,20231124,000000,36,37.8,31.8825,32.2425,996.41333432974,0
CLEU.US,D,20231127,000000,33.75,35.9775,31.5,34.335,821.97777859972,0
CLEU.US,D,20231128,000000,31.5,36,31.5,34.2,896.48888978538,0
CLEU.US,D,20231129,000000,29.295,34.875,29.295,34.5825,465.74222268796,0
CLEU.US,D,20231130,000000,31.5,36,31.5,36,577.08888946598,0
CLEU.US,D,20231201,000000,36,37.5075,33.75,36.81,1052.21777883,0
CLEU.US,D,20231204,000000,31.7475,36,31.725,34.605,1351.1600013512,0
CLEU.US,D,20231205,000000,36,40.5,33.7747,36.9225,1118.3822233406,0
CLEU.US,D,20231206,000000,38.925,45,34.74,43.6276,1049.5511121606,0
CLEU.US,D,20231207,000000,42.7275,71.1675,42.4575,60.5025,6614.0666732807,0
CLEU.US,D,20231208,000000,57.285,61.9672,49.5,50.9625,2748.6444471931,0
CLEU.US,D,20231211,000000,49.5,53.4825,40.7475,45.0225,1412.0977791898,0
CLEU.US,D,20231212,000000,45,45,36.2475,40.8825,671.96000067198,0
CLEU.US,D,20231213,000000,42.75,45,40.995,43.11,519.27555607483,0
CLEU.US,D,20231214,000000,43.875,43.875,38.9025,40.5,611.02666727769,0
CLEU.US,D,20231215,000000,40.5,40.5,36.225,36.8775,1291.4933346248,0
CLEU.US,D,20231218,000000,36,38.025,35.595,36.6975,307.45777808524,0
CLEU.US,D,20231219,000000,36.6075,36.6075,35.2125,35.55,156.95555571251,0
CLEU.US,D,20231220,000000,35.9775,36,33.75,34.0875,466.67555602223,0
CLEU.US,D,20231221,000000,33.75,37.3275,33.75,35.1672,609.42666727609,0
CLEU.US,D,20231222,000000,36,37.125,32.445,35.775,1064.0933343974,0
CLEU.US,D,20231226,000000,33.75,35.775,33.75,34.65,423.92444486837,0
CLEU.US,D,20231227,000000,33.75,34.875,33.75,33.975,778.37777855612,0
CLEU.US,D,20231228,000000,33.8625,36,33.7725,36,621.03555617659,0
CLEU.US,D,20231229,000000,34.7625,42.2775,34.425,40.5,10484.59556604,0
CLEU.US,D,20240102,000000,42.615,43.695,38.5875,40.5225,1605.4044460498,0
CLEU.US,D,20240103,000000,42.8175,42.8175,38.475,38.745,37482.17781526,0
CLEU.US,D,20240104,000000,36.2475,46.4175,36.2475,46.4175,5792.0844502365,0
CLEU.US,D,20240105,000000,42.075,44.145,41.0175,42.435,1241.4666679081,0
CLEU.US,D,20240108,000000,41.625,41.625,38.25,39.8475,1016.1466676828,0
CLEU.US,D,20240109,000000,36.495,45,36.495,44.8875,2286.7377800645,0
CLEU.US,D,20240110,000000,44.6175,44.775,40.095,40.77,410.29333374363,0
CLEU.US,D,20240111,000000,40.5,41.5575,38.3625,41.3775,845.65333417896,0
CLEU.US,D,20240112,000000,38.25,42.75,38.25,38.9475,744.16888963308,0
CLEU.US,D,20240116,000000,37.125,40.4775,36,38.385,750.57333408389,0
CLEU.US,D,20240117,000000,38.2275,39.24,36,36.9225,1996.2888908851,0
CLEU.US,D,20240118,000000,36,40.3875,33.7725,37.575,3882.5333372159,0
CLEU.US,D,20240119,000000,30.3,35.25,26.55,30.9,6379.8000031899,0
CLEU.US,D,20240122,000000,27,43.35,25.8,39.4515,10578.066671956,0
CLEU.US,D,20240123,000000,39.45,39.45,33.7515,37.5,4194.7333354307,0
CLEU.US,D,20240124,000000,35.85,38.1,30.45,37.95,4816.5333357416,0
CLEU.US,D,20240125,000000,37.2,37.5015,34.5,34.5,732.2000003661,0
CLEU.US,D,20240126,000000,34.5,39,34.5,38.4,19231.266676282,0
CLEU.US,D,20240129,000000,39,40.3485,34.5,37.5,24791.333345729,0
CLEU.US,D,20240130,000000,36.75,40.95,35.7,36.825,29699.533348183,0
CLEU.US,D,20240131,000000,37.05,41.25,37.05,39,3043.5333348551,0
CLEU.US,D,20240201,000000,38.4,38.55,31.5,32.1,6844.9333367558,0
CLEU.US,D,20240202,000000,31.8,32.4795,26.25,28.35,6750.4666700419,0
CLEU.US,D,20240205,000000,27.15,29.7,26.4015,26.55,2712.5333346896,0
CLEU.US,D,20240206,000000,26.25,35.1,25.8,34.05,5975.4666696544,0
CLEU.US,D,20240207,000000,39,44.4,36.15,42.75,31224.000015612,0
CLEU.US,D,20240208,000000,41.4,41.85,39,40.8,6561.9333366143,0
CLEU.US,D,20240209,000000,39.45,40.35,34.05,36.15,17938.066675636,0
CLEU.US,D,20240212,000000,36.75,37.95,34.5,37.35,4112.8000020564,0
CLEU.US,D,20240213,000000,36.75,39.525,35.25,36.75,37669.866685502,0
CLEU.US,D,20240214,000000,36,40.4565,36,39,2291.8000011459,0
CLEU.US,D,20240215,000000,39.75,43.5,39.75,42.15,26485.066679909,0
CLEU.US,D,20240216,000000,40.65,43.5,35.3865,41.25,59330.000029665,0
CLEU.US,D,20240220,000000,41.25,41.25,35.25,38.55,11891.533339279,0
CLEU.US,D,20240221,000000,39,41.55,39,39,28785.933347726,0
CLEU.US,D,20240222,000000,39,39.3,35.1,35.85,19410.266676372,0
CLEU.US,D,20240223,000000,36,36.75,33.6,35.25,3439.8666683866,0
CLEU.US,D,20240226,000000,35.25,35.25,29.85,32.25,5119.4666692264,0
CLEU.US,D,20240227,000000,32.25,33.9,32.25,33.75,3525.9333350963,0
CLEU.US,D,20240228,000000,33.75,33.75,31.5,32.1,3041.6000015208,0
CLEU.US,D,20240229,000000,32.7675,33.249,30,32.25,10360.866671847,0
CLEU.US,D,20240301,000000,31.5,31.5,30.15,30.75,3614.9333351408,0
CLEU.US,D,20240304,000000,30.3,31.2,27,29.4,3538.2000017691,0
CLEU.US,D,20240305,000000,28.5,28.65,26.7,26.85,7597.0666704652,0
CLEU.US,D,20240306,000000,25.95,25.95,24,24,9531.7333380992,0
CLEU.US,D,20240307,000000,23.7,24.3,21.6,21.9,15811.000007906,0
CLEU.US,D,20240308,000000,21,21.084,18,18.3,12869.400006435,0
CLEU.US,D,20240311,000000,18,18.3,13.704,15.45,14058.133340362,0
CLEU.US,D,20240312,000000,15.3,17.7,15.3,15.6,5486.4666694099,0
CLEU.US,D,20240313,000000,11.8125,15.45,11.8125,13.65,23733.200011867,0
CLEU.US,D,20240314,000000,13.2,13.95,12.9,13.2,2472.2666679028,0
CLEU.US,D,20240315,000000,13.5,15,13.2,14.97,4389.0000021945,0
CLEU.US,D,20240318,000000,15.6,17.85,14.4802,17.4,7391.6000036958,0
CLEU.US,D,20240319,000000,16.8,18.6,16.35,16.65,5484.8000027424,0
CLEU.US,D,20240320,000000,16.65,18.3,16.2,16.5,3948.6000019743,0
CLEU.US,D,20240321,000000,17.25,19.5,17.1,19.35,7377.9333370223,0
CLEU.US,D,20240322,000000,19.05,19.1925,15.6,15.75,3990.2000019951,0
CLEU.US,D,20240325,000000,16.9515,17.9985,16.5,16.95,2066.0666676997,0
CLEU.US,D,20240326,000000,17.7,18.15,15,15.45,3747.4000018737,0
CLEU.US,D,20240327,000000,16.725,17.829,15.3,15.45,1938.8666676361,0
CLEU.US,D,20240328,000000,15.45,17.628,15.45,15.9,470.8000002354,0
CLEU.US,D,20240401,000000,14.88,16.011,14.7,14.7,1175.2000005876,0
CLEU.US,D,20240402,000000,15,15.9,14.7,15.6,1297.9333339823,0
CLEU.US,D,20240403,000000,14.43,15.5625,13.65,14.169,1783.5333342251,0
CLEU.US,D,20240404,000000,13.8465,15.195,13.8465,14.7,3447.4000017237,0
CLEU.US,D,20240405,000000,13.8,15.45,13.8,14.4,788.2666670608,0
CLEU.US,D,20240408,000000,14.8485,14.85,13.95,14.115,1211.4000006057,0
CLEU.US,D,20240409,000000,13.8645,15,13.8645,13.8705,998.8000004994,0
CLEU.US,D,20240410,000000,14.4,15.3,14.4,14.55,1648.1333341574,0
CLEU.US,D,20240411,000000,14.55,14.55,13.8,13.8525,2201.4666677674,0
CLEU.US,D,20240412,000000,15,15,14.1,14.55,1865.333334266,0
CLEU.US,D,20240415,000000,15.3,15.9,13.797,14.637,2783.0000013915,0
CLEU.US,D,20240416,000000,14.37,15,14.2392,14.85,1766.5333342166,0
CLEU.US,D,20240417,000000,15.0105,15.75,15,15,1879.5333342731,0
CLEU.US,D,20240418,000000,14.7,15.75,14.7,15.462,1679.8666675066,0
CLEU.US,D,20240419,000000,15.45,16.17,15.15,15.885,1374.5333340206,0
CLEU.US,D,20240422,000000,15.198,16.35,15.198,16.35,1916.666667625,0
CLEU.US,D,20240423,000000,16.35,16.65,15.45,16.05,12529.266672931,0
CLEU.US,D,20240424,000000,16.5,17.1,15.75,16.65,2206.4000011032,0
CLEU.US,D,20240425,000000,15.6,17.4,15.45,16.8,2309.2666678213,0
CLEU.US,D,20240426,000000,16.05,17.1,15.9,16.2,2091.333334379,0
CLEU.US,D,20240429,000000,16.5,16.86,15.75,16.7475,1207.9333339373,0
CLEU.US,D,20240430,000000,16.65,16.65,15.6,16.2,712.3333336895,0
CLEU.US,D,20240501,000000,16.05,16.05,15.75,15.75,988.2000004941,0
CLEU.US,D,20240502,000000,16.671,16.944,15.6,15.7515,1253.7333339602,0
CLEU.US,D,20240503,000000,15.6,16.6485,15.15,15.45,1578.5333341226,0
CLEU.US,D,20240506,000000,15.15,15.9,14.25,15.4485,1143.5333339051,0
CLEU.US,D,20240507,000000,15.5985,19.95,15.0015,19.5,25671.333346169,0
CLEU.US,D,20240508,000000,19.5,19.59,17.25,17.55,4743.1333357049,0
CLEU.US,D,20240509,000000,18.342,18.4455,16.65,16.65,2380.4000011902,0
CLEU.US,D,20240510,000000,16.35,18.3,16.35,17.4,1661.6000008308,0
CLEU.US,D,20240513,000000,17.7,17.85,16.8015,17.775,1011.6666671725,0
CLEU.US,D,20240514,000000,17.7,17.7,14.8515,16.5,4140.4000020702,0
CLEU.US,D,20240515,000000,16.05,16.7985,15,15.969,1696.2666675148,0
CLEU.US,D,20240516,000000,15.45,16.5,15,16.35,3934.3333353005,0
CLEU.US,D,20240517,000000,16.875,18.75,16.8,18.15,6770.8000033854,0
CLEU.US,D,20240520,000000,18.3,18.75,17.25,17.4,3141.4000015707,0
CLEU.US,D,20240521,000000,17.25,17.25,16.65,16.65,1495.6000007478,0
CLEU.US,D,20240522,000000,16.8,17.373,16.4655,17.0955,309.4000001547,0
CLEU.US,D,20240523,000000,17.1,17.4,15.9,15.9,4590.1333356284,0
CLEU.US,D,20240524,000000,16.2015,16.875,16.2,16.602,487.7333335772,0
CLEU.US,D,20240528,000000,16.797,17.55,16.2015,16.2015,1830.5333342486,0
CLEU.US,D,20240529,000000,16.2,16.95,15.9,16.05,1079.9333338733,0
CLEU.US,D,20240530,000000,16.1805,16.95,15,16.2,1643.5333341551,0
CLEU.US,D,20240531,000000,16.047,16.05,15.7515,16.05,727.333333697,0
CLEU.US,D,20240603,000000,16.05,16.05,15,15.15,1424.4000007122,0
CLEU.US,D,20240604,000000,16.05,16.2,15.15,15.3,996.4666671649,0
CLEU.US,D,20240605,000000,16.5,25.5,16.5,21.3,163247.33341496,0
CLEU.US,D,20240606,000000,23.4,35.4,23.4,30.3,759675.73371317,0
CLEU.US,D,20240607,000000,31.65,52.05,31.65,48,1221224.2672773,0
CLEU.US,D,20240610,000000,42.3,48,42,44.1,287019.13347684,0
CLEU.US,D,20240611,000000,42.3,42.45,39.15,40.1925,68753.33336771,0
CLEU.US,D,20240612,000000,40.5,43.05,40.2,40.5,31163.733348915,0
CLEU.US,D,20240613,000000,40.5,41.1,39,40.3305,16517.933341592,0
CLEU.US,D,20240614,000000,39.15,40.5,39,40.5,11307.333338987,0
CLEU.US,D,20240617,000000,39,39.285,31.5195,35.7,40148.800020074,0
CLEU.US,D,20240618,000000,37.95,42,37.95,42,41894.733354281,0
CLEU.US,D,20240620,000000,43.5,46.017,40.8,41.55,33812.666683573,0
CLEU.US,D,20240621,000000,41.25,42.6,39.15,40.35,14852.600007426,0
CLEU.US,D,20240624,000000,41.25,44.1,41.25,44.1,16715.866675025,0
CLEU.US,D,20240625,000000,42,44.4,42,44.4,12182.666672758,0
CLEU.US,D,20240626,000000,44.85,45.3,43.5,43.65,74508.800037254,0
CLEU.US,D,20240627,000000,43.65,44.55,40.8,41.25,449484.73355808,0
CLEU.US,D,20240628,000000,41.55,42,37.5,39.15,301091.73348388,0
CLEU.US,D,20240701,000000,39.75,44.55,39,43.65,177536.20008877,0
CLEU.US,D,20240702,000000,43.35,46.2,41.85,44.4,871878.13376927,0
CLEU.US,D,20240703,000000,44.4,44.4,42,43.05,384223.20019211,0
CLEU.US,D,20240705,000000,41.55,43.5,21.75,32.7,894600.53378063,0
CLEU.US,D,20240708,000000,19.35,19.5,8.4015,8.562,1046139.0671897,0
CLEU.US,D,20240709,000000,7.2495,7.2495,4.65,5.988,616228.60030811,0
CLEU.US,D,20240710,000000,5.4735,7.125,5.4,5.8485,304824.80015241,0
CLEU.US,D,20240711,000000,5.85,6.72,5.85,6.1995,110658.866722,0
CLEU.US,D,20240712,000000,6.246,6.3,5.85,6.072,64373.93336552,0
CLEU.US,D,20240715,000000,6.099,6.1155,5.4,5.628,70233.600035117,0
CLEU.US,D,20240716,000000,5.4165,5.7,5.1,5.6025,69932.466701633,0
CLEU.US,D,20240717,000000,5.643,5.8485,5.55,5.6175,26069.533346368,0
CLEU.US,D,20240718,000000,5.616,5.67,4.9515,5.0415,88625.933377646,0
CLEU.US,D,20240719,000000,5.196,5.196,4.584,4.8225,36398.600018199,0
CLEU.US,D,20240722,000000,5.025,5.025,4.365,4.4715,59270.800029635,0
CLEU.US,D,20240723,000000,4.3905,4.4835,3.9435,4.4835,83001.466708167,0
CLEU.US,D,20240724,000000,4.485,4.8075,4.353,4.6335,36832.333351749,0
CLEU.US,D,20240725,000000,4.8,5.625,4.6515,4.8015,75678.733371173,0
CLEU.US,D,20240726,000000,4.8015,5.085,4.68,4.698,22850.133344758,0
CLEU.US,D,20240729,000000,4.86,5.025,4.6815,4.7505,12412.266672873,0
CLEU.US,D,20240730,000000,4.8,4.935,4.68,4.743,8104.2666707188,0
CLEU.US,D,20240731,000000,4.92,4.92,4.6905,4.6905,9271.9333379693,0
CLEU.US,D,20240801,000000,4.83,4.83,4.09048,4.3515,26611.200013306,0
CLEU.US,D,20240802,000000,4.3635,4.3635,3.765,3.7755,39777.000019889,0
CLEU.US,D,20240805,000000,3.765,3.81,3,3.0675,90773.73337872,0
CLEU.US,D,20240806,000000,3.189,3.6585,3.15,3.6585,26091.600013046,0
CLEU.US,D,20240807,000000,3.6,3.9,3.1605,3.315,19845.200009923,0
CLEU.US,D,20240808,000000,3.315,3.447,3.1935,3.3015,8535.6666709345,0
CLEU.US,D,20240809,000000,3.39,3.39,3.1815,3.336,6301.8000031509,0
CLEU.US,D,20240812,000000,3.468,3.468,3.1665,3.1905,11079.80000554,0
CLEU.US,D,20240813,000000,3.21,3.5985,3.15,3.3615,15362.200007681,0
CLEU.US,D,20240814,000000,3.48,3.63,3.3045,3.354,19273.600009637,0
CLEU.US,D,20240815,000000,3.3,3.67575,3.1875,3.363,26284.933346476,0
CLEU.US,D,20240816,000000,3.657,3.675,3.0075,3.102,30619.466681976,0
CLEU.US,D,20240819,000000,3,3.522,2.9925,3.2955,42891.200021446,0
CLEU.US,D,20240820,000000,3.435,5.55,3.075,3.2145,561095.13361388,0
CLEU.US,D,20240821,000000,3.3675,3.525,3.2985,3.45,34005.533350336,0
CLEU.US,D,20240822,000000,3.456,3.633,3.456,3.474,16667.200008334,0
CLEU.US,D,20240823,000000,3.225,3.666,3.2115,3.57,186471.73342657,0
CLEU.US,D,20240826,000000,3.582,3.933,3.582,3.867,21548.466677441,0
CLEU.US,D,20240827,000000,3.915,4.35,3.915,4.275,60384.066696859,0
CLEU.US,D,20240828,000000,4.2,4.425,3.9,4.0815,30310.733348489,0
CLEU.US,D,20240829,000000,4.197,4.197,3.82501,4.1025,13250.933339959,0
CLEU.US,D,20240830,000000,3.966,4.35,3.966,4.0815,5780.2666695568,0
CLEU.US,D,20240903,000000,4.0815,4.1985,3.9,4.095,7403.4000037017,0
CLEU.US,D,20240904,000000,4.05,4.0515,3.861,4.035,3780.4666685569,0
CLEU.US,D,20240905,000000,3.9,4.05,3.9,4.035,4330.4666688319,0
CLEU.US,D,20240906,000000,3.99,4.125,3.9015,3.9885,6563.2000032816,0
CLEU.US,D,20240909,000000,4.05,4.0875,3.75,3.9,5351.8000026759,0
CLEU.US,D,20240910,000000,3.8625,3.9375,3.75,3.8835,15385.933341026,0
CLEU.US,D,20240911,000000,3.9,4.6335,3.7965,4.449,62196.866697765,0
CLEU.US,D,20240912,000000,4.00584,4.4925,3.96,4.062,17073.866675204,0
CLEU.US,D,20240913,000000,4.203,4.32,4.05,4.089,4956.6000024783,0
CLEU.US,D,20240916,000000,4.2,4.479,4.125,4.194,20581.266676957,0
CLEU.US,D,20240917,000000,4.185,4.203,3.9015,4.05,9609.0666714712,0
CLEU.US,D,20240918,000000,4.05,4.1985,3.915,3.972,5190.6000025953,0
CLEU.US,D,20240919,000000,3.96,4.3485,3.75,4.071,16932.000008466,0
CLEU.US,D,20240920,000000,3.9015,4.311,3.786,3.975,7393.0000036965,0
CLEU.US,D,20240923,000000,4.197,4.197,3.8265,4.0305,7058.666670196,0
CLEU.US,D,20240924,000000,4.05,4.311,3.903,4.026,7579.5333371231,0
CLEU.US,D,20240925,000000,4.005,4.17,3.9375,3.96601,14765.066674049,0
CLEU.US,D,20240926,000000,3.9855,4.6485,3.9855,4.3695,64743.000032371,0
CLEU.US,D,20240927,000000,4.41,4.7655,4.35,4.5015,88379.666710857,0
CLEU.US,D,20240930,000000,4.5315,5.46,4.3515,5.049,140398.4000702,0
CLEU.US,D,20241001,000000,5.13,5.235,4.35,4.62,208088.33343738,0
CLEU.US,D,20241002,000000,4.95,4.95,4.125,4.434,76174.200038087,0
CLEU.US,D,20241003,000000,4.3245,4.6485,4.149,4.5735,22265.200011133,0
CLEU.US,D,20241004,000000,4.65,4.65,4.353,4.5,7164.2666702488,0
CLEU.US,D,20241007,000000,4.5,5.202,4.5,5.1885,119926.40005996,0
CLEU.US,D,20241008,000000,4.815,5.1,4.425,4.7175,65063.333365865,0
CLEU.US,D,20241009,000000,4.7175,4.7175,4.512,4.515,15086.000007543,0
CLEU.US,D,20241010,000000,4.38,4.65,4.221,4.407,15720.066674527,0
CLEU.US,D,20241011,000000,4.407,4.65,4.407,4.575,49742.733358205,0
CLEU.US,D,20241014,000000,4.365,4.49998,4.275,4.392,10309.666671822,0
CLEU.US,D,20241015,000000,4.392,4.392,3.837,4.1925,35814.066684574,0
CLEU.US,D,20241016,000000,4.05,4.425,3.9,4.2,29296.666681315,0
CLEU.US,D,20241017,000000,4.2,4.332,4.1235,4.1775,8655.8000043279,0
CLEU.US,D,20241018,000000,4.1775,4.4835,4.1775,4.3515,32660.60001633,0
CLEU.US,D,20241021,000000,4.3515,4.452,4.2375,4.374,10506.46667192,0
CLEU.US,D,20241022,000000,4.374,4.4325,4.32,4.3995,7472.5333370696,0
CLEU.US,D,20241023,000000,4.239,4.4385,4.239,4.275,6839.2000034196,0
CLEU.US,D,20241024,000000,4.215,4.2975,4.05,4.1325,15662.600007831,0
CLEU.US,D,20241025,000000,4.3155,4.3155,3.918,3.99,12112.600006056,0
CLEU.US,D,20241028,000000,3.99,4.2225,3.8955,3.9645,8890.3333377785,0
CLEU.US,D,20241029,000000,3.8985,4.1985,3.882,4.10698,17819.80000891,0
CLEU.US,D,20241030,000000,4.0275,4.179,3.9,3.915,13366.133340016,0
CLEU.US,D,20241031,000000,3.9,3.915,3.615,3.666,22362.600011181,0
CLEU.US,D,20241101,000000,3.615,3.666,3.45,3.525,5926.5333362966,0
CLEU.US,D,20241104,000000,3.48,3.74698,3.381,3.465,14015.733340341,0
CLEU.US,D,20241105,000000,3.465,3.7485,3.465,3.612,10881.666672107,0
CLEU.US,D,20241106,000000,3.48,3.67423,3.4515,3.585,13733.1333402,0
CLEU.US,D,20241107,000000,3.585,3.73831,3.585,3.6675,7126.8666702301,0
CLEU.US,D,20241108,000000,3.465,3.786,3.465,3.615,20016.866676675,0
CLEU.US,D,20241111,000000,3.507,3.6375,3.333,3.435,18751.133342709,0
CLEU.US,D,20241112,000000,3.375,3.45,3.2235,3.3555,4935.5333358011,0
CLEU.US,D,20241113,000000,3.3555,3.525,3.15,3.2595,12585.133339626,0
CLEU.US,D,20241114,000000,3.2595,3.36,3.1515,3.1515,9412.4000047062,0
CLEU.US,D,20241115,000000,3.1515,3.228,3,3.0915,10665.666672,0
CLEU.US,D,20241118,000000,3.0915,3.3,3.0195,3.2175,5639.8000028199,0
CLEU.US,D,20241119,000000,3.15,3.4215,3.0765,3.1965,14571.666673953,0
CLEU.US,D,20241120,000000,3.15,3.3,3.15,3.18225,3532.000001766,0
CLEU.US,D,20241121,000000,3.162,3.297,3.087,3.105,10979.466672156,0
CLEU.US,D,20241122,000000,3.105,3.249,3.003,3.1065,18881.200009441,0
CLEU.US,D,20241125,000000,3.15,3.195,3.0345,3.1305,2813.6000014068,0
CLEU.US,D,20241126,000000,3.09,3.1485,3,3.033,12917.600006459,0
CLEU.US,D,20241127,000000,3.033,3.1875,3.0045,3.141,18824.733342746,0
CLEU.US,D,20241129,000000,3.1995,3.33,3.087,3.1395,12020.866672677,0
CLEU.US,D,20241202,000000,3.12,3.12,2.8905,2.937,24840.466679087,0
CLEU.US,D,20241203,000000,2.9385,2.9985,2.715,2.7915,30679.866682007,0
CLEU.US,D,20241204,000000,2.85,2.85,2.6025,2.7,32794.533349731,0
CLEU.US,D,20241205,000000,2.6205,2.85,2.6205,2.7375,4139.9333354033,0
CLEU.US,D,20241206,000000,2.757,2.757,2.655,2.73,8969.9333378183,0
CLEU.US,D,20241209,000000,2.73,3.183,2.73,3.06,39573.000019787,0
CLEU.US,D,20241210,000000,3,3,2.73,2.91,19975.733343321,0
CLEU.US,D,20241211,000000,2.841,3,2.706,2.91,5287.5333359771,0
CLEU.US,D,20241212,000000,2.907,3.06,2.7615,2.94,38098.733352383,0
CLEU.US,D,20241213,000000,2.985,3.06,2.814,3.03,8061.5333373641,0
CLEU.US,D,20241216,000000,2.9985,3.0075,2.772,2.8485,10336.800005168,0
CLEU.US,D,20241217,000000,2.877,2.997,2.7345,2.97,23120.466678227,0
CLEU.US,D,20241218,000000,2.832,2.97,2.775,2.9355,11102.733338885,0
CLEU.US,D,20241219,000000,2.76,2.934,2.715,2.8155,8292.2000041461,0
CLEU.US,D,20241220,000000,2.28,2.667,2.1,2.493,84068.933375368,0
CLEU.US,D,20241223,000000,2.382,2.493,1.821,2.43,68884.133367775,0
CLEU.US,D,20241224,000000,2.15,2.8052,2.11,2.6953,330945,0
CLEU.US,D,20241226,000000,2.69,3.6,2.51,3.111,549755,0
CLEU.US,D,20241227,000000,3.11,3.89,3.01,3.65,524862,0
CLEU.US,D,20241230,000000,3.61,5,3.51,4.71,814288,0
CLEU.US,D,20241231,000000,4.69,4.74,3.55,4.34,1007631,0
CLEU.US,D,20250102,000000,4.28,4.6124,3.48,3.525,1004032,0
CLEU.US,D,20250103,000000,3.64,3.925,3.4,3.88,1000631,0
CLEU.US,D,20250106,000000,3.78,4.33,3.49,3.58,1002862,0
CLEU.US,D,20250107,000000,3.55,3.84,3.45,3.508,1002851,0
CLEU.US,D,20250108,000000,3.56,3.83,3.44,3.5,1060758,0
CLEU.US,D,20250110,000000,3.31,3.95,3.27,3.89,1178813,0
CLEU.US,D,20250113,000000,3.54,4.05,3.4,3.54,1117988,0
CLEU.US,D,20250114,000000,3.31,3.75,3.28,3.5,1102474,0
CLEU.US,D,20250115,000000,3.5,5.5299,3.36,5.05,1824722,0
CLEU.US,D,20250116,000000,4.9,5.2,4.8,5,1019552,0
CLEU.US,D,20250117,000000,5,5.28,4.85,5.01,418341,0
CLEU.US,D,20250121,000000,5.05,5.5,4.91,5.32,194869,0
CLEU.US,D,20250122,000000,5.45,6.15,4.82,6.02,126416791,0
CLEU.US,D,20250123,000000,6.17,7,6.12,6.8,71644458,0
CLEU.US,D,20250124,000000,6.875,7.2392,6.81,7.11,27056666,0
CLEU.US,D,20250127,000000,7.11,7.5,7.09,7.35,23081850,0
CLEU.US,D,20250128,000000,7.35,7.84,7.29,7.82,23785779,0
CLEU.US,D,20250129,000000,7.85,7.9,7.4,7.75,26488685,0
CLEU.US,D,20250130,000000,1.025,1.03,0.1298,0.1482,312257531,0
CLEU.US,D,20250131,000000,0.182,0.228,0.1512,0.2,237146271,0
CLEU.US,D,20250203,000000,0.1848,0.1899,0.165,0.165,46392460,0
CLEU.US,D,20250204,000000,0.165,0.169,0.1485,0.15,31897411,0
CLEU.US,D,20250205,000000,0.14,0.1421,0.127,0.1326,27487902,0
CLEU.US,D,20250206,000000,0.13,0.155,0.13,0.137,42783541,0
CLEU.US,D,20250207,000000,0.13,0.139,0.1209,0.1215,24173465,0
CLEU.US,D,20250210,000000,0.122,0.13,0.1071,0.1085,27334242,0
CLEU.US,D,20250211,000000,0.1248,0.1348,0.117,0.1208,78123158,0
CLEU.US,D,20250212,000000,0.119,0.1196,0.1085,0.1122,16705388,0
CLEU.US,D,20250213,000000,0.1113,0.1123,0.1076,0.1088,13719379,0
