<TICKER>,<PER>,<DATE>,<TIME>,<OPEN>,<HIGH>,<LOW>,<CLOSE>,<VOL>,<OPENINT>
CLIK.US,D,20241009,000000,4,4.39,2,2.64,2620535,0
CLIK.US,D,20241010,000000,2.2,2.44,1.35,1.46,1253211,0
CLIK.US,D,20241011,000000,1.47,1.81,1.39,1.6,935200,0
CLIK.US,D,20241014,000000,1.54,1.68,1.5,1.6081,237176,0
CLIK.US,D,20241015,000000,1.6,1.6,1.2868,1.31,298447,0
CLIK.US,D,20241016,000000,1.25,1.35,1.23,1.32,135609,0
CLIK.US,D,20241017,000000,1.25,1.6987,1.25,1.54,700235,0
CLIK.US,D,20241018,000000,1.55,1.68,1.44,1.54,335924,0
CLIK.US,D,20241021,000000,1.56,1.57,1.37,1.5,145236,0
CLIK.US,D,20241022,000000,1.54,1.57,1.42,1.57,382999,0
CLIK.US,D,20241023,000000,1.515,1.56,1.42,1.45,127592,0
CLIK.US,D,20241024,000000,1.54,2.0899,1.44,2.01,1154664,0
CLIK.US,D,20241025,000000,2.08,2.08,1.41,1.65,236753,0
CLIK.US,D,20241028,000000,1.6,1.77,1.5496,1.6,101259,0
CLIK.US,D,20241029,000000,1.6,1.8,1.517,1.56,102323,0
CLIK.US,D,20241030,000000,1.73,1.74,1.59,1.6433,52357,0
CLIK.US,D,20241031,000000,1.59,1.8,1.56,1.65,64764,0
CLIK.US,D,20241101,000000,1.56,1.77,1.56,1.7,60044,0
CLIK.US,D,20241104,000000,1.7,1.95,1.55,1.78,94128,0
CLIK.US,D,20241105,000000,1.73,1.88,1.66,1.66,30491,0
CLIK.US,D,20241106,000000,1.75,1.8,1.6659,1.75,60010,0
CLIK.US,D,20241107,000000,1.6602,1.9,1.66,1.89,42648,0
CLIK.US,D,20241108,000000,1.84,1.96,1.8,1.92,30931,0
CLIK.US,D,20241111,000000,1.75,1.9893,1.75,1.82,25320,0
CLIK.US,D,20241112,000000,1.82,1.9899,1.79,1.8,51648,0
CLIK.US,D,20241113,000000,1.795,1.88,1.62,1.8,156735,0
CLIK.US,D,20241114,000000,1.76,1.8499,1.6,1.7199,98006,0
CLIK.US,D,20241115,000000,1.66,1.699,1.45,1.45,92885,0
CLIK.US,D,20241118,000000,1.6,1.6,1.2501,1.28,119476,0
CLIK.US,D,20241119,000000,1.32,1.39,1.149,1.23,94295,0
CLIK.US,D,20241120,000000,1.3,1.3,1.1505,1.22,20741,0
CLIK.US,D,20241121,000000,1.22,1.2699,1.1692,1.2282,29509,0
CLIK.US,D,20241122,000000,1.2537,1.62,1.2537,1.5148,192889,0
CLIK.US,D,20241125,000000,1.46,1.648,1.3519,1.57,31952,0
CLIK.US,D,20241126,000000,1.4672,1.75,1.4499,1.59,108517,0
CLIK.US,D,20241127,000000,1.65,1.79,1.47,1.71,77084,0
CLIK.US,D,20241129,000000,1.72,1.75,1.66,1.67,15352,0
CLIK.US,D,20241202,000000,1.61,1.7358,1.5,1.52,87016,0
CLIK.US,D,20241203,000000,1.63,2.12,1.5645,1.57,823638,0
CLIK.US,D,20241204,000000,1.6,1.6999,1.21,1.35,227942,0
CLIK.US,D,20241205,000000,1.37,1.495,1.37,1.43,44545,0
CLIK.US,D,20241206,000000,1.46,1.63,1.43,1.61,131858,0
CLIK.US,D,20241209,000000,1.64,1.67,1.45,1.473,65982,0
CLIK.US,D,20241210,000000,1.42,1.53,1.32,1.32,38168,0
CLIK.US,D,20241211,000000,1.45,1.47,1.35,1.36,29381,0
CLIK.US,D,20241212,000000,1.3907,1.42,1.351,1.3944,10188,0
CLIK.US,D,20241213,000000,1.3742,1.4199,1.32,1.32,14454,0
CLIK.US,D,20241216,000000,1.31,1.4198,1.18,1.229,66589,0
CLIK.US,D,20241217,000000,1.23,1.43,1.23,1.4,48234,0
CLIK.US,D,20241218,000000,1.311,1.45,1.3,1.36,20677,0
CLIK.US,D,20241219,000000,1.35,1.43,1.31,1.31,64303,0
CLIK.US,D,20241220,000000,1.27,1.41,1.27,1.28,30021,0
CLIK.US,D,20241223,000000,1.39,1.4099,1.2,1.25,83307,0
CLIK.US,D,20241224,000000,1.22,2.07,1.03,1.1,1476723,0
CLIK.US,D,20241226,000000,1.15,1.27,1.12,1.14,105657,0
CLIK.US,D,20241227,000000,1.16,1.17,1.05,1.09,56752,0
CLIK.US,D,20241230,000000,1.09,1.2745,1.05,1.265,111942,0
CLIK.US,D,20241231,000000,1.31,1.32,1.15,1.19,58925,0
CLIK.US,D,20250102,000000,1.23,1.25,1.17,1.25,24402,0
CLIK.US,D,20250103,000000,1.22,1.25,1.15,1.22,41851,0
CLIK.US,D,20250106,000000,1.2,1.35,1.15,1.3041,43461,0
CLIK.US,D,20250107,000000,1.3943,1.3999,1.27,1.3,49875,0
CLIK.US,D,20250108,000000,1.33,1.4,1.2548,1.275,26858,0
CLIK.US,D,20250110,000000,1.21,1.37,1.2,1.25,20864,0
CLIK.US,D,20250113,000000,1.24,1.29,1.17,1.27,42211,0
CLIK.US,D,20250114,000000,1.18,1.3892,1.18,1.21,15770,0
CLIK.US,D,20250115,000000,1.25,1.2999,1.21,1.24,20100,0
CLIK.US,D,20250116,000000,1.25,1.27,1.18,1.24,16002,0
CLIK.US,D,20250117,000000,1.2003,1.25,1.152,1.16,21567,0
CLIK.US,D,20250121,000000,1.1769,1.2199,1.17,1.17,10894,0
CLIK.US,D,20250122,000000,1.22,1.27,1.15,1.27,38986,0
CLIK.US,D,20250123,000000,1.28,1.48,1.27,1.43,161980,0
CLIK.US,D,20250124,000000,1.4045,1.4115,1.1,1.1,87783,0
CLIK.US,D,20250127,000000,1.18,1.35,1.13,1.24,75671,0
CLIK.US,D,20250128,000000,1.2,1.2654,1.17,1.2654,34124,0
CLIK.US,D,20250129,000000,1.18,1.245,1.14,1.245,14004,0
CLIK.US,D,20250130,000000,1.28,1.2899,1.2,1.21,9355,0
CLIK.US,D,20250131,000000,1.15,1.25,1.15,1.17,20287,0
CLIK.US,D,20250203,000000,1.16,1.21,1.08,1.11,31240,0
CLIK.US,D,20250204,000000,1.15,1.3508,1.12,1.2405,46773,0
CLIK.US,D,20250205,000000,1.26,1.3013,1.14,1.14,14889,0
CLIK.US,D,20250206,000000,1.18,1.25,1.17,1.215,19878,0
CLIK.US,D,20250207,000000,1.19,1.2326,1.15,1.1888,14932,0
CLIK.US,D,20250210,000000,1.19,1.2898,1.152,1.2192,19796,0
CLIK.US,D,20250211,000000,1.22,1.25,1.1556,1.185,36834,0
CLIK.US,D,20250212,000000,1.2908,1.2908,1.12,1.1706,21910,0
CLIK.US,D,20250213,000000,1.2099,1.2099,1.12,1.12,8917,0
