<TICKER>,<PER>,<DATE>,<TIME>,<OPEN>,<HIGH>,<LOW>,<CLOSE>,<VOL>,<OPENINT>
CPTN.US,D,20210329,000000,97,97,95.902,96,2517.1,0
CPTN.US,D,20210330,000000,96.71,97.1,96.71,97,86,0
CPTN.US,D,20210331,000000,97,97,97,97,1266.4,0
CPTN.US,D,20210401,000000,96.5,97,96.5,96.8,50230.1,0
CPTN.US,D,20210405,000000,96.9,96.9,96.9,96.9,235.8,0
CPTN.US,D,20210406,000000,96.9,97.2,96.9,97.2,2847.1,0
CPTN.US,D,20210407,000000,97.2,97.3,97.2,97.2,1513.5,0
CPTN.US,D,20210408,000000,97.5,97.5,97.4,97.5,347.7,0
CPTN.US,D,20210409,000000,97.5,98,97.5,97.9,1073.5,0
CPTN.US,D,20210412,000000,98.8,98.8,97.6,97.9,221.1,0
CPTN.US,D,20210413,000000,97.5,97.7,97.4,97.6,5933.9,0
CPTN.US,D,20210414,000000,97.7,98.4,97.7,98.3,6754,0
CPTN.US,D,20210415,000000,98,98.2,97.6,98.2,49652.6,0
CPTN.US,D,20210416,000000,97.501,98,97.4,98,710.5,0
CPTN.US,D,20210419,000000,98,98,97.5,98,1538.8,0
CPTN.US,D,20210420,000000,97.8,98,97.3,97.4,7595,0
CPTN.US,D,20210421,000000,97.4,97.4,97.1,97.1,1391.9,0
CPTN.US,D,20210422,000000,97.4,97.4,97.1,97.25,104,0
CPTN.US,D,20210423,000000,97.1,97.4,97,97.3,3194.9,0
CPTN.US,D,20210426,000000,97.35,97.35,97.15,97.15,62.1,0
CPTN.US,D,20210427,000000,97.3,97.3,97.3,97.3,10.8,0
CPTN.US,D,20210428,000000,97.4,97.4,97.3,97.3,89.1,0
CPTN.US,D,20210429,000000,97.3,97.7,97,97.3,51282.9,0
CPTN.US,D,20210430,000000,97.3,97.4,97.3,97.4,1140.9,0
CPTN.US,D,20210503,000000,97.4,97.55,97.4,97.5,3157.4,0
CPTN.US,D,20210504,000000,97.5,97.6,97.5,97.5,2842.6,0
CPTN.US,D,20210505,000000,97.5,97.6,97.5,97.5,9265.9,0
CPTN.US,D,20210506,000000,97.6,97.6,97.5,97.5,2633.3,0
CPTN.US,D,20210507,000000,97.5,97.6,97.4,97.6,3359.1,0
CPTN.US,D,20210510,000000,97.6,97.6,97.3,97.3,6015.3,0
CPTN.US,D,20210511,000000,97.3,97.383,97.3,97.3,135,0
CPTN.US,D,20210512,000000,97.3,97.3,97.3,97.3,804.4,0
CPTN.US,D,20210513,000000,97.3,97.6,97.3,97.6,521.7,0
CPTN.US,D,20210514,000000,97.4,97.47,97.302,97.408,260.1,0
CPTN.US,D,20210517,000000,97.4,97.4,97.3,97.3,111.4,0
CPTN.US,D,20210518,000000,97.4,97.4,97.3,97.3,395.6,0
CPTN.US,D,20210519,000000,97.3,97.3,97.2,97.3,100.4,0
CPTN.US,D,20210520,000000,97.2,97.4,96.5,97.4,500,0
CPTN.US,D,20210521,000000,97.3,97.5,97,97.2,10310.2,0
CPTN.US,D,20210524,000000,97,97.6,97,97.1,395.2,0
CPTN.US,D,20210525,000000,96.3,97.1,96.3,97.1,251.1,0
CPTN.US,D,20210526,000000,98,98,96.5,96.8,4630.1,0
CPTN.US,D,20210527,000000,96.9,96.9,96.8,96.8,9532.9,0
CPTN.US,D,20210528,000000,96.8,97,96.8,97,5798.6,0
CPTN.US,D,20210601,000000,97.4,97.4,97.1,97.1,184.9,0
CPTN.US,D,20210602,000000,97.3,97.3,97.2,97.2,62,0
CPTN.US,D,20210603,000000,97.4,97.4,97.3,97.3,199.6,0
CPTN.US,D,20210604,000000,97.3,97.3,97.3,97.3,346.8,0
CPTN.US,D,20210607,000000,97.3,97.3,97.2,97.2,876.9,0
CPTN.US,D,20210608,000000,97.214,97.214,97.2,97.2,1031.6,0
CPTN.US,D,20210610,000000,97.5,97.5,97.3,97.3,3511.6,0
CPTN.US,D,20210611,000000,97.3,97.7,97.3,97.5,1441.1,0
CPTN.US,D,20210614,000000,97.6,97.6,97.4,97.5,10160,0
CPTN.US,D,20210615,000000,97.5,97.8,97.5,97.5,13125.4,0
CPTN.US,D,20210616,000000,97.6,97.7,97.4,97.5,1819.5,0
CPTN.US,D,20210617,000000,97.712,97.712,97.5,97.601,8645,0
CPTN.US,D,20210621,000000,97.5,97.8,97.5,97.5,330.4,0
CPTN.US,D,20210622,000000,97.5,97.9,97.5,97.9,81.3,0
CPTN.US,D,20210623,000000,97.1,97.7,97.1,97.7,2056.4,0
CPTN.US,D,20210624,000000,97.5,97.5,97.5,97.5,29.1,0
CPTN.US,D,20210628,000000,97.5,97.5,97.2,97.3,10297.2,0
CPTN.US,D,20210629,000000,97.1,97.2,97.1,97.1,1932,0
CPTN.US,D,20210630,000000,97.1,97.1,97,97,136.8,0
CPTN.US,D,20210701,000000,97.1,97.1,97,97,126.4,0
CPTN.US,D,20210702,000000,97.1,97.1,97,97,3041.4,0
CPTN.US,D,20210706,000000,97.1,97.2,97,97.2,2927.1,0
CPTN.US,D,20210707,000000,97.2,97.2,97.2,97.2,49.4,0
CPTN.US,D,20210708,000000,97.1,97.1,97.1,97.1,28.5,0
CPTN.US,D,20210709,000000,97.3,97.3,97.3,97.3,20.3,0
CPTN.US,D,20210713,000000,97.3,97.3,97.3,97.3,31.1,0
CPTN.US,D,20210714,000000,97.3,97.4,97.2,97.3,2060.4,0
CPTN.US,D,20210716,000000,97.453,97.453,97.2,97.2,567.1,0
CPTN.US,D,20210719,000000,97.3,97.3,97.2,97.2,335.2,0
CPTN.US,D,20210720,000000,97.7,97.7,97.3,97.3,870.3,0
CPTN.US,D,20210722,000000,97.3,97.3,97.3,97.3,163.6,0
CPTN.US,D,20210723,000000,97.5,97.5,97.5,97.5,30.9,0
CPTN.US,D,20210726,000000,97.5,97.699,97.5,97.6,1309.2,0
CPTN.US,D,20210727,000000,97.5,97.8,97.5,97.6,2005.8,0
CPTN.US,D,20210728,000000,97.4,97.5,97.4,97.5,100.7,0
CPTN.US,D,20210729,000000,97.6,97.6,97.4,97.4,71,0
CPTN.US,D,20210730,000000,97.3,97.3,97.2,97.3,1155,0
CPTN.US,D,20210802,000000,97.4,97.5,97.3,97.5,225.2,0
CPTN.US,D,20210803,000000,97.4,97.6,97.1,97.4,1121.6,0
CPTN.US,D,20210804,000000,97.3,97.9,97,97.2,9473.5,0
CPTN.US,D,20210805,000000,97.9,98.7,97.9,98.7,68200.1,0
CPTN.US,D,20210806,000000,98.4,98.8,97.684,98.6,8029.9,0
CPTN.US,D,20210809,000000,98.5,99,98.2,98.7,10323.1,0
CPTN.US,D,20210810,000000,98.8,98.8,98.2,98.8,4046.5,0
CPTN.US,D,20210811,000000,98.696,98.8,98.4,98.8,4861.8,0
CPTN.US,D,20210812,000000,98.5,98.8,98.5,98.7,330.8,0
CPTN.US,D,20210813,000000,98.5,99,98.5,98.8,1089.6,0
CPTN.US,D,20210816,000000,99,99.2,98.4,99.2,5980.9,0
CPTN.US,D,20210817,000000,98.7,99.6,98.4,99.4,83895.3,0
CPTN.US,D,20210818,000000,98.7,98.899,98.5,98.7,955.2,0
CPTN.US,D,20210819,000000,98.69,98.7,98.4,98.5,2455.9,0
CPTN.US,D,20210820,000000,98.512,98.512,98.512,98.512,77.2,0
CPTN.US,D,20210823,000000,99,99,98.1,98.517,4800.4,0
CPTN.US,D,20210824,000000,98.5,99.1,98.2,98.75,34605.1,0
CPTN.US,D,20210825,000000,98.5,98.9,98.4,98.4,2604.4,0
CPTN.US,D,20210826,000000,98.1,99,98.1,98.5,421.7,0
CPTN.US,D,20210827,000000,98.5,99,98.4,98.5,5767.7,0
CPTN.US,D,20210830,000000,98.5,99,98.4,98.4,7370,0
CPTN.US,D,20210831,000000,98.5,98.8,98.4,98.8,14549.4,0
CPTN.US,D,20210901,000000,98.4,98.9,98.4,98.7,1318.5,0
CPTN.US,D,20210902,000000,98.6,98.9,98.4,98.7,5534.4,0
CPTN.US,D,20210903,000000,98.4,98.6,98.4,98.6,1523.5,0
CPTN.US,D,20210907,000000,98.2,99,98.2,99,3163.6,0
CPTN.US,D,20210908,000000,99.2,99.2,99.2,99.2,390,0
CPTN.US,D,20210909,000000,99,99.3,98.7,99.3,74811.1,0
CPTN.US,D,20210910,000000,99.4,99.6,99.05,99.3,152403.9,0
CPTN.US,D,20210913,000000,99.4,99.4,98.4,99,30749.1,0
CPTN.US,D,20210914,000000,98.9,99.1,98.9,99,3932.8,0
CPTN.US,D,20210915,000000,99,99.4,98.9,99,4022.3,0
CPTN.US,D,20210916,000000,98.8,99.1,98.6,99,13612.5,0
CPTN.US,D,20210917,000000,99,99.1,98.9,99,1132.2,0
CPTN.US,D,20210920,000000,98.9,98.9,98.8,98.8,304.4,0
CPTN.US,D,20210921,000000,99,99.2,98.8,99.2,2733.3,0
CPTN.US,D,20210922,000000,99.3,99.3,98.8,99.1,632.3,0
CPTN.US,D,20210923,000000,99,99.4,99,99.25,13069.5,0
CPTN.US,D,20210924,000000,98.941,99.4,98.9,99.4,789.5,0
CPTN.US,D,20210927,000000,99.2,99.5,98.9,99.099,1217.6,0
CPTN.US,D,20210928,000000,99.3,99.5,99.023,99.4,15465.9,0
CPTN.US,D,20210929,000000,98.9,99,98.5,98.9,3818.9,0
CPTN.US,D,20210930,000000,98.8,99.2,98.8,98.8,4353.3,0
CPTN.US,D,20211001,000000,99.1,99.5,99,99,1650.1,0
CPTN.US,D,20211004,000000,99.5,99.5,98.972,99,635.2,0
CPTN.US,D,20211005,000000,99,99.4,99,99.4,534,0
CPTN.US,D,20211006,000000,99.1,99.1,99.1,99.1,68.6,0
CPTN.US,D,20211007,000000,99.25,99.25,99,99,251.1,0
CPTN.US,D,20211008,000000,99.3,99.3,99,99.2,541.5,0
CPTN.US,D,20211011,000000,99.3,99.3,99.25,99.25,52.5,0
CPTN.US,D,20211013,000000,99.5,99.5,99.1,99.5,849.7,0
CPTN.US,D,20211014,000000,99.3,99.3,99.1,99.3,1057.2,0
CPTN.US,D,20211015,000000,99.25,99.5,99.1,99.5,3494.5,0
CPTN.US,D,20211018,000000,99.11,99.3,99.1,99.2,1567,0
CPTN.US,D,20211019,000000,99,99.3,99,99.2,1862.1,0
CPTN.US,D,20211020,000000,98.9,99.3,98.9,99.3,2103.8,0
CPTN.US,D,20211022,000000,99.3,99.5,99.3,99.45,1541.5,0
CPTN.US,D,20211025,000000,99.5,99.9,99,99.9,4064.3,0
CPTN.US,D,20211026,000000,99.6,99.689,99.2,99.5,123.6,0
CPTN.US,D,20211027,000000,99.1,99.652,99.1,99.3,265.7,0
CPTN.US,D,20211028,000000,99.699,99.699,99.3,99.5,1655.5,0
CPTN.US,D,20211029,000000,99.2,99.5,99.1,99.5,1624.1,0
CPTN.US,D,20211101,000000,99.5,99.7,99.2,99.5,2778.7,0
CPTN.US,D,20211102,000000,99.203,99.7,99.203,99.7,469.5,0
CPTN.US,D,20211103,000000,99.201,99.5,99.2,99.3,20007.6,0
CPTN.US,D,20211104,000000,99.9,99.9,99.3,99.3,1186.7,0
CPTN.US,D,20211105,000000,99.3,99.5,99.213,99.304,161.9,0
CPTN.US,D,20211108,000000,99.7,99.9,99.2,99.9,903.2,0
CPTN.US,D,20211109,000000,99.8,99.9,99.2,99.9,6003.4,0
CPTN.US,D,20211110,000000,99.7,99.8,99.7,99.8,77.8,0
CPTN.US,D,20211111,000000,99.5,99.7,99.5,99.7,270.7,0
CPTN.US,D,20211112,000000,99.5,99.8,99.2,99.8,1581.6,0
CPTN.US,D,20211115,000000,99.8,99.8,99.5,99.7,12676.1,0
CPTN.US,D,20211116,000000,99.749,99.749,99.7,99.7,622.5,0
CPTN.US,D,20211117,000000,99.6,99.8,99.3,99.3,9181.4,0
CPTN.US,D,20211118,000000,99.3,99.5,99.3,99.5,585.1,0
CPTN.US,D,20211119,000000,99.6,99.6,99.5,99.527,265,0
CPTN.US,D,20211122,000000,99.514,99.59,99.5,99.5,167.4,0
CPTN.US,D,20211123,000000,99.4,99.5,99.4,99.4,1120.6,0
CPTN.US,D,20211124,000000,99.4,99.4,99.4,99.4,150.3,0
CPTN.US,D,20211126,000000,99.4,99.5,99.2,99.5,3910.6,0
CPTN.US,D,20211129,000000,99.5,99.8,99.5,99.8,2047.4,0
CPTN.US,D,20211130,000000,99.7,99.7,99.6,99.7,2105.7,0
CPTN.US,D,20211201,000000,99.5,99.6,99.4,99.4,524.2,0
CPTN.US,D,20211202,000000,99.3,99.3,99.3,99.3,1384.9,0
CPTN.US,D,20211203,000000,99.3,99.3,99.1,99.2,3675.6,0
CPTN.US,D,20211206,000000,99.1,99.8,99,99.1,4287,0
CPTN.US,D,20211207,000000,99.244,99.5,99.244,99.5,1811,0
CPTN.US,D,20211208,000000,99.2,99.5,99.2,99.5,4449.2,0
CPTN.US,D,20211209,000000,99.767,99.8,99,99.5,41912.6,0
CPTN.US,D,20211210,000000,99.5,99.5,99.5,99.5,114.6,0
CPTN.US,D,20211213,000000,99.6,99.8,99.5,99.8,1473.8,0
CPTN.US,D,20211214,000000,99.4,99.5,99.3,99.5,143.9,0
CPTN.US,D,20211215,000000,99.046,99.046,99.046,99.046,56.6,0
CPTN.US,D,20211216,000000,99.446,99.446,99.446,99.446,33.7,0
CPTN.US,D,20211220,000000,99.25,99.25,99.25,99.25,41.7,0
CPTN.US,D,20211221,000000,99.7,99.7,99.7,99.7,13.3,0
CPTN.US,D,20211222,000000,99,99.1,99,99.1,733.1,0
CPTN.US,D,20211223,000000,99.268,99.268,99.268,99.268,58,0
CPTN.US,D,20211227,000000,99.3,99.7,99.2,99.7,655.2,0
CPTN.US,D,20211228,000000,99.5,99.7,99.5,99.7,64.5,0
CPTN.US,D,20211230,000000,99.3,99.7,99.3,99.7,144.2,0
CPTN.US,D,20211231,000000,99.719,99.719,99.3,99.3,1850.3,0
CPTN.US,D,20220103,000000,99.9,99.9,99.4,99.4,1159.2,0
CPTN.US,D,20220104,000000,99.3,99.5,99.3,99.4,3536.1,0
CPTN.US,D,20220105,000000,99.315,99.4,99.2,99.2,1021.2,0
CPTN.US,D,20220106,000000,99.3,99.7,99.3,99.5,209.7,0
CPTN.US,D,20220107,000000,99.3,99.509,99.3,99.3,434.2,0
CPTN.US,D,20220110,000000,99.45,99.45,99.3,99.4,122.9,0
CPTN.US,D,20220111,000000,99.698,99.7,99.2,99.2,4650.2,0
CPTN.US,D,20220112,000000,99.3,99.8,99.3,99.8,234.3,0
CPTN.US,D,20220113,000000,99.3,99.3,99.3,99.3,36,0
CPTN.US,D,20220114,000000,99.7,99.7,99.3,99.3,262.8,0
CPTN.US,D,20220118,000000,99.8,99.8,99.3,99.59,1556.8,0
CPTN.US,D,20220119,000000,99.6,99.6,99.2,99.2,128196.5,0
CPTN.US,D,20220120,000000,99.5,99.6,99.1,99.4,51018.9,0
CPTN.US,D,20220121,000000,99.4,99.6,99.4,99.6,11165.7,0
CPTN.US,D,20220124,000000,99.4,99.6,99.4,99.4,3571.2,0
CPTN.US,D,20220125,000000,99.7,99.8,99.696,99.7,9207.2,0
CPTN.US,D,20220126,000000,99.7,100,99.7,99.8,36242.4,0
CPTN.US,D,20220127,000000,99.7,99.8,99.6,99.75,222353.4,0
CPTN.US,D,20220128,000000,99.7,99.8,99.7,99.75,36915.9,0
CPTN.US,D,20220131,000000,99.7,99.8,99.7,99.75,34369.8,0
CPTN.US,D,20220201,000000,99.9,99.9,99.8,99.9,19411.1,0
CPTN.US,D,20220202,000000,99.9,99.9,99.75,99.85,36410.3,0
CPTN.US,D,20220203,000000,99.9,99.9,99.7,99.85,51745.4,0
CPTN.US,D,20220204,000000,95,98.5,92.5,95,16068,0
CPTN.US,D,20220207,000000,95.1,95.4,94.3,94.4,2721.9,0
CPTN.US,D,20220208,000000,93,93.55,84,88.4,8556,0
CPTN.US,D,20220209,000000,91.05,95.1,88.4,91.5,2921.9,0
CPTN.US,D,20220210,000000,92,99.9,79.2,79.9,10459.8,0
CPTN.US,D,20220211,000000,81.4,103.6,68.5,82.279,1810,0
CPTN.US,D,20220214,000000,82.2,96.4,80.9,92,6594.6,0
CPTN.US,D,20220215,000000,92,94.9,74.653,91.5,12168.5,0
CPTN.US,D,20220216,000000,94,97,78.001,94.7,7264.8,0
CPTN.US,D,20220217,000000,94.7,801.6,86.9,420,44535.9,0
CPTN.US,D,20220218,000000,314.8,503.599,170,180,99153.1,0
CPTN.US,D,20220222,000000,174,179.1,140,144,42426.8,0
CPTN.US,D,20220223,000000,142.3,203,142.2,170,205518.1,0
CPTN.US,D,20220224,000000,135,153.9,120.1,133.1,42830.4,0
CPTN.US,D,20220225,000000,134,164.9,126.5,140.2,157334.3,0
CPTN.US,D,20220228,000000,138,140,120.3,121,32996.2,0
CPTN.US,D,20220301,000000,123.4,127,109.8,112.5,37910.6,0
CPTN.US,D,20220302,000000,103.6,112,92.2,94,52644.9,0
CPTN.US,D,20220303,000000,96.8,96.8,79.68,80.5,60267.4,0
CPTN.US,D,20220304,000000,81.2,92.4,79.1,82.1,37492.9,0
CPTN.US,D,20220307,000000,80.1,90.75,78.7,90.5,48037.7,0
CPTN.US,D,20220308,000000,90,90,80.2,89.9,33763.2,0
CPTN.US,D,20220309,000000,90,93,77.2,80.9,43250.3,0
CPTN.US,D,20220310,000000,78.9,81,72.3,77.5,31755.2,0
CPTN.US,D,20220311,000000,71.6,76.499,66.3,69.9,17587.4,0
CPTN.US,D,20220314,000000,68.2,69.2,56,60.1,23230,0
CPTN.US,D,20220315,000000,57,60.2,42.7,42.8,51531.1,0
CPTN.US,D,20220316,000000,47.9,48.1,44.9,44.9,49499.6,0
CPTN.US,D,20220317,000000,43.3,46,42.97,44.2,35924.8,0
CPTN.US,D,20220318,000000,45,45,42.1,42.8,135034.5,0
CPTN.US,D,20220321,000000,43,43.4,37.3,37.5,79148.7,0
CPTN.US,D,20220322,000000,38.1,40,36.2,38.3,72635.6,0
CPTN.US,D,20220323,000000,37.6,41.4,37.2,40,86459.4,0
CPTN.US,D,20220324,000000,41,41.3,39.6,40.5,42799.4,0
CPTN.US,D,20220325,000000,42.4,43.8,40.5,41.2,120446.1,0
CPTN.US,D,20220328,000000,41.2,41.3,39.2,40,32857.7,0
CPTN.US,D,20220329,000000,39.5,41.2,39,39.4,55358.3,0
CPTN.US,D,20220330,000000,39.3,40,38.3,38.5,36970.4,0
CPTN.US,D,20220331,000000,41,42.8,38,38.8,86738.3,0
CPTN.US,D,20220401,000000,38,39.88,36.2,37.4,34341.9,0
CPTN.US,D,20220404,000000,38.5,38.5,36.7,38,22377.1,0
CPTN.US,D,20220405,000000,37.6,41.7,36.3,38.8,189823,0
CPTN.US,D,20220406,000000,38.3,39.187,36.8,37,50345.4,0
CPTN.US,D,20220407,000000,36.7,37,34.4,34.5,33630.9,0
CPTN.US,D,20220408,000000,34.8,35.1,30.9,31,43543,0
CPTN.US,D,20220411,000000,30.5,32,29.2,31.8,30557.5,0
CPTN.US,D,20220412,000000,31.8,31.8,30.2,30.4,18687.7,0
CPTN.US,D,20220413,000000,30,31,28.9,29.9,32061.8,0
CPTN.US,D,20220414,000000,29.1,30.755,29.1,30.4,20793,0
CPTN.US,D,20220418,000000,30.3,30.3,28.1,28.3,25014.5,0
CPTN.US,D,20220419,000000,28.1,30.6,27.8,30,18167.6,0
CPTN.US,D,20220420,000000,29.8,30.2,29.1,29.7,17520.6,0
CPTN.US,D,20220421,000000,30,30.6,30,30.3,20053.7,0
CPTN.US,D,20220422,000000,32,32,29.7,31.1,31785.7,0
CPTN.US,D,20220425,000000,30.9,30.9,28.7,28.9,8948.9,0
CPTN.US,D,20220426,000000,28.5,30.2,28.5,30.2,24457.6,0
CPTN.US,D,20220427,000000,29.7,31,29.3,30.7,25085.3,0
CPTN.US,D,20220428,000000,30.3,31,29.329,31,14204.8,0
CPTN.US,D,20220429,000000,30.1,30.9,30.1,30.5,8385,0
CPTN.US,D,20220502,000000,29.8,30.5,29.4,30,9959.2,0
CPTN.US,D,20220503,000000,29.9,30.2,29.4,29.8,7255.7,0
CPTN.US,D,20220504,000000,29,29.9,28.5,29.6,19760.5,0
CPTN.US,D,20220505,000000,29.5,30.3,28.1,28.4,8744.1,0
CPTN.US,D,20220506,000000,29,29.9,28,28.6,13274.4,0
CPTN.US,D,20220509,000000,27.9,28,25,26.5,24680.6,0
CPTN.US,D,20220510,000000,25.7,27.2,25.401,26.8,17502.8,0
CPTN.US,D,20220511,000000,26.5,26.5,24.1,24.1,14614,0
CPTN.US,D,20220512,000000,26.3,26.3,23.5,25.5,14941.5,0
CPTN.US,D,20220513,000000,24,25,23.401,24.6,23352.8,0
CPTN.US,D,20220516,000000,24.1,25.6,23.6,24.8,19497.7,0
CPTN.US,D,20220517,000000,25,26.3,25,25.4,21641.1,0
CPTN.US,D,20220518,000000,25.5,26.3,25.5,26.2,10848.7,0
CPTN.US,D,20220519,000000,25.6,26.281,25.2,25.8,6740.8,0
CPTN.US,D,20220520,000000,26,26.2,25,25.3,10584.6,0
CPTN.US,D,20220523,000000,24.7,25.9,24.458,25,9005.4,0
CPTN.US,D,20220524,000000,24,26,24,24.8,11999.6,0
CPTN.US,D,20220525,000000,23.9,25.4,23.6,24.4,22008.4,0
CPTN.US,D,20220526,000000,23.7,24.9,23.6,23.7,12555.7,0
CPTN.US,D,20220527,000000,23.9,24.5,23.7,24,9997,0
CPTN.US,D,20220531,000000,23.5,24,23.25,23.3,13052.4,0
CPTN.US,D,20220601,000000,23.1,24.7,23,23.5,19741,0
CPTN.US,D,20220602,000000,23,24.5,22.6,22.8,26030.1,0
CPTN.US,D,20220603,000000,22.5,23.6,22.5,23,13802.4,0
CPTN.US,D,20220606,000000,22.9,23.5,22.6,22.8,22125.7,0
CPTN.US,D,20220607,000000,23,23,19,19.2,44401.9,0
CPTN.US,D,20220608,000000,18.9,19.9,18.9,19,21073,0
CPTN.US,D,20220609,000000,19,19.2,17,17.1,27073,0
CPTN.US,D,20220610,000000,17,17.6,14.5,14.6,24992,0
CPTN.US,D,20220613,000000,14,14.1,10.1,10.5,57658.6,0
CPTN.US,D,20220614,000000,10.4,20.55,10.1,14.4,1665281.9,0
CPTN.US,D,20220615,000000,12.6,14.5,11.5,14.5,604499.2,0
CPTN.US,D,20220616,000000,14.5,14.8,12.6,12.9,113097.2,0
CPTN.US,D,20220617,000000,12.7,13.5,12.1,12.8,84839.8,0
CPTN.US,D,20220621,000000,12.7,14.1,12.501,13,80051.6,0
CPTN.US,D,20220622,000000,13.1,14.188,13,13.6,66108.7,0
CPTN.US,D,20220623,000000,13.3,14.2,13.3,13.6,30509.5,0
CPTN.US,D,20220624,000000,14.5,15.8,14.3,15.7,176303.1,0
CPTN.US,D,20220627,000000,15.4,16.4,15,16.3,30992.6,0
CPTN.US,D,20220628,000000,16.3,16.5,14.6,14.8,31429,0
CPTN.US,D,20220629,000000,15.7,15.7,14.5,15.1,21630.7,0
CPTN.US,D,20220630,000000,14.9,16,14.5,15.6,48773.3,0
CPTN.US,D,20220701,000000,15.8,15.847,14.6,15.4,11641.6,0
CPTN.US,D,20220705,000000,15.7,17.3,15.3,16.8,34542.6,0
CPTN.US,D,20220706,000000,17.2,17.6,16.5,17,24743.7,0
CPTN.US,D,20220707,000000,17,18.6,16.721,18.3,27573.2,0
CPTN.US,D,20220708,000000,18.4,18.6,17.6,18,26367.8,0
CPTN.US,D,20220711,000000,18,18.25,16.2,16.3,24891.6,0
CPTN.US,D,20220712,000000,16.5,17,16.3,16.4,12964,0
CPTN.US,D,20220713,000000,16.1,16.4,14.9,15.1,33862.9,0
CPTN.US,D,20220714,000000,14.7,15.65,14.5,15.3,24400.9,0
CPTN.US,D,20220715,000000,15.4,15.6,13.75,14.1,35004.2,0
CPTN.US,D,20220718,000000,15,15.3,14.05,14.3,26049.3,0
CPTN.US,D,20220719,000000,14.2,15.4,14.2,15.4,20482.8,0
CPTN.US,D,20220720,000000,15.5,16.2,14.9,16.1,20116.1,0
CPTN.US,D,20220721,000000,16.2,16.2,14.8,15.2,24965.3,0
CPTN.US,D,20220722,000000,14.9,15.7,13,13.1,32588.6,0
CPTN.US,D,20220725,000000,13.5,14.7,13.027,13.4,33522.4,0
CPTN.US,D,20220726,000000,13.4,15,13,13.7,47620.3,0
CPTN.US,D,20220727,000000,13.9,14.6,13.4,14.1,62806,0
CPTN.US,D,20220728,000000,14.1,15.6,14,15.1,26122.6,0
CPTN.US,D,20220729,000000,15.2,15.2,14.4,14.7,14414.9,0
CPTN.US,D,20220801,000000,14.6,15,14.4,14.6,10784,0
CPTN.US,D,20220802,000000,14.5,17,14.5,16.4,43808.7,0
CPTN.US,D,20220803,000000,16.4,17.9,15.8,17.6,25616.5,0
CPTN.US,D,20220804,000000,20,20.8,17.6,18.6,151528.4,0
CPTN.US,D,20220805,000000,19,19.1,17.6,18.4,48608.4,0
CPTN.US,D,20220808,000000,18.9,18.9,18,18.3,29132.2,0
CPTN.US,D,20220809,000000,16,18,15.2,18,45390.9,0
CPTN.US,D,20220810,000000,17.5,18.8,17,18.6,58836.9,0
CPTN.US,D,20220811,000000,18.1,19,17,17.2,45770.6,0
CPTN.US,D,20220812,000000,17.5,17.5,14.8,15,79152.2,0
CPTN.US,D,20220815,000000,15.3,15.3,13,13.9,63734.3,0
CPTN.US,D,20220816,000000,13.8,13.9,13.2,13.8,39240.1,0
CPTN.US,D,20220817,000000,13.6,13.7,12.7,12.9,25725,0
CPTN.US,D,20220818,000000,13.7,13.7,12.9,13.2,12574.4,0
CPTN.US,D,20220819,000000,13.4,14.5,12.9,13.2,37455.3,0
CPTN.US,D,20220822,000000,13.1,13.6,12.5,12.9,26855.8,0
CPTN.US,D,20220823,000000,12.7,13.8,12.7,13.7,15623.8,0
CPTN.US,D,20220824,000000,13.9,15.468,13.4,15.4,31059.2,0
CPTN.US,D,20220825,000000,15.2,16.5,14.8,16.4,33621.4,0
CPTN.US,D,20220826,000000,17.1,17.1,15.7,16.7,30655.9,0
CPTN.US,D,20220829,000000,16.5,17.5,15.811,17.4,20960.6,0
CPTN.US,D,20220830,000000,17.4,18,16.8,17.3,416148.2,0
CPTN.US,D,20220831,000000,18,18.7,16.5,17.6,277134.9,0
CPTN.US,D,20220901,000000,16.9,17.9,15.2,17.3,73537.3,0
CPTN.US,D,20220902,000000,16.5,17.5,16.1,16.3,40133.6,0
CPTN.US,D,20220906,000000,15.6,18,15.6,17.9,59263.6,0
CPTN.US,D,20220907,000000,17.5,18.3,17.4,18.3,25048.4,0
CPTN.US,D,20220908,000000,18.3,18.3,16.6,16.8,26692.4,0
CPTN.US,D,20220909,000000,17.1,18.1,16.6,17.1,29444.4,0
CPTN.US,D,20220912,000000,17.9,18,16.9,17.8,26984,0
CPTN.US,D,20220913,000000,17,17.79,16.85,17,22283.8,0
CPTN.US,D,20220914,000000,17.1,18,15.8,16.3,68730.6,0
CPTN.US,D,20220915,000000,16.5,17,15.7,16.3,61476.3,0
CPTN.US,D,20220916,000000,16.4,16.7,15.8,16.4,386149.8,0
CPTN.US,D,20220919,000000,16.8,17.9,16.4,17.8,81665.8,0
CPTN.US,D,20220920,000000,17.1,17.95,16.8,17.8,57773,0
CPTN.US,D,20220921,000000,17.5,25.899,17.3,20.9,3124112.3,0
CPTN.US,D,20220922,000000,21.2,21.55,15.8,16.9,331596.7,0
CPTN.US,D,20220923,000000,16.8,16.9,15.373,16.1,79062.1,0
CPTN.US,D,20220926,000000,15.7,16.3,14.9,15.1,46535,0
CPTN.US,D,20220927,000000,15.1,17.2,15.1,17.1,70001.2,0
CPTN.US,D,20220928,000000,17.3,19.1,16.4,18.9,47792.1,0
CPTN.US,D,20220929,000000,18.4,19,17.7,18.6,27451.7,0
CPTN.US,D,20220930,000000,18.4,20.2,17.762,19.6,51336.4,0
CPTN.US,D,20221003,000000,20.3,22.8,18.9,22,74023.5,0
CPTN.US,D,20221004,000000,22.6,23.685,21.4,23.2,57012.4,0
CPTN.US,D,20221005,000000,23.1,24.978,21.8,24.7,41022.2,0
CPTN.US,D,20221006,000000,24.4,27.6,24,26.8,65846,0
CPTN.US,D,20221007,000000,26.4,26.4,24.6,25.1,61433.9,0
CPTN.US,D,20221010,000000,24.9,24.9,22.5,22.6,22666.2,0
CPTN.US,D,20221011,000000,22.8,23.1,21.2,21.5,22377.2,0
CPTN.US,D,20221012,000000,22,23.4,21.2,23.2,28861,0
CPTN.US,D,20221013,000000,23.1,26.7,22.1,26.2,60392.9,0
CPTN.US,D,20221014,000000,25.8,26.387,25,25.5,32744.9,0
CPTN.US,D,20221017,000000,26.5,26.5,22.7,23.3,35198.8,0
CPTN.US,D,20221018,000000,23.5,24.4,21.9,22.5,29220.6,0
CPTN.US,D,20221019,000000,21.8,23.6,21.8,22.8,16651.7,0
CPTN.US,D,20221020,000000,23,24.2,22.3,23.3,21534.4,0
CPTN.US,D,20221021,000000,24,25.1,23.15,25,37587.9,0
CPTN.US,D,20221024,000000,24.4,25.5,24.1,25,26479.6,0
CPTN.US,D,20221025,000000,25,25.4,24.4,24.7,21945.6,0
CPTN.US,D,20221026,000000,25,25.4,22.6,22.8,24660.9,0
CPTN.US,D,20221027,000000,23.2,24.8,21.6,21.9,33716.6,0
CPTN.US,D,20221028,000000,22.3,23.4,21.6,22.5,31808.1,0
CPTN.US,D,20221031,000000,22.2,22.7,21.4,22,20336.7,0
CPTN.US,D,20221101,000000,22.5,22.5,21.6,21.9,15320.4,0
CPTN.US,D,20221102,000000,22,22.9,21.2,21.9,14849.4,0
CPTN.US,D,20221103,000000,21.6,22.4,21.6,22.2,15998.1,0
CPTN.US,D,20221104,000000,22.4,22.5,21.6,22.3,13078.3,0
CPTN.US,D,20221107,000000,22,22,18.7,19.4,38688.7,0
CPTN.US,D,20221108,000000,19.6,19.6,19.1,19.4,9846,0
CPTN.US,D,20221109,000000,19.6,19.7,17.4,17.9,29472.3,0
CPTN.US,D,20221110,000000,17.8,18.7,17.6,18.7,32718.1,0
CPTN.US,D,20221111,000000,18.4,19,17.4,17.8,33818.4,0
CPTN.US,D,20221114,000000,17.9,18,16.5,16.8,20168.3,0
CPTN.US,D,20221115,000000,17,17.5,16.7,17.1,24653.4,0
CPTN.US,D,20221116,000000,17.2,17.2,15.5,15.5,24858.5,0
CPTN.US,D,20221117,000000,15.4,15.8,15,15.2,27353.9,0
CPTN.US,D,20221118,000000,15.6,15.6,14,14.1,31903.7,0
CPTN.US,D,20221121,000000,14.6,14.6,13.5,13.6,17644.8,0
CPTN.US,D,20221122,000000,13.5,13.9,12.6,13.3,45447.2,0
CPTN.US,D,20221123,000000,13.3,13.9,13.1,13.5,9173.8,0
CPTN.US,D,20221125,000000,13.5,13.9,13.4,13.5,5629.6,0
CPTN.US,D,20221128,000000,14.1,14.1,13.3,13.5,21876.6,0
CPTN.US,D,20221129,000000,13.2,13.7,13.2,13.5,7981.4,0
CPTN.US,D,20221130,000000,13.6,14.1,13.1,13.6,24755.3,0
CPTN.US,D,20221201,000000,13.8,14.4,13.6,13.8,17597,0
CPTN.US,D,20221202,000000,13.8,14.6,13.65,14.1,6508.9,0
CPTN.US,D,20221205,000000,14.1,15,13.6,13.7,18190.2,0
CPTN.US,D,20221206,000000,13.3,13.7,12.9,13.5,16556.2,0
CPTN.US,D,20221207,000000,13.6,13.69,12.5,12.8,14376.8,0
CPTN.US,D,20221208,000000,13.3,13.8,12.8,13.5,14904.3,0
CPTN.US,D,20221209,000000,13.5,13.7,13.1,13.2,12453.3,0
CPTN.US,D,20221212,000000,13.2,13.4,12.901,13.3,7174.7,0
CPTN.US,D,20221213,000000,13.4,14.4,13.3,13.8,32510,0
CPTN.US,D,20221214,000000,13.9,13.9,13.3,13.3,12177.1,0
CPTN.US,D,20221215,000000,13,13.2,12.5,12.5,33829.6,0
CPTN.US,D,20221216,000000,12.5,12.6,11.7,12.1,34413.5,0
CPTN.US,D,20221219,000000,12.2,12.2,11.8,12,12823,0
CPTN.US,D,20221220,000000,12,12,11.6,11.8,12549.7,0
CPTN.US,D,20221221,000000,11.9,12.3,11.55,12.3,9360,0
CPTN.US,D,20221222,000000,12.3,12.3,11.8,11.8,8820.7,0
CPTN.US,D,20221223,000000,11.7,11.7,11.4,11.6,8542.9,0
CPTN.US,D,20221227,000000,11.7,11.8,11.5,11.6,5859.7,0
CPTN.US,D,20221228,000000,11.7,11.9,11.5,11.6,7949.7,0
CPTN.US,D,20221229,000000,11.6,12.8,11.5,12.7,19013.7,0
CPTN.US,D,20221230,000000,12.6,12.85,12.4,12.7,11728.1,0
CPTN.US,D,20230103,000000,12.9,13.5,12.9,13.2,29785.8,0
CPTN.US,D,20230104,000000,13.2,13.3,12.8,13,13421.3,0
CPTN.US,D,20230105,000000,13.1,13.1,12.1,12.5,12612.7,0
CPTN.US,D,20230106,000000,12.6,12.6,12.1,12.4,12193.1,0
CPTN.US,D,20230109,000000,12.4,12.6,12,12.1,14150.2,0
CPTN.US,D,20230110,000000,12.2,12.2,11.5,11.55,14553.3,0
CPTN.US,D,20230111,000000,11.9,12,11.6,11.7,13375.9,0
CPTN.US,D,20230112,000000,11.8,12.3,11.7,12.2,21983.8,0
CPTN.US,D,20230113,000000,12.2,12.4,12.2,12.3,18322.1,0
CPTN.US,D,20230117,000000,12.3,12.7,12.3,12.6,21116.9,0
CPTN.US,D,20230118,000000,12.7,13.3,12.1,12.2,27457.3,0
CPTN.US,D,20230119,000000,12.3,12.3,11.65,11.8,13399.3,0
CPTN.US,D,20230120,000000,12,12.5,11.8,12.5,57397.9,0
CPTN.US,D,20230123,000000,12.2,12.6,12.1,12.3,14064.9,0
CPTN.US,D,20230124,000000,12.4,12.4,11.9,12.1,8130.9,0
CPTN.US,D,20230125,000000,12,12.1,11.9,12.1,7265.3,0
CPTN.US,D,20230126,000000,12.1,12.2,12.1,12.2,7192.6,0
CPTN.US,D,20230127,000000,12.2,12.5,12,12.3,13155.3,0
CPTN.US,D,20230130,000000,12.3,12.4,11.7,11.7,17381.4,0
CPTN.US,D,20230131,000000,11.8,12.2,11.6,12.1,20069.5,0
CPTN.US,D,20230201,000000,12.2,12.9,12.087,12.6,21623.4,0
CPTN.US,D,20230202,000000,12.7,13.1,12.4,13,37035.6,0
CPTN.US,D,20230203,000000,13,13.6,12.7,13.1,32669.1,0
CPTN.US,D,20230206,000000,13.4,14.4,12.6,12.6,141580.9,0
CPTN.US,D,20230207,000000,12.8,14.1,12.6,13.5,96139.1,0
CPTN.US,D,20230208,000000,13.6,13.6,12.1,12.1,29265.2,0
CPTN.US,D,20230209,000000,12.2,12.45,12.2,12.25,13967.6,0
CPTN.US,D,20230210,000000,12.3,12.3,11.8,11.8,32756.3,0
CPTN.US,D,20230213,000000,11.9,12.299,11.8,12.1,21009.5,0
CPTN.US,D,20230214,000000,12,12.2,12,12,8009.8,0
CPTN.US,D,20230215,000000,12.1,12.3,12,12.3,11515.6,0
CPTN.US,D,20230216,000000,12,12.7,12,12.3,15115.5,0
CPTN.US,D,20230217,000000,12.3,12.3,11.8,11.9,16202.5,0
CPTN.US,D,20230221,000000,11.8,11.9,11.6,11.6,27914.7,0
CPTN.US,D,20230222,000000,11.7,12,11.4,11.5,26457.2,0
CPTN.US,D,20230223,000000,11.5,11.7,11.3,11.4,20485.7,0
CPTN.US,D,20230224,000000,11.4,11.4,11,11,21306.2,0
CPTN.US,D,20230227,000000,11,11.1,10.499,10.5,23667.2,0
CPTN.US,D,20230228,000000,10.7,10.9,10.3,10.4,19529.6,0
CPTN.US,D,20230301,000000,10.5,10.5,9.4,9.642,71539.2,0
CPTN.US,D,20230302,000000,9.7,9.86,8.621,9.485,137411.6,0
CPTN.US,D,20230303,000000,9.42,9.72,9.4,9.521,86986.6,0
CPTN.US,D,20230306,000000,9.51,9.51,8.556,8.603,49414.4,0
CPTN.US,D,20230307,000000,8.602,8.602,8.088,8.371,78576.1,0
CPTN.US,D,20230308,000000,8.31,8.31,7.505,7.652,151578.9,0
CPTN.US,D,20230309,000000,7.697,7.86,7.5,7.7,105588.1,0
CPTN.US,D,20230310,000000,7.61,7.65,4.03,4.177,465228.1,0
CPTN.US,D,20230313,000000,4.6,6.311,4.4,5.106,702604.7,0
CPTN.US,D,20230314,000000,5.5,6.245,5.2,6.007,213480.2,0
CPTN.US,D,20230315,000000,6,6.2,5.26,5.4,106690.1,0
CPTN.US,D,20230316,000000,5.774,5.8,5,5.244,128470.5,0
CPTN.US,D,20230317,000000,5.2,5.4,4.95,5.357,157318.7,0
CPTN.US,D,20230320,000000,5.2,5.21,4.521,4.643,74009.8,0
CPTN.US,D,20230321,000000,4.7,4.95,4.543,4.787,48811.6,0
CPTN.US,D,20230322,000000,4.72,4.73,4.301,4.308,53123.3,0
CPTN.US,D,20230323,000000,4.4,5.05,4.4,5.014,65421.8,0
CPTN.US,D,20230324,000000,4.9,4.95,4.51,4.722,41730.3,0
CPTN.US,D,20230327,000000,4.79,5.1,4.703,4.929,51895.7,0
CPTN.US,D,20230328,000000,4.9,5,4.8,4.866,23534.7,0
CPTN.US,D,20230329,000000,5,5,4.6,4.649,18710.2,0
CPTN.US,D,20230330,000000,4.662,4.772,4.601,4.67,15909.5,0
CPTN.US,D,20230331,000000,4.625,4.798,4.6,4.644,23904.4,0
CPTN.US,D,20230403,000000,4.876,4.9,4.6,4.683,20910.9,0
CPTN.US,D,20230404,000000,4.626,4.7,4.502,4.6,16424.6,0
CPTN.US,D,20230405,000000,4.6,4.65,4.501,4.528,9003.4,0
CPTN.US,D,20230406,000000,4.5,4.595,4.5,4.529,12092.3,0
CPTN.US,D,20230410,000000,4.509,4.6,4.18,4.345,50996,0
CPTN.US,D,20230411,000000,4.3,4.4,4.2,4.22,23773.1,0
CPTN.US,D,20230412,000000,4.22,4.3,3.901,3.901,89708.6,0
CPTN.US,D,20230413,000000,3.95,3.95,3.75,3.877,45635.4,0
CPTN.US,D,20230414,000000,3.85,4.1,3.85,4,45418.6,0
CPTN.US,D,20230417,000000,4,4.182,3.85,4.09,38767.2,0
CPTN.US,D,20230418,000000,4.083,4.188,4,4.071,19119.4,0
CPTN.US,D,20230419,000000,4.18,4.2,4,4.102,24721.2,0
CPTN.US,D,20230420,000000,4.077,4.315,4.04,4.09,23048.3,0
CPTN.US,D,20230421,000000,4,4.3,4,4.157,30934.3,0
CPTN.US,D,20230424,000000,4.207,4.207,4,4.043,13749.9,0
CPTN.US,D,20230425,000000,4,4.1,3.92,3.927,14388.4,0
CPTN.US,D,20230426,000000,4.363,4.88,3.303,3.561,534080.5,0
CPTN.US,D,20230427,000000,3.571,3.599,3.197,3.459,85417,0
CPTN.US,D,20230428,000000,3.55,3.92,3.4,3.73,63028.4,0
CPTN.US,D,20230501,000000,3.9,3.909,3.71,3.812,27940.6,0
CPTN.US,D,20230502,000000,3.809,3.875,3.301,3.646,38244.5,0
CPTN.US,D,20230503,000000,3.646,3.798,3.4,3.755,20516.6,0
CPTN.US,D,20230504,000000,3.76,3.799,3.544,3.647,21993,0
CPTN.US,D,20230505,000000,3.7,3.7,3.58,3.654,31980.5,0
CPTN.US,D,20230508,000000,3.649,4.087,3.551,4.042,45192.5,0
CPTN.US,D,20230509,000000,4.1,4.1,3.61,4.057,87225.7,0
CPTN.US,D,20230510,000000,4.16,4.4,3.85,4.38,51512.7,0
CPTN.US,D,20230511,000000,4.2,4.399,3.919,4.101,27722.3,0
CPTN.US,D,20230512,000000,3.978,4.2,3.738,3.949,21930.7,0
CPTN.US,D,20230515,000000,4.038,4.099,3.921,3.977,11828.3,0
CPTN.US,D,20230516,000000,4,4.1,3.75,3.809,14368.2,0
CPTN.US,D,20230517,000000,3.8,4,3.8,3.896,14594.8,0
CPTN.US,D,20230518,000000,3.916,3.969,3.7,3.867,18821.3,0
CPTN.US,D,20230519,000000,3.867,3.869,3.611,3.73,32843.1,0
CPTN.US,D,20230522,000000,3.7,3.70699,3.5,3.546,44853.8,0
CPTN.US,D,20230523,000000,3.546,3.87,3.521,3.868,43941.4,0
CPTN.US,D,20230524,000000,3.89,3.93,3.627,3.841,48071.3,0
CPTN.US,D,20230525,000000,3.8,4.4,3.707,3.943,165754.7,0
CPTN.US,D,20230526,000000,3.75,4.149,3.75,4.149,77837.7,0
CPTN.US,D,20230530,000000,4.14,4.448,4,4.385,69041.3,0
CPTN.US,D,20230531,000000,4.385,4.555,4.139,4.497,74015.9,0
CPTN.US,D,20230601,000000,4.362,4.5,4.005,4.312,24574.3,0
CPTN.US,D,20230602,000000,4.31,4.31,4.2,4.283,36852.2,0
CPTN.US,D,20230605,000000,4.2,4.44,4.2,4.309,40907.6,0
CPTN.US,D,20230606,000000,4.3,4.3,4.005,4.199,41134.1,0
CPTN.US,D,20230607,000000,4.21,4.49999,4,4.049,68143.4,0
CPTN.US,D,20230608,000000,4.1,4.4,4.00001,4.358,44889.6,0
CPTN.US,D,20230609,000000,4.3,4.757,4.3,4.563,37677.4,0
CPTN.US,D,20230612,000000,4.719,6,4.536,5.3,110776.2,0
CPTN.US,D,20230613,000000,5.88,7.375,5.65,6.813,333312.6,0
CPTN.US,D,20230614,000000,6.999,7.1,6.5,6.575,75280.7,0
CPTN.US,D,20230615,000000,6.6,7.2,6.5,6.5,63306.1,0
CPTN.US,D,20230616,000000,6.7,6.896,5.84201,5.99,63168.9,0
CPTN.US,D,20230620,000000,6.001,6.41399,5.663,5.903,37283.5,0
CPTN.US,D,20230621,000000,5.91,6.1,5.3,5.529,45144.8,0
CPTN.US,D,20230622,000000,5.5,5.7,5.2,5.5,24249.3,0
CPTN.US,D,20230623,000000,5.335,5.6,5.024,5.024,508395.5,0
CPTN.US,D,20230626,000000,5,5.202,4.9,4.924,100530.6,0
CPTN.US,D,20230627,000000,4.9,5.4,4.618,4.618,50175.5,0
CPTN.US,D,20230628,000000,4.5,5.161,4.5,4.9,75128,0
CPTN.US,D,20230629,000000,4.9,5.599,4.8,4.9,53929.4,0
CPTN.US,D,20230630,000000,4.8,5.2,4.799,4.85,43738.8,0
CPTN.US,D,20230703,000000,5.2,5.4,5.085,5.237,20260.6,0
CPTN.US,D,20230705,000000,5.237,5.6,5.237,5.4,21370.4,0
CPTN.US,D,20230706,000000,5.238,5.623,4.661,4.661,52633.8,0
CPTN.US,D,20230707,000000,4.7,5.299,4.7,5.113,21963.5,0
CPTN.US,D,20230710,000000,5.1,5.62,5,5.564,47322.6,0
CPTN.US,D,20230711,000000,5.5,6.799,5.401,6.499,75775.2,0
CPTN.US,D,20230712,000000,6.247,7.251,6.23,7.251,69274.9,0
CPTN.US,D,20230713,000000,7.2,7.46599,6.9,7.146,48701.5,0
CPTN.US,D,20230714,000000,7.11,7.29999,6.6,6.611,21990.1,0
CPTN.US,D,20230717,000000,6.7,6.7,5.9,6.14,30987.2,0
CPTN.US,D,20230718,000000,6.171,6.621,6.1,6.46,15587.8,0
CPTN.US,D,20230719,000000,6.37,7.4665,6.37,7.001,88591.2,0
CPTN.US,D,20230720,000000,7.3,7.399,6.572,6.7,47543.4,0
CPTN.US,D,20230721,000000,6.71,7.37,6.7,7.03,33043.8,0
CPTN.US,D,20230724,000000,6.94,7.2,6.701,6.8,37149.5,0
CPTN.US,D,20230725,000000,7.112,7.2,6.75,6.856,34442.5,0
CPTN.US,D,20230726,000000,6.801,7.1,6.68,6.86,12615,0
CPTN.US,D,20230727,000000,7.099,7.099,6.8,6.9,26360.7,0
CPTN.US,D,20230728,000000,6.857,6.936,6.6,6.75,39091.3,0
CPTN.US,D,20230731,000000,6.713,7.69899,6.713,7.22,64190.9,0
CPTN.US,D,20230801,000000,7.5,8.19999,7.3,7.791,44478.9,0
CPTN.US,D,20230802,000000,8.239,8.723,7.6,8.172,44188.4,0
CPTN.US,D,20230803,000000,8.417,8.763,7.865,8.459,19452.5,0
CPTN.US,D,20230804,000000,8.44,8.824,8.2,8.4,27482.5,0
CPTN.US,D,20230807,000000,8.514,8.624,7.695,7.979,23723.2,0
CPTN.US,D,20230808,000000,8.9,8.9,6.9,7.24,32893.8,0
CPTN.US,D,20230809,000000,7.169,7.6,7.169,7.447,20645.9,0
CPTN.US,D,20230810,000000,7.432,8.75,7.3,8.16,184471.5,0
CPTN.US,D,20230811,000000,8.1,8.127,7.025,7.215,75559.3,0
CPTN.US,D,20230814,000000,7.201,7.21,6.251,6.355,91258.1,0
CPTN.US,D,20230815,000000,6.355,6.355,6.1,6.138,32366.6,0
CPTN.US,D,20230816,000000,6.116,6.116,5.6,5.718,42630.6,0
CPTN.US,D,20230817,000000,5.7,6.31,5.65,6.16,43084.9,0
CPTN.US,D,20230818,000000,6,6.5,5.9,5.912,43653.6,0
CPTN.US,D,20230821,000000,6,6.01,5.1,5.199,57643.2,0
CPTN.US,D,20230822,000000,5.3,5.8,5.251,5.736,33886.7,0
CPTN.US,D,20230823,000000,5.702,6.201,5.63,5.832,42399.2,0
CPTN.US,D,20230824,000000,5.9,5.90899,5.2,5.28,56630.5,0
CPTN.US,D,20230825,000000,5.21,5.31,5,5.26,36687.4,0
CPTN.US,D,20230828,000000,5.26,5.55,5.13,5.29,55784.8,0
CPTN.US,D,20230829,000000,5.25,5.59,5.25,5.41,58301.9,0
CPTN.US,D,20230830,000000,5.41,5.573,5.4,5.469,42596.6,0
CPTN.US,D,20230831,000000,5.41,5.609,5.4,5.482,27172.3,0
CPTN.US,D,20230901,000000,5.556,5.557,5.3,5.321,25577.6,0
CPTN.US,D,20230905,000000,5.3,5.45,5.3,5.364,32347.1,0
CPTN.US,D,20230906,000000,5.35,5.45,5.1,5.105,21020.5,0
CPTN.US,D,20230907,000000,5.1,5.101,4.5,4.51,59308.9,0
CPTN.US,D,20230908,000000,4.67,4.67,4.208,4.238,29101.7,0
CPTN.US,D,20230911,000000,4.26,4.42,3.93,4.323,80749.9,0
CPTN.US,D,20230912,000000,4.3,4.32,4.2,4.249,11033.3,0
CPTN.US,D,20230913,000000,4.22,4.439,4.2,4.32,28903.5,0
CPTN.US,D,20230914,000000,4.3,4.7,4.2,4.6,50658.6,0
CPTN.US,D,20230915,000000,4.5,5.2,4.5,5.19,128882.5,0
CPTN.US,D,20230918,000000,5.1,5.149,4.5,4.712,65844.8,0
CPTN.US,D,20230919,000000,4.6,4.7,4.279,4.501,31397.4,0
CPTN.US,D,20230920,000000,4.3,4.571,3.93,4.02,69737.6,0
CPTN.US,D,20230921,000000,3.9,4.1,3.9,3.91,32343,0
CPTN.US,D,20230922,000000,3.89,4.32,3.5,4.18,155680,0
CPTN.US,D,20230925,000000,4.06,4.2,3.9101,3.99,52013,0
CPTN.US,D,20230926,000000,3.95,4.0026,3.8,3.84,37492,0
CPTN.US,D,20230927,000000,3.86,3.97,3.82,3.83,25699,0
CPTN.US,D,20230928,000000,3.82,3.96,3.75,3.87,21770,0
CPTN.US,D,20230929,000000,3.86,3.96,3.8,3.8,20836,0
CPTN.US,D,20231002,000000,3.85,3.8699,3.55,3.66,41113,0
CPTN.US,D,20231003,000000,3.65,3.69,3.62,3.65,33713,0
CPTN.US,D,20231004,000000,3.64,3.92,3.6,3.87,47602,0
CPTN.US,D,20231005,000000,3.8,3.9,3.75,3.84,24624,0
CPTN.US,D,20231006,000000,3.75,4.05,3.66,3.86,72563,0
CPTN.US,D,20231009,000000,3.9,3.9,3.75,3.89,24647,0
CPTN.US,D,20231010,000000,3.85,4.05,3.7703,4,39019,0
CPTN.US,D,20231011,000000,4,4.1,3.85,3.89,30601,0
CPTN.US,D,20231012,000000,3.9,3.94,3.4501,3.59,57051,0
CPTN.US,D,20231013,000000,3.65,3.72,3.41,3.66,43452,0
CPTN.US,D,20231016,000000,3.7,3.86,3.61,3.67,4968,0
CPTN.US,D,20231017,000000,3.66,3.89,3.66,3.79,13556,0
CPTN.US,D,20231018,000000,3.77,3.8,3.6,3.71,12608,0
CPTN.US,D,20231019,000000,3.69,3.728,3.51,3.58,5602,0
CPTN.US,D,20231020,000000,3.56,3.64,3.5,3.54,39065,0
CPTN.US,D,20231023,000000,3.49,3.64,3.4,3.48,3268,0
CPTN.US,D,20231024,000000,3.52,3.56,3.4,3.49,6122,0
CPTN.US,D,20231025,000000,3.47,3.65,3.41,3.65,1137,0
CPTN.US,D,20231026,000000,3.63,3.67,3.3701,3.48,8275,0
CPTN.US,D,20231027,000000,3.57,3.63,3.4719,3.55,7028,0
CPTN.US,D,20231030,000000,3.62,3.625,3.47,3.54,15636,0
CPTN.US,D,20231031,000000,3.565,3.565,3.48,3.51,3208,0
CPTN.US,D,20231101,000000,3.49,3.53,3.4,3.53,3853,0
CPTN.US,D,20231102,000000,3.53,3.7,3.4776,3.7,9240,0
CPTN.US,D,20231103,000000,3.71,3.8342,3.63,3.76,9077,0
CPTN.US,D,20231106,000000,3.78,4,3.78,3.88,10021,0
CPTN.US,D,20231107,000000,3.9,4.21,3.837,4.1,6901,0
CPTN.US,D,20231108,000000,4.13,4.24,4.0201,4.14,9986,0
CPTN.US,D,20231109,000000,4.06,4.18,3.56,3.78,9320,0
CPTN.US,D,20231110,000000,3.82,4.1486,3.5601,3.6,35699,0
CPTN.US,D,20231113,000000,3.7,3.8,3.5,3.54,11869,0
CPTN.US,D,20231114,000000,3.51,3.7,3.26,3.3,15926,0
CPTN.US,D,20231115,000000,3.28,3.3723,3.06,3.08,36867,0
CPTN.US,D,20231116,000000,3.08,3.115,2.38,2.7,135367,0
CPTN.US,D,20231117,000000,2.77,3.13,2.77,3,53680,0
CPTN.US,D,20231120,000000,2.95,2.95,2.85,2.87,13458,0
CPTN.US,D,20231121,000000,2.78,2.92,2.78,2.82,23783,0
CPTN.US,D,20231122,000000,2.87,2.89,2.79,2.81,9271,0
CPTN.US,D,20231124,000000,3.055,3.055,2.9,2.9,7327,0
CPTN.US,D,20231127,000000,2.9,2.9,2.8,2.82,8249,0
CPTN.US,D,20231128,000000,2.895,2.94,2.85,2.85,4776,0
CPTN.US,D,20231129,000000,2.92,2.9461,2.84,2.91,10701,0
CPTN.US,D,20231130,000000,2.9432,2.975,2.9,2.9,13151,0
CPTN.US,D,20231201,000000,2.94,3.34,2.9,3.34,21872,0
CPTN.US,D,20231204,000000,3.37,3.4,3.23,3.34,23210,0
CPTN.US,D,20231205,000000,3.36,4.42,3.36,4.28,58938,0
CPTN.US,D,20231206,000000,4.19,5.1999,3.995,4.87,130576,0
CPTN.US,D,20231207,000000,4.74,4.97,4.1,4.5,34247,0
CPTN.US,D,20231208,000000,4.42,4.65,4.01,4.5,29617,0
CPTN.US,D,20231211,000000,4.5,4.5,3.8452,3.88,14626,0
CPTN.US,D,20231212,000000,3.85,3.8899,3.8,3.8,14489,0
CPTN.US,D,20231213,000000,3.71,4.13,3.7,3.97,18317,0
CPTN.US,D,20231214,000000,2.92,3.07,2.8,2.92,336195,0
CPTN.US,D,20231215,000000,2.92,3.05,2.81,2.98,89939,0
CPTN.US,D,20231218,000000,2.92,3.02,2.82,2.86,32677,0
CPTN.US,D,20231219,000000,2.92,3.04,2.85,3.02,38054,0
CPTN.US,D,20231220,000000,2.95,2.9781,2.78,2.84,45032,0
CPTN.US,D,20231221,000000,2.89,3.55,2.82,3.32,200021,0
CPTN.US,D,20231222,000000,3.61,3.8,3.34,3.7862,63099,0
CPTN.US,D,20231226,000000,3.6,3.69,3.3541,3.41,79516,0
CPTN.US,D,20231227,000000,3.4,3.46,3.2,3.22,63781,0
CPTN.US,D,20231228,000000,3.24,3.5273,3.1912,3.24,25470,0
CPTN.US,D,20231229,000000,3.17,3.295,3.12,3.14,41759,0
CPTN.US,D,20240102,000000,3.11,3.2,3,3.08,18525,0
CPTN.US,D,20240103,000000,3.08,3.15,2.94,3.15,26745,0
CPTN.US,D,20240104,000000,2.9719,3.1379,2.9719,3.04,6538,0
CPTN.US,D,20240105,000000,3,3.14,2.9226,2.98,18686,0
CPTN.US,D,20240108,000000,3,3.05,2.94,2.95,33845,0
CPTN.US,D,20240109,000000,3,3.2,2.95,3.2,113189,0
CPTN.US,D,20240110,000000,3.2,3.2,3.04,3.14,9300,0
CPTN.US,D,20240111,000000,3.18,3.19,3.03,3.03,25871,0
CPTN.US,D,20240112,000000,3.1254,3.1254,2.975,3.04,12582,0
CPTN.US,D,20240116,000000,3.07,3.09,2.9,3.08,21818,0
CPTN.US,D,20240117,000000,3.02,3.14,2.94,3.14,17347,0
CPTN.US,D,20240118,000000,3.14,3.14,2.94,2.94,12881,0
CPTN.US,D,20240119,000000,2.93,3.04,2.81,2.845,22812,0
CPTN.US,D,20240122,000000,2.85,2.95,2.77,2.82,22614,0
CPTN.US,D,20240123,000000,2.88,2.93,2.755,2.77,34283,0
CPTN.US,D,20240124,000000,2.76,2.8767,2.68,2.76,37960,0
CPTN.US,D,20240125,000000,2.78,2.906,2.61,2.74,24164,0
CPTN.US,D,20240126,000000,2.74,2.82,2.72,2.79,7176,0
CPTN.US,D,20240129,000000,2.76,2.84,2.7,2.72,16087,0
CPTN.US,D,20240130,000000,2.72,2.78,2.6,2.69,30499,0
CPTN.US,D,20240131,000000,2.72,2.7399,2.61,2.62,27702,0
CPTN.US,D,20240201,000000,2.66,2.69,2.55,2.57,33678,0
CPTN.US,D,20240202,000000,2.5808,2.6599,2.52,2.58,24303,0
CPTN.US,D,20240205,000000,2.59,2.708,2.5,2.51,17116,0
CPTN.US,D,20240206,000000,2.775,2.775,2.6,2.6,4913,0
CPTN.US,D,20240207,000000,2.689,2.689,2.5,2.56,12909,0
CPTN.US,D,20240208,000000,2.5,2.6406,2.5,2.55,24129,0
CPTN.US,D,20240209,000000,2.59,2.65,2.525,2.62,8872,0
CPTN.US,D,20240212,000000,2.6,2.6471,2.5314,2.595,13173,0
CPTN.US,D,20240213,000000,2.63,2.7,2.57,2.64,5081,0
CPTN.US,D,20240214,000000,2.69,2.7899,2.6,2.7,5683,0
CPTN.US,D,20240215,000000,2.72,2.745,2.64,2.705,13764,0
CPTN.US,D,20240216,000000,2.7,2.78,2.63,2.7,12911,0
CPTN.US,D,20240220,000000,2.72,2.735,2.52,2.67,31084,0
CPTN.US,D,20240221,000000,2.69,2.69,2.6,2.645,5110,0
CPTN.US,D,20240222,000000,2.65,2.65,2.56,2.56,6429,0
CPTN.US,D,20240223,000000,2.67,2.8293,2.52,2.69,54445,0
CPTN.US,D,20240226,000000,2.73,2.8817,2.64,2.73,20378,0
CPTN.US,D,20240227,000000,2.73,2.73,2.65,2.672,9486,0
CPTN.US,D,20240228,000000,2.57,2.7,2.57,2.67,11789,0
CPTN.US,D,20240229,000000,2.76,2.83,2.6,2.62,25519,0
CPTN.US,D,20240301,000000,2.67,2.7145,2.57,2.63,17214,0
CPTN.US,D,20240304,000000,2.69,2.72,2.51,2.58,14781,0
CPTN.US,D,20240305,000000,2.55,2.87,2.5,2.54,34157,0
CPTN.US,D,20240306,000000,2.55,2.69,2.455,2.5,29070,0
CPTN.US,D,20240307,000000,2.55,2.55,2.44,2.5,8123,0
CPTN.US,D,20240308,000000,2.59,2.59,2.4515,2.52,7574,0
CPTN.US,D,20240311,000000,2.53,2.58,2.45,2.58,19865,0
CPTN.US,D,20240312,000000,2.4671,2.69,2.4671,2.52,57047,0
CPTN.US,D,20240313,000000,2.55,2.59,2.46,2.5,10298,0
CPTN.US,D,20240314,000000,2.54,2.587,2.44,2.559,22953,0
CPTN.US,D,20240315,000000,2.45,2.5799,2.42,2.43,25180,0
CPTN.US,D,20240318,000000,2.49,2.58,2.43,2.44,11515,0
CPTN.US,D,20240319,000000,2.43,2.52,2.38,2.41,17254,0
CPTN.US,D,20240320,000000,2.42,2.56,2.38,2.41,36801,0
CPTN.US,D,20240321,000000,2.5,2.8484,2.44,2.56,143321,0
CPTN.US,D,20240322,000000,2.66,2.8242,2.41,2.63,81851,0
CPTN.US,D,20240325,000000,2.64,2.7195,2.5583,2.6,46450,0
CPTN.US,D,20240326,000000,2.67,2.8,2.6,2.74,63118,0
CPTN.US,D,20240327,000000,2.7356,2.93,2.62,2.79,62575,0
CPTN.US,D,20240328,000000,2.87,2.9,2.77,2.78,53218,0
CPTN.US,D,20240401,000000,2.87,3.5,2.8,3.39,171508,0
CPTN.US,D,20240402,000000,3.57,3.81,3.11,3.22,78018,0
CPTN.US,D,20240403,000000,3.24,3.45,3.05,3.17,22503,0
CPTN.US,D,20240404,000000,3.18,3.4255,3.16,3.25,21922,0
CPTN.US,D,20240405,000000,3.25,3.45,3.1601,3.27,27341,0
CPTN.US,D,20240408,000000,3.3002,3.385,3.16,3.22,42707,0
CPTN.US,D,20240409,000000,3.21,3.21,2.82,2.87,46493,0
CPTN.US,D,20240410,000000,2.9,3.04,2.81,3.01,18512,0
CPTN.US,D,20240411,000000,2.95,3.05,2.8521,2.93,8582,0
CPTN.US,D,20240412,000000,2.99,3.15,2.94,3.05,17136,0
CPTN.US,D,20240415,000000,3.01,3.01,2.95,2.95,4490,0
CPTN.US,D,20240416,000000,3.06,3.06,2.95,3.01,4394,0
CPTN.US,D,20240417,000000,3,3,2.85,2.86,19292,0
CPTN.US,D,20240418,000000,2.8801,2.8801,2.8801,2.8801,492,0
CPTN.US,D,20240419,000000,2.7818,2.7818,2.74,2.7818,5537,0
CPTN.US,D,20240422,000000,2.7401,2.97,2.74,2.97,7605,0
CPTN.US,D,20240423,000000,2.97,3,2.79,3,18959,0
CPTN.US,D,20240424,000000,2.95,2.95,2.87,2.87,10638,0
CPTN.US,D,20240425,000000,2.85,3,2.7901,3,19594,0
CPTN.US,D,20240426,000000,2.945,3,2.9,2.91,10336,0
CPTN.US,D,20240429,000000,2.8601,2.94,2.85,2.86,3215,0
CPTN.US,D,20240430,000000,2.95,3,2.86,2.98,17329,0
CPTN.US,D,20240501,000000,3.01,3.01,2.91,2.99,2252,0
CPTN.US,D,20240502,000000,3.02,3.12,2.94,3.12,16914,0
CPTN.US,D,20240503,000000,3.0939,3.1445,3.0401,3.05,2883,0
CPTN.US,D,20240506,000000,3.05,3.13,3.0144,3.03,6968,0
CPTN.US,D,20240507,000000,3.1002,3.15,3,3.03,8929,0
CPTN.US,D,20240508,000000,3.165,3.165,3,3.02,4783,0
CPTN.US,D,20240509,000000,3.17,3.17,3.0001,3.0001,1132,0
CPTN.US,D,20240510,000000,3.01,3.087,2.9,2.9,8716,0
CPTN.US,D,20240513,000000,3.12,3.14,2.85,3.0201,16756,0
CPTN.US,D,20240514,000000,2.975,3.1,2.87,2.8899,34978,0
CPTN.US,D,20240515,000000,2.86,3.05,2.75,2.83,11818,0
CPTN.US,D,20240516,000000,2.77,3,2.75,2.8,13604,0
CPTN.US,D,20240517,000000,2.8406,2.9,2.79,2.81,12863,0
CPTN.US,D,20240520,000000,3.02,3.02,2.81,2.9357,7955,0
CPTN.US,D,20240521,000000,2.88,2.88,2.635,2.69,36747,0
CPTN.US,D,20240522,000000,2.72,2.7749,2.61,2.62,18987,0
CPTN.US,D,20240523,000000,2.68,2.68,2.4,2.52,24301,0
CPTN.US,D,20240524,000000,2.56,2.66,2.525,2.56,11319,0
CPTN.US,D,20240528,000000,2.5993,2.695,2.5,2.63,9373,0
CPTN.US,D,20240529,000000,2.5902,2.63,2.57,2.57,3175,0
CPTN.US,D,20240530,000000,2.57,2.63,2.56,2.59,7987,0
CPTN.US,D,20240531,000000,2.729,2.789,2.6,2.69,6638,0
CPTN.US,D,20240603,000000,2.66,2.7999,2.51,2.52,13887,0
CPTN.US,D,20240604,000000,2.58,2.63,2.53,2.58,6030,0
CPTN.US,D,20240605,000000,2.63,2.96,2.63,2.96,35083,0
CPTN.US,D,20240606,000000,2.95,2.95,2.83,2.86,2170,0
CPTN.US,D,20240607,000000,2.78,2.799,2.71,2.7115,16816,0
CPTN.US,D,20240610,000000,2.84,2.84,2.7007,2.73,3571,0
CPTN.US,D,20240611,000000,2.7,2.8601,2.7,2.84,3665,0
CPTN.US,D,20240612,000000,2.8427,2.8427,2.7,2.76,8170,0
CPTN.US,D,20240613,000000,2.7262,2.75,2.71,2.74,2625,0
CPTN.US,D,20240614,000000,2.7,2.7,2.59,2.59,5180,0
CPTN.US,D,20240617,000000,2.65,2.765,2.59,2.61,26227,0
CPTN.US,D,20240618,000000,2.6022,2.65,2.5,2.5,7707,0
CPTN.US,D,20240620,000000,2.45,2.515,2.41,2.41,17957,0
CPTN.US,D,20240621,000000,2.39,2.53,2.39,2.53,17124,0
CPTN.US,D,20240624,000000,2.47,2.8028,2.47,2.54,2487,0
CPTN.US,D,20240626,000000,2.52,2.52,2.52,2.52,816,0
CPTN.US,D,20240627,000000,2.7,2.7,2.635,2.68,1686,0
CPTN.US,D,20240628,000000,2.71,2.71,2.52,2.69,13304,0
CPTN.US,D,20240701,000000,2.54,2.71,2.53,2.66,2023,0
CPTN.US,D,20240702,000000,2.585,2.585,2.5,2.51,23343,0
CPTN.US,D,20240703,000000,2.46,2.621,2.46,2.59,2252,0
CPTN.US,D,20240705,000000,2.595,2.67,2.595,2.67,780,0
CPTN.US,D,20240708,000000,2.6763,2.6763,2.5,2.63,5891,0
CPTN.US,D,20240709,000000,2.69,2.7,2.5101,2.69,2209,0
CPTN.US,D,20240710,000000,2.77,2.77,2.52,2.58,3038,0
CPTN.US,D,20240711,000000,2.55,2.64,2.52,2.575,5133,0
CPTN.US,D,20240712,000000,2.66,2.68,2.4801,2.68,8323,0
CPTN.US,D,20240715,000000,2.6441,2.7,2.55,2.55,3998,0
CPTN.US,D,20240716,000000,2.6497,2.6927,2.55,2.615,11112,0
CPTN.US,D,20240717,000000,2.655,2.655,2.58,2.58,6351,0
CPTN.US,D,20240718,000000,2.6464,2.67,2.58,2.58,9614,0
CPTN.US,D,20240719,000000,2.7,2.7457,2.59,2.59,4875,0
CPTN.US,D,20240722,000000,2.59,2.6,2.45,2.53,13879,0
CPTN.US,D,20240723,000000,2.52,2.61,2.45,2.45,12692,0
CPTN.US,D,20240724,000000,2.46,2.5001,2.38,2.456,7904,0
CPTN.US,D,20240725,000000,2.4529,2.5186,2.4,2.4,3517,0
CPTN.US,D,20240726,000000,2.52,2.615,2.42,2.53,14330,0
CPTN.US,D,20240729,000000,3.01,3.05,2.96,2.98,1119267,0
CPTN.US,D,20240730,000000,2.98,2.98,2.96,2.97,125827,0
CPTN.US,D,20240731,000000,2.9603,2.98,2.96,2.96,58453,0
CPTN.US,D,20240801,000000,2.97,2.98,2.95,2.98,96518,0
CPTN.US,D,20240802,000000,2.96,3,2.95,2.98,144146,0
CPTN.US,D,20240805,000000,2.95,3.05,2.95,3.05,109002,0
CPTN.US,D,20240806,000000,3.05,3.05,2.96,3,38165,0
CPTN.US,D,20240807,000000,2.99,3.05,2.99,3.02,225605,0
CPTN.US,D,20240808,000000,3,3.04,3,3.04,72400,0
CPTN.US,D,20240809,000000,3.05,3.05,3.0252,3.03,148990,0
CPTN.US,D,20240812,000000,3.03,3.04,3.025,3.04,90146,0
CPTN.US,D,20240813,000000,3.03,3.05,3.02,3.03,116488,0
CPTN.US,D,20240814,000000,3.0399,3.05,3.0301,3.05,7628,0
CPTN.US,D,20240815,000000,3.01,3.07,3.01,3.04,64595,0
CPTN.US,D,20240816,000000,3.02,3.07,3.02,3.06,5344,0
CPTN.US,D,20240819,000000,3.06,3.085,3.03,3.08,98349,0
CPTN.US,D,20240820,000000,3.06,3.075,3.05,3.065,10157,0
CPTN.US,D,20240821,000000,3.06,3.08,3.06,3.0707,4415,0
CPTN.US,D,20240822,000000,3.07,3.13,3.06,3.11,52655,0
CPTN.US,D,20240823,000000,3.11,3.11,3.05,3.08,15548,0
CPTN.US,D,20240826,000000,3.06,3.09,3.05,3.06,39044,0
CPTN.US,D,20240827,000000,3.05,3.06,3.05,3.05,5385,0
CPTN.US,D,20240828,000000,3.05,3.06,3.03,3.03,39203,0
CPTN.US,D,20240829,000000,3.04,3.07,3.04,3.06,3979,0
CPTN.US,D,20240830,000000,3.04,3.06,3.04,3.052,3627,0
CPTN.US,D,20240903,000000,3.0414,3.055,3.04,3.04,7681,0
CPTN.US,D,20240904,000000,3.04,3.06,3.04,3.05,19572,0
CPTN.US,D,20240905,000000,3.0436,3.08,3.04,3.055,44250,0
CPTN.US,D,20240906,000000,3.06,3.065,3.03,3.042,26509,0
CPTN.US,D,20240909,000000,3.04,3.06,3.04,3.05,6845,0
CPTN.US,D,20240910,000000,3.05,3.06,3.03,3.05,13569,0
CPTN.US,D,20240911,000000,3.03,3.055,3.03,3.05,14044,0
CPTN.US,D,20240912,000000,3.04,3.06,3.04,3.059,15541,0
CPTN.US,D,20240913,000000,3.0502,3.07,3.05,3.05,11088,0
CPTN.US,D,20240916,000000,3.05,3.06,3.05,3.055,8551,0
CPTN.US,D,20240917,000000,3.05,3.05,3.04,3.04,5415,0
CPTN.US,D,20240918,000000,3.05,3.07,3.05,3.06,22224,0
CPTN.US,D,20240919,000000,3.05,3.08,3.05,3.06,13003,0
CPTN.US,D,20240920,000000,3.045,3.0699,3.04,3.05,23383,0
CPTN.US,D,20240923,000000,3.05,3.0675,3.0422,3.05,6302,0
CPTN.US,D,20240924,000000,3.06,3.06,3.04,3.05,14450,0
CPTN.US,D,20240925,000000,3.0522,3.0522,3.04,3.04,12056,0
CPTN.US,D,20240926,000000,3.05,3.09,3.05,3.09,20204,0
CPTN.US,D,20240927,000000,3.07,3.0801,3.07,3.08,14461,0
CPTN.US,D,20240930,000000,3.0779,3.12,3.0716,3.12,53286,0
CPTN.US,D,20241001,000000,3.105,3.13,3.09,3.115,73218,0
CPTN.US,D,20241002,000000,3.12,3.14,3.12,3.135,31524,0
CPTN.US,D,20241003,000000,3.13,3.2,3.13,3.16,133278,0
CPTN.US,D,20241004,000000,3.16,3.17,3.15,3.16,32924,0
CPTN.US,D,20241007,000000,3.15,3.16,3.1151,3.16,75480,0
CPTN.US,D,20241008,000000,3.18,3.18,3.14,3.165,60301,0
CPTN.US,D,20241009,000000,3.15,3.18,3.145,3.16,105497,0
CPTN.US,D,20241010,000000,3.18,3.18,3.15,3.178,56190,0
CPTN.US,D,20241011,000000,3.15,3.1624,3.15,3.15,16165,0
CPTN.US,D,20241014,000000,3.16,3.16,3.15,3.15,2447,0
CPTN.US,D,20241015,000000,3.16,3.16,3.15,3.155,15634,0
CPTN.US,D,20241016,000000,3.155,3.16,3.15,3.16,4619,0
CPTN.US,D,20241017,000000,3.16,3.16,3.154,3.16,4451,0
CPTN.US,D,20241018,000000,3.1549,3.16,3.15,3.15,6200,0
CPTN.US,D,20241021,000000,3.15,3.1592,3.15,3.152,21779,0
CPTN.US,D,20241022,000000,3.15,3.16,3.15,3.16,2548,0
CPTN.US,D,20241023,000000,3.1502,3.155,3.15,3.15,18797,0
CPTN.US,D,20241024,000000,3.15,3.15,3.14,3.148,10126,0
CPTN.US,D,20241025,000000,3.14,3.15,3.14,3.14,6619,0
CPTN.US,D,20241028,000000,3.15,3.15,3.14,3.15,32432,0
CPTN.US,D,20241029,000000,3.1458,3.1488,3.14,3.1488,1388,0
CPTN.US,D,20241030,000000,3.15,3.16,3.14,3.14,4063,0
CPTN.US,D,20241031,000000,3.16,3.16,3.14,3.15,7121,0
CPTN.US,D,20241101,000000,3.16,3.16,3.14,3.15,15040,0
CPTN.US,D,20241104,000000,3.15,3.16,3.14,3.1421,5694,0
CPTN.US,D,20241105,000000,3.12,3.14,3.12,3.13,8335,0
CPTN.US,D,20241106,000000,3.15,3.15,3.1111,3.1166,6064,0
CPTN.US,D,20241107,000000,3.1,3.15,3.1,3.145,10142,0
CPTN.US,D,20241108,000000,3.14,3.14,3.1149,3.12,5892,0
CPTN.US,D,20241111,000000,3.12,3.16,3.11,3.13,15187,0
CPTN.US,D,20241112,000000,3.11,3.14,3.11,3.13,7318,0
CPTN.US,D,20241113,000000,3.112,3.14,3.110721,3.14,9460,0
CPTN.US,D,20241114,000000,3.12,3.14,3.12,3.14,27160,0
CPTN.US,D,20241115,000000,3.11,3.12,3.11,3.12,9270,0
CPTN.US,D,20241118,000000,3.11,3.1333,3.11,3.12,4686,0
CPTN.US,D,20241119,000000,3.12,3.12,3.11,3.115,1877,0
CPTN.US,D,20241120,000000,3.14,3.14,3.11,3.1228,6448,0
CPTN.US,D,20241121,000000,3.11,3.14,3.11,3.13,4541,0
CPTN.US,D,20241122,000000,3.12,3.13,3.12,3.12,7503,0
CPTN.US,D,20241125,000000,3.12,3.1359,3.12,3.12,10471,0
CPTN.US,D,20241126,000000,3.128,3.14,3.12,3.13,21705,0
CPTN.US,D,20241127,000000,3.1301,3.1301,3.12,3.13,35087,0
CPTN.US,D,20241129,000000,3.14,3.16,3.13,3.16,75340,0
CPTN.US,D,20241202,000000,3.16,3.2,3.15,3.18,256954,0
CPTN.US,D,20241203,000000,3.17,3.19,3.17,3.18,163971,0
CPTN.US,D,20241204,000000,3.18,3.19,3.18,3.18,75509,0
CPTN.US,D,20241205,000000,3.18,3.2,3.18,3.19,149836,0
CPTN.US,D,20241206,000000,3.18,3.24,3.18,3.225,61001,0
CPTN.US,D,20241209,000000,3.19,3.22,3.18,3.22,110965,0
CPTN.US,D,20241210,000000,3.18,3.215,3.18,3.2,84987,0
CPTN.US,D,20241211,000000,3.18,3.22,3.18,3.2,76010,0
CPTN.US,D,20241212,000000,3.19,3.2105,3.19,3.2,53308,0
CPTN.US,D,20241213,000000,3.18,3.21,3.18,3.19,67981,0
CPTN.US,D,20241216,000000,3.19,3.21,3.18,3.2,131438,0
CPTN.US,D,20241217,000000,3.18,3.2,3.18,3.19,107470,0
CPTN.US,D,20241218,000000,3.18,3.21,3.18,3.2,103875,0
CPTN.US,D,20241219,000000,3.19,3.21,3.19,3.2,49170,0
CPTN.US,D,20241220,000000,3.19,3.21,3.18,3.21,120504,0
CPTN.US,D,20241223,000000,3.19,3.21,3.18,3.19,181960,0
CPTN.US,D,20241224,000000,3.19,3.21,3.19,3.21,33783,0
CPTN.US,D,20241226,000000,3.19,3.21,3.18,3.2,240910,0
CPTN.US,D,20241227,000000,3.2,3.24,3.2,3.24,37693,0
CPTN.US,D,20241230,000000,3.23,3.28,3.21,3.27,33421,0
CPTN.US,D,20241231,000000,3.26,3.29,3.2437,3.26,13064,0
CPTN.US,D,20250102,000000,3.265,3.265,3.18,3.19,1250718,0
CPTN.US,D,20250103,000000,3.19,3.22,3.18,3.1825,1573580,0
CPTN.US,D,20250106,000000,3.2,3.31,3.195,3.25,154791,0
