<TICKER>,<PER>,<DATE>,<TIME>,<OPEN>,<HIGH>,<LOW>,<CLOSE>,<VOL>,<OPENINT>
CYN.US,D,20211020,000000,728.182,790.909,640.909,672.727,18554.965,0
CYN.US,D,20211021,000000,654.545,742.727,572.727,685.455,21955.296,0
CYN.US,D,20211022,000000,719.091,770,620.909,677.273,58109.073,0
CYN.US,D,20211025,000000,665.455,900.909,647.273,762.727,162428.959,0
CYN.US,D,20211026,000000,747.273,868.182,684.636,751.818,76298.915,0
CYN.US,D,20211027,000000,736.364,764.536,690.909,742.727,19130.837,0
CYN.US,D,20211028,000000,732.727,795.455,681.818,771.818,29053.497,0
CYN.US,D,20211029,000000,771.818,790.909,711.818,717.273,13267.925,0
CYN.US,D,20211101,000000,720,735.455,650.309,669.091,30480.329,0
CYN.US,D,20211102,000000,665.455,795.455,620,670.909,76194.206,0
CYN.US,D,20211103,000000,690.909,707.264,659.091,691.818,14169.254,0
CYN.US,D,20211104,000000,691.818,707.273,668.182,672.727,9117.735,0
CYN.US,D,20211105,000000,677.273,686.818,659.091,676.364,4576.55,0
CYN.US,D,20211108,000000,672.727,703.636,666.364,686.364,6700.606,0
CYN.US,D,20211109,000000,682.727,701.818,650,661.818,4294.983,0
CYN.US,D,20211110,000000,650,672.727,636.364,660.909,9502.405,0
CYN.US,D,20211111,000000,652.727,659.636,638.182,650,3342.075,0
CYN.US,D,20211112,000000,645.455,668.182,625.455,663.636,14394.732,0
CYN.US,D,20211115,000000,662.727,670,619.091,625.455,7624.496,0
CYN.US,D,20211116,000000,636.364,671.818,621.818,654.545,27198.512,0
CYN.US,D,20211117,000000,661.818,672,627.273,630.909,13947.296,0
CYN.US,D,20211118,000000,627.273,633.636,580.918,593.636,9088.64,0
CYN.US,D,20211119,000000,591.818,609.582,585.455,600.909,5316.454,0
CYN.US,D,20211122,000000,592.727,597.264,484.636,490.909,9482.33,0
CYN.US,D,20211123,000000,500,510.964,453.636,473.636,4815.745,0
CYN.US,D,20211124,000000,464.545,501.818,455.455,483.636,4189.713,0
CYN.US,D,20211126,000000,469.091,492.718,438.182,482.727,2039.279,0
CYN.US,D,20211129,000000,484.545,514.545,467.273,508.182,3471.281,0
CYN.US,D,20211130,000000,505.455,566.364,470,479.091,21993.103,0
CYN.US,D,20211201,000000,489.091,570.909,486.364,492.727,31202.028,0
CYN.US,D,20211202,000000,490,540.182,466.364,532.727,17990.434,0
CYN.US,D,20211203,000000,522.727,530.9,474.545,482.727,11487.344,0
CYN.US,D,20211206,000000,479.091,494.545,454.545,479.091,11690.437,0
CYN.US,D,20211207,000000,515.455,535.455,495.455,519.091,12014.794,0
CYN.US,D,20211208,000000,514.545,525.455,487.273,514.545,11514.921,0
CYN.US,D,20211209,000000,514.545,525.455,489.091,512.727,12690.612,0
CYN.US,D,20211210,000000,518.182,523.545,487.273,500.909,4965.862,0
CYN.US,D,20211213,000000,500.909,510.909,478.182,506.364,7065.85,0
CYN.US,D,20211214,000000,492.727,552.727,478.182,550,16676.132,0
CYN.US,D,20211215,000000,543.636,543.636,490.909,521.818,12718.552,0
CYN.US,D,20211216,000000,497.273,511.818,468.182,479.091,7271.451,0
CYN.US,D,20211217,000000,468.182,477.009,436.364,462.727,8656.582,0
CYN.US,D,20211220,000000,451.818,462.727,413.636,452.727,12690.469,0
CYN.US,D,20211221,000000,455.455,471.818,431.818,440,9297.002,0
CYN.US,D,20211222,000000,435.455,455.455,435.455,448.182,2835.514,0
CYN.US,D,20211223,000000,442.727,450,431.818,435.455,4907.331,0
CYN.US,D,20211227,000000,440.909,454.545,438.182,442.727,3598.65,0
CYN.US,D,20211228,000000,440,448.182,431.155,439.091,3273.127,0
CYN.US,D,20211229,000000,433.636,442.727,422.973,426.364,3082.002,0
CYN.US,D,20211230,000000,422.727,422.727,390.909,408.182,7050.164,0
CYN.US,D,20211231,000000,398.182,415.455,390.909,409.091,3257.738,0
CYN.US,D,20220103,000000,412.727,439.091,399.091,436.364,6920.639,0
CYN.US,D,20220104,000000,438.182,438.182,411.818,424.545,1164.097,0
CYN.US,D,20220105,000000,419.091,430.909,397.273,401.818,7157.92,0
CYN.US,D,20220106,000000,402.727,404.536,348.182,352.727,6630.393,0
CYN.US,D,20220107,000000,348.182,354.536,328.182,330,2856.876,0
CYN.US,D,20220110,000000,317.273,317.273,271.818,295.455,6226.693,0
CYN.US,D,20220111,000000,299.091,322.727,298.182,312.727,1768.283,0
CYN.US,D,20220112,000000,306.364,308.373,282.727,297.273,3700.554,0
CYN.US,D,20220113,000000,300,302.727,282.727,294.545,2699.785,0
CYN.US,D,20220114,000000,293.636,295.455,284.545,294.545,1349.007,0
CYN.US,D,20220118,000000,294.545,323.636,281.818,318.182,9083.063,0
CYN.US,D,20220119,000000,324.545,325.455,300.909,319.091,3353.273,0
CYN.US,D,20220120,000000,317.273,335.445,302.818,303.636,1657.084,0
CYN.US,D,20220121,000000,297.273,302.727,265.455,267.273,3954.61,0
CYN.US,D,20220124,000000,239.091,242.727,208.745,224.545,3288.483,0
CYN.US,D,20220125,000000,220.909,235.455,216.364,219.091,2572.02,0
CYN.US,D,20220126,000000,222.727,243.636,220.173,231.818,2872.936,0
CYN.US,D,20220127,000000,223.636,242.727,143.636,147.273,16868.478,0
CYN.US,D,20220128,000000,143.7,146.364,133.636,139.091,4754.53,0
CYN.US,D,20220131,000000,140.909,145.455,128.182,143.636,4612.553,0
CYN.US,D,20220201,000000,150.909,154.545,142.727,149.091,1847.472,0
CYN.US,D,20220202,000000,149.091,149.091,133.636,135.909,3032.007,0
CYN.US,D,20220203,000000,131.818,153.636,129.082,148.182,3250.335,0
CYN.US,D,20220204,000000,143.636,159.909,140.909,156.364,2606.791,0
CYN.US,D,20220207,000000,151.818,155.455,131.818,134.545,3729.506,0
CYN.US,D,20220208,000000,131.818,136.364,130,130.909,1853.984,0
CYN.US,D,20220209,000000,130,138.182,129.091,136.364,1858.098,0
CYN.US,D,20220210,000000,131.818,141.818,130,133.636,1630.684,0
CYN.US,D,20220211,000000,131.864,140,124.545,131.818,1852.884,0
CYN.US,D,20220214,000000,127.273,129.091,124.573,127.273,729.168,0
CYN.US,D,20220215,000000,129.091,134.536,125.455,128.182,987.195,0
CYN.US,D,20220216,000000,130,134.545,127.273,131.818,1159.477,0
CYN.US,D,20220217,000000,130,132.727,128.182,129.091,868.758,0
CYN.US,D,20220218,000000,129.091,163.636,126.518,158.182,9105.382,0
CYN.US,D,20220222,000000,140.909,156.264,140.909,155.455,3731.739,0
CYN.US,D,20220223,000000,152.727,168.182,149.164,166.364,2278.716,0
CYN.US,D,20220224,000000,151.818,181.818,145.455,177.273,2095.984,0
CYN.US,D,20220225,000000,174.545,176.836,169.264,170.909,1541.562,0
CYN.US,D,20220228,000000,166.364,172.064,157.273,163.636,1270.445,0
CYN.US,D,20220301,000000,163.636,176.364,163.636,170,2544.718,0
CYN.US,D,20220302,000000,168.636,179.091,158.182,173.636,1674.75,0
CYN.US,D,20220303,000000,173.636,177.727,163.636,170,680.537,0
CYN.US,D,20220304,000000,166.364,168.364,145.509,149.091,1823.217,0
CYN.US,D,20220307,000000,138.182,140.909,122.727,123.636,2261.985,0
CYN.US,D,20220308,000000,120.909,127.273,120,123.636,1237.302,0
CYN.US,D,20220309,000000,125.455,133.636,125.455,132.727,985.27,0
CYN.US,D,20220310,000000,127.273,128.182,123.636,125.455,695.376,0
CYN.US,D,20220311,000000,125.455,129.091,118.182,120.909,902.341,0
CYN.US,D,20220314,000000,122.727,122.727,114.545,116.364,685.586,0
CYN.US,D,20220315,000000,118.182,120,112.727,113.636,911.988,0
CYN.US,D,20220316,000000,113.636,117.273,110.909,116.364,1413.984,0
CYN.US,D,20220317,000000,112.727,127.273,112.727,122.727,1515.91,0
CYN.US,D,20220318,000000,122.727,136.364,122.727,130.909,3908.773,0
CYN.US,D,20220321,000000,136.364,137.727,130.909,131.818,1219.988,0
CYN.US,D,20220322,000000,135.455,150.909,128.182,135.455,8165.729,0
CYN.US,D,20220323,000000,139.091,139.091,128.5,136.364,5323.318,0
CYN.US,D,20220324,000000,129.091,135.455,124.545,132.727,4650.657,0
CYN.US,D,20220325,000000,132.727,134.545,125.455,128.182,1790.228,0
CYN.US,D,20220328,000000,128.182,133.636,124.545,131.818,4131.754,0
CYN.US,D,20220329,000000,135.455,144.545,131.818,140,4021.358,0
CYN.US,D,20220330,000000,139.091,140.909,130,133.636,2612.324,0
CYN.US,D,20220331,000000,135.455,137.273,131.818,132.727,1637.339,0
CYN.US,D,20220401,000000,132.727,136.364,132.727,133.636,1238.314,0
CYN.US,D,20220404,000000,134.545,135.455,132.727,133.636,708.532,0
CYN.US,D,20220405,000000,133.636,149.091,133.636,142.727,3361.446,0
CYN.US,D,20220406,000000,144.545,144.545,136.364,140,1359.27,0
CYN.US,D,20220407,000000,140.909,140.909,127.273,127.273,1025.211,0
CYN.US,D,20220408,000000,128.182,128.636,117.273,117.273,1509.112,0
CYN.US,D,20220411,000000,121.818,121.836,111.818,113.636,1573.594,0
CYN.US,D,20220412,000000,111.818,116.355,110,110,1129.425,0
CYN.US,D,20220413,000000,110.909,114.536,107.273,108.182,1026.498,0
CYN.US,D,20220414,000000,109.091,115.455,102.727,104.545,1381.578,0
CYN.US,D,20220418,000000,100,106.364,98.1818,98.1818,1258.609,0
CYN.US,D,20220419,000000,98.1818,110,98.1818,107.273,1336.39,0
CYN.US,D,20220420,000000,110.909,110.909,98.1818,98.1818,1037.3,0
CYN.US,D,20220421,000000,182.727,222.727,150.009,192.727,2435611.706,0
CYN.US,D,20220422,000000,169.545,254.545,167.273,244.545,632087.698,0
CYN.US,D,20220425,000000,189.091,272.727,185.455,220,215874.637,0
CYN.US,D,20220426,000000,210,342.727,209.091,334.545,506281.149,0
CYN.US,D,20220427,000000,294.091,399.091,292.727,360.455,549974.59,0
CYN.US,D,20220428,000000,291.818,403.636,282.727,357.273,292662.359,0
CYN.US,D,20220429,000000,349.091,527.273,343.636,501.818,372473.761,0
CYN.US,D,20220502,000000,532.727,568.182,389.091,420.909,159516.819,0
CYN.US,D,20220503,000000,379.091,424.545,336.364,357.273,51485.324,0
CYN.US,D,20220504,000000,351.818,368.182,269.091,288.182,66444.301,0
CYN.US,D,20220505,000000,291.818,431.818,290.909,340,478432.504,0
CYN.US,D,20220506,000000,312.727,352.727,309.091,327.273,66744.733,0
CYN.US,D,20220509,000000,343.636,420,340.909,386.364,231288.057,0
CYN.US,D,20220510,000000,388.182,470.909,381.818,458.182,351025.785,0
CYN.US,D,20220511,000000,452.727,457.273,330.909,335.455,58395.161,0
CYN.US,D,20220512,000000,295.455,368.182,293.636,327.273,34702.283,0
CYN.US,D,20220513,000000,339.091,343.636,290.909,299.091,21031.736,0
CYN.US,D,20220516,000000,296.364,300.727,250,254.545,18233.479,0
CYN.US,D,20220517,000000,255.455,264.527,231.818,235.455,15554.803,0
CYN.US,D,20220518,000000,235.455,261.818,214.545,219.091,35496.824,0
CYN.US,D,20220519,000000,215,232.727,204.545,206.364,19834.98,0
CYN.US,D,20220520,000000,206.364,216.355,169.091,184.545,21980.101,0
CYN.US,D,20220523,000000,186.364,190,161.818,182.727,24362.723,0
CYN.US,D,20220524,000000,178.182,178.182,160.909,168.182,10235.17,0
CYN.US,D,20220525,000000,160.909,184.545,157.273,166.364,16691.268,0
CYN.US,D,20220526,000000,164.545,196.364,146.364,150.909,123927.749,0
CYN.US,D,20220527,000000,149.091,209.091,137.273,148.182,197347.7,0
CYN.US,D,20220531,000000,140.909,145.455,131.818,141.818,38096.586,0
CYN.US,D,20220601,000000,141.818,151.818,133.636,141.818,25779.336,0
CYN.US,D,20220602,000000,137.273,151.727,134.545,141.818,21722.69,0
CYN.US,D,20220603,000000,140.909,149.873,138.182,138.182,12800.942,0
CYN.US,D,20220606,000000,138.182,142.727,123.727,127.273,16814.677,0
CYN.US,D,20220607,000000,126.364,129.927,119.091,122.727,13623.148,0
CYN.US,D,20220608,000000,120.909,127.273,114.545,118.182,15381.542,0
CYN.US,D,20220609,000000,120,122.727,110.909,111.818,18214.856,0
CYN.US,D,20220610,000000,108.182,115.455,106.364,110.909,11759.055,0
CYN.US,D,20220613,000000,109.091,162.727,101.818,149.091,243715.494,0
CYN.US,D,20220614,000000,139.091,140,123.636,136.364,42121.915,0
CYN.US,D,20220615,000000,137.282,163.636,135.455,144.545,119163.198,0
CYN.US,D,20220616,000000,140,152.727,124.545,127.273,37348.487,0
CYN.US,D,20220617,000000,125.455,130.455,116.364,119.091,14429.36,0
CYN.US,D,20220621,000000,125.455,130,118.182,118.182,9646.912,0
CYN.US,D,20220622,000000,114.545,129.091,114.545,121.818,16236.253,0
CYN.US,D,20220623,000000,120.909,126.364,118.182,122.727,7162.001,0
CYN.US,D,20220624,000000,122.727,125.455,120,122.727,4947.833,0
CYN.US,D,20220627,000000,121.818,126.355,116.364,118.182,6174.322,0
CYN.US,D,20220628,000000,117.273,118.182,108.173,109.091,6658.784,0
CYN.US,D,20220629,000000,108.182,114.545,102.909,111.818,8924.586,0
CYN.US,D,20220630,000000,108.182,112.482,102.727,104.545,7107.1,0
CYN.US,D,20220701,000000,107.273,137.273,103.636,117.273,68308.372,0
CYN.US,D,20220705,000000,109.091,123.636,109.091,119.091,10042.021,0
CYN.US,D,20220706,000000,118.182,121.818,113.636,117.273,5403.596,0
CYN.US,D,20220707,000000,115.455,118.182,110.909,115.455,6804.171,0
CYN.US,D,20220708,000000,115.455,122.727,115.455,117.273,6064.179,0
CYN.US,D,20220711,000000,116.364,118.182,110,112.727,3913.855,0
CYN.US,D,20220712,000000,110.909,115.909,106.364,106.364,3949.033,0
CYN.US,D,20220713,000000,107.273,111.864,106.364,107.273,1725.339,0
CYN.US,D,20220714,000000,109.091,109.091,103.636,106.364,3060.794,0
CYN.US,D,20220715,000000,108.182,110.909,104.545,109.091,4302.111,0
CYN.US,D,20220718,000000,108.182,113.7,107.273,107.273,3546.477,0
CYN.US,D,20220719,000000,110,112.645,108.182,110,2904.176,0
CYN.US,D,20220720,000000,109.091,121.818,109.091,116.364,6822.497,0
CYN.US,D,20220721,000000,114.545,121.818,113.636,113.636,4352.381,0
CYN.US,D,20220722,000000,111.818,113.636,106.364,107.273,4902.414,0
CYN.US,D,20220725,000000,107.273,110.909,104.545,107.273,5070.901,0
CYN.US,D,20220726,000000,104.545,114.545,104.545,106.364,9574.829,0
CYN.US,D,20220727,000000,109.091,110,104.545,106.364,5332.789,0
CYN.US,D,20220728,000000,111.818,114.545,108.182,113.636,10191.918,0
CYN.US,D,20220729,000000,113.636,117.273,106.364,110,7429.378,0
CYN.US,D,20220801,000000,109.091,109.091,104.545,109.091,4517.634,0
CYN.US,D,20220802,000000,107.273,113.636,104.545,111.818,6508.81,0
CYN.US,D,20220803,000000,111.818,117.264,109.091,115.455,6002.931,0
CYN.US,D,20220804,000000,116.364,120.909,111.827,114.545,6558.123,0
CYN.US,D,20220805,000000,113.636,117.273,111.818,115,2763.816,0
CYN.US,D,20220808,000000,116.364,120,113.636,115.455,4180.539,0
CYN.US,D,20220809,000000,114.545,117.264,105.455,108.182,6273.025,0
CYN.US,D,20220810,000000,111.818,112.973,103.636,109.545,9348.614,0
CYN.US,D,20220811,000000,104.545,113.6,103.491,111.818,5497.503,0
CYN.US,D,20220812,000000,110.909,123.636,110,121.818,11165.231,0
CYN.US,D,20220815,000000,124.545,127.273,113.636,118.182,6081.724,0
CYN.US,D,20220816,000000,113.636,120.909,113.636,116.364,4205.454,0
CYN.US,D,20220817,000000,116.364,116.364,109.091,110,3974.905,0
CYN.US,D,20220818,000000,113.636,141.818,110,133.636,26471.126,0
CYN.US,D,20220819,000000,125.455,140,119.091,130.909,18203.526,0
CYN.US,D,20220822,000000,125.455,156.3,122.727,132.727,40588.328,0
CYN.US,D,20220823,000000,130,132.727,122.727,128.182,9085.659,0
CYN.US,D,20220824,000000,130,131.818,123.636,127.273,4324.804,0
CYN.US,D,20220825,000000,123.636,135.455,123.636,134.545,4394.423,0
CYN.US,D,20220826,000000,136.364,140.764,123.636,125.455,3343.945,0
CYN.US,D,20220829,000000,127.273,127.273,114.545,123.636,3186.381,0
CYN.US,D,20220830,000000,123.636,130,111.818,123.636,6009.993,0
CYN.US,D,20220831,000000,117.273,121.818,114.545,114.545,2333.144,0
CYN.US,D,20220901,000000,116.364,118.182,112.145,113.636,1364.11,0
CYN.US,D,20220902,000000,113.636,126.364,113.636,124.545,6767.992,0
CYN.US,D,20220906,000000,127.273,130.909,119.091,120,6499.867,0
CYN.US,D,20220907,000000,118.182,120,112.727,117.273,4631.77,0
CYN.US,D,20220908,000000,117.273,121.818,115.455,119.091,1577.224,0
CYN.US,D,20220909,000000,118.182,123.636,118.182,120.909,1772.936,0
CYN.US,D,20220912,000000,120,121.818,118.636,119.091,887.777,0
CYN.US,D,20220913,000000,118.182,118.709,112.727,114.545,2464.913,0
CYN.US,D,20220914,000000,113.636,114.545,110,110,2225.19,0
CYN.US,D,20220915,000000,110.909,113.636,108.182,109.091,2817.936,0
CYN.US,D,20220916,000000,110.909,110.909,105.455,105.455,3294.357,0
CYN.US,D,20220919,000000,103.636,106.364,95.4545,98.1818,5348.178,0
CYN.US,D,20220920,000000,97.2727,99.5455,94.5455,94.5455,2367.882,0
CYN.US,D,20220921,000000,93.6364,96.3636,90.9091,92.7273,2352.834,0
CYN.US,D,20220922,000000,92.7273,94.9,84.0636,87.1909,5197.192,0
CYN.US,D,20220923,000000,87.1909,87.1909,83.6364,85.5455,1997.655,0
CYN.US,D,20220926,000000,86.3636,95.4545,86.3636,93.6364,4659.226,0
CYN.US,D,20220927,000000,93.6364,99.9727,88.1818,91.8182,2130.359,0
CYN.US,D,20220928,000000,90.9091,93.6364,87.9273,90.9091,1120.229,0
CYN.US,D,20220929,000000,90.9091,91.8091,87.7273,88.2091,678.964,0
CYN.US,D,20220930,000000,89.5454,94.5455,89.0909,90.5,769.89,0
CYN.US,D,20221003,000000,90,93.3636,88.7909,91.3636,1319.109,0
CYN.US,D,20221004,000000,91.8182,97.2727,90,90.0091,1993.706,0
CYN.US,D,20221005,000000,89.0636,90.9091,84.5455,90.3545,992.497,0
CYN.US,D,20221006,000000,90.9091,94.3,88.6909,91.8182,702.46,0
CYN.US,D,20221007,000000,90.9,94.2909,85.4545,88.9,931.733,0
CYN.US,D,20221010,000000,88.1818,88.9,84.5455,85.7091,539.627,0
CYN.US,D,20221011,000000,85.8636,86.8182,82.9545,84.5455,1268.124,0
CYN.US,D,20221012,000000,84.5818,85.4545,83.1818,83.6364,581.185,0
CYN.US,D,20221013,000000,79.0909,82.7273,77.2727,81.6091,2180.838,0
CYN.US,D,20221014,000000,82.2727,82.7273,80,80.4545,704.418,0
CYN.US,D,20221017,000000,79.0909,86.3636,77.2727,83.6364,2072.378,0
CYN.US,D,20221018,000000,83.4455,84.1,80,81.8,855.349,0
CYN.US,D,20221019,000000,83.4545,84.0909,80,80.9091,1010.416,0
CYN.US,D,20221020,000000,90.5455,90.6909,82.9091,89.1636,3163.82,0
CYN.US,D,20221021,000000,86.3636,94.5455,84.1818,89.5364,1994.322,0
CYN.US,D,20221024,000000,89.0909,94.5455,84.5455,85.9273,1088.208,0
CYN.US,D,20221025,000000,85.4545,90,83.6364,88.0273,983.675,0
CYN.US,D,20221026,000000,89.0909,90.4455,85.4545,87.7364,1085.447,0
CYN.US,D,20221027,000000,89.0909,95.3182,85.4545,91.8182,1043.526,0
CYN.US,D,20221028,000000,94.5364,97.2727,89.6455,94.5455,999.779,0
CYN.US,D,20221031,000000,96.3636,98.1818,90.9091,92.7273,1409.001,0
CYN.US,D,20221101,000000,91.8182,96.0909,90.9091,93.6364,843.777,0
CYN.US,D,20221102,000000,95.4545,95.4545,87.2818,89.8727,1060.653,0
CYN.US,D,20221103,000000,89.0909,92.6364,85.9091,86.8182,1114.663,0
CYN.US,D,20221104,000000,88.1909,89.0818,81.2636,84.6182,390.28,0
CYN.US,D,20221107,000000,84.5455,90.9091,84.5455,88.8636,303.974,0
CYN.US,D,20221108,000000,88.1818,92.7091,82.8273,83.8273,311.267,0
CYN.US,D,20221109,000000,84.5455,88.1818,75.4636,75.4636,2233.286,0
CYN.US,D,20221110,000000,83.2,85.4455,70.9091,72.5182,4877.18,0
CYN.US,D,20221111,000000,74.5545,78.1727,64.5455,68.6818,5496.931,0
CYN.US,D,20221114,000000,70,72.7273,67.9182,72.7273,1442.628,0
CYN.US,D,20221115,000000,77.0909,79.0909,69.2909,72.7273,1112.441,0
CYN.US,D,20221116,000000,73.7364,80,71.1727,73.6455,6018.144,0
CYN.US,D,20221117,000000,75.6455,75.6455,63.6364,68.0909,3431.989,0
CYN.US,D,20221118,000000,68.3818,75.7818,65.6364,73.8364,1703.471,0
CYN.US,D,20221121,000000,73.6364,77.2727,69.1273,73.6364,302.907,0
CYN.US,D,20221122,000000,73.6364,78.0909,69.3273,72.0182,590.689,0
CYN.US,D,20221123,000000,72.0091,75.4545,70.4545,71.8182,543.84,0
CYN.US,D,20221125,000000,70,77.5455,70,74.5455,395.78,0
CYN.US,D,20221128,000000,74.5455,78.1818,72.2727,75.4182,561.022,0
CYN.US,D,20221129,000000,75.4545,76.3545,72.7364,74.2727,193.006,0
CYN.US,D,20221130,000000,72.7273,76,67.3636,70.9091,909.403,0
CYN.US,D,20221201,000000,70.9091,73.6364,68.2727,72.1909,671.737,0
CYN.US,D,20221202,000000,67.2727,71.8182,66.4545,71.2727,843.183,0
CYN.US,D,20221205,000000,70.7273,71.8091,68.2818,69.8909,345.609,0
CYN.US,D,20221206,000000,70.9091,71.6364,65.9727,66.8273,489.434,0
CYN.US,D,20221207,000000,68.1818,72.7273,65.5455,71.1,1206.766,0
CYN.US,D,20221208,000000,70.4545,70.9182,69.2182,69.4545,555.445,0
CYN.US,D,20221209,000000,69.0909,71.6272,66.5455,67.2818,551.001,0
CYN.US,D,20221212,000000,67.2727,70,66.5455,68.5182,302.885,0
CYN.US,D,20221213,000000,68.2,70,67.2727,68.1818,785.895,0
CYN.US,D,20221214,000000,67.5455,69.0909,64.7273,65.6455,615.615,0
CYN.US,D,20221215,000000,65.4545,65.9183,60.9727,62.6818,1265.22,0
CYN.US,D,20221216,000000,64.4545,66.9636,60,66.3636,1016.202,0
CYN.US,D,20221219,000000,65.2727,65.2727,57.9364,62.0909,2736.393,0
CYN.US,D,20221220,000000,60.2273,67.5636,60.2273,67.2727,888.437,0
CYN.US,D,20221221,000000,65.4545,67.4545,63.6364,63.6455,761.574,0
CYN.US,D,20221222,000000,63.6364,64.3636,61.0909,61.8273,1241.053,0
CYN.US,D,20221223,000000,61.8182,61.8182,59.2727,59.5909,949.179,0
CYN.US,D,20221227,000000,60,60,55.9182,57.2727,825.616,0
CYN.US,D,20221228,000000,56.3091,60.4545,52.9455,55.6364,1250.92,0
CYN.US,D,20221229,000000,55.6545,60.0818,53.1818,58.3727,981.618,0
CYN.US,D,20221230,000000,61.4727,62.4636,54.5455,61.2364,979.462,0
CYN.US,D,20230103,000000,62.7273,65.4273,56.3182,60,1591.216,0
CYN.US,D,20230104,000000,61.2364,65.3636,58.7,64.5273,746.889,0
CYN.US,D,20230105,000000,63.0909,65.4545,61.8273,62.2727,586.179,0
CYN.US,D,20230106,000000,64.4545,65.2273,55.9182,59.7182,2135.276,0
CYN.US,D,20230109,000000,59.7182,62.1091,55.6727,61.809,1020.426,0
CYN.US,D,20230110,000000,60.9091,60.9091,56.7091,59.2727,905.63,0
CYN.US,D,20230111,000000,60,64.5455,59.0909,63.4182,1101.98,0
CYN.US,D,20230112,000000,64.4545,65.8818,62.7273,64.5455,884.224,0
CYN.US,D,20230113,000000,64.5455,68.1727,62.6884,66.5455,1306.525,0
CYN.US,D,20230117,000000,71.7364,72.7091,66.8273,69.0909,1048.443,0
CYN.US,D,20230118,000000,74.3727,81.8182,70,76.6273,4667.806,0
CYN.US,D,20230119,000000,76.6364,76.6364,70,72.7273,785.785,0
CYN.US,D,20230120,000000,74.5455,74.5455,64.3909,70,1621.147,0
CYN.US,D,20230123,000000,68.1818,71.8091,68.0908,69.9091,748.275,0
CYN.US,D,20230124,000000,69.0909,71.8182,67.3273,69.0364,569.734,0
CYN.US,D,20230125,000000,71.0273,71.1408,67.2728,70.4727,943.877,0
CYN.US,D,20230126,000000,70,74.3309,66.4545,70,2539.834,0
CYN.US,D,20230127,000000,69.5455,75.8909,69.1818,72.8273,4688.178,0
CYN.US,D,20230130,000000,70.9091,80.9091,70.9091,76.7636,2798.015,0
CYN.US,D,20230131,000000,77.2727,89.0818,77.2727,85.1636,5622.694,0
CYN.US,D,20230201,000000,88.1818,103.182,82.0091,86,28297.709,0
CYN.US,D,20230202,000000,84.5455,116.909,77.2818,108.636,24323.497,0
CYN.US,D,20230203,000000,110,127.273,105.455,112.727,10350.505,0
CYN.US,D,20230206,000000,111.818,112.727,96.3636,100,5659.72,0
CYN.US,D,20230207,000000,108.182,110.909,100,104.545,4864.145,0
CYN.US,D,20230208,000000,104.545,108.182,100,100,1439.999,0
CYN.US,D,20230209,000000,100,103.627,90,90.8273,4277.988,0
CYN.US,D,20230210,000000,90.9091,100,90.0545,98.1818,1722.083,0
CYN.US,D,20230213,000000,96.3636,103.055,94.5455,100,2297.537,0
CYN.US,D,20230214,000000,98.1818,112.727,98.1818,106.364,5488.637,0
CYN.US,D,20230215,000000,103.636,111.818,103.636,105.455,2166.736,0
CYN.US,D,20230216,000000,102.727,109.082,99.0909,100,2038.894,0
CYN.US,D,20230217,000000,98.1818,100,80.0091,89.0909,6247.241,0
CYN.US,D,20230221,000000,89.7455,89.7455,79.0909,86.3636,1633.885,0
CYN.US,D,20230222,000000,86.4,92.7273,86.3636,88.6364,522.753,0
CYN.US,D,20230223,000000,89.6364,90.9091,86.3636,87.5455,842.347,0
CYN.US,D,20230224,000000,89.0909,90,86.4091,86.9364,364.199,0
CYN.US,D,20230227,000000,87.2727,87.6182,83.6364,84.5455,1502.501,0
CYN.US,D,20230228,000000,83.6364,88.1818,83.1818,85.4545,641.608,0
CYN.US,D,20230301,000000,86.3091,92.7273,83.6364,90.9091,1100.957,0
CYN.US,D,20230302,000000,88.1818,97.9455,88.1818,91.8182,992.827,0
CYN.US,D,20230303,000000,90.9091,101.818,88.5,97.9727,1391.808,0
CYN.US,D,20230306,000000,99.0909,100.745,91.8182,94.5455,691.977,0
CYN.US,D,20230307,000000,96.3636,99.0909,90.9091,95.4545,1600.148,0
CYN.US,D,20230308,000000,95.4545,99.0909,91.8182,94.5455,508.156,0
CYN.US,D,20230309,000000,92.7273,97.2727,88.3455,90,954.877,0
CYN.US,D,20230310,000000,88.5636,90.9091,80.9091,82.0455,1167.958,0
CYN.US,D,20230313,000000,80,90.9091,77.2909,88.1727,1540.264,0
CYN.US,D,20230314,000000,89.0909,92.7273,84.5455,90.9091,1283.953,0
CYN.US,D,20230315,000000,90.8182,106.364,88.7818,103.636,5396.853,0
CYN.US,D,20230316,000000,104.545,109.091,96.6455,101.818,2746.7,0
CYN.US,D,20230317,000000,99.0909,114.545,97.4909,107.273,2541.11,0
CYN.US,D,20230320,000000,107.273,107.727,100,106.364,1756.48,0
CYN.US,D,20230321,000000,105.455,122.727,104.545,114.545,4330.183,0
CYN.US,D,20230322,000000,117.273,119.091,109.091,110.909,1765.445,0
CYN.US,D,20230323,000000,109.091,115.927,107.273,113.391,911.702,0
CYN.US,D,20230324,000000,114.545,115,108.182,114.545,501.633,0
CYN.US,D,20230327,000000,113.636,116.364,110.909,114.545,593.527,0
CYN.US,D,20230328,000000,113.636,123.282,106.373,108.182,1737.692,0
CYN.US,D,20230329,000000,112.727,118.173,104.545,110.909,562.617,0
CYN.US,D,20230330,000000,106.364,111.818,103.636,107.273,978.186,0
CYN.US,D,20230331,000000,105.455,116.364,105.455,112.727,1717.606,0
CYN.US,D,20230403,000000,106.364,110.545,100,104.545,1844.282,0
CYN.US,D,20230404,000000,112.727,112.727,103.636,105.455,459.877,0
CYN.US,D,20230405,000000,105.455,108.6,103.636,104.8,771.914,0
CYN.US,D,20230406,000000,104.545,107.027,100.091,103.245,571.791,0
CYN.US,D,20230410,000000,101.818,104.527,100.909,101.818,540.562,0
CYN.US,D,20230411,000000,102.727,110,102.727,108.182,1098.834,0
CYN.US,D,20230412,000000,104.545,108.182,101.818,103.636,661.089,0
CYN.US,D,20230413,000000,102.727,107.273,102.727,103.891,444.499,0
CYN.US,D,20230414,000000,104.545,107.273,101.818,102.727,397.265,0
CYN.US,D,20230417,000000,105.455,113.636,102.909,113.636,2890.734,0
CYN.US,D,20230418,000000,120,130,119.091,128.182,6278.217,0
CYN.US,D,20230419,000000,129.091,138.082,110,112.273,5827.844,0
CYN.US,D,20230420,000000,110.909,116.355,102.727,105.455,1287.891,0
CYN.US,D,20230421,000000,106.364,112.555,102.727,106.364,519.365,0
CYN.US,D,20230424,000000,109.091,109.091,95.4545,98.1818,1670.801,0
CYN.US,D,20230425,000000,96.3636,100.909,95.4545,96.3636,627.341,0
CYN.US,D,20230426,000000,97.2727,101.809,90.9091,96.3636,1170.125,0
CYN.US,D,20230427,000000,99.0909,99.0909,91.8182,93.6364,637.824,0
CYN.US,D,20230428,000000,95.4545,104.545,94.9,101.818,1129.337,0
CYN.US,D,20230501,000000,100.909,101.809,93.6364,95.4545,533.731,0
CYN.US,D,20230502,000000,92.7273,93.6364,84.7545,90.9091,1748.494,0
CYN.US,D,20230503,000000,89.0909,99.9909,89.0909,90.9091,1462.505,0
CYN.US,D,20230504,000000,90.9091,93.6364,84.5545,88.1727,736.186,0
CYN.US,D,20230505,000000,90,90,81.8182,86.3636,1440.879,0
CYN.US,D,20230508,000000,87.2727,90.4363,81.8455,86.3636,1004.74,0
CYN.US,D,20230509,000000,90.9091,91.8182,84.191,90.9,311.861,0
CYN.US,D,20230510,000000,90.0273,93.6364,85.4545,85.4545,995.104,0
CYN.US,D,20230511,000000,85.9545,90,80.3636,81.8182,866.998,0
CYN.US,D,20230512,000000,81.8182,86.3545,74.5909,74.6,2482.865,0
CYN.US,D,20230515,000000,75.4545,77.5091,70.0364,74.5545,1551.198,0
CYN.US,D,20230516,000000,75.4545,78.1818,72.7273,74.5455,652.652,0
CYN.US,D,20230517,000000,78.5364,79.0909,71.3909,77.3273,1076.867,0
CYN.US,D,20230518,000000,75.0364,84.0909,75.0364,84.0909,752.081,0
CYN.US,D,20230519,000000,84.3273,91.8182,82.7273,90.8636,960.19,0
CYN.US,D,20230522,000000,87.9364,92.7273,86.0727,88.2,612.315,0
CYN.US,D,20230523,000000,87.2727,91.3318,87.2727,89.9273,1405.899,0
CYN.US,D,20230524,000000,88.1818,89.0818,86.3636,87.2636,466.213,0
CYN.US,D,20230525,000000,95.4545,95.4545,89.1,90.4455,1353.154,0
CYN.US,D,20230526,000000,90.9091,93.6364,90,92.7273,426.866,0
CYN.US,D,20230530,000000,91.8182,96.3636,90.0091,94.5455,1114.982,0
CYN.US,D,20230531,000000,94.5455,94.5455,90.9091,90.9091,1053.701,0
CYN.US,D,20230601,000000,92.2727,92.2727,81.9182,84.5273,3245.143,0
CYN.US,D,20230602,000000,85.1818,90.8091,84.4818,87.2727,164.076,0
CYN.US,D,20230605,000000,86.3636,89.9636,84.5455,86.3636,704.374,0
CYN.US,D,20230606,000000,85.4545,89.0909,85.4545,88.9091,773.905,0
CYN.US,D,20230607,000000,90,95.4545,89.2636,90.9091,870.782,0
CYN.US,D,20230608,000000,95.4545,95.4545,89.0909,93.6364,440.814,0
CYN.US,D,20230609,000000,94.5455,94.5455,87.9273,88.2273,867.856,0
CYN.US,D,20230612,000000,91.8182,93.6364,90,93.1818,317.262,0
CYN.US,D,20230613,000000,93.6364,93.6364,88.0636,89.0909,890.549,0
CYN.US,D,20230614,000000,90.8455,92.5818,88.1818,89.7182,464.321,0
CYN.US,D,20230615,000000,93.6364,105.455,93.6364,100,3401.431,0
CYN.US,D,20230616,000000,100.909,109.091,95.4545,109.091,2432.727,0
CYN.US,D,20230620,000000,110.909,117.273,102.918,111.818,1423.598,0
CYN.US,D,20230621,000000,111.818,111.818,102.727,109.091,658.493,0
CYN.US,D,20230622,000000,106.418,110,97.2727,100,698.115,0
CYN.US,D,20230623,000000,104.545,121.818,99.0909,112.727,2596.924,0
CYN.US,D,20230626,000000,107.273,124.827,107.273,111.818,731.61,0
CYN.US,D,20230627,000000,110,118.182,107.273,117.273,376.783,0
CYN.US,D,20230628,000000,112.727,115.455,105.464,111.818,485.342,0
CYN.US,D,20230629,000000,116.364,121.809,110.909,111.818,748.297,0
CYN.US,D,20230630,000000,110,117.855,100,116.364,690.085,0
CYN.US,D,20230703,000000,118.182,120.909,111.827,114.545,510.708,0
CYN.US,D,20230705,000000,111.818,117.273,96.3636,98.1818,3723.082,0
CYN.US,D,20230706,000000,99.0909,101.818,82.7273,87.7455,4520.186,0
CYN.US,D,20230707,000000,86.0182,98.1818,85.2818,94.5455,1032.24,0
CYN.US,D,20230710,000000,95.4545,95.4545,88.7727,92.7273,621.753,0
CYN.US,D,20230711,000000,90.9091,96.9909,84.5455,88.1909,927.663,0
CYN.US,D,20230712,000000,90.9091,97.2727,90.9091,94.5455,645.986,0
CYN.US,D,20230713,000000,93.6364,94.5455,87.2727,90.9091,1461.383,0
CYN.US,D,20230714,000000,90.9091,91.8182,81.8182,90.8091,2428.228,0
CYN.US,D,20230717,000000,88.0818,90.8091,83.6364,87.9,1419.66,0
CYN.US,D,20230718,000000,89.0909,89.0909,78.8182,86,2157.815,0
CYN.US,D,20230719,000000,87.6909,94.5455,80,82.7364,28644.385,0
CYN.US,D,20230720,000000,86.8273,86.8273,77.2727,82.3636,2486.99,0
CYN.US,D,20230721,000000,82.1364,83.5182,72.7273,78.3636,1194.743,0
CYN.US,D,20230724,000000,78.3182,80.7273,76.3636,79.5091,753.676,0
CYN.US,D,20230725,000000,81.8182,83.6364,77.2727,80.6636,1156.276,0
CYN.US,D,20230726,000000,83.1818,87.2818,79.1455,82.7273,777.546,0
CYN.US,D,20230727,000000,87.2727,87.2727,80,81.4545,857.153,0
CYN.US,D,20230728,000000,85.4545,85.4545,80.9091,82.7091,1469.116,0
CYN.US,D,20230731,000000,84.5455,84.5455,79.1,82.7455,647.119,0
CYN.US,D,20230801,000000,80.0909,85.4545,80.0909,82.7273,843.887,0
CYN.US,D,20230802,000000,81.8182,83.6364,79.1,81.4909,233.585,0
CYN.US,D,20230803,000000,83.1818,83.6182,78.3273,79.0818,1161.424,0
CYN.US,D,20230804,000000,79.0909,81.8182,77.1818,77.5455,840.026,0
CYN.US,D,20230807,000000,77.2727,78.4364,73.7273,75.9091,575.905,0
CYN.US,D,20230808,000000,77.5,81.7273,64.7182,76.3727,2915.825,0
CYN.US,D,20230809,000000,80.9091,80.9091,71.1,78.6545,710.677,0
CYN.US,D,20230810,000000,76.2909,79.8273,75.4545,76.3273,506.099,0
CYN.US,D,20230811,000000,75.4545,79.0909,72.0273,75.4455,428.296,0
CYN.US,D,20230814,000000,80,80,68.2,70.9,748.154,0
CYN.US,D,20230815,000000,70.9091,77.2636,68.2091,75.4455,133.078,0
CYN.US,D,20230816,000000,83.6364,83.6364,59.2818,64.5455,71350.917,0
CYN.US,D,20230817,000000,56.8545,65.7273,55.5545,61.3636,4633.53,0
CYN.US,D,20230818,000000,67.2727,69.9909,57.2727,68.1818,4365.735,0
CYN.US,D,20230821,000000,66.1364,67.2727,57.2818,61.3273,1855.711,0
CYN.US,D,20230822,000000,61.2,65.4545,59.1,59.2182,1857.746,0
CYN.US,D,20230823,000000,59.1455,63.6364,57.2182,60.9091,1908.313,0
CYN.US,D,20230824,000000,57.7273,62.7273,57.2727,59.1,2203.773,0
CYN.US,D,20230825,000000,59.0273,60,57.2727,59.0909,688.215,0
CYN.US,D,20230828,000000,60,60,57.3182,58.5,966.218,0
CYN.US,D,20230829,000000,57.6909,60.5455,55.9091,58.1818,483.439,0
CYN.US,D,20230830,000000,57.2727,60,55.5455,58.6364,685.124,0
CYN.US,D,20230831,000000,58.6091,60.3455,48.3545,52.2727,1865.534,0
CYN.US,D,20230901,000000,51.8182,57.2727,51.8182,55.0909,657.811,0
CYN.US,D,20230905,000000,53.3182,57.2364,51.8182,52.0818,1101.397,0
CYN.US,D,20230906,000000,52.5909,56.3636,46.4545,47.8273,8216.648,0
CYN.US,D,20230907,000000,47.3636,57.2727,46.3909,56.2636,2036.551,0
CYN.US,D,20230908,000000,54.5455,57.2727,51.8182,53.6455,740.058,0
CYN.US,D,20230911,000000,52.7455,56.3636,52.3727,53.6545,592.988,0
CYN.US,D,20230912,000000,54.8091,58.0909,53.6364,55.2727,583.726,0
CYN.US,D,20230913,000000,57.2727,57.2727,51.8182,52.7636,652.96,0
CYN.US,D,20230914,000000,54.5364,59.0909,47.3636,50.4545,41844.616,0
CYN.US,D,20230915,000000,49.0909,49.0909,45.4545,48.4545,5244.976,0
CYN.US,D,20230918,000000,47.2727,50.7545,41.8182,46.7,3391.223,0
CYN.US,D,20230919,000000,47.5091,48.1727,44.6091,45.9091,606.606,0
CYN.US,D,20230920,000000,45.8455,46.3636,42.7455,42.7455,943.118,0
CYN.US,D,20230921,000000,43.0636,45.4545,43.0636,44.5455,707.223,0
CYN.US,D,20230922,000000,44.4455,45.4364,42.7273,44.3364,506.737,0
CYN.US,D,20230925,000000,42.2727,44.5455,42.0909,42.7273,695.75,0
CYN.US,D,20230926,000000,42.3091,45.3636,42.3091,44.7273,746.922,0
CYN.US,D,20230927,000000,44.5364,45,42.8273,44.5455,394.207,0
CYN.US,D,20230928,000000,44.5455,46.3636,42.0909,44,1192.51,0
CYN.US,D,20230929,000000,43.0182,45,41.1182,43.6364,1003.607,0
CYN.US,D,20231002,000000,43.6364,45.6727,41.8191,44.2364,672.056,0
CYN.US,D,20231003,000000,45.8182,45.8182,41.8182,45.2455,677.985,0
CYN.US,D,20231004,000000,43.1909,45.4545,43.1909,43.8636,382.701,0
CYN.US,D,20231005,000000,43.6364,45.4545,42.7091,43.1818,683.452,0
CYN.US,D,20231006,000000,41.7545,44.8364,38.7182,44.4545,927.091,0
CYN.US,D,20231009,000000,42.7091,44.4545,38.3545,40.9091,905.773,0
CYN.US,D,20231010,000000,40.6909,44.0909,38.2364,39.0818,1606.506,0
CYN.US,D,20231011,000000,39.0909,40.0364,33.6909,35.6,2268.068,0
CYN.US,D,20231012,000000,35.4545,37.2727,33.9273,35.6182,1016.51,0
CYN.US,D,20231013,000000,35.0818,36.3636,31.9091,34.2727,982.597,0
CYN.US,D,20231016,000000,36.3636,36.3636,32.7273,32.7364,1682.758,0
CYN.US,D,20231017,000000,35.5636,39.3091,33.6545,35.7818,7650.093,0
CYN.US,D,20231018,000000,38.1818,43.1818,36.3636,42.7273,3526.347,0
CYN.US,D,20231019,000000,41.2182,42.2727,36.1364,36.3727,1845.536,0
CYN.US,D,20231020,000000,44.93,44.93,32,34,2359.17,0
CYN.US,D,20231023,000000,36,36.5,32.68,35.94,1363.07,0
CYN.US,D,20231024,000000,35.66,35.66,32.02,34.95,1304.81,0
CYN.US,D,20231025,000000,32,35,31.5,34.69,635.03,0
CYN.US,D,20231026,000000,34.7,36.4,31.2,33.4,5434.05,0
CYN.US,D,20231027,000000,39.95,39.95,34.12,34.56,2172.5,0
CYN.US,D,20231030,000000,35.3,35.3,33.3,35,2166.2,0
CYN.US,D,20231031,000000,35.88,35.88,32.25,34,817.09,0
CYN.US,D,20231101,000000,34,34.01,29.19,33,1924.78,0
CYN.US,D,20231102,000000,30.98,32.52,30.16,30.75,1383.12,0
CYN.US,D,20231103,000000,31.57,32,29.75,29.8,3352.2,0
CYN.US,D,20231106,000000,31.29,31.82,26.49,26.88,2091.3,0
CYN.US,D,20231107,000000,27,28.99,22.81,25.05,46836.65,0
CYN.US,D,20231108,000000,23.45,28.49,21.1,26.5,9515.78,0
CYN.US,D,20231109,000000,23,23,17.88,19.055,8338.29,0
CYN.US,D,20231110,000000,18.95,20.49,17,17.03,2980.71,0
CYN.US,D,20231113,000000,22.99,22.99,19.03,19.35,2178.49,0
CYN.US,D,20231114,000000,19.56,20.45,18.51,19.28,1876.28,0
CYN.US,D,20231115,000000,20.4,20.4,18.41,19.71,2097.68,0
CYN.US,D,20231116,000000,20.04,20.3,19.1,19.49,1274.93,0
CYN.US,D,20231117,000000,19,20.3,18.21,19.15,769.37,0
CYN.US,D,20231120,000000,20.1,21.98,19.0199,20.65,2039.73,0
CYN.US,D,20231121,000000,21,22.9,21,21.06,1181.31,0
CYN.US,D,20231122,000000,21.88,24.1,20,21.87,2428.8,0
CYN.US,D,20231124,000000,23.5,27.48,23,23.99,2050.43,0
CYN.US,D,20231127,000000,28.5,29.99,25.28,26.2,3223.55,0
CYN.US,D,20231128,000000,25.41,27,24,24.94,1301.37,0
CYN.US,D,20231129,000000,23.29,25.87,20.11,24.28,2164.04,0
CYN.US,D,20231130,000000,23.74,27.5,21.22,25.98,1672.06,0
CYN.US,D,20231201,000000,24.01,27,24.01,27,733.84,0
CYN.US,D,20231204,000000,27,27.5,25,26.75,911.83,0
CYN.US,D,20231205,000000,26.06,26.87,25,25.02,670.55,0
CYN.US,D,20231206,000000,25.02,25.02,23,24.39,1489.72,0
CYN.US,D,20231207,000000,43,59.5,30.51,40,1465755.27,0
CYN.US,D,20231208,000000,21.48,23,19.77,21.2,318760.27,0
CYN.US,D,20231211,000000,17.4,17.85,15.52,17.01,71235.54,0
CYN.US,D,20231212,000000,16,16.25,14.42,15.11,37706.8,0
CYN.US,D,20231213,000000,15,16.26,13.5,15.89,23454.73,0
CYN.US,D,20231214,000000,16,16.4,15.02,16.1,13736.6,0
CYN.US,D,20231215,000000,15.95,15.95,15,15.1,18246.74,0
CYN.US,D,20231218,000000,15.04,18,15,16.74,43970.13,0
CYN.US,D,20231219,000000,16.63,17.4,15.53,15.8,11000.89,0
CYN.US,D,20231220,000000,15.2,16,15.05,15.62,8431.95,0
CYN.US,D,20231221,000000,15.9,16,15,15.5,5036.51,0
CYN.US,D,20231222,000000,15.55,15.85,15.33,15.38,9589.23,0
CYN.US,D,20231226,000000,15.6,16.49,12.5,15.5,61063.9,0
CYN.US,D,20231227,000000,14.55,15.4,13.8,15.35,31359.08,0
CYN.US,D,20231228,000000,14.77,15.55,14.1,15.43,14719.75,0
CYN.US,D,20231229,000000,14.7,15.4,14.17,14.47,12949.3,0
CYN.US,D,20240102,000000,14.7,15,14.02,14.23,12640.18,0
CYN.US,D,20240103,000000,14.5,14.5,13.07,13.23,16807.13,0
CYN.US,D,20240104,000000,13.21,13.74,12.5,13.24,12101.02,0
CYN.US,D,20240105,000000,13.96,13.96,12.7,13.01,7942.83,0
CYN.US,D,20240108,000000,13.48,13.48,11.8,12.05,16541.22,0
CYN.US,D,20240109,000000,12.36,13.5,11.82,12.75,19504.72,0
CYN.US,D,20240110,000000,12.5,12.92,12.3,12.71,6336.1,0
CYN.US,D,20240111,000000,12.77,12.77,11.86,12.54,7883.21,0
CYN.US,D,20240112,000000,12.2,13.6,12.11,13.6,27506.46,0
CYN.US,D,20240116,000000,13.21,13.99,12.65,13.12,17243.74,0
CYN.US,D,20240117,000000,13.4,13.4,12.52,12.79,6994.87,0
CYN.US,D,20240118,000000,13.25,13.99,12.9,13.46,38051.6,0
CYN.US,D,20240119,000000,14.1,15.48,12.12,12.62,194529.36,0
CYN.US,D,20240122,000000,12,12.62,11.8,12.33,23649.5,0
CYN.US,D,20240123,000000,16,18.2,13.22,17.42,1120790.76,0
CYN.US,D,20240124,000000,16.38,22.75,15.03,18.29,813875.55,0
CYN.US,D,20240125,000000,20.76,27,19.73,21.5,1031093.56,0
CYN.US,D,20240126,000000,27.26,31.49,24.5,26.61,577230.08,0
CYN.US,D,20240129,000000,25.9,26.48,20,25,177775.35,0
CYN.US,D,20240130,000000,21,24.99,21,21.43,108449.18,0
CYN.US,D,20240131,000000,22.65,26.8,21.29,23.3,151174.28,0
CYN.US,D,20240201,000000,23,24.7,16.2,21.67,104666.47,0
CYN.US,D,20240202,000000,20.29,20.7,17.11,19.43,87761.6,0
CYN.US,D,20240205,000000,19.21,19.5,17.25,17.31,52197.93,0
CYN.US,D,20240206,000000,17.76,21,16.51,19.74,70509.8,0
CYN.US,D,20240207,000000,21.28,21.8,17.94,18.59,58484.18,0
CYN.US,D,20240208,000000,18.7,18.76,16.51,17.8,49544.54,0
CYN.US,D,20240209,000000,17.91,17.91,16.62,17.22,31860.71,0
CYN.US,D,20240212,000000,16.79,19.25,16.11,18.5,67359.11,0
CYN.US,D,20240213,000000,17.93,18.5,17.01,17.28,22192.69,0
CYN.US,D,20240214,000000,17.69,17.7,15.28,17.6,32087.42,0
CYN.US,D,20240215,000000,17.15,21.5,17.14,20.4,76739.46,0
CYN.US,D,20240216,000000,19.3,20.2,18.5,19.35,22420.11,0
CYN.US,D,20240220,000000,19,21.88,18.52,20.5,32259.45,0
CYN.US,D,20240221,000000,21.02,21.02,19,19.22,91521.9,0
CYN.US,D,20240222,000000,22,22.5,20.3,21.79,160930.54,0
CYN.US,D,20240223,000000,20.26,22,15.75,19.35,69070.84,0
CYN.US,D,20240226,000000,19.57,22,19,20.45,47452.8,0
CYN.US,D,20240227,000000,21,22.22,15.3,18.7,93203.95,0
CYN.US,D,20240228,000000,19.12,19.5,17.96,18.26,24173.38,0
CYN.US,D,20240229,000000,19,19.49,17.33,18.01,32196.48,0
CYN.US,D,20240301,000000,18.14,20.1,17.61,19.7,23810.58,0
CYN.US,D,20240304,000000,20.4,21.25,19.5,20.6,33846.37,0
CYN.US,D,20240305,000000,20.41,21,19.32,20,25393.39,0
CYN.US,D,20240306,000000,20.99,21.55,19.21,20.8,91199.98,0
CYN.US,D,20240307,000000,17.21,18.68,16.4,18,56305.54,0
CYN.US,D,20240308,000000,17.5,18.6,17.23,18.4,23400.49,0
CYN.US,D,20240311,000000,18.29,19.97,17.79,18.7,32604.77,0
CYN.US,D,20240312,000000,18.3,18.38,16.4,16.4,47706.38,0
CYN.US,D,20240313,000000,16.94,17.7,16.6,16.78,19525.43,0
CYN.US,D,20240314,000000,17.9,17.9,15.79,15.79,29217.82,0
CYN.US,D,20240315,000000,16.66,17.48,16,16,23573.17,0
CYN.US,D,20240318,000000,16.7,16.9,15.81,15.87,20862.99,0
CYN.US,D,20240319,000000,16.5,21,16.42,16.5,206208.42,0
CYN.US,D,20240320,000000,17,17.47,15.61,16,51047.66,0
CYN.US,D,20240321,000000,15.95,16.58,15.7,16.25,40971.72,0
CYN.US,D,20240322,000000,16,16.2,14.5,15.01,38005.05,0
CYN.US,D,20240325,000000,15.47,15.9,14.85,15.79,14768.13,0
CYN.US,D,20240326,000000,16,16,15.21,15.75,19931.04,0
CYN.US,D,20240327,000000,15.34,17.3,15.3,17.25,24602.96,0
CYN.US,D,20240328,000000,16.98,17.5,16.5,16.62,15349.79,0
CYN.US,D,20240401,000000,17.01,17.35,16.5,16.99,10005.25,0
CYN.US,D,20240402,000000,16.99,17.15,15.7,16.62,15759.02,0
CYN.US,D,20240403,000000,16.17,16.95,15.5,16.2,10648.23,0
CYN.US,D,20240404,000000,16,19.65,15.01,16.96,44981.66,0
CYN.US,D,20240405,000000,16.48,16.48,15.5,15.6,14785.81,0
CYN.US,D,20240408,000000,15.85,16.96,15,15.7,8487.31,0
CYN.US,D,20240409,000000,15.5,15.69,14.83,15.38,25488.87,0
CYN.US,D,20240410,000000,16.09,16.5,14.8,15.67,13360.55,0
CYN.US,D,20240411,000000,15.5,15.69,15.07,15.5,8471.4,0
CYN.US,D,20240412,000000,15.65,16,14,14.48,32989.54,0
CYN.US,D,20240415,000000,12.89,13,11,11.33,53394.5,0
CYN.US,D,20240416,000000,11.61,12,10,10.07,64708.75,0
CYN.US,D,20240417,000000,10.11,11,10,10.22,25118.35,0
CYN.US,D,20240418,000000,11.2,11.24,10.5,10.82,23231.42,0
CYN.US,D,20240419,000000,11,11.29,10.5,10.81,16070.24,0
CYN.US,D,20240422,000000,11.31,12.5,11.04,12.1,32744.76,0
CYN.US,D,20240423,000000,22.41,25.88,10.295,11.4,3265860.27,0
CYN.US,D,20240424,000000,11,11.13,10.11,10.66,515547.92,0
CYN.US,D,20240425,000000,10.1,11.35,10,10.82,234602.54,0
CYN.US,D,20240426,000000,10.65,11.1,10.5,10.98,139951.23,0
CYN.US,D,20240429,000000,10.7,11.8,10.5,11.64,128361.08,0
CYN.US,D,20240430,000000,11.16,11.45,11,11.14,75111.67,0
CYN.US,D,20240501,000000,11.07,11.39,10.8,11.18,62052.77,0
CYN.US,D,20240502,000000,11.04,11.18,10.6,10.83,68727.28,0
CYN.US,D,20240503,000000,10.7,10.96,10.13,10.26,85258.1,0
CYN.US,D,20240506,000000,10.42,10.61,10.26,10.45,53933.73,0
CYN.US,D,20240507,000000,10.5,10.55,10.19,10.43,43452.53,0
CYN.US,D,20240508,000000,10.45,10.5,10.2,10.36,90942.43,0
CYN.US,D,20240509,000000,9.94,10,8.51,8.73,115139.16,0
CYN.US,D,20240510,000000,8.6,8.86,7.21,7.56,150265.18,0
CYN.US,D,20240513,000000,7.5,7.69,6.77,7.01,95801.36,0
CYN.US,D,20240514,000000,8,8.25,6.72,7.31,175409.57,0
CYN.US,D,20240515,000000,8.37,8.76,7.33,8.58,294407.47,0
CYN.US,D,20240516,000000,14,18,11.8,12.6,3534920.5,0
CYN.US,D,20240517,000000,15.15,16.49,9.5,11.68,1091876.98,0
CYN.US,D,20240520,000000,12.2,13.88,11.01,13.17,343530.25,0
CYN.US,D,20240521,000000,11.53,12.84,11.36,12.47,147696.1,0
CYN.US,D,20240522,000000,11.2,12.98,11.01,12.71,129250.33,0
CYN.US,D,20240523,000000,11.83,16,11.83,12.45,361076.1,0
CYN.US,D,20240524,000000,12.5,13,11.4,11.67,136455.23,0
CYN.US,D,20240528,000000,11.81,12,10.81,11,112980.06,0
CYN.US,D,20240529,000000,11.04,12,10.32,10.9,102247.27,0
CYN.US,D,20240530,000000,10.5,10.8,10.04,10.29,73549.25,0
CYN.US,D,20240531,000000,10,10.08,8.29,9.02,188367,0
CYN.US,D,20240603,000000,8.84,10.49,8.6,10.45,210952.82,0
CYN.US,D,20240604,000000,10.45,10.5,9.6,9.84,136890.74,0
CYN.US,D,20240605,000000,9.84,11.96,9.45,10.62,342655.14,0
CYN.US,D,20240606,000000,9.57,9.95,9.02,9.29,167548.43,0
CYN.US,D,20240607,000000,9.28,10.1,8.1,8.9,190478.54,0
CYN.US,D,20240610,000000,9.06,10.34,8.78,9.93,389507.1,0
CYN.US,D,20240611,000000,11,11.44,9.5,9.5,599076.05,0
CYN.US,D,20240612,000000,12.32,12.54,9.57,10.25,1688031.45,0
CYN.US,D,20240613,000000,9.26,9.7,9,9.6,260745.78,0
CYN.US,D,20240614,000000,8.92,9.77,8.76,8.92,165562.12,0
CYN.US,D,20240617,000000,8.9,9.15,8.31,8.64,139150.61,0
CYN.US,D,20240618,000000,8.2,8.27,7.61,7.94,231883.25,0
CYN.US,D,20240620,000000,8.62,9,7.51,7.83,472254.03,0
CYN.US,D,20240621,000000,7.4,7.74,6.69,7.23,276752.36,0
CYN.US,D,20240624,000000,7,7.3,6.77,6.85,119591.14,0
CYN.US,D,20240625,000000,6.8,6.89,6.2,6.4,155530.7,0
CYN.US,D,20240626,000000,6.06,7.26,5.8,7.05,266108.52,0
CYN.US,D,20240627,000000,7.09,8.39,6.97,7.7,426574.22,0
CYN.US,D,20240628,000000,7.65,7.65,6.83,7.32,91904.65,0
CYN.US,D,20240701,000000,7.65,7.65,6.88,7.13,72127.6,0
CYN.US,D,20240702,000000,5.7,5.7,5,5.12,390107.88,0
CYN.US,D,20240703,000000,5.36,5.77,5.1,5.37,181895.22,0
CYN.US,D,20240705,000000,4.83,4.9,4.071,4.23,335704,0
CYN.US,D,20240708,000000,4.09,4.15,3.6101,3.79,271245,0
CYN.US,D,20240709,000000,3.85,3.88,3.52,3.81,231437,0
CYN.US,D,20240710,000000,3.81,4.05,3.62,3.96,145115,0
CYN.US,D,20240711,000000,5.24,7.8,4.62,7.33,18284885,0
CYN.US,D,20240712,000000,6.01,6.61,5.77,5.97,1025719,0
CYN.US,D,20240715,000000,5.87,10.67,5.86,9.18,17793568,0
CYN.US,D,20240716,000000,8,8.49,6.5,7.27,1156599,0
CYN.US,D,20240717,000000,7.43,7.73,6.4523,6.75,613798,0
CYN.US,D,20240718,000000,6.79,6.915,6.32,6.52,257291,0
CYN.US,D,20240719,000000,6.43,6.745,5.67,5.85,288101,0
CYN.US,D,20240722,000000,6.14,6.9594,5.71,6.6,936902,0
CYN.US,D,20240723,000000,6.31,6.6,5.91,6.49,264494,0
CYN.US,D,20240724,000000,6.23,6.25,5.92,6.02,97255,0
CYN.US,D,20240725,000000,6.2,6.35,6.0098,6.22,97720,0
CYN.US,D,20240726,000000,6.26,6.48,6.02,6.38,82416,0
CYN.US,D,20240729,000000,6.32,6.48,6.06,6.08,50025,0
CYN.US,D,20240730,000000,6.04,6.05,5.5101,5.52,112539,0
CYN.US,D,20240731,000000,5.55,5.5989,5.32,5.44,68383,0
CYN.US,D,20240801,000000,5.45,5.4799,4.95,5.05,77953,0
CYN.US,D,20240802,000000,4.9,5,4.74,4.98,73258,0
CYN.US,D,20240805,000000,4.28,4.6291,4.2736,4.54,67354,0
CYN.US,D,20240806,000000,4.57,4.73,4.57,4.73,37372,0
CYN.US,D,20240807,000000,4.89,5.0949,4.82,4.94,48550,0
CYN.US,D,20240808,000000,4.69,5.18,4.69,5.15,47878,0
CYN.US,D,20240809,000000,5.1,5.2199,4.8,4.8,34166,0
CYN.US,D,20240812,000000,4.81,4.8587,4.5,4.67,49251,0
CYN.US,D,20240813,000000,4.72,4.79,4.4463,4.53,37722,0
CYN.US,D,20240814,000000,4.55,4.69,4.52,4.57,34627,0
CYN.US,D,20240815,000000,4.79,4.79,4.13,4.14,107591,0
CYN.US,D,20240816,000000,4.34,4.4196,4.09,4.17,66164,0
CYN.US,D,20240819,000000,4.2,4.35,4.1645,4.34,39545,0
CYN.US,D,20240820,000000,4.34,4.5,3.91,4.01,80934,0
CYN.US,D,20240821,000000,4.05,4.57,3.875,4.5,67937,0
CYN.US,D,20240822,000000,4.53,4.6499,4.32,4.44,45623,0
CYN.US,D,20240823,000000,4.48,4.8,4.26,4.58,42056,0
CYN.US,D,20240826,000000,4.62,4.85,4.54,4.64,26987,0
CYN.US,D,20240827,000000,4.64,4.65,4.25,4.29,167203,0
CYN.US,D,20240828,000000,4.29,4.29,3.83,3.93,40090,0
CYN.US,D,20240829,000000,3.82,4.0717,3.82,3.84,50653,0
CYN.US,D,20240830,000000,3.88,3.95,3.64,3.7,33925,0
CYN.US,D,20240903,000000,3.74,3.74,3.5,3.63,51444,0
CYN.US,D,20240904,000000,3.63,3.72,2.85,3.34,3117791,0
CYN.US,D,20240905,000000,3.31,3.44,3.23,3.27,161965,0
CYN.US,D,20240906,000000,3.23,3.23,3.02,3.02,67997,0
CYN.US,D,20240909,000000,3.04,3.5,3.0069,3.31,91393,0
CYN.US,D,20240910,000000,3.33,3.33,3.1501,3.22,29487,0
CYN.US,D,20240911,000000,3.2,3.31,3.15,3.28,22863,0
CYN.US,D,20240912,000000,3.27,3.55,3.2,3.5,65291,0
CYN.US,D,20240913,000000,3.59,3.84,3.54,3.69,53373,0
CYN.US,D,20240916,000000,3.775,3.995546,3.7,3.88,153200,0
CYN.US,D,20240917,000000,3.93,3.93,3.7207,3.8,84128,0
CYN.US,D,20240918,000000,3.75,3.87,3.66,3.81,31998,0
CYN.US,D,20240919,000000,3.94,3.94,3.7,3.75,31980,0
CYN.US,D,20240920,000000,3.71,3.77,3.625,3.64,39187,0
CYN.US,D,20240923,000000,3.69,3.69,3.28,3.4,57618,0
CYN.US,D,20240924,000000,3.45,3.8,3.4001,3.79,63349,0
CYN.US,D,20240925,000000,3.8,3.85,3.71,3.8,27662,0
CYN.US,D,20240926,000000,3.89,3.89,3.67,3.71,26653,0
CYN.US,D,20240927,000000,3.76,3.85,3.6453,3.85,12715,0
CYN.US,D,20240930,000000,3.87,3.94,3.75,3.89,24253,0
CYN.US,D,20241001,000000,3.84,3.99,3.38,3.75,66471,0
CYN.US,D,20241002,000000,3.64,3.85,3.64,3.79,25894,0
CYN.US,D,20241003,000000,3.83,3.9,3.68,3.77,19111,0
CYN.US,D,20241004,000000,3.7,3.9233,3.6423,3.74,37920,0
CYN.US,D,20241007,000000,3.74,3.79,3.67,3.75,21197,0
CYN.US,D,20241008,000000,3.73,3.7861,3.61,3.65,23689,0
CYN.US,D,20241009,000000,3.66,3.78,3.61,3.7,23678,0
CYN.US,D,20241010,000000,3.55,3.75,3.55,3.65,15531,0
CYN.US,D,20241011,000000,3.66,3.72,3.58,3.72,8570,0
CYN.US,D,20241014,000000,3.67,4.15,3.6664,4.14,73804,0
CYN.US,D,20241015,000000,4.35,4.355,3.85,3.94,75186,0
CYN.US,D,20241016,000000,4.04,4.19,3.86,4.19,24114,0
CYN.US,D,20241017,000000,4.17,4.37,4.0197,4.27,29852,0
CYN.US,D,20241018,000000,4.17,4.23,3.638,3.81,175970,0
CYN.US,D,20241021,000000,3.8,3.84,3.5,3.55,61832,0
CYN.US,D,20241022,000000,3.59,3.65,3.35,3.55,95852,0
CYN.US,D,20241023,000000,3.48,3.64,3.4695,3.61,36260,0
CYN.US,D,20241024,000000,3.72,3.99,3.52,3.65,39045,0
CYN.US,D,20241025,000000,3.75,3.75,3.44,3.63,46502,0
CYN.US,D,20241028,000000,3.67,3.69,3.5339,3.69,17349,0
CYN.US,D,20241029,000000,3.62,3.7585,3.56,3.6,16585,0
CYN.US,D,20241030,000000,3.6,3.97,3.4915,3.92,282243,0
CYN.US,D,20241031,000000,3.81,3.88,3.5,3.5,151002,0
CYN.US,D,20241101,000000,3.57,3.5799,3.4809,3.5,43965,0
CYN.US,D,20241104,000000,3.66,3.67,3.41,3.67,32238,0
CYN.US,D,20241105,000000,3.61,4,3.5683,3.975,44366,0
CYN.US,D,20241106,000000,4,4,3.81,3.88,23993,0
CYN.US,D,20241107,000000,5.6,5.82,4.07,4.7,31965944,0
CYN.US,D,20241108,000000,4.42,4.88,4.24,4.6,711878,0
CYN.US,D,20241111,000000,4.64,5.1,4.33,5.01,489010,0
CYN.US,D,20241112,000000,5.04,5.63,5,5.48,493927,0
CYN.US,D,20241113,000000,5.62,8.75,5.56,7.17,1147658,0
CYN.US,D,20241114,000000,7.15,7.65,7.02,7.08,213692,0
CYN.US,D,20241115,000000,7.21,7.28,5.62,5.89,168401,0
CYN.US,D,20241118,000000,6.05,6.4228,5.67,5.76,66066,0
CYN.US,D,20241119,000000,5.67,6.19,5.64,6.19,118060,0
CYN.US,D,20241120,000000,6.2,6.35,6.1,6.28,47652,0
CYN.US,D,20241121,000000,6.33,6.7497,6.16,6.53,85229,0
CYN.US,D,20241122,000000,6.53,6.7442,6.1,6.1,86455,0
CYN.US,D,20241125,000000,6.13,6.65,6.07,6.42,94669,0
CYN.US,D,20241126,000000,6.41,7.48,6.05,6.39,374912,0
CYN.US,D,20241127,000000,6.44,6.44,5.7579,6.01,118719,0
CYN.US,D,20241129,000000,5.95,6,5.54,5.68,124462,0
CYN.US,D,20241202,000000,5.68,5.8198,5.202,5.46,77264,0
CYN.US,D,20241203,000000,5.35,5.529,4.975,5.01,203642,0
CYN.US,D,20241204,000000,4.89,5.9,4.89,5.81,340351,0
CYN.US,D,20241205,000000,5.81,5.8549,5.51,5.59,46539,0
CYN.US,D,20241206,000000,5.67,6.24,5.67,5.96,54520,0
CYN.US,D,20241209,000000,4.225,4.675,3.515,4.16,979546,0
CYN.US,D,20241210,000000,4.17,4.3727,3.831,3.94,166477,0
CYN.US,D,20241211,000000,3.95,4.1696,3.92,4.06,78874,0
CYN.US,D,20241212,000000,3.85,4.15,3.735,4.15,94635,0
CYN.US,D,20241213,000000,3.9,4.034,3.27,3.28,234211,0
CYN.US,D,20241216,000000,3.16,3.16,2.6506,2.7,308250,0
CYN.US,D,20241217,000000,2.7,2.8,2.43,2.515,385826,0
CYN.US,D,20241218,000000,2.34,2.34,1.62,1.69,801633,0
CYN.US,D,20241219,000000,1.89,1.9725,1.6,1.61,388245,0
CYN.US,D,20241220,000000,0.37,0.489,0.3514,0.4689,27966843,0
CYN.US,D,20241223,000000,0.6718,0.86,0.5344,0.7,52781331,0
CYN.US,D,20241224,000000,0.66,0.66,0.5741,0.5961,5627335,0
CYN.US,D,20241226,000000,0.5952,0.6259,0.56,0.5935,5142222,0
CYN.US,D,20241227,000000,0.63,0.6899,0.59,0.6279,5440140,0
CYN.US,D,20241230,000000,0.82,1.65,0.7212,0.8103,93154989,0
CYN.US,D,20241231,000000,1,1.01,0.75,0.8491,25350373,0
CYN.US,D,20250102,000000,0.8537,0.86,0.76,0.8188,8456528,0
CYN.US,D,20250103,000000,0.819,0.8196,0.7182,0.7417,7465786,0
CYN.US,D,20250106,000000,0.722,0.8182,0.705,0.7705,10148231,0
CYN.US,D,20250107,000000,0.775,0.788,0.6631,0.6977,5827797,0
CYN.US,D,20250108,000000,0.663,0.663,0.57,0.6013,5707328,0
CYN.US,D,20250110,000000,0.58,0.5967,0.536,0.5509,3877128,0
CYN.US,D,20250113,000000,0.52,0.5394,0.4507,0.4601,4607318,0
CYN.US,D,20250114,000000,0.4821,0.67,0.447,0.6262,23963698,0
CYN.US,D,20250115,000000,0.58,0.63,0.5502,0.608,6786205,0
CYN.US,D,20250116,000000,0.6127,0.628,0.5795,0.6125,3211916,0
CYN.US,D,20250117,000000,0.6315,0.6315,0.5522,0.5555,2469581,0
CYN.US,D,20250121,000000,0.56,0.57,0.5454,0.5614,2425517,0
CYN.US,D,20250122,000000,0.5594,0.5703,0.525,0.5501,2528955,0
CYN.US,D,20250123,000000,0.5348,0.5555,0.503,0.525,2604609,0
CYN.US,D,20250124,000000,0.5082,0.5499,0.5082,0.5199,1656307,0
CYN.US,D,20250127,000000,0.4871,0.489,0.43,0.44,3348667,0
CYN.US,D,20250128,000000,0.4601,0.4601,0.4089,0.4211,3041455,0
CYN.US,D,20250129,000000,0.4099,0.4215,0.3609,0.3715,4718749,0
CYN.US,D,20250130,000000,0.36,0.369,0.3013,0.3333,6798952,0
CYN.US,D,20250131,000000,0.2883,0.2883,0.24,0.27,27821781,0
CYN.US,D,20250203,000000,0.1426,0.152,0.1164,0.1169,75517696,0
CYN.US,D,20250204,000000,0.1064,0.11,0.0694,0.071,137424605,0
CYN.US,D,20250205,000000,0.0941,0.1022,0.08,0.082,449481903,0
CYN.US,D,20250206,000000,0.0889,0.089,0.0761,0.0846,184475255,0
CYN.US,D,20250207,000000,0.0595,0.068,0.057,0.0602,136017885,0
CYN.US,D,20250210,000000,0.0885,0.197,0.081,0.1847,1012498252,0
CYN.US,D,20250211,000000,0.2549,0.28949,0.125,0.163,922902771,0
CYN.US,D,20250212,000000,0.1536,0.2,0.1246,0.15,326687237,0
CYN.US,D,20250213,000000,0.12,0.14,0.101,0.105,173312097,0
