<TICKER>,<PER>,<DATE>,<TIME>,<OPEN>,<HIGH>,<LOW>,<CLOSE>,<VOL>,<OPENINT>
EZFL.US,D,20210915,000000,35.84,39.2,32.72,36.32,1643751.125,0
EZFL.US,D,20210916,000000,35.84,43.9192,34.3456,41.6,1653334.75,0
EZFL.US,D,20210917,000000,38.6112,39.68,36.08,36.48,393745.125,0
EZFL.US,D,20210920,000000,32.7824,34.1608,31.2,31.52,286587.75,0
EZFL.US,D,20210921,000000,31.6,31.7592,26.4,27.84,261970.125,0
EZFL.US,D,20210922,000000,27.68,31.44,26.88,27.04,144991.875,0
EZFL.US,D,20210923,000000,26.88,27.36,22.56,23.2,229912.375,0
EZFL.US,D,20210924,000000,22.88,28.32,22.88,26.56,338022,0
EZFL.US,D,20210927,000000,27.04,29.2,25.28,26.56,191639.5,0
EZFL.US,D,20210928,000000,26,27.2,24,25.92,150417.25,0
EZFL.US,D,20210929,000000,25.92,38.4,24.48,31.2,1038635.625,0
EZFL.US,D,20210930,000000,31.12,36.48,30.56,32.72,597395.625,0
EZFL.US,D,20211001,000000,32.08,32.4,27.6,29.2,192912.125,0
EZFL.US,D,20211004,000000,28.88,28.96,24.24,25.68,160947.875,0
EZFL.US,D,20211005,000000,25.4624,27.2,22.88,25.12,290483.375,0
EZFL.US,D,20211006,000000,24,26,23.28,24.48,57605.125,0
EZFL.US,D,20211007,000000,25.04,27.52,24.08,26,175286.375,0
EZFL.US,D,20211008,000000,25.2,28.64,25.2,27.6632,117366.5,0
EZFL.US,D,20211011,000000,31.12,35.2,28.5608,29.44,3709530.125,0
EZFL.US,D,20211012,000000,27.2608,27.4168,25.84,26.48,202238.5,0
EZFL.US,D,20211013,000000,25.8888,26.56,24.4416,26,111522.25,0
EZFL.US,D,20211014,000000,25.68,26.16,24.88,25.04,53171.375,0
EZFL.US,D,20211015,000000,24.72,25.984,24.64,24.88,60839.5,0
EZFL.US,D,20211018,000000,24.8,25.84,24.72,25.36,48123,0
EZFL.US,D,20211019,000000,25.04,26.08,24.48,24.8,65177.625,0
EZFL.US,D,20211020,000000,24.8,25.12,24.16,24.8,37516.625,0
EZFL.US,D,20211021,000000,24.64,25.0392,23.04,23.76,102919.25,0
EZFL.US,D,20211022,000000,23.92,23.92,21.68,23.28,94654.125,0
EZFL.US,D,20211025,000000,23.12,23.4904,22.24,22.32,48886.5,0
EZFL.US,D,20211026,000000,22.56,23.04,21.2,21.92,106445.875,0
EZFL.US,D,20211027,000000,22.08,23.44,21.84,23.04,65084.625,0
EZFL.US,D,20211028,000000,23.12,24.32,22.56,23.52,79632.875,0
EZFL.US,D,20211029,000000,23.68,23.912,23.2,23.68,23764.125,0
EZFL.US,D,20211101,000000,23.44,23.5472,22.32,22.8,38050.75,0
EZFL.US,D,20211102,000000,22.4,23.04,22.16,23.04,33966.625,0
EZFL.US,D,20211103,000000,23.04,24.4192,22.64,23.92,36479.625,0
EZFL.US,D,20211104,000000,23.92,24,22.96,23.44,18682,0
EZFL.US,D,20211105,000000,23.36,24,23.2,23.44,17787.625,0
EZFL.US,D,20211108,000000,23.6,25.6,23.36,25.44,109632.25,0
EZFL.US,D,20211109,000000,22.64,23.4392,21.76,22.56,100500,0
EZFL.US,D,20211110,000000,22.08,22.264,21.68,22.16,19725.75,0
EZFL.US,D,20211111,000000,22,22.08,21.0416,21.68,24880,0
EZFL.US,D,20211112,000000,21.6,22,21.36,21.68,17781.875,0
EZFL.US,D,20211115,000000,21.68,22.24,21.2,21.92,20996.25,0
EZFL.US,D,20211116,000000,21.92,22.0064,21.2,21.52,22786.625,0
EZFL.US,D,20211117,000000,21.44,21.44,20.48,20.88,66135.125,0
EZFL.US,D,20211118,000000,21.92,21.92,20.88,21.2,27268.875,0
EZFL.US,D,20211119,000000,20.88,21.52,20.48,21.44,12916.375,0
EZFL.US,D,20211122,000000,21.76,21.84,18.96,19.36,35111.25,0
EZFL.US,D,20211123,000000,19.36,20.08,18.64,19.6,16714,0
EZFL.US,D,20211124,000000,19.6,20.64,19.28,19.84,21025.75,0
EZFL.US,D,20211126,000000,18.96,20.32,18.8,19.76,8966.125,0
EZFL.US,D,20211129,000000,19.68,20.48,19.6,20.32,10173.5,0
EZFL.US,D,20211130,000000,20.24,23.84,19.12,19.92,112023.625,0
EZFL.US,D,20211201,000000,19.68,20.7192,19.3408,19.6,21003.5,0
EZFL.US,D,20211202,000000,18.16,19.2,17.28,18.56,26863.375,0
EZFL.US,D,20211203,000000,18.88,18.88,16.24,17.36,41302.125,0
EZFL.US,D,20211206,000000,16.8,18,16.16,17.44,13752,0
EZFL.US,D,20211207,000000,18.32,19.52,17.6216,19.04,28577,0
EZFL.US,D,20211208,000000,18.8,21.4904,18.64,20.16,30946.5,0
EZFL.US,D,20211209,000000,20.08,20.08,17.76,17.76,10536.25,0
EZFL.US,D,20211210,000000,17.92,18.7992,17.68,17.68,5586.25,0
EZFL.US,D,20211213,000000,17.84,18.24,16.48,17.2,18775.125,0
EZFL.US,D,20211214,000000,16.8,17.3728,15.304,15.44,40528.5,0
EZFL.US,D,20211215,000000,15.92,16.32,14.8,16.32,17463.125,0
EZFL.US,D,20211216,000000,16.08,16.48,14.64,15.76,41642.25,0
EZFL.US,D,20211217,000000,16.08,16.52,13.9568,14.04,61476.125,0
EZFL.US,D,20211220,000000,13.92,14.16,12.48,13.52,46942.625,0
EZFL.US,D,20211221,000000,13.2,13.52,12.8496,13.36,49856,0
EZFL.US,D,20211222,000000,13.2,13.6,12.48,12.56,36025.125,0
EZFL.US,D,20211223,000000,12.8,14,12.56,13.92,55642.5,0
EZFL.US,D,20211227,000000,13.6,13.6,12.24,12.56,38991.25,0
EZFL.US,D,20211228,000000,12.32,13.32,11.84,12.64,65669.125,0
EZFL.US,D,20211229,000000,12.4,12.468,11.52,11.68,17087.25,0
EZFL.US,D,20211230,000000,11.44,11.76,11,11.36,56797.625,0
EZFL.US,D,20211231,000000,11.28,11.6,10.88,11.04,52702.125,0
EZFL.US,D,20220103,000000,11.36,12,10.88,11.92,46142.25,0
EZFL.US,D,20220104,000000,11.68,12.16,11.2,11.6,47496.625,0
EZFL.US,D,20220105,000000,11.6,11.92,11.36,11.44,16099.875,0
EZFL.US,D,20220106,000000,11.6,12.5592,10.96,11.52,101817.5,0
EZFL.US,D,20220107,000000,11.52,12.8,10.956,11.52,50310.375,0
EZFL.US,D,20220110,000000,11.44,11.6,11.04,11.04,12994.125,0
EZFL.US,D,20220111,000000,11.24,11.52,10.56,11.2,13019.5,0
EZFL.US,D,20220112,000000,11.52,12,11.2808,11.36,31435.625,0
EZFL.US,D,20220113,000000,11.6,11.6,10.64,10.8,12525.75,0
EZFL.US,D,20220114,000000,10.64,10.96,10,10.16,23717.5,0
EZFL.US,D,20220118,000000,10.32,10.96,9.68,9.68,39476.5,0
EZFL.US,D,20220119,000000,10.24,10.24,9.28,9.44,31259.125,0
EZFL.US,D,20220120,000000,9.52,11.12,9.44,10.08,71648.625,0
EZFL.US,D,20220121,000000,10.4,10.56,9.36,9.52,25157.75,0
EZFL.US,D,20220124,000000,9.12,9.4392,7.7304,9.36,62941,0
EZFL.US,D,20220125,000000,9.2,9.84,8.6376,9.4408,8747.125,0
EZFL.US,D,20220126,000000,9.68,10.24,9.12,9.36,31379.875,0
EZFL.US,D,20220127,000000,9.76,9.916,8.8,8.8,33172.25,0
EZFL.US,D,20220128,000000,8.56,9.12,8.08,8.96,47269,0
EZFL.US,D,20220131,000000,9.44,9.44,8.7192,9.28,30793.125,0
EZFL.US,D,20220201,000000,9.52,10.64,9.52,10.48,35751,0
EZFL.US,D,20220202,000000,10,10.48,9.64,9.76,10168.75,0
EZFL.US,D,20220203,000000,9.44,9.92,9.2016,9.52,6315.375,0
EZFL.US,D,20220204,000000,9.36,9.84,9.12,9.52,8617,0
EZFL.US,D,20220207,000000,9.36,9.84,9.2,9.76,6930.5,0
EZFL.US,D,20220208,000000,9.52,10.24,9.48,10.16,7298.875,0
EZFL.US,D,20220209,000000,10.32,10.8,9.76,10.72,14197,0
EZFL.US,D,20220210,000000,10.8,10.8008,9.68,9.76,14662.375,0
EZFL.US,D,20220211,000000,9.68,10,8.9888,9.36,13249.5,0
EZFL.US,D,20220214,000000,9.2,9.5912,9.12,9.36,2995.375,0
EZFL.US,D,20220215,000000,9.68,9.9192,9.36,9.6,5750.375,0
EZFL.US,D,20220216,000000,9.52,9.84,9.36,9.52,5321.5,0
EZFL.US,D,20220217,000000,9.36,9.44,9.12,9.36,5464.375,0
EZFL.US,D,20220218,000000,9.2712,9.2712,8.48,8.76,8873.75,0
EZFL.US,D,20220222,000000,9.28,9.28,8,8.16,17566.25,0
EZFL.US,D,20220223,000000,8.24,8.72,7.7392,8.0792,14291.875,0
EZFL.US,D,20220224,000000,7.04,8.4,6.408,7.76,16347.125,0
EZFL.US,D,20220225,000000,7.76,9.1216,7.76,8.4,6501.125,0
EZFL.US,D,20220228,000000,8.32,9.36,8.08,8.96,6985.625,0
EZFL.US,D,20220301,000000,9.16,9.2,8.32,8.48,3182.625,0
EZFL.US,D,20220302,000000,8.64,8.8536,7.2504,8.32,25358,0
EZFL.US,D,20220303,000000,9.92,10.08,8.88,10,82628.375,0
EZFL.US,D,20220304,000000,9.76,9.76,8.0672,8.56,55074.375,0
EZFL.US,D,20220307,000000,8.4304,10.96,8.16,10.16,152128.75,0
EZFL.US,D,20220308,000000,11.52,12,8.72,11.2,195866.75,0
EZFL.US,D,20220309,000000,10,10.8,10,10.08,59403.875,0
EZFL.US,D,20220310,000000,10,10.3192,9.52,9.92,18162.375,0
EZFL.US,D,20220311,000000,9.68,9.8392,8.88,8.96,17077.875,0
EZFL.US,D,20220314,000000,8.88,9,8,8.08,21825.5,0
EZFL.US,D,20220315,000000,7.9248,8.6392,7.82,8.08,27367.5,0
EZFL.US,D,20220316,000000,8.16,8.3288,7.8408,7.9288,35487.5,0
EZFL.US,D,20220317,000000,8.64,9.36,8.32,8.8,249741.75,0
EZFL.US,D,20220318,000000,8.8,9.2,8.72,9.2,35458,0
EZFL.US,D,20220321,000000,8.96,9.108,8.24,8.8,44036.625,0
EZFL.US,D,20220322,000000,8.64,9.6,8.64,9.28,37102.875,0
EZFL.US,D,20220323,000000,9.28,9.28,8.88,9.12,16929.625,0
EZFL.US,D,20220324,000000,9.2,9.32,8.568,8.64,13300,0
EZFL.US,D,20220325,000000,8.88,9.12,8.64,8.8,12310,0
EZFL.US,D,20220328,000000,8.8,8.8,8.4,8.48,9622,0
EZFL.US,D,20220329,000000,8.4,8.64,7.9976,8.4,39611.5,0
EZFL.US,D,20220330,000000,8.16,8.8,8.16,8.68,8197.5,0
EZFL.US,D,20220331,000000,8.64,8.64,8.3208,8.4,5908.125,0
EZFL.US,D,20220401,000000,8.24,8.56,8.0008,8.32,10507.625,0
EZFL.US,D,20220404,000000,8.32,8.48,8.08,8.24,3154.875,0
EZFL.US,D,20220405,000000,8.08,8.4,8.08,8.16,2637.5,0
EZFL.US,D,20220406,000000,8.24,8.24,7.9256,8,5768.625,0
EZFL.US,D,20220407,000000,7.92,8.16,7.6008,7.84,5805.625,0
EZFL.US,D,20220408,000000,7.8408,8,7.7312,7.92,2790.625,0
EZFL.US,D,20220411,000000,7.94,8.16,7.64,7.72,9447.5,0
EZFL.US,D,20220412,000000,7.5384,8,7.28,7.6,9067.875,0
EZFL.US,D,20220413,000000,7.44,7.59039,7.208,7.28,14071.125,0
EZFL.US,D,20220414,000000,7.36,7.6,6.808,7.316,18471.375,0
EZFL.US,D,20220418,000000,7.316,7.5192,7.12,7.3192,7560.625,0
EZFL.US,D,20220419,000000,7.1992,7.52,6.96,7.16,7249.125,0
EZFL.US,D,20220420,000000,7.088,7.3024,6.88001,7.24,3412.625,0
EZFL.US,D,20220421,000000,7.04,7.44,7.04,7.0416,4213.5,0
EZFL.US,D,20220422,000000,6.96,7.04,6.4296,6.8792,11114,0
EZFL.US,D,20220425,000000,6.84,6.9856,6.5336,6.5336,3285.125,0
EZFL.US,D,20220426,000000,6.48,6.9592,5.8416,5.9608,25094.375,0
EZFL.US,D,20220427,000000,5.9608,5.9608,5.2208,5.48,26078.375,0
EZFL.US,D,20220428,000000,5.4656,5.7032,5.2088,5.4768,10360,0
EZFL.US,D,20220429,000000,5.5192,5.6,4.8304,5.2,12060.25,0
EZFL.US,D,20220502,000000,5.36,5.36,4.59801,4.92,27292.125,0
EZFL.US,D,20220503,000000,4.7732,5.06079,4.2424,4.7992,20651.25,0
EZFL.US,D,20220504,000000,4.8,4.96,4.6392,4.6808,17755,0
EZFL.US,D,20220505,000000,4.72,5.0392,4.6808,4.7208,11128.5,0
EZFL.US,D,20220506,000000,4.8,4.88,4.48,4.5416,5500.875,0
EZFL.US,D,20220509,000000,4.4296,4.8,4.4296,4.6312,17450.125,0
EZFL.US,D,20220510,000000,4.48,4.56,3.8408,4.1144,15498.75,0
EZFL.US,D,20220511,000000,4.0576,4.2384,3.7024,3.8408,10044.625,0
EZFL.US,D,20220512,000000,3.48,4.1024,3.4408,3.68,26119.625,0
EZFL.US,D,20220513,000000,4.2632,4.2632,3.68,3.8936,7377.375,0
EZFL.US,D,20220516,000000,3.92,4.088,3.76081,3.8752,16345.875,0
EZFL.US,D,20220517,000000,4,4.07999,3.6944,3.8048,6754.25,0
EZFL.US,D,20220518,000000,3.68,3.9992,3.3824,3.5192,7829.875,0
EZFL.US,D,20220519,000000,3.76,3.8,3.332,3.4544,13467.375,0
EZFL.US,D,20220520,000000,3.44,3.56,3.12,3.36,17338.5,0
EZFL.US,D,20220523,000000,3.36,3.52,3.36,3.428,7319.875,0
EZFL.US,D,20220524,000000,3.3104,3.44,3.0624,3.12,18095.5,0
EZFL.US,D,20220525,000000,3.04,3.192,2.9088,2.9088,24283,0
EZFL.US,D,20220526,000000,3.1192,3.44,3.0424,3.44,17307.125,0
EZFL.US,D,20220527,000000,3.3896,3.68,3.3128,3.68,12436.5,0
EZFL.US,D,20220531,000000,3.68,3.912,3.6136,3.68,8011.75,0
EZFL.US,D,20220601,000000,3.92,3.92,3.4408,3.76,8406.75,0
EZFL.US,D,20220602,000000,3.6896,3.84,3.52,3.84,5279.875,0
EZFL.US,D,20220603,000000,3.9864,3.9864,3.7592,3.7592,3431,0
EZFL.US,D,20220606,000000,3.852,3.852,3.2248,3.5024,8243.125,0
EZFL.US,D,20220607,000000,3.8616,3.8616,3.3744,3.608,9811.375,0
EZFL.US,D,20220608,000000,3.44,4.2312,3.2808,4.18,16845.125,0
EZFL.US,D,20220609,000000,4.24,4.656,4.00081,4.48,29382.125,0
EZFL.US,D,20220610,000000,5.04,5.04,4.5608,4.6888,20331.5,0
EZFL.US,D,20220613,000000,4.7008,5.04,4.48,4.8624,13136.875,0
EZFL.US,D,20220614,000000,4.8624,4.93521,4.7208,4.7232,7660.375,0
EZFL.US,D,20220615,000000,5.0416,5.2,4.4,4.6168,21230.75,0
EZFL.US,D,20220616,000000,4.72,5.12,4.5376,4.6024,8838.5,0
EZFL.US,D,20220617,000000,4.6464,4.876,4.4,4.6528,6139,0
EZFL.US,D,20220621,000000,4.64,4.88,4.5352,4.5352,6578.75,0
EZFL.US,D,20220622,000000,4.64,4.8,4.5792,4.5792,2694,0
EZFL.US,D,20220623,000000,4.8,4.8784,4.00081,4.1192,14712.375,0
EZFL.US,D,20220624,000000,4.32,4.48,4.24,4.24,8773.25,0
EZFL.US,D,20220627,000000,4.24,4.4136,4.0072,4.04,4069.625,0
EZFL.US,D,20220628,000000,4.04,5.9752,3.92,5.7264,36974.625,0
EZFL.US,D,20220629,000000,5.5544,5.88639,5.1208,5.6,12235,0
EZFL.US,D,20220630,000000,5.04,6.4792,4.60949,6.4,13486.5,0
EZFL.US,D,20220701,000000,6.56,6.56,6.08,6.2384,6056.5,0
EZFL.US,D,20220705,000000,6.56,6.56,5.92,6.32,3959.875,0
EZFL.US,D,20220706,000000,6.4,6.4,5.92,5.9344,1223.75,0
EZFL.US,D,20220707,000000,6.3696,6.3696,5.94,6.24,3203.875,0
EZFL.US,D,20220708,000000,6.392,6.3968,5.6008,5.672,8192,0
EZFL.US,D,20220711,000000,5.76,5.76,5.28,5.28,5005.125,0
EZFL.US,D,20220712,000000,5.4352,5.4352,4.8808,4.8808,8757.5,0
EZFL.US,D,20220713,000000,5.092,5.4632,4.88001,5.1288,7640.75,0
EZFL.US,D,20220714,000000,5.04081,5.2,5.04,5.0408,1004.125,0
EZFL.US,D,20220715,000000,5.2,5.4344,4.9608,5.1596,1805.625,0
EZFL.US,D,20220718,000000,5.292,6.5376,5.148,6.32,14268.375,0
EZFL.US,D,20220719,000000,6.48,6.6392,6.0352,6.56,6027.75,0
EZFL.US,D,20220720,000000,6.7496,7.0736,6.32,6.4808,2595.125,0
EZFL.US,D,20220721,000000,6.2408,6.4792,6.0008,6.08,1982.625,0
EZFL.US,D,20220722,000000,6.32,6.32,5.6,5.84,3113.375,0
EZFL.US,D,20220725,000000,6.16,6.468,5.44,5.52,4822.5,0
EZFL.US,D,20220726,000000,5.6576,5.84,4.6816,5.12,6185.75,0
EZFL.US,D,20220727,000000,5.12,5.28,4.6416,4.96,10936,0
EZFL.US,D,20220728,000000,5.0216,5.12,4.8,4.8808,5523.25,0
EZFL.US,D,20220729,000000,5.1176,5.1352,4.8,4.96,2472.75,0
EZFL.US,D,20220801,000000,4.9904,5.52,4.8,5.16,5284.75,0
EZFL.US,D,20220802,000000,5.5968,5.5968,4.9752,5.4392,5765.125,0
EZFL.US,D,20220803,000000,5.4384,5.5992,5.04039,5.1528,5228.5,0
EZFL.US,D,20220804,000000,5.2472,5.9992,5.12,5.68,7135.125,0
EZFL.US,D,20220805,000000,5.452,5.8692,5.452,5.8664,2849.75,0
EZFL.US,D,20220808,000000,5.8664,6.6568,5.8664,6.22,12658.5,0
EZFL.US,D,20220809,000000,6.24,6.63919,6.1792,6.4784,6134.375,0
EZFL.US,D,20220810,000000,6.56,7.36,6.4,7.3592,31182.875,0
EZFL.US,D,20220811,000000,7.3592,7.7992,6.7264,7.6,20745.125,0
EZFL.US,D,20220812,000000,7.2,7.2,6.64081,6.69761,15326.875,0
EZFL.US,D,20220815,000000,6.6976,6.6976,6.044,6.384,6820.375,0
EZFL.US,D,20220816,000000,6.3896,6.72,6.2976,6.32,5959.375,0
EZFL.US,D,20220817,000000,6.48,6.6224,6.204,6.32,2033.375,0
EZFL.US,D,20220818,000000,6.24,6.4784,6.16,6.1888,3337.5,0
EZFL.US,D,20220819,000000,6.32,6.32,5.9216,6.15919,5005.875,0
EZFL.US,D,20220822,000000,6.4,6.576,5.8624,6.0288,3983.25,0
EZFL.US,D,20220823,000000,5.8416,6.192,5.7608,5.7616,2978.375,0
EZFL.US,D,20220824,000000,5.7704,5.9024,5.6944,5.7656,1358.875,0
EZFL.US,D,20220825,000000,6.0216,6.04039,5.6416,5.95599,4425.5,0
EZFL.US,D,20220826,000000,5.956,5.956,5.6408,5.8392,1560.25,0
EZFL.US,D,20220829,000000,5.8392,5.84,5.6432,5.6432,5643,0
EZFL.US,D,20220830,000000,5.84,6.4448,5.6008,6.2392,5625.75,0
EZFL.US,D,20220831,000000,6.32,6.48,5.928,6.4384,4796.875,0
EZFL.US,D,20220901,000000,5.68,6.4384,5.6,5.85279,5888.875,0
EZFL.US,D,20220902,000000,5.86,6.16,5.36,5.6632,6297.75,0
EZFL.US,D,20220906,000000,5.9456,6.4,5.7344,6.32,12734.5,0
EZFL.US,D,20220907,000000,6.4,6.8,6.092,6.7992,10470,0
EZFL.US,D,20220908,000000,6.8,7.42,6.31121,7.2448,12298.25,0
EZFL.US,D,20220909,000000,7.3576,7.84,6.692,7.6,14962,0
EZFL.US,D,20220912,000000,7.76,7.832,7.01239,7.2848,15031.875,0
EZFL.US,D,20220913,000000,7.2,7.44,6.08,6.08,25755.625,0
EZFL.US,D,20220914,000000,6.4008,6.88,6.08,6.48,8808.5,0
EZFL.US,D,20220915,000000,5.964,7.3592,5.92,7.0088,22664.125,0
EZFL.US,D,20220916,000000,7.1792,7.18,6.32,6.32,9859.875,0
EZFL.US,D,20220919,000000,6.4,6.5424,5.76,5.872,31141.875,0
EZFL.US,D,20220920,000000,6.132,6.4,5.84,6.24,2829.25,0
EZFL.US,D,20220921,000000,6.24,6.4008,5.6016,5.7272,13363.375,0
EZFL.US,D,20220922,000000,5.76,5.76,5.204,5.2088,17589.75,0
EZFL.US,D,20220923,000000,3.9384,4.5536,3.9384,4.4,30355,0
EZFL.US,D,20220926,000000,4.5096,4.72,4.3512,4.5936,4862.375,0
EZFL.US,D,20220927,000000,4.56,4.64,4.216,4.3792,3247.25,0
EZFL.US,D,20220928,000000,4.32,5.8392,4.32,4.9608,83809.375,0
EZFL.US,D,20220929,000000,5.096,5.176,4.404,4.6992,23081.375,0
EZFL.US,D,20220930,000000,4.6992,5.1216,4.2064,4.9264,18647.125,0
EZFL.US,D,20221003,000000,5.0592,5.12,4.48,4.8,6195.25,0
EZFL.US,D,20221004,000000,5.04,5.04,4.48,4.72,6799,0
EZFL.US,D,20221005,000000,4.8,5.12,4.648,4.96,2776.875,0
EZFL.US,D,20221006,000000,5.12,5.12,4.5608,4.82072,3156.375,0
EZFL.US,D,20221007,000000,4.68,5.0944,4.48,4.88,2784.125,0
EZFL.US,D,20221010,000000,4.7424,5.1192,4.56,4.8,1169.375,0
EZFL.US,D,20221011,000000,5.04,5.04,4.64,4.64,1660.375,0
EZFL.US,D,20221012,000000,4.872,5.04639,4.4808,4.64,3121.875,0
EZFL.US,D,20221013,000000,4.792,4.792,4.37631,4.5216,1759.5,0
EZFL.US,D,20221014,000000,4.64,4.84319,4.504,4.56,2105.125,0
EZFL.US,D,20221017,000000,4.32,4.7672,4.32,4.5736,3622.125,0
EZFL.US,D,20221018,000000,4.8,4.848,4.4808,4.4864,3657.875,0
EZFL.US,D,20221019,000000,4.56,4.84,4.56,4.64,3130,0
EZFL.US,D,20221020,000000,4.872,4.8728,4.4064,4.6496,2972.5,0
EZFL.US,D,20221021,000000,4.56,6,4.56,5.044,18443.625,0
EZFL.US,D,20221024,000000,5.7592,5.7592,4.8016,5.04,5007.375,0
EZFL.US,D,20221025,000000,5.0408,5.5344,4.56,5.28,4968.25,0
EZFL.US,D,20221026,000000,5.32001,5.44,4.8016,5.04,2251.375,0
EZFL.US,D,20221027,000000,5.0224,5.28,4.8136,5.2768,1853.5,0
EZFL.US,D,20221028,000000,4.8,5.0792,4.8,4.932,4918.125,0
EZFL.US,D,20221031,000000,4.8,5.268,4.8,4.88,2578,0
EZFL.US,D,20221101,000000,4.8568,5.2,4.72,4.96,4001.75,0
EZFL.US,D,20221102,000000,5.1072,5.1224,4.74,4.88081,2135.5,0
EZFL.US,D,20221103,000000,4.9696,4.9696,4.72,4.8,2965.875,0
EZFL.US,D,20221104,000000,4.8,4.9608,4.72,4.75359,5322.375,0
EZFL.US,D,20221107,000000,4.72,5.18,4.72,4.9752,2010.25,0
EZFL.US,D,20221108,000000,5.76,5.76,4.88,4.928,2741,0
EZFL.US,D,20221109,000000,5.1192,5.1192,4.24,4.64,12123,0
EZFL.US,D,20221110,000000,5.04,5.04,4.56,4.58,4104.875,0
EZFL.US,D,20221111,000000,4.3488,4.872,4.32,4.4,4376.75,0
EZFL.US,D,20221114,000000,4.3576,4.79839,3.76,4.2792,5850,0
EZFL.US,D,20221115,000000,3.92,4.2784,3.92,4.0996,3516,0
EZFL.US,D,20221116,000000,4.0808,4.2848,3.6848,3.7888,3726.625,0
EZFL.US,D,20221117,000000,3.84,3.8568,3.19919,3.36401,10689.625,0
EZFL.US,D,20221118,000000,3.532,3.8568,3.3752,3.7168,2823.75,0
EZFL.US,D,20221121,000000,3.44,3.8552,3.2032,3.5072,2928.625,0
EZFL.US,D,20221122,000000,3.4816,3.6792,3.2808,3.36,3298,0
EZFL.US,D,20221123,000000,3.44,3.6,3.2032,3.44001,2208.125,0
EZFL.US,D,20221125,000000,3.3328,3.3384,3.16,3.168,2226.5,0
EZFL.US,D,20221128,000000,3.1752,3.2312,2.88,2.9736,8547.5,0
EZFL.US,D,20221129,000000,3.1208,3.2216,2.93841,3.024,3888,0
EZFL.US,D,20221130,000000,3.2,3.28,2.99959,3.2776,5259.125,0
EZFL.US,D,20221201,000000,3.2796,3.52,3.2796,3.4792,968.25,0
EZFL.US,D,20221202,000000,3.51439,3.84,3.3928,3.79639,1710.25,0
EZFL.US,D,20221205,000000,3.8368,3.8368,3.5992,3.688,573.125,0
EZFL.US,D,20221206,000000,3.75919,3.7592,3.42159,3.7504,1389.375,0
EZFL.US,D,20221207,000000,3.6,3.636,3.44,3.5296,1860.875,0
EZFL.US,D,20221208,000000,3.2808,3.52,3.0592,3.25041,6623.875,0
EZFL.US,D,20221209,000000,3.2504,3.2504,3.04,3.0936,2938.375,0
EZFL.US,D,20221212,000000,3.8568,3.8568,3.1384,3.2616,4589.125,0
EZFL.US,D,20221213,000000,2.96,3.44041,2.96,3.192,2921.5,0
EZFL.US,D,20221214,000000,3.1252,3.5976,3.1252,3.3152,637.5,0
EZFL.US,D,20221215,000000,3.0008,3.6712,3.0008,3.612,622.875,0
EZFL.US,D,20221216,000000,3.1216,3.6392,3.1216,3.6,895.75,0
EZFL.US,D,20221219,000000,3.42001,3.6144,3,3.2,2354.875,0
EZFL.US,D,20221220,000000,3.12,3.4752,2.896,3.2768,1309.75,0
EZFL.US,D,20221221,000000,3.36,3.36,2.9624,3.1952,1330,0
EZFL.US,D,20221222,000000,3.36,3.36,3.04,3.2,1430.375,0
EZFL.US,D,20221223,000000,3.2,3.2,2.72,2.72,8649.25,0
EZFL.US,D,20221227,000000,2.4,2.6552,2.0808,2.3984,8975.75,0
EZFL.US,D,20221228,000000,2.4384,2.64,2.0032,2.0448,5350.375,0
EZFL.US,D,20221229,000000,2.112,2.532,2.112,2.3776,4522.25,0
EZFL.US,D,20221230,000000,2.4968,2.53281,2.08001,2.2512,11546.25,0
EZFL.US,D,20230103,000000,2.248,2.5664,2.248,2.2744,1684.125,0
EZFL.US,D,20230104,000000,2.496,2.568,2.496,2.56,3864.375,0
EZFL.US,D,20230105,000000,2.6,3.6928,2.6,3.3472,10625.5,0
EZFL.US,D,20230106,000000,3.1072,3.44,3.05761,3.05761,6189.5,0
EZFL.US,D,20230109,000000,3.336,3.44,3.0576,3.34239,6578.875,0
EZFL.US,D,20230110,000000,2.904,3.3384,2.904,3.268,2449.125,0
EZFL.US,D,20230111,000000,3.2616,3.4032,3.2008,3.35919,1404.5,0
EZFL.US,D,20230112,000000,3.5008,3.5008,3.2008,3.4048,1915.125,0
EZFL.US,D,20230113,000000,3.2,3.684,3.192,3.2416,4727.5,0
EZFL.US,D,20230117,000000,3.6784,3.6784,3.116,3.1208,5769.875,0
EZFL.US,D,20230118,000000,3.2,3.92,3.2,3.8904,16900.75,0
EZFL.US,D,20230119,000000,3.8904,3.8904,3.452,3.70881,7167,0
EZFL.US,D,20230120,000000,3.5216,3.904,3.2008,3.7592,6253.25,0
EZFL.US,D,20230123,000000,3.74,3.74,3.38321,3.6736,2638.5,0
EZFL.US,D,20230124,000000,3.5552,3.5608,3.4,3.56,819.125,0
EZFL.US,D,20230125,000000,3.52,3.6,3.36,3.408,2660.375,0
EZFL.US,D,20230126,000000,3.5784,3.896,3.28,3.36,2383.625,0
EZFL.US,D,20230127,000000,3.644,3.84,3.36161,3.8392,2948.125,0
EZFL.US,D,20230130,000000,3.84,4.9176,3.5712,3.9192,46295,0
EZFL.US,D,20230131,000000,3.9324,4.2108,3.52,3.92,9211.875,0
EZFL.US,D,20230201,000000,3.6816,4.0112,3.6,3.84,7150.5,0
EZFL.US,D,20230202,000000,3.7608,3.92,3.68,3.84,2798.75,0
EZFL.US,D,20230203,000000,3.92,3.92,3.68,3.68,5989.875,0
EZFL.US,D,20230206,000000,4,4,3.6008,3.8152,3414.125,0
EZFL.US,D,20230207,000000,3.9688,3.9688,3.44,3.6152,2302.625,0
EZFL.US,D,20230208,000000,3.76,3.76,3.04,3.392,5768.25,0
EZFL.US,D,20230209,000000,3.2688,3.36,3.0584,3.212,4203.5,0
EZFL.US,D,20230210,000000,3.8568,4.44,3.52,3.84,87043.125,0
EZFL.US,D,20230213,000000,4.044,4.044,3.368,3.6,9188.5,0
EZFL.US,D,20230214,000000,3.4072,3.6416,3.40001,3.6416,2828.625,0
EZFL.US,D,20230215,000000,3.6496,3.6784,3.44,3.6,8237.625,0
EZFL.US,D,20230216,000000,3.5608,3.6,3.44,3.6,1504.875,0
EZFL.US,D,20230217,000000,3.5592,3.68,3.492,3.5608,1555.25,0
EZFL.US,D,20230221,000000,3.56,3.9192,3.36,3.44,4205.75,0
EZFL.US,D,20230222,000000,3.536,3.676,3.28,3.2944,2657.75,0
EZFL.US,D,20230223,000000,3.36,3.52,3.2944,3.4,2151.25,0
EZFL.US,D,20230224,000000,3.2808,3.4,3.2,3.208,5390.375,0
EZFL.US,D,20230227,000000,3.3608,3.3992,3.1208,3.1208,2809.125,0
EZFL.US,D,20230228,000000,3.1984,3.2,3.1664,3.1688,1696.125,0
EZFL.US,D,20230301,000000,3.168,3.2,3.08,3.08,3786.625,0
EZFL.US,D,20230302,000000,3.056,3.1192,3.04,3.04,4161.75,0
EZFL.US,D,20230303,000000,3.04,3.19919,3.04,3.144,7384.625,0
EZFL.US,D,20230306,000000,3.3008,3.3008,3.04,3.19353,3041.75,0
EZFL.US,D,20230307,000000,3.0408,3.2,3.0408,3.0888,1824.25,0
EZFL.US,D,20230308,000000,3.12,3.32,3.0782,3.1936,2188.25,0
EZFL.US,D,20230309,000000,3.2,3.2304,3.048,3.08,2194.125,0
EZFL.US,D,20230310,000000,3.0408,3.24,2.564,2.8568,5450.75,0
EZFL.US,D,20230313,000000,2.9648,2.9648,2.56081,2.88,2170.5,0
EZFL.US,D,20230314,000000,2.56081,2.96,2.56081,2.7152,1192.5,0
EZFL.US,D,20230315,000000,2.96,2.96,2.5696,2.6008,2743.125,0
EZFL.US,D,20230316,000000,2.88,2.96,2.72,2.96,4087.125,0
EZFL.US,D,20230317,000000,2.7224,2.95839,2.6704,2.8,1714.75,0
EZFL.US,D,20230320,000000,2.53761,2.79999,2.4872,2.6768,1934.125,0
EZFL.US,D,20230321,000000,2.6408,2.6768,2.48,2.6,2392.25,0
EZFL.US,D,20230322,000000,2.6,2.76,2.6,2.6008,1468.375,0
EZFL.US,D,20230323,000000,2.6008,2.8,2.4928,2.5,1559.875,0
EZFL.US,D,20230324,000000,2.7472,2.7472,2.42,2.468,1532.5,0
EZFL.US,D,20230327,000000,2.4432,2.464,2.3992,2.4064,4034.625,0
EZFL.US,D,20230328,000000,2.33664,2.4,2.28,2.32,4519.625,0
EZFL.US,D,20230329,000000,2.4208,2.436,2.32,2.32,1850.75,0
EZFL.US,D,20230330,000000,2.4,2.56,2.4,2.5592,2531.375,0
EZFL.US,D,20230331,000000,2.48,2.4944,2.32,2.32,3037.25,0
EZFL.US,D,20230403,000000,2.48,2.6392,2.43601,2.50079,4546.375,0
EZFL.US,D,20230404,000000,2.4264,2.5592,2.4,2.47961,2916,0
EZFL.US,D,20230405,000000,2.5592,2.6512,2.5584,2.6512,1922.375,0
EZFL.US,D,20230406,000000,2.6392,2.64,2.336,2.48,1568.5,0
EZFL.US,D,20230410,000000,2.0824,2.6536,2.0824,2.576,2517.5,0
EZFL.US,D,20230411,000000,2.6232,2.65439,2.3344,2.4472,2233.25,0
EZFL.US,D,20230412,000000,2.352,2.448,2.3488,2.4256,1372.625,0
EZFL.US,D,20230413,000000,2.2064,2.4,2.1656,2.32,9268,0
EZFL.US,D,20230414,000000,2.4344,2.4344,2.1688,2.24,6820.375,0
EZFL.US,D,20230417,000000,2.168,2.4432,2.08,2.24,14660.5,0
EZFL.US,D,20230418,000000,2.0384,3.7296,1.92,2.936,159483.25,0
EZFL.US,D,20230419,000000,3.0056,3.0056,2.408,2.56,14316.25,0
EZFL.US,D,20230420,000000,2.48,2.7992,2.408,2.56,5890.375,0
EZFL.US,D,20230421,000000,2.688,2.688,2.408,2.4408,12027.75,0
EZFL.US,D,20230424,000000,2.4344,2.6768,2.2544,2.632,2448.5,0
EZFL.US,D,20230425,000000,2.51239,2.6216,2.2176,2.32,3573.375,0
EZFL.US,D,20230426,000000,2.4704,2.6,2.16,2.1604,35512.25,0
EZFL.US,D,20230427,000000,1.92,2.0239,1.7401,1.797,58452,0
EZFL.US,D,20230428,000000,1.8,1.96,1.77,1.91,48397,0
EZFL.US,D,20230501,000000,2.02,2.05,1.73,1.75,49096,0
EZFL.US,D,20230502,000000,1.72,2.23,1.46,2.1401,445555,0
EZFL.US,D,20230503,000000,2.06,3.12,1.73,2.85,425318,0
EZFL.US,D,20230504,000000,2.63,2.65,1.9,1.99,88608,0
EZFL.US,D,20230505,000000,2.03,2.47,2.02,2.24,34338,0
EZFL.US,D,20230508,000000,3.66,3.97,2.43,2.69,9209475,0
EZFL.US,D,20230509,000000,2.68,3.02,2.48,2.91,272433,0
EZFL.US,D,20230510,000000,2.84,2.89,2.44,2.84,155230,0
EZFL.US,D,20230511,000000,2.67,2.78,2.53,2.56,55687,0
EZFL.US,D,20230512,000000,2.57,2.7494,2.23,2.2784,57781,0
EZFL.US,D,20230515,000000,2.25,2.65,2.2201,2.57,71034,0
EZFL.US,D,20230516,000000,2.3755,2.57,2.3001,2.38,16276,0
EZFL.US,D,20230517,000000,2.45,2.6099,2.38,2.49,23310,0
EZFL.US,D,20230518,000000,2.54,2.6,2.22,2.31,25263,0
EZFL.US,D,20230519,000000,2.49,2.6,2.39,2.57,28912,0
EZFL.US,D,20230522,000000,2.64,2.64,2.4,2.46,32409,0
EZFL.US,D,20230523,000000,2.39,2.58,2.37,2.42,16125,0
EZFL.US,D,20230524,000000,2.52,2.52,2.3801,2.39,18528,0
EZFL.US,D,20230525,000000,2.31,2.5,2.3,2.41,9974,0
EZFL.US,D,20230526,000000,2.41,2.4999,2.25,2.26,18989,0
EZFL.US,D,20230530,000000,2.26,2.4121,2.14,2.16,16223,0
EZFL.US,D,20230531,000000,2.11,2.3355,2.05,2.09,5274,0
EZFL.US,D,20230601,000000,2.05,2.34,2.0147,2.23,15633,0
EZFL.US,D,20230602,000000,2.2232,2.3399,2.21,2.21,7857,0
EZFL.US,D,20230605,000000,2.31,2.32,2.14,2.2,12913,0
EZFL.US,D,20230606,000000,2.1201,2.28,2.12,2.17,5279,0
EZFL.US,D,20230607,000000,2.17,2.5,2.1558,2.33,34458,0
EZFL.US,D,20230608,000000,2.45,2.45,2.1883,2.29,7907,0
EZFL.US,D,20230609,000000,2.31,2.31,2.2,2.28,2830,0
EZFL.US,D,20230612,000000,2.12,2.3,2.12,2.18,16921,0
EZFL.US,D,20230613,000000,2.1569,2.21,2.01,2.06,21256,0
EZFL.US,D,20230614,000000,2.15,2.2,2.13,2.2,6236,0
EZFL.US,D,20230615,000000,2.1,2.31,2.1,2.29,4828,0
EZFL.US,D,20230616,000000,2.29,2.45,2.12,2.27,16686,0
EZFL.US,D,20230620,000000,2.14,2.25,2.13,2.24,3800,0
EZFL.US,D,20230621,000000,2.2057,2.25,2.16,2.23,8287,0
EZFL.US,D,20230622,000000,2.23,2.29,2.147,2.27,5187,0
EZFL.US,D,20230623,000000,2.21,2.29,2.09,2.29,2096,0
EZFL.US,D,20230626,000000,2.21,2.26,2.09,2.12,3502,0
EZFL.US,D,20230627,000000,2.155,2.155,2.06,2.06,1856,0
EZFL.US,D,20230628,000000,2.06,2.35,2.06,2.24,5303,0
EZFL.US,D,20230629,000000,2.33,2.33,2.13,2.22,3471,0
EZFL.US,D,20230630,000000,2.26,2.35,2.0401,2.34,8050,0
EZFL.US,D,20230703,000000,2.18,2.34,2.18,2.34,2115,0
EZFL.US,D,20230705,000000,2.18,2.34,2.18,2.31,1960,0
EZFL.US,D,20230706,000000,2.1495,2.33,2.11,2.33,1646,0
EZFL.US,D,20230707,000000,2.19,2.28,2.1601,2.18,6474,0
EZFL.US,D,20230710,000000,2.13,2.2,2.13,2.2,29498,0
EZFL.US,D,20230711,000000,2.13,2.18,2.06,2.12,9662,0
EZFL.US,D,20230712,000000,2.02,2.25,2,2.125,7751,0
EZFL.US,D,20230713,000000,2.15,2.27,2.15,2.27,6880,0
EZFL.US,D,20230714,000000,2.26,2.39,2.1448,2.37,3924,0
EZFL.US,D,20230717,000000,2.4,2.4,2.1576,2.34,3364,0
EZFL.US,D,20230718,000000,2.23,2.3061,2.205,2.27,4146,0
EZFL.US,D,20230719,000000,2.24,2.32,2.0799,2.2,3872,0
EZFL.US,D,20230720,000000,2.27,2.27,2.14,2.14,1483,0
EZFL.US,D,20230721,000000,2.18,2.26,2.1217,2.14,2030,0
EZFL.US,D,20230724,000000,2.01,2.11,2.001,2.11,6107,0
EZFL.US,D,20230725,000000,2.07,2.13,2.03,2.13,3343,0
EZFL.US,D,20230726,000000,2.04,2.14,1.677,1.73,23025,0
EZFL.US,D,20230727,000000,1.98,2.14,1.8501,1.98,28142,0
EZFL.US,D,20230728,000000,2.1,2.27,2.012,2.03,4276,0
EZFL.US,D,20230731,000000,1.96,2.0702,1.96,2.01,18955,0
EZFL.US,D,20230801,000000,2.01,2.2362,1.96,2.06,6153,0
EZFL.US,D,20230802,000000,2.06,2.07,1.98,1.98,1841,0
EZFL.US,D,20230803,000000,2.04,2.04,2.04,2.04,2135,0
EZFL.US,D,20230804,000000,1.9801,1.9801,1.9801,1.9801,460,0
EZFL.US,D,20230807,000000,1.98,2.1619,1.98,2.05,4993,0
EZFL.US,D,20230808,000000,1.96,2.0699,1.95,2.0699,5867,0
EZFL.US,D,20230809,000000,2.01,2.0399,1.95,1.95,1772,0
EZFL.US,D,20230810,000000,1.95,2.4,1.9,2.4,31053,0
EZFL.US,D,20230811,000000,2.15,2.45,2.15,2.39,5371,0
EZFL.US,D,20230814,000000,2.45,2.45,2.0423,2.28,12744,0
EZFL.US,D,20230815,000000,2.12,2.48,2.023,2.2106,30300,0
EZFL.US,D,20230816,000000,2.22,3.49,2.145,3.4742,142354,0
EZFL.US,D,20230817,000000,3.33,3.69,3.12,3.2,96802,0
EZFL.US,D,20230818,000000,3.19,4.72,3.19,4.62,177189,0
EZFL.US,D,20230821,000000,4.65,4.99,4.43,4.79,87018,0
EZFL.US,D,20230822,000000,4.81,5.04,3.87,4.13,64841,0
EZFL.US,D,20230823,000000,3.96,4.06,3.5391,3.68,29283,0
EZFL.US,D,20230824,000000,3.53,4,3.53,3.7,13499,0
EZFL.US,D,20230825,000000,3.7,3.7899,3.4335,3.75,47316,0
EZFL.US,D,20230828,000000,4,4,3.59,3.59,2200,0
EZFL.US,D,20230829,000000,3.47,4.26,3.47,3.71,53235,0
EZFL.US,D,20230830,000000,3.64,3.96,3.64,3.93,8686,0
EZFL.US,D,20230831,000000,3.92,3.93,3.11,3.39,52563,0
EZFL.US,D,20230901,000000,3.34,3.34,2.83,3,43801,0
EZFL.US,D,20230905,000000,2.94,3.05,2.6901,2.92,7424,0
EZFL.US,D,20230906,000000,2.85,3.025,2.85,3.02,8242,0
EZFL.US,D,20230907,000000,3.05,3.08,3.05,3.08,2247,0
EZFL.US,D,20230908,000000,3.19,3.2983,3.19,3.2512,1880,0
EZFL.US,D,20230911,000000,3.25,3.25,3.25,3.25,755,0
EZFL.US,D,20230912,000000,3.16,3.5,3.1101,3.43,6814,0
EZFL.US,D,20230913,000000,3.43,3.928,2.85,3.06,28819,0
EZFL.US,D,20230914,000000,2.97,2.97,2.76,2.84,4174,0
EZFL.US,D,20230915,000000,2.84,3.54,2.7101,3.54,16054,0
EZFL.US,D,20230918,000000,3.43,3.47,3.23,3.24,2189,0
EZFL.US,D,20230919,000000,3.28,3.69,2.91,3.05,23412,0
EZFL.US,D,20230920,000000,2.94,2.94,2.65,2.76,5789,0
EZFL.US,D,20230921,000000,2.4,2.85,2.3,2.65,29733,0
EZFL.US,D,20230922,000000,2.6948,2.835,2.6948,2.71,1136,0
EZFL.US,D,20230926,000000,2.62,2.63,2.62,2.63,1580,0
EZFL.US,D,20230927,000000,2.6694,2.8,2.635,2.635,3326,0
EZFL.US,D,20230928,000000,2.632,2.632,2.27,2.2801,8005,0
EZFL.US,D,20230929,000000,2.46,2.7499,2.36,2.6905,12115,0
EZFL.US,D,20231002,000000,2.58,2.7199,2.27,2.35,6398,0
EZFL.US,D,20231003,000000,2.29,2.58,2.29,2.35,15713,0
EZFL.US,D,20231004,000000,2.37,2.37,2.37,2.37,452,0
EZFL.US,D,20231005,000000,2.49,2.49,2.49,2.49,800,0
EZFL.US,D,20231006,000000,2.31,2.31,2.18,2.18,4323,0
EZFL.US,D,20231009,000000,1.91,2.25,1.91,2.25,1862,0
EZFL.US,D,20231010,000000,2.3,2.79,2.01,2.11,7149,0
EZFL.US,D,20231011,000000,2.0408,2.36,2.0408,2.1,4462,0
EZFL.US,D,20231012,000000,2.2,2.2,2.0101,2.0393,1310,0
EZFL.US,D,20231013,000000,2.4,2.4,2.0759,2.0759,1918,0
EZFL.US,D,20231016,000000,2,2.26,1.9,1.97,5757,0
EZFL.US,D,20231017,000000,2.21,2.21,1.98,1.98,3911,0
EZFL.US,D,20231018,000000,1.92,2.5399,1.92,2.01,3024,0
EZFL.US,D,20231019,000000,2,2.25,1.94,1.94,2611,0
EZFL.US,D,20231020,000000,1.92,1.99,1.845,1.845,2646,0
EZFL.US,D,20231023,000000,1.85,1.85,1.7475,1.7475,976,0
EZFL.US,D,20231024,000000,1.8,1.8268,1.73,1.82,2793,0
EZFL.US,D,20231025,000000,1.86,2.34,1.8,2.1,19757,0
EZFL.US,D,20231026,000000,1.95,2.15,1.9,2.15,3458,0
EZFL.US,D,20231027,000000,2.0791,2.0791,2.0791,2.0791,1001,0
EZFL.US,D,20231030,000000,1.8446,2.58,1.81,2.3,19230,0
EZFL.US,D,20231031,000000,2.4,2.4,1.8332,1.995,5401,0
EZFL.US,D,20231101,000000,1.8304,2.1,1.8304,2.045,1215,0
EZFL.US,D,20231102,000000,1.9,2.183,1.81,1.95,4756,0
EZFL.US,D,20231103,000000,2.04,2.04,1.58,1.68,14220,0
EZFL.US,D,20231106,000000,1.74,1.96,1.5001,1.78,4555,0
EZFL.US,D,20231107,000000,1.955,1.9899,1.67,1.7715,10857,0
EZFL.US,D,20231108,000000,1.78,1.78,1.76,1.76,1030,0
EZFL.US,D,20231109,000000,1.95,2.07,1.62,1.845,12556,0
EZFL.US,D,20231110,000000,1.85,2.0099,1.6,2.0099,2783,0
EZFL.US,D,20231113,000000,1.94,1.94,1.94,1.94,1344,0
EZFL.US,D,20231114,000000,2.24,2.3,1.735,1.92,14327,0
EZFL.US,D,20231115,000000,1.9699,1.9699,1.82,1.82,3061,0
EZFL.US,D,20231116,000000,1.66,1.845,1.66,1.84,1243,0
EZFL.US,D,20231117,000000,1.8273,1.9,1.8273,1.9,1636,0
EZFL.US,D,20231120,000000,1.74,1.9299,1.7001,1.86,7421,0
EZFL.US,D,20231121,000000,1.94,2.11,1.795,1.9,8945,0
EZFL.US,D,20231122,000000,1.8372,1.88,1.77,1.88,2196,0
EZFL.US,D,20231124,000000,1.87,1.954,1.76,1.954,1718,0
EZFL.US,D,20231127,000000,1.89,2.0812,1.82,1.82,2184,0
EZFL.US,D,20231128,000000,1.71,1.84,1.685,1.8,5915,0
EZFL.US,D,20231129,000000,1.74,1.84,1.5,1.6686,16009,0
EZFL.US,D,20231130,000000,1.63,2.025,1.63,1.7699,8034,0
EZFL.US,D,20231201,000000,1.71,1.8799,1.6701,1.71,2174,0
EZFL.US,D,20231204,000000,1.74,1.852,1.54,1.7,15674,0
EZFL.US,D,20231205,000000,1.94,1.94,1.7517,1.7517,2498,0
EZFL.US,D,20231206,000000,1.95,2.01,1.855,2,4733,0
EZFL.US,D,20231207,000000,1.97,1.99,1.8462,1.99,1014,0
EZFL.US,D,20231208,000000,1.76,1.94,1.76,1.94,1422,0
EZFL.US,D,20231211,000000,1.9,2,1.9,1.9489,2602,0
EZFL.US,D,20231212,000000,1.9256,2,1.91,1.91,3319,0
EZFL.US,D,20231213,000000,1.99,2.05,1.8407,1.97,9827,0
EZFL.US,D,20231214,000000,1.7902,1.98,1.7902,1.83,3160,0
EZFL.US,D,20231215,000000,1.82,1.8539,1.71,1.71,3948,0
EZFL.US,D,20231218,000000,1.7,2.15,1.62,1.77,34319,0
EZFL.US,D,20231219,000000,1.75,1.95,1.69,1.79,14988,0
EZFL.US,D,20231220,000000,1.7365,1.7971,1.69,1.7,19844,0
EZFL.US,D,20231221,000000,1.6701,1.7899,1.6701,1.7303,4969,0
EZFL.US,D,20231222,000000,1.79,1.86,1.66,1.72,7772,0
EZFL.US,D,20231226,000000,1.8,1.8028,1.75,1.79,4577,0
EZFL.US,D,20231227,000000,1.79,1.9,1.7201,1.755,4861,0
EZFL.US,D,20231228,000000,1.75,1.78,1.71,1.77,5059,0
EZFL.US,D,20231229,000000,1.7322,1.76,1.62,1.6244,12154,0
EZFL.US,D,20240102,000000,1.6342,1.7192,1.6342,1.6401,4402,0
EZFL.US,D,20240103,000000,1.6801,1.7,1.62,1.67,1743,0
EZFL.US,D,20240104,000000,1.62,1.7664,1.62,1.7096,6439,0
EZFL.US,D,20240105,000000,1.6391,1.7368,1.6207,1.6449,5226,0
EZFL.US,D,20240108,000000,1.6206,1.7495,1.6206,1.71,3493,0
EZFL.US,D,20240109,000000,1.7099,1.71,1.63,1.71,1148,0
EZFL.US,D,20240110,000000,1.66,1.6994,1.53,1.56,11912,0
EZFL.US,D,20240111,000000,1.63,1.66,1.63,1.66,4226,0
EZFL.US,D,20240112,000000,1.615,1.615,1.48,1.48,11883,0
EZFL.US,D,20240116,000000,1.55,1.56,1.53,1.56,951,0
EZFL.US,D,20240117,000000,1.5007,1.5007,1.5007,1.5007,289,0
EZFL.US,D,20240118,000000,1.56,1.56,1.56,1.56,287,0
EZFL.US,D,20240119,000000,1.5,1.5201,1.5,1.5,2424,0
EZFL.US,D,20240122,000000,1.54,1.5656,1.51,1.51,14363,0
EZFL.US,D,20240123,000000,1.52,1.59,1.52,1.535,1640,0
EZFL.US,D,20240124,000000,1.48,1.56,1.48,1.56,3750,0
EZFL.US,D,20240125,000000,1.49,1.59,1.48,1.5597,1765,0
EZFL.US,D,20240126,000000,1.48,1.53,1.46,1.53,1643,0
EZFL.US,D,20240130,000000,1.5877,1.5877,1.5877,1.5877,797,0
EZFL.US,D,20240131,000000,1.6,1.6,1.45,1.5781,2288,0
EZFL.US,D,20240201,000000,1.495,1.495,1.495,1.495,323,0
EZFL.US,D,20240202,000000,1.5,1.5,1.35,1.38,7789,0
EZFL.US,D,20240205,000000,1.45,1.45,1.31,1.33,4744,0
EZFL.US,D,20240206,000000,1.33,1.4399,1.33,1.4399,1922,0
EZFL.US,D,20240207,000000,1.3101,1.32,1.2999,1.3,3594,0
EZFL.US,D,20240208,000000,1.33,1.4,1.26,1.39,4054,0
EZFL.US,D,20240209,000000,1.35,1.35,1.35,1.35,1062,0
EZFL.US,D,20240212,000000,1.3977,1.3977,1.2501,1.31,8826,0
EZFL.US,D,20240213,000000,1.31,1.3845,1.31,1.3845,1681,0
EZFL.US,D,20240214,000000,1.3485,1.5777,1.3485,1.35,4410,0
EZFL.US,D,20240215,000000,1.45,1.49,1.45,1.49,1790,0
EZFL.US,D,20240216,000000,1.48,1.49,1.405,1.405,2419,0
EZFL.US,D,20240220,000000,1.3503,1.4102,1.32,1.36,5527,0
EZFL.US,D,20240221,000000,1.4353,1.4353,1.3459,1.395,15584,0
EZFL.US,D,20240222,000000,1.8,2.19,1.13,1.25,6155258,0
EZFL.US,D,20240223,000000,1.3,2.49,1.27,1.72,13080652,0
EZFL.US,D,20240226,000000,1.67,2.22,1.62,1.93,796746,0
EZFL.US,D,20240227,000000,1.84,2.15,1.84,1.97,198794,0
EZFL.US,D,20240228,000000,1.99,2.08,1.7001,1.93,83353,0
EZFL.US,D,20240229,000000,1.83,2.08,1.7106,1.83,135194,0
EZFL.US,D,20240301,000000,1.79,1.99,1.7701,1.85,44830,0
EZFL.US,D,20240304,000000,1.78,1.9,1.46,1.53,65095,0
EZFL.US,D,20240305,000000,1.55,1.9899,1.55,1.77,110706,0
EZFL.US,D,20240306,000000,1.75,1.869,1.665,1.76,26692,0
EZFL.US,D,20240307,000000,1.8,1.95,1.65,1.85,165765,0
EZFL.US,D,20240308,000000,1.89,1.9299,1.78,1.84,35218,0
EZFL.US,D,20240311,000000,1.88,1.94,1.76,1.94,53004,0
EZFL.US,D,20240312,000000,1.939,1.9799,1.88,1.91,15966,0
EZFL.US,D,20240313,000000,1.96,2.18,1.89,2.08,44876,0
EZFL.US,D,20240314,000000,2.12,2.15,1.8801,2.03,63611,0
EZFL.US,D,20240315,000000,1.9578,1.99,1.76,1.76,52383,0
EZFL.US,D,20240318,000000,1.76,1.9658,1.72,1.77,26228,0
EZFL.US,D,20240319,000000,1.78,1.8,1.54,1.61,84702,0
EZFL.US,D,20240320,000000,1.6,1.7299,1.5,1.68,77400,0
EZFL.US,D,20240321,000000,1.68,1.9399,1.6,1.7,290722,0
EZFL.US,D,20240322,000000,1.7,1.85,1.61,1.77,68229,0
EZFL.US,D,20240325,000000,1.81,1.81,1.65,1.72,13873,0
EZFL.US,D,20240326,000000,1.79,1.79,1.58,1.68,20679,0
EZFL.US,D,20240327,000000,1.71,1.7333,1.61,1.68,11510,0
EZFL.US,D,20240328,000000,1.67,1.75,1.59,1.71,16129,0
EZFL.US,D,20240401,000000,1.72,1.82,1.65,1.79,30659,0
EZFL.US,D,20240402,000000,1.74,2.19,1.74,2.09,253529,0
EZFL.US,D,20240403,000000,2.01,2.35,2.01,2.15,131471,0
EZFL.US,D,20240404,000000,2.03,2.3,1.92,2.24,142495,0
EZFL.US,D,20240405,000000,2.2,2.65,2.14,2.5,59951,0
EZFL.US,D,20240408,000000,2.52,2.635,2.2718,2.54,52735,0
EZFL.US,D,20240409,000000,2.59,2.59,2.28,2.37,38616,0
EZFL.US,D,20240410,000000,2.27,2.48,2.251,2.28,67216,0
EZFL.US,D,20240411,000000,2.33,2.34,2.06,2.34,26494,0
EZFL.US,D,20240412,000000,2.345,2.43,2.25,2.43,11690,0
EZFL.US,D,20240415,000000,2.42,2.4699,2.34,2.34,10151,0
EZFL.US,D,20240416,000000,2.34,2.3816,2.23,2.33,21014,0
EZFL.US,D,20240417,000000,2.2,2.35,2.15,2.3,42168,0
EZFL.US,D,20240418,000000,2.25,2.35,2.25,2.33,4638,0
EZFL.US,D,20240419,000000,2.35,2.3874,2.2,2.37,6473,0
EZFL.US,D,20240422,000000,2.3763,2.5,2.29,2.32,48709,0
EZFL.US,D,20240423,000000,2.305,2.41,2.26,2.41,11492,0
EZFL.US,D,20240424,000000,2.44,2.47,2.37,2.4511,14423,0
EZFL.US,D,20240425,000000,2.482,2.59,2.37,2.38,5125,0
EZFL.US,D,20240426,000000,2.3799,2.4999,2.32,2.41,10698,0
EZFL.US,D,20240429,000000,2.42,2.44,2.35,2.43,9127,0
EZFL.US,D,20240430,000000,2.36,2.46,2.22,2.3001,35478,0
EZFL.US,D,20240501,000000,2.3,2.47,2.25,2.36,8974,0
EZFL.US,D,20240502,000000,2.35,2.71,2.3168,2.4918,34712,0
EZFL.US,D,20240503,000000,2.62,2.62,2.36,2.59,7781,0
EZFL.US,D,20240506,000000,2.48,2.8,2.48,2.77,18081,0
EZFL.US,D,20240507,000000,2.74,3.0199,2.74,2.85,37932,0
EZFL.US,D,20240508,000000,2.785,3.0094,2.785,2.84,14230,0
EZFL.US,D,20240509,000000,2.72,2.8642,2.72,2.72,2196,0
EZFL.US,D,20240510,000000,2.61,2.78,2.47,2.47,12967,0
EZFL.US,D,20240513,000000,2.45,2.71,2.235,2.58,32425,0
EZFL.US,D,20240514,000000,2.53,2.8999,2.39,2.66,27927,0
EZFL.US,D,20240515,000000,2.66,2.8099,2.3,2.51,16260,0
EZFL.US,D,20240516,000000,2.58,2.65,2.4,2.54,18966,0
EZFL.US,D,20240517,000000,2.53,2.8405,2.53,2.62,15640,0
EZFL.US,D,20240520,000000,2.72,2.72,2.5,2.5,12862,0
EZFL.US,D,20240521,000000,2.63,2.71,2.4607,2.51,13560,0
EZFL.US,D,20240522,000000,2.69,2.7414,2.51,2.51,14138,0
EZFL.US,D,20240523,000000,2.72,2.7393,2.45,2.51,14332,0
EZFL.US,D,20240524,000000,2.52,2.58,2.4,2.41,3989,0
EZFL.US,D,20240528,000000,2.525,2.525,2.43,2.43,658,0
EZFL.US,D,20240529,000000,2.5,2.5899,2.41,2.43,5785,0
EZFL.US,D,20240530,000000,2.4311,2.4311,2.41,2.41,2918,0
EZFL.US,D,20240531,000000,2.4201,2.49,2.42,2.44,4362,0
EZFL.US,D,20240603,000000,2.56,2.56,2.56,2.56,1086,0
EZFL.US,D,20240604,000000,2.43,2.51,2.22,2.25,14681,0
EZFL.US,D,20240605,000000,2.23,2.269,2.07,2.16,21775,0
EZFL.US,D,20240606,000000,2.14,2.25,1.87,2.0698,15003,0
EZFL.US,D,20240607,000000,1.831,2.073,1.83,1.95,6348,0
EZFL.US,D,20240610,000000,1.94,2.08,1.9102,2.01,6456,0
EZFL.US,D,20240611,000000,2.035,2.035,1.94,2.01,3670,0
EZFL.US,D,20240612,000000,1.98,2.04,1.9501,1.9501,1899,0
EZFL.US,D,20240613,000000,2.02,2.02,1.85,1.85,10643,0
EZFL.US,D,20240614,000000,1.94,2.2506,1.94,2.05,22232,0
EZFL.US,D,20240617,000000,2.03,2.14,1.9255,2.04,4391,0
EZFL.US,D,20240618,000000,2.03,2.03,1.93,1.93,5965,0
EZFL.US,D,20240620,000000,2,2.13,1.9013,2.05,19112,0
EZFL.US,D,20240621,000000,1.98,2.0588,1.94,2,19505,0
EZFL.US,D,20240624,000000,2.04,2.049,2,2,7867,0
EZFL.US,D,20240625,000000,1.94,2.035,1.94,1.97,2479,0
EZFL.US,D,20240626,000000,1.9,1.94,1.88,1.94,6321,0
EZFL.US,D,20240627,000000,1.98,2.04,1.945,2.04,19728,0
EZFL.US,D,20240628,000000,2.06,2.0771,1.91,1.922,4607,0
EZFL.US,D,20240701,000000,1.9256,2.05,1.9256,1.97,11229,0
EZFL.US,D,20240702,000000,1.91,1.91,1.83,1.83,3947,0
EZFL.US,D,20240703,000000,1.88,2.03,1.85,1.94,10450,0
EZFL.US,D,20240705,000000,1.99,2.38,1.9304,2.35,29868,0
EZFL.US,D,20240708,000000,2.15,2.166,1.92,1.92,25883,0
EZFL.US,D,20240709,000000,1.92,2.01,1.92,1.92,1489,0
EZFL.US,D,20240710,000000,2.05,2.05,1.75,1.85,17915,0
EZFL.US,D,20240711,000000,1.83,1.909,1.71,1.8999,10387,0
EZFL.US,D,20240712,000000,1.82,1.8792,1.77,1.86,3618,0
EZFL.US,D,20240715,000000,1.71,1.8794,1.71,1.8,2550,0
EZFL.US,D,20240716,000000,1.74,1.86,1.74,1.84,950,0
EZFL.US,D,20240717,000000,1.83,1.89,1.74,1.89,1541,0
EZFL.US,D,20240718,000000,1.77,1.9,1.77,1.8901,3844,0
EZFL.US,D,20240722,000000,1.88,1.88,1.88,1.88,523,0
EZFL.US,D,20240723,000000,1.83,2.485,1.595,2.485,154461,0
EZFL.US,D,20240724,000000,2.51,2.74,2.14,2.49,224663,0
EZFL.US,D,20240725,000000,4.26,4.9999,3.36,4.01,203938,0
EZFL.US,D,20240726,000000,3.6,4.3,3.27,3.77,59214,0
EZFL.US,D,20240729,000000,3.63,3.95,3.4912,3.9,62260,0
EZFL.US,D,20240730,000000,3.63,3.85,3.45,3.52,29012,0
EZFL.US,D,20240731,000000,3.41,3.61,3.21,3.44,38988,0
EZFL.US,D,20240801,000000,3.27,3.59,3.21,3.21,8059,0
EZFL.US,D,20240802,000000,3.16,3.68,3.15,3.5599,36871,0
EZFL.US,D,20240805,000000,3.46,3.46,2.7501,2.81,49002,0
EZFL.US,D,20240806,000000,2.77,3.01,2.36,2.805,79911,0
EZFL.US,D,20240807,000000,2.61,3,2.61,2.95,37130,0
EZFL.US,D,20240808,000000,2.86,2.98,2.56,2.65,18698,0
EZFL.US,D,20240809,000000,2.58,3.04,2.58,2.83,8228,0
EZFL.US,D,20240812,000000,2.71,2.8957,2.58,2.72,22108,0
EZFL.US,D,20240813,000000,2.7,2.9999,2.6,2.84,10273,0
EZFL.US,D,20240814,000000,2.82,2.9,2.82,2.9,1876,0
EZFL.US,D,20240815,000000,2.96,3.04,2.72,2.8214,2874,0
EZFL.US,D,20240816,000000,2.62,2.845,2.62,2.76,8908,0
EZFL.US,D,20240819,000000,2.69,2.96,2.68,2.68,2680,0
EZFL.US,D,20240820,000000,2.8431,3.59,2.8,3.09,133351,0
EZFL.US,D,20240821,000000,3.155,3.21,3,3.0101,10303,0
EZFL.US,D,20240822,000000,2.9,3.1813,2.9,3.01,5565,0
EZFL.US,D,20240823,000000,3.1745,3.1799,3.1,3.1,3129,0
EZFL.US,D,20240826,000000,3.01,3.2,3,3.1,4906,0
EZFL.US,D,20240827,000000,3.08,3.19,3,3,14288,0
EZFL.US,D,20240828,000000,3.05,3.14,3.01,3.1399,2881,0
EZFL.US,D,20240829,000000,3.18,3.1899,3.0599,3.06,143357,0
EZFL.US,D,20240830,000000,3.1,3.47,2.96,2.96,57010,0
EZFL.US,D,20240903,000000,2.94,3.3799,2.94,3.265,29971,0
EZFL.US,D,20240904,000000,3.2505,3.74,3.24,3.41,23922,0
EZFL.US,D,20240905,000000,3.56,3.8668,3.51,3.75,13364,0
EZFL.US,D,20240906,000000,3.87,3.99,3.62,3.7,9240,0
EZFL.US,D,20240909,000000,3.97,3.97,3.67,3.76,5976,0
EZFL.US,D,20240910,000000,3.98,3.98,3.71,3.9,12760,0
EZFL.US,D,20240911,000000,3.885,4.37,3.77,4.05,19486,0
EZFL.US,D,20240912,000000,4.12,4.35,4.08,4.325,16127,0
EZFL.US,D,20240913,000000,4.34,4.34,4.06,4.11,6987,0
EZFL.US,D,20240916,000000,4.09,4.2,4.08,4.13,10687,0
EZFL.US,D,20240917,000000,4.0327,4.2974,3.9,3.99,34537,0
EZFL.US,D,20240918,000000,3.8103,4.18,3.55,3.56,12028,0
EZFL.US,D,20240919,000000,3.5801,3.765,3.3,3.4155,11749,0
EZFL.US,D,20240920,000000,3.34,3.44,3.32,3.44,5820,0
EZFL.US,D,20240923,000000,3.4499,3.4499,3.3128,3.41,5600,0
EZFL.US,D,20240924,000000,3.45,3.45,3.21,3.3,9963,0
EZFL.US,D,20240925,000000,3.8138,4,3.17,3.225,26141,0
EZFL.US,D,20240926,000000,3.315,3.32,3.21,3.3,8856,0
EZFL.US,D,20240927,000000,3.2601,3.307,3.2,3.215,5882,0
EZFL.US,D,20240930,000000,3.4217,3.4217,2.9,3.0082,16513,0
EZFL.US,D,20241001,000000,3,3.2988,3,3.133,17295,0
EZFL.US,D,20241002,000000,3.3453,3.3453,3.09,3.21,27404,0
EZFL.US,D,20241003,000000,3.2679,3.2679,3.1,3.18,13658,0
EZFL.US,D,20241004,000000,3.278,3.3902,3.1,3.11,18748,0
EZFL.US,D,20241007,000000,3.15,3.42,3.105,3.16,14671,0
EZFL.US,D,20241008,000000,3.15,3.3189,3.02,3.1,15996,0
EZFL.US,D,20241009,000000,3.06,3.06,2.96,3,8067,0
EZFL.US,D,20241010,000000,2.96,3.036,2.71,2.8545,46185,0
EZFL.US,D,20241011,000000,2.79,2.86,2.63,2.7424,23814,0
EZFL.US,D,20241014,000000,2.7,2.76,2.65,2.7562,12438,0
EZFL.US,D,20241015,000000,2.8759,2.8766,2.67,2.71,12820,0
EZFL.US,D,20241016,000000,2.7335,2.7352,2.63,2.668,7042,0
EZFL.US,D,20241017,000000,2.7,3,2.7,2.8734,16074,0
EZFL.US,D,20241018,000000,2.87,3.6999,2.87,2.93,27413,0
EZFL.US,D,20241021,000000,3.0556,3.0556,2.81,2.87,9817,0
EZFL.US,D,20241022,000000,2.92,3.399,2.79,2.8855,21911,0
EZFL.US,D,20241023,000000,2.88,2.88,2.61,2.65,24019,0
EZFL.US,D,20241024,000000,2.74,2.82,2.57,2.57,7620,0
EZFL.US,D,20241025,000000,2.69,2.69,2.685,2.685,16821,0
EZFL.US,D,20241028,000000,2.8199,2.8199,2.65,2.7246,3571,0
EZFL.US,D,20241029,000000,2.8089,2.8099,2.745,2.75,5062,0
EZFL.US,D,20241030,000000,2.72,2.8799,2.72,2.8599,4155,0
EZFL.US,D,20241031,000000,2.8095,2.8457,2.7601,2.8,3167,0
EZFL.US,D,20241101,000000,2.8,2.8,2.74,2.76,1609,0
EZFL.US,D,20241104,000000,2.75,3.15,2.64,3.08,41314,0
EZFL.US,D,20241105,000000,3.01,3.18,2.92,3.18,51698,0
EZFL.US,D,20241106,000000,3.1,3.13,3.01,3.11,22408,0
EZFL.US,D,20241107,000000,3.18,3.22,3.1,3.1368,13236,0
EZFL.US,D,20241108,000000,3.07,3.18,2.9,2.94,20789,0
EZFL.US,D,20241111,000000,3,3.17,2.91,3.17,37031,0
EZFL.US,D,20241112,000000,3.15,3.15,2.78,3.1,13766,0
EZFL.US,D,20241113,000000,3.1,3.1,2.9002,3.08,9857,0
EZFL.US,D,20241114,000000,3.1,3.1099,2.6,2.87,16497,0
EZFL.US,D,20241115,000000,2.73,2.85,2.58,2.73,51462,0
EZFL.US,D,20241118,000000,2.8,2.9393,2.5,2.6,85362,0
EZFL.US,D,20241119,000000,2.9682,2.9682,2.51,2.57,21088,0
EZFL.US,D,20241120,000000,2.45,2.9,2.19,2.6,22045,0
EZFL.US,D,20241121,000000,2.65,2.674,2.25,2.5,9842,0
EZFL.US,D,20241122,000000,2.38,2.69,2.31,2.32,18756,0
EZFL.US,D,20241125,000000,2.7,2.9,2.33,2.49,35259,0
EZFL.US,D,20241126,000000,2.6,2.615,2.4,2.53,48534,0
EZFL.US,D,20241127,000000,2.5072,2.685,2.4001,2.41,16086,0
EZFL.US,D,20241129,000000,2.68,2.68,2.4,2.48,9222,0
EZFL.US,D,20241202,000000,2.85,2.85,2.37,2.655,25198,0
EZFL.US,D,20241203,000000,2.51,2.52,2.38,2.38,161228,0
EZFL.US,D,20241204,000000,2.5,2.52,2.35,2.5,48325,0
EZFL.US,D,20241205,000000,2.5,3.61,2.5,3.15,89595,0
EZFL.US,D,20241206,000000,3.05,3.1,2.9,3.1,28275,0
EZFL.US,D,20241209,000000,3.18,3.6,3.1001,3.27,55022,0
EZFL.US,D,20241210,000000,3.417,3.417,3.12,3.3062,19579,0
EZFL.US,D,20241211,000000,3.17,3.45,3.12,3.39,29062,0
EZFL.US,D,20241212,000000,3.24,3.5299,3.17,3.5,13435,0
EZFL.US,D,20241213,000000,3.51,3.6,3.1,3.16,37383,0
EZFL.US,D,20241216,000000,3.2145,3.65,3.2145,3.65,136797,0
EZFL.US,D,20241217,000000,3.69,3.69,3.39,3.5,41325,0
EZFL.US,D,20241218,000000,3.63,3.7,2.86,3.07,70945,0
EZFL.US,D,20241219,000000,3.09,3.7,2.9542,3.52,178299,0
EZFL.US,D,20241220,000000,3.5,3.63,3.25,3.42,36076,0
EZFL.US,D,20241223,000000,3.4,3.4,3.1,3.11,9510,0
EZFL.US,D,20241224,000000,3.27,3.5711,3.19,3.4751,15767,0
EZFL.US,D,20241226,000000,3.55,3.83,3.36,3.69,66611,0
EZFL.US,D,20241227,000000,3.69,3.77,3.4,3.47,40896,0
EZFL.US,D,20241230,000000,3.31,3.43,3.15,3.32,27390,0
EZFL.US,D,20241231,000000,3.31,3.31,3.09,3.1,56280,0
EZFL.US,D,20250102,000000,3.05,3.47,3.05,3.25,91917,0
EZFL.US,D,20250103,000000,3.4999,3.7,3.23,3.65,63370,0
EZFL.US,D,20250106,000000,3.7775,4.2,3.6509,4.1999,110628,0
EZFL.US,D,20250107,000000,3.95,4.3,3.68,4.09,56233,0
EZFL.US,D,20250108,000000,4.08,4.08,3.3,3.42,51958,0
EZFL.US,D,20250110,000000,3.75,3.75,3.32,3.32,30217,0
EZFL.US,D,20250113,000000,3.22,3.65,3.22,3.65,38657,0
EZFL.US,D,20250114,000000,3.77,4.09,3.61,3.9,26490,0
EZFL.US,D,20250115,000000,4,4,3.5601,3.62,27630,0
EZFL.US,D,20250116,000000,3.65,3.9,3.58,3.81,35309,0
EZFL.US,D,20250117,000000,3.8,4.08,3.7,3.85,31787,0
EZFL.US,D,20250121,000000,3.85,3.97,3.5101,3.64,36438,0
EZFL.US,D,20250122,000000,3.7063,3.82,3.55,3.61,16533,0
EZFL.US,D,20250123,000000,3.84,3.84,3.38,3.68,23373,0
EZFL.US,D,20250124,000000,3.79,3.79,3.39,3.5,22824,0
EZFL.US,D,20250127,000000,3.45,3.55,3.11,3.11,24340,0
EZFL.US,D,20250128,000000,3.3,3.3498,3.21,3.255,3678,0
EZFL.US,D,20250129,000000,3.18,3.26,3.06,3.06,35571,0
EZFL.US,D,20250130,000000,3.21,3.5288,3.135,3.2,41080,0
EZFL.US,D,20250131,000000,3.1,3.449,3.1,3.42,6839,0
EZFL.US,D,20250203,000000,3.29,3.4,3.25,3.31,55298,0
EZFL.US,D,20250204,000000,3.31,3.71,3.22,3.38,35532,0
EZFL.US,D,20250205,000000,3.5,3.69,3.2425,3.43,28746,0
EZFL.US,D,20250206,000000,3.56,4.3,3.31,4,110755,0
EZFL.US,D,20250207,000000,3.75,4.2,3.75,4.06,54144,0
EZFL.US,D,20250210,000000,4.15,4.3446,3.9001,4,56199,0
EZFL.US,D,20250211,000000,4.14,4.14,3.415,3.51,183579,0
EZFL.US,D,20250212,000000,3.56,3.76,3.56,3.61,29536,0
EZFL.US,D,20250213,000000,3.63,3.864,3.23,3.5,161489,0
