<TICKER>,<PER>,<DATE>,<TIME>,<OPEN>,<HIGH>,<LOW>,<CLOSE>,<VOL>,<OPENINT>
FEAM.US,D,20220316,000000,49.5,49.5,27.6384,28.9715,6090,0
FEAM.US,D,20220317,000000,27.03,29.3,27.03,29.3,1115,0
FEAM.US,D,20220318,000000,28.9999,31.3862,22.51,26,15185,0
FEAM.US,D,20220321,000000,26.189,27.25,26,27.25,1749,0
FEAM.US,D,20220322,000000,28.6,34.88,28.6,30.36,7176,0
FEAM.US,D,20220323,000000,27.05,27.25,26,26,18237,0
FEAM.US,D,20220324,000000,25.13,25.13,23.5,24,11043,0
FEAM.US,D,20220325,000000,23.45,23.45,23.45,23.45,529,0
FEAM.US,D,20220328,000000,22.5,22.51,20.07,21.825,5312,0
FEAM.US,D,20220329,000000,21.5,21.9,21,21.9,2843,0
FEAM.US,D,20220330,000000,20.65,20.65,19.45,20,4939,0
FEAM.US,D,20220331,000000,19.01,19.6986,18.2,18.8,10993,0
FEAM.US,D,20220401,000000,19,19.42,18.9925,19,4847,0
FEAM.US,D,20220404,000000,19,19.31,18.99,19.2,2561,0
FEAM.US,D,20220405,000000,18.75,19,18.75,18.8,1812,0
FEAM.US,D,20220406,000000,19,19.15,18.9,19.15,6013,0
FEAM.US,D,20220407,000000,20.96,21.07,19.53,20.25,22940,0
FEAM.US,D,20220408,000000,20.25,21.525,20.25,21.5,45093,0
FEAM.US,D,20220411,000000,22,26.66,22,26.66,144927,0
FEAM.US,D,20220412,000000,26.6,26.6,24,25.74,284699,0
FEAM.US,D,20220413,000000,25,26.35,24.09,24.75,203485,0
FEAM.US,D,20220414,000000,24.01,26.25,23.6324,25,57535,0
FEAM.US,D,20220418,000000,25.5,25.75,24.1306,25.5,85070,0
FEAM.US,D,20220419,000000,25.7,29.4865,25.2,27.43,315427,0
FEAM.US,D,20220420,000000,26.9,29,26.51,27.96,205081,0
FEAM.US,D,20220421,000000,28,28,26.5001,27.72,246576,0
FEAM.US,D,20220422,000000,27,27,24.17,25.95,135692,0
FEAM.US,D,20220425,000000,26.05,26.6,25.235,25.85,154822,0
FEAM.US,D,20220426,000000,25.84,26.8,25.2735,25.8,142395,0
FEAM.US,D,20220427,000000,25.7,25.79,24.15,24.95,107544,0
FEAM.US,D,20220428,000000,25,26,24.54,25.72,148756,0
FEAM.US,D,20220429,000000,25.89,26.5299,25.265,25.54,148774,0
FEAM.US,D,20220502,000000,25.5,26.75,25.09,26.5,195595,0
FEAM.US,D,20220503,000000,26.07,26.96,25.44,26.4,94334,0
FEAM.US,D,20220504,000000,26.4,26.8,25.64,26.6,99188,0
FEAM.US,D,20220505,000000,26.5,26.5,25.6,25.79,83602,0
FEAM.US,D,20220506,000000,25.7,26,25.03,25.2,50396,0
FEAM.US,D,20220509,000000,25,25.32,23.38,23.59,92709,0
FEAM.US,D,20220510,000000,23.51,23.51,18.45,18.84,167854,0
FEAM.US,D,20220511,000000,19,19.9999,18.92,19.4,119131,0
FEAM.US,D,20220512,000000,19.4,23.22,19.07,22,185726,0
FEAM.US,D,20220513,000000,22.99,23.9,21.795,23.4,168801,0
FEAM.US,D,20220516,000000,23.18,23.99,22.44,22.77,151748,0
FEAM.US,D,20220517,000000,22.75,23.73,22.61,23.38,160038,0
FEAM.US,D,20220518,000000,23.26,23.99,21.34,21.58,190021,0
FEAM.US,D,20220519,000000,21.78,23.6,21.78,23.01,169115,0
FEAM.US,D,20220520,000000,23.47,24,23.05,23.41,146108,0
FEAM.US,D,20220523,000000,23.87,23.95,22.895,23.4,94965,0
FEAM.US,D,20220524,000000,23.86,25.1,23.3,24.85,163908,0
FEAM.US,D,20220525,000000,24.59,25,24.135,24.68,112354,0
FEAM.US,D,20220526,000000,24.75,25.96,23.75,25.87,123419,0
FEAM.US,D,20220527,000000,25.28,26.485,24.975,25.69,167201,0
FEAM.US,D,20220531,000000,25.7,25.7,24.085,24.7,299836,0
FEAM.US,D,20220601,000000,25,25.5,24.16,25.41,270306,0
FEAM.US,D,20220602,000000,25.8,27.63,25,26.16,656206,0
FEAM.US,D,20220603,000000,27.04,27.62,25,27.3,824408,0
FEAM.US,D,20220606,000000,27.25,27.71,25.935,26.75,638917,0
FEAM.US,D,20220607,000000,26.6,26.92,23.245,24.37,534149,0
FEAM.US,D,20220608,000000,24.23,26.37,24.09,25.85,664361,0
FEAM.US,D,20220609,000000,25.2,25.72,23.29,23.51,334515,0
FEAM.US,D,20220610,000000,24.21,24.225,21.42,21.42,403653,0
FEAM.US,D,20220613,000000,21.47,22.365,18.69,19.04,414679,0
FEAM.US,D,20220614,000000,19.23,19.23,18.21,18.43,345727,0
FEAM.US,D,20220615,000000,18.3,19.55,17.79,19.24,581293,0
FEAM.US,D,20220616,000000,19.12,21.83,19.12,21.78,671432,0
FEAM.US,D,20220617,000000,21.48,21.7,20.46,20.96,2228617,0
FEAM.US,D,20220621,000000,19.62,20.06,18.61,19.02,651916,0
FEAM.US,D,20220622,000000,18.5,18.8,16.4,17.16,701662,0
FEAM.US,D,20220623,000000,16,16.735,15.11,15.7,469899,0
FEAM.US,D,20220624,000000,15.71,16.46,15.5,15.51,3712963,0
FEAM.US,D,20220627,000000,15.25,15.355,13.94,13.98,287201,0
FEAM.US,D,20220628,000000,13.95,14.13,13.05,13.08,217892,0
FEAM.US,D,20220629,000000,13,13,11.7301,12.19,253040,0
FEAM.US,D,20220630,000000,12.44,12.64,11.5,12.18,232207,0
FEAM.US,D,20220701,000000,12.26,12.76,11.57,12.7,160588,0
FEAM.US,D,20220705,000000,12.14,12.6,11.53,12.21,112681,0
FEAM.US,D,20220706,000000,12.25,12.6,12.12,12.22,63831,0
FEAM.US,D,20220707,000000,12.3,14.04,12.3,13.67,181869,0
FEAM.US,D,20220708,000000,13.71,14.5,13.7,14.34,156124,0
FEAM.US,D,20220711,000000,14.46,14.46,12.74,12.87,125188,0
FEAM.US,D,20220712,000000,12.78,13.155,12.565,12.73,82148,0
FEAM.US,D,20220713,000000,12.56,13.4,12.215,13.31,122955,0
FEAM.US,D,20220714,000000,13.36,13.99,13.36,13.67,99486,0
FEAM.US,D,20220715,000000,14.03,15.105,14,15.08,121780,0
FEAM.US,D,20220718,000000,15.16,15.92,15.08,15.34,114320,0
FEAM.US,D,20220719,000000,15.73,15.75,14.58,14.66,94082,0
FEAM.US,D,20220720,000000,14.5,15.37,14.31,15.28,96061,0
FEAM.US,D,20220721,000000,15.26,15.91,15.26,15.87,70145,0
FEAM.US,D,20220722,000000,16.16,16.4,15,15.27,91000,0
FEAM.US,D,20220725,000000,15.39,16.01,15.12,15.55,77533,0
FEAM.US,D,20220726,000000,16.4,16.82,15.96,16.02,115971,0
FEAM.US,D,20220727,000000,15.92,17.16,15.19,16.99,150810,0
FEAM.US,D,20220728,000000,16.83,17.06,15.99,16.52,69362,0
FEAM.US,D,20220729,000000,16.23,16.56,15.6,16.28,90232,0
FEAM.US,D,20220801,000000,15.92,17.04,15.73,16.65,69940,0
FEAM.US,D,20220802,000000,15.56,16.385,15.3,16.02,84125,0
FEAM.US,D,20220803,000000,15.68,16.24,15.44,15.51,159538,0
FEAM.US,D,20220804,000000,15.77,15.9,14.63,14.96,115786,0
FEAM.US,D,20220805,000000,14.81,15.77,14.77,15.63,100993,0
FEAM.US,D,20220808,000000,15.06,17.06,15.06,16.31,80638,0
FEAM.US,D,20220809,000000,15.54,16.62,15.27,16.49,112283,0
FEAM.US,D,20220810,000000,16.99,17.37,15.5,15.7,65732,0
FEAM.US,D,20220811,000000,16.09,21.12,16.09,19.72,341402,0
FEAM.US,D,20220812,000000,19,19.12,17.77,18.28,157093,0
FEAM.US,D,20220815,000000,18.37,18.42,17.3,18.03,93596,0
FEAM.US,D,20220816,000000,17.91,18.4438,17.7801,18.22,46625,0
FEAM.US,D,20220817,000000,17.85,18.11,17.11,17.47,52194,0
FEAM.US,D,20220818,000000,17.63,17.94,17.1465,17.53,80504,0
FEAM.US,D,20220819,000000,17.32,17.43,15.69,16.36,146297,0
FEAM.US,D,20220822,000000,15.77,16.21,14.87,16.2,134453,0
FEAM.US,D,20220823,000000,15.55,15.685,14.62,15.02,185324,0
FEAM.US,D,20220824,000000,14.31,15.3,14.1,15.03,145053,0
FEAM.US,D,20220825,000000,15.19,16.33,15.19,16.21,133981,0
FEAM.US,D,20220826,000000,16.23,16.23,15.51,15.83,97040,0
FEAM.US,D,20220829,000000,15.29,15.32,14.605,14.75,139922,0
FEAM.US,D,20220830,000000,14.95,15.185,14.65,14.79,118659,0
FEAM.US,D,20220831,000000,14.96,15.39,14.83,15,102424,0
FEAM.US,D,20220901,000000,14.63,14.93,14.45,14.79,104597,0
FEAM.US,D,20220902,000000,15.1,17.28,15.1,15.99,127063,0
FEAM.US,D,20220906,000000,16.18,16.275,15.22,15.9,108261,0
FEAM.US,D,20220907,000000,15.6,15.65,14.76,15.18,115762,0
FEAM.US,D,20220908,000000,15.01,15.76,14.8,15.42,58167,0
FEAM.US,D,20220909,000000,15.62,17.11,15.62,16.6,86380,0
FEAM.US,D,20220912,000000,17,19.97,17,18.14,189546,0
FEAM.US,D,20220913,000000,17.36,17.935,16.47,16.95,141446,0
FEAM.US,D,20220914,000000,16.95,17.15,16.67,16.8,153002,0
FEAM.US,D,20220915,000000,16.85,16.85,14.955,15.39,195616,0
FEAM.US,D,20220916,000000,15.28,15.56,14.995,15.31,876473,0
FEAM.US,D,20220919,000000,14.83,15.99,14.8,15.17,160849,0
FEAM.US,D,20220920,000000,14.86,15.1196,14.4,14.58,88919,0
FEAM.US,D,20220921,000000,14.74,15.42,14.6,14.88,157268,0
FEAM.US,D,20220922,000000,14.9,15.3,14.885,14.98,179497,0
FEAM.US,D,20220923,000000,15.41,15.99,14.51,14.92,431622,0
FEAM.US,D,20220926,000000,14.41,14.55,13.58,13.89,342384,0
FEAM.US,D,20220927,000000,13.91,15.47,13.91,14.66,341283,0
FEAM.US,D,20220928,000000,14.83,15.8,14.62,15.6,291642,0
FEAM.US,D,20220929,000000,15.1,15.215,13.37,14.03,1621795,0
FEAM.US,D,20220930,000000,13.57,14.09,9.43,10.16,676175,0
FEAM.US,D,20221003,000000,10.18,10.96,9.02,10.65,417009,0
FEAM.US,D,20221004,000000,11.09,13.75,11.0861,13.69,257544,0
FEAM.US,D,20221005,000000,13.49,13.69,12.36,13.2,253981,0
FEAM.US,D,20221006,000000,12.86,13.26,11.575,11.7,285174,0
FEAM.US,D,20221007,000000,11.47,11.47,9.935,10.16,236207,0
FEAM.US,D,20221010,000000,10.46,10.615,9.915,10.11,232794,0
FEAM.US,D,20221011,000000,10,10.2,9.685,9.97,161441,0
FEAM.US,D,20221012,000000,9.99,10.17,9.62,10.14,118122,0
FEAM.US,D,20221013,000000,9.93,10.64,9.61,10.59,212180,0
FEAM.US,D,20221014,000000,10.86,10.86,10.2,10.4,110331,0
FEAM.US,D,20221017,000000,10.6,11.63,10.4,11.57,182120,0
FEAM.US,D,20221018,000000,11.85,12.46,11.58,11.9,160566,0
FEAM.US,D,20221019,000000,11.64,12.16,11.38,12.08,143511,0
FEAM.US,D,20221020,000000,12,12.11,10.87,11.18,124366,0
FEAM.US,D,20221021,000000,11.36,11.41,10.67,11.37,177311,0
FEAM.US,D,20221024,000000,11.25,11.44,10.55,11.26,133332,0
FEAM.US,D,20221025,000000,10.99,11.89,10.65,11.66,156477,0
FEAM.US,D,20221026,000000,11.78,12.73,11.78,12.22,135253,0
FEAM.US,D,20221027,000000,12.59,13.01,11.99,12.4,197718,0
FEAM.US,D,20221028,000000,12.47,13.07,12.23,12.94,129251,0
FEAM.US,D,20221031,000000,12.81,13.445,12.64,13.38,177055,0
FEAM.US,D,20221101,000000,13.67,13.96,13.17,13.62,172857,0
FEAM.US,D,20221102,000000,13.55,14,12.51,12.59,115058,0
FEAM.US,D,20221103,000000,12.04,12.655,11.9,12.62,63790,0
FEAM.US,D,20221104,000000,13.12,13.5,12.5,13.14,129136,0
FEAM.US,D,20221107,000000,13.31,13.75,13.12,13.39,121093,0
FEAM.US,D,20221108,000000,12.9,13.21,11.9303,13.19,112641,0
FEAM.US,D,20221109,000000,12.9,12.9,12.215,12.28,88174,0
FEAM.US,D,20221110,000000,13.05,14.37,12.92,13.8,198120,0
FEAM.US,D,20221111,000000,13.54,13.9,12.255,12.57,152833,0
FEAM.US,D,20221114,000000,12.5,13.0375,11.01,11.65,186877,0
FEAM.US,D,20221115,000000,11.93,12.47,11.72,12.41,104665,0
FEAM.US,D,20221116,000000,12.08,12.08,11.15,11.49,109176,0
FEAM.US,D,20221117,000000,11.3,11.8,11.21,11.72,99756,0
FEAM.US,D,20221118,000000,11.9,11.9,10.8,10.93,101648,0
FEAM.US,D,20221121,000000,10.88,12.41,10.755,12.16,359665,0
FEAM.US,D,20221122,000000,12.33,12.8,11.7,12.65,175181,0
FEAM.US,D,20221123,000000,12,12.555,11.375,11.99,127765,0
FEAM.US,D,20221125,000000,11.91,11.92,11,11.63,43997,0
FEAM.US,D,20221128,000000,11.18,11.19,10.142,10.25,148481,0
FEAM.US,D,20221129,000000,10.28,10.71,10.28,10.53,79631,0
FEAM.US,D,20221130,000000,10.53,11.49,10.31,11.2,292895,0
FEAM.US,D,20221201,000000,10.3,10.4,9.275,9.51,181087,0
FEAM.US,D,20221202,000000,9.55,10.305,9.5,9.7,146729,0
FEAM.US,D,20221205,000000,9.51,9.78,9.15,9.3,160191,0
FEAM.US,D,20221206,000000,9.25,9.2778,8.35,8.56,153594,0
FEAM.US,D,20221207,000000,8.6,9.13,8.55,8.66,147905,0
FEAM.US,D,20221208,000000,8.69,9.16,8.48,8.85,119482,0
FEAM.US,D,20221209,000000,9.2,9.32,8.58,8.67,136777,0
FEAM.US,D,20221212,000000,8.83,9.38,8.7,8.91,173952,0
FEAM.US,D,20221213,000000,9.33,9.73,8.8,9.12,163896,0
FEAM.US,D,20221214,000000,9.18,9.18,8.62,8.87,136079,0
FEAM.US,D,20221215,000000,8.79,8.79,8.28,8.59,174626,0
FEAM.US,D,20221216,000000,8.29,8.35,7.84,8.26,809293,0
FEAM.US,D,20221219,000000,8.23,8.36,7.43,7.73,139066,0
FEAM.US,D,20221220,000000,7.61,7.9,7.39,7.64,131465,0
FEAM.US,D,20221221,000000,7.82,7.95,7.45,7.84,142694,0
FEAM.US,D,20221222,000000,7.86,8.96,7.805,8.53,343143,0
FEAM.US,D,20221223,000000,8.53,8.77,8.06,8.14,223076,0
FEAM.US,D,20221227,000000,8.16,8.24,7.65,7.74,269008,0
FEAM.US,D,20221228,000000,7.75,7.86,7.07,7.42,213288,0
FEAM.US,D,20221229,000000,7.52,7.93,7.27,7.6,958693,0
FEAM.US,D,20221230,000000,7.52,8.04,7.3,7.88,162931,0
FEAM.US,D,20230103,000000,7.96,8.265,7.5,7.83,198653,0
FEAM.US,D,20230104,000000,7.91,8.65,7.81,8.59,165432,0
FEAM.US,D,20230105,000000,8.41,8.94,8.31,8.83,112317,0
FEAM.US,D,20230106,000000,8.95,9.78,8.89,9.34,138271,0
FEAM.US,D,20230109,000000,9.51,9.87,9.47,9.6,101072,0
FEAM.US,D,20230110,000000,9.63,10.1,9.57,10.04,110606,0
FEAM.US,D,20230111,000000,10.16,10.49,9.91,10.46,122227,0
FEAM.US,D,20230112,000000,10.58,11.195,10.44,11,109164,0
FEAM.US,D,20230113,000000,10.95,11.88,10.93,11.68,137990,0
FEAM.US,D,20230117,000000,12.04,12.04,10.53,11,141622,0
FEAM.US,D,20230118,000000,11.04,11.24,10.49,10.83,112137,0
FEAM.US,D,20230119,000000,10.74,10.74,9.62,10.33,149719,0
FEAM.US,D,20230120,000000,10.46,10.83,10.07,10.53,145841,0
FEAM.US,D,20230123,000000,10.53,10.89,10.29,10.73,153197,0
FEAM.US,D,20230124,000000,10.65,10.78,10.39,10.69,95984,0
FEAM.US,D,20230125,000000,10.53,10.85,10.05,10.79,81267,0
FEAM.US,D,20230126,000000,10.89,11.25,10.54,10.84,89357,0
FEAM.US,D,20230127,000000,10.82,10.95,10.48,10.72,73975,0
FEAM.US,D,20230130,000000,10.5,10.5,9.61,9.79,108545,0
FEAM.US,D,20230131,000000,9.8,9.985,9.575,9.85,126497,0
FEAM.US,D,20230201,000000,9.85,9.9,8.7,9.41,178909,0
FEAM.US,D,20230202,000000,9.55,9.69,9.12,9.52,147488,0
FEAM.US,D,20230203,000000,9.36,9.79,8.7,9.5,135908,0
FEAM.US,D,20230206,000000,9.46,9.5,8.68,8.91,143506,0
FEAM.US,D,20230207,000000,8.95,8.95,8.27,8.65,138983,0
FEAM.US,D,20230208,000000,8.68,8.8,8.34,8.51,116793,0
FEAM.US,D,20230209,000000,8.66,8.89,8.46,8.52,112060,0
FEAM.US,D,20230210,000000,8.5,8.59,7.645,8.05,145763,0
FEAM.US,D,20230213,000000,8.07,8.2173,7.93,8.12,83807,0
FEAM.US,D,20230214,000000,8,8.25,7.89,8.19,133901,0
FEAM.US,D,20230215,000000,8.2,8.45,8.01,8.2,170946,0
FEAM.US,D,20230216,000000,8.12,8.12,7.66,7.69,185900,0
FEAM.US,D,20230217,000000,7.74,7.82,7.32,7.78,161252,0
FEAM.US,D,20230221,000000,8.32,8.565,7.72,7.72,187278,0
FEAM.US,D,20230222,000000,7.74,7.75,6.9835,7.22,199964,0
FEAM.US,D,20230223,000000,7.38,7.4985,6.91,7.29,167092,0
FEAM.US,D,20230224,000000,7.15,7.27,6.89,7.22,123628,0
FEAM.US,D,20230227,000000,7.24,7.33,7.0391,7.13,117560,0
FEAM.US,D,20230228,000000,7.13,7.155,6.7,6.76,149353,0
FEAM.US,D,20230301,000000,6.76,7.0387,6.7322,6.88,136726,0
FEAM.US,D,20230302,000000,6.78,7.02,6.71,6.98,100430,0
FEAM.US,D,20230303,000000,7.05,7.5,6.93,7.48,137971,0
FEAM.US,D,20230306,000000,7.57,8,7.57,7.83,221378,0
FEAM.US,D,20230307,000000,8.1,8.46,7.21,7.36,383892,0
FEAM.US,D,20230308,000000,7.36,7.36,6.89,7.23,119577,0
FEAM.US,D,20230309,000000,7.23,7.45,7.15,7.17,147795,0
FEAM.US,D,20230310,000000,7.05,7.05,6.64,6.73,189052,0
FEAM.US,D,20230313,000000,6.53,7.35,6.365,7.19,194677,0
FEAM.US,D,20230314,000000,7.21,7.41,6.9075,7.25,195489,0
FEAM.US,D,20230315,000000,6.89,6.92,6.165,6.69,241396,0
FEAM.US,D,20230316,000000,6.31,6.68,5.825,6.43,279308,0
FEAM.US,D,20230317,000000,6.38,6.38,5.945,6.16,1097424,0
FEAM.US,D,20230320,000000,5.89,6.03,5.42,5.93,250471,0
FEAM.US,D,20230321,000000,6.11,6.14,5.3603,5.92,227043,0
FEAM.US,D,20230322,000000,5.91,6.11,5.57,5.59,207496,0
FEAM.US,D,20230323,000000,5.62,5.64,5.26,5.39,193847,0
FEAM.US,D,20230324,000000,5.37,5.515,5.07,5.35,252265,0
FEAM.US,D,20230327,000000,5.4,5.64,5.2,5.23,235976,0
FEAM.US,D,20230328,000000,5.25,5.555,5.07,5.29,378137,0
FEAM.US,D,20230329,000000,5.24,5.42,5.03,5.23,333989,0
FEAM.US,D,20230330,000000,5.25,5.44,5.23,5.3,1032186,0
FEAM.US,D,20230331,000000,5.34,5.54,5.24,5.42,226182,0
FEAM.US,D,20230403,000000,5.43,5.49,5.035,5.22,328936,0
FEAM.US,D,20230404,000000,5.08,5.13,4.83,5.1,245839,0
FEAM.US,D,20230405,000000,5.04,5.075,4.63,4.71,224292,0
FEAM.US,D,20230406,000000,4.69,4.69,4.39,4.61,240187,0
FEAM.US,D,20230410,000000,4.57,4.8,4.4501,4.77,150103,0
FEAM.US,D,20230411,000000,4.9,5.25,4.81,5.12,189920,0
FEAM.US,D,20230412,000000,5.58,6.09,5.56,5.72,314696,0
FEAM.US,D,20230413,000000,5.79,6.18,5.57,5.61,190309,0
FEAM.US,D,20230414,000000,5.61,5.69,5.29,5.4,192749,0
FEAM.US,D,20230417,000000,5.41,5.43,5.15,5.32,115688,0
FEAM.US,D,20230418,000000,5.5,5.5,5.01,5.12,203435,0
FEAM.US,D,20230419,000000,5.03,5.31,4.81,5.24,269818,0
FEAM.US,D,20230420,000000,5.2,5.341,4.69,4.785,192657,0
FEAM.US,D,20230421,000000,4.69,4.69,4.17,4.415,467482,0
FEAM.US,D,20230424,000000,4.42,4.43,4.19,4.24,156175,0
FEAM.US,D,20230425,000000,4.14,4.275,3.99,4.15,515474,0
FEAM.US,D,20230426,000000,4.12,4.2,3.8,3.86,585233,0
FEAM.US,D,20230427,000000,3.86,4.15,3.76,4.13,398044,0
FEAM.US,D,20230428,000000,4.22,4.345,4.04,4.22,538026,0
FEAM.US,D,20230501,000000,4.23,4.26,3.84,4.07,425612,0
FEAM.US,D,20230502,000000,4.08,4.22,3.95,4.18,607004,0
FEAM.US,D,20230503,000000,4.22,4.67,4.22,4.6,343609,0
FEAM.US,D,20230504,000000,4.64,4.7,4.55,4.65,213134,0
FEAM.US,D,20230505,000000,4.75,4.75,4.36,4.62,145849,0
FEAM.US,D,20230508,000000,4.66,4.75,4.45,4.63,193174,0
FEAM.US,D,20230509,000000,4.59,4.71,4.46,4.65,166865,0
FEAM.US,D,20230510,000000,4.76,4.87,4.62,4.76,221423,0
FEAM.US,D,20230511,000000,4.74,4.8,4.43,4.57,255258,0
FEAM.US,D,20230512,000000,4.64,4.64,4.05,4.18,126756,0
FEAM.US,D,20230515,000000,4.08,4.14,3.41,3.44,267422,0
FEAM.US,D,20230516,000000,3.19,3.2,2.75,3.09,418504,0
FEAM.US,D,20230517,000000,3.12,3.37,3.12,3.35,254281,0
FEAM.US,D,20230518,000000,3.42,3.68,3.345,3.59,237045,0
FEAM.US,D,20230519,000000,3.7,3.7,3.3,3.34,203731,0
FEAM.US,D,20230522,000000,3.3,3.3,2.8559,3.09,168645,0
FEAM.US,D,20230523,000000,3.1,3.51,3.07,3.36,199643,0
FEAM.US,D,20230524,000000,3.32,3.32,2.9,3.01,185910,0
FEAM.US,D,20230525,000000,3.01,3.01,2.6575,2.7,216170,0
FEAM.US,D,20230526,000000,2.72,2.73,2.47,2.72,157444,0
FEAM.US,D,20230530,000000,2.85,2.93,2.7,2.86,209312,0
FEAM.US,D,20230531,000000,2.85,2.86,2.68,2.84,191767,0
FEAM.US,D,20230601,000000,2.8,3.08,2.645,3.03,164722,0
FEAM.US,D,20230602,000000,3.12,3.54,3.05,3.45,259195,0
FEAM.US,D,20230605,000000,3.38,3.55,3.23,3.46,220075,0
FEAM.US,D,20230606,000000,3.46,3.76,3.34,3.74,176685,0
FEAM.US,D,20230607,000000,3.81,4,3.73,3.87,214278,0
FEAM.US,D,20230608,000000,3.89,3.998,3.73,3.89,149568,0
FEAM.US,D,20230609,000000,3.88,4.08,3.715,4.05,123608,0
FEAM.US,D,20230612,000000,4.09,4.44,3.96,4.18,135195,0
FEAM.US,D,20230613,000000,4.26,4.49,4.12,4.37,152473,0
FEAM.US,D,20230614,000000,4.46,4.49,4.18,4.22,111170,0
FEAM.US,D,20230615,000000,4.21,4.27,3.77,3.98,171527,0
FEAM.US,D,20230616,000000,4.13,4.44,3.87,4.32,238799,0
FEAM.US,D,20230620,000000,4.3,4.49,4.18,4.38,159289,0
FEAM.US,D,20230621,000000,4.34,4.49,4.05,4.17,155908,0
FEAM.US,D,20230622,000000,4.12,4.12,3.73,3.81,199597,0
FEAM.US,D,20230623,000000,3.65,4.6,3.46,4.6,961984,0
FEAM.US,D,20230626,000000,4.25,4.51,4.11,4.13,440360,0
FEAM.US,D,20230627,000000,4.12,4.12,3.725,3.935,237939,0
FEAM.US,D,20230628,000000,3.95,3.95,3.45,3.485,264592,0
FEAM.US,D,20230629,000000,3.48,3.6,3.36,3.54,1043602,0
FEAM.US,D,20230630,000000,3.59,3.59,3.24,3.28,187123,0
FEAM.US,D,20230703,000000,3.28,3.36,3.23,3.34,74618,0
FEAM.US,D,20230705,000000,3.33,3.395,3.1801,3.26,164897,0
FEAM.US,D,20230706,000000,3.25,3.2504,2.97,3.18,148618,0
FEAM.US,D,20230707,000000,3.18,3.33,3.15,3.27,104701,0
FEAM.US,D,20230710,000000,3.26,3.32,3.15,3.21,53590,0
FEAM.US,D,20230711,000000,3.22,3.55,3.18,3.53,142357,0
FEAM.US,D,20230712,000000,3.64,3.82,3.59,3.63,142215,0
FEAM.US,D,20230713,000000,3.61,3.909,3.6,3.83,82727,0
FEAM.US,D,20230714,000000,3.85,3.85,3.53,3.58,64605,0
FEAM.US,D,20230717,000000,3.56,3.88,3.48,3.82,138405,0
FEAM.US,D,20230718,000000,3.94,3.9999,3.71,3.89,137898,0
FEAM.US,D,20230719,000000,3.9,4.415,3.89,4.02,113513,0
FEAM.US,D,20230720,000000,4.05,4.13,3.89,3.93,80012,0
FEAM.US,D,20230721,000000,3.95,4,3.7,3.75,76370,0
FEAM.US,D,20230724,000000,3.75,3.75,3.31,3.57,59332,0
FEAM.US,D,20230725,000000,3.57,3.66,3.41,3.52,48656,0
FEAM.US,D,20230726,000000,3.56,3.7387,3.5,3.54,81968,0
FEAM.US,D,20230727,000000,3.57,3.65,3.29,3.32,80589,0
FEAM.US,D,20230728,000000,3.35,3.38,3.24,3.32,77338,0
FEAM.US,D,20230731,000000,3.36,3.59,3.35,3.51,93133,0
FEAM.US,D,20230801,000000,3.5,3.5,3.33,3.36,50952,0
FEAM.US,D,20230802,000000,3.33,3.3563,3.12,3.25,92327,0
FEAM.US,D,20230803,000000,3.2,3.54,3.1814,3.51,137522,0
FEAM.US,D,20230804,000000,3.54,3.77,3.46,3.59,75090,0
FEAM.US,D,20230807,000000,3.45,3.45,3.2,3.26,111693,0
FEAM.US,D,20230808,000000,3.3,3.36,3.06,3.21,62972,0
FEAM.US,D,20230809,000000,3.19,3.23,3.09,3.15,73923,0
FEAM.US,D,20230810,000000,3.2,3.2,3.0543,3.075,31708,0
FEAM.US,D,20230811,000000,3.06,3.24,3.05,3.2,58120,0
FEAM.US,D,20230814,000000,3.21,3.305,3.18,3.24,45234,0
FEAM.US,D,20230815,000000,3.24,3.24,3.07,3.11,63726,0
FEAM.US,D,20230816,000000,3.12,3.17,3.03,3.13,59096,0
FEAM.US,D,20230817,000000,3.09,3.12,2.99,3.03,87881,0
FEAM.US,D,20230818,000000,3.01,3.02,2.8129,2.88,147228,0
FEAM.US,D,20230821,000000,2.89,2.89,2.6,2.69,125522,0
FEAM.US,D,20230822,000000,2.71,2.8,2.63,2.74,89201,0
FEAM.US,D,20230823,000000,2.765,2.765,2.64,2.67,64754,0
FEAM.US,D,20230824,000000,2.68,2.71,2.51,2.57,137083,0
FEAM.US,D,20230825,000000,2.56,2.68,2.51,2.59,115963,0
FEAM.US,D,20230828,000000,2.62,2.68,2.58,2.62,47516,0
FEAM.US,D,20230829,000000,2.7,2.7,2.56,2.62,71417,0
FEAM.US,D,20230830,000000,2.62,2.62,2.51,2.54,77372,0
FEAM.US,D,20230831,000000,2.76,2.76,2.54,2.56,67171,0
FEAM.US,D,20230901,000000,2.56,2.65,2.33,2.39,109003,0
FEAM.US,D,20230905,000000,2.47,2.52,2.2,2.27,177490,0
FEAM.US,D,20230906,000000,2.28,2.28,2.23,2.26,102459,0
FEAM.US,D,20230907,000000,2.19,2.32,2.17,2.25,201125,0
FEAM.US,D,20230908,000000,2.4,2.54,2.26,2.46,165889,0
FEAM.US,D,20230911,000000,2.47,2.47,2.25,2.26,92682,0
FEAM.US,D,20230912,000000,2.42,2.44,2.275,2.33,84793,0
FEAM.US,D,20230913,000000,2.32,2.32,2.22,2.22,128278,0
FEAM.US,D,20230914,000000,2.2195,2.3707,2.2195,2.32,64693,0
FEAM.US,D,20230915,000000,2.38,2.9199,2.33,2.41,874436,0
FEAM.US,D,20230918,000000,2.5,2.5,2.24,2.33,142876,0
FEAM.US,D,20230919,000000,2.31,2.385,2.22,2.28,64039,0
FEAM.US,D,20230920,000000,2.29,2.355,2.24,2.25,60961,0
FEAM.US,D,20230921,000000,2.26,2.38,2.2,2.25,107984,0
FEAM.US,D,20230922,000000,2.45,2.87,2.25,2.26,438117,0
FEAM.US,D,20230925,000000,2.27,2.6,2.27,2.49,266387,0
FEAM.US,D,20230926,000000,2.42,2.61,2.42,2.55,61906,0
FEAM.US,D,20230927,000000,2.37,2.59,2.31,2.49,162146,0
FEAM.US,D,20230928,000000,2.51,2.54,2.34,2.37,435696,0
FEAM.US,D,20230929,000000,2.43,2.53,2.21,2.26,141346,0
FEAM.US,D,20231002,000000,2.26,2.5299,2.26,2.34,100027,0
FEAM.US,D,20231003,000000,2.31,2.4,2.2179,2.26,111996,0
FEAM.US,D,20231004,000000,2.2,2.34,2.18,2.25,106532,0
FEAM.US,D,20231005,000000,2.25,2.4,2.25,2.25,97493,0
FEAM.US,D,20231006,000000,2.21,2.505,2.21,2.43,54155,0
FEAM.US,D,20231009,000000,2.38,2.52,2.26,2.26,50862,0
FEAM.US,D,20231010,000000,2.32,2.91,2.32,2.78,226949,0
FEAM.US,D,20231011,000000,2.96,3.35,2.96,3.26,338738,0
FEAM.US,D,20231012,000000,3.24,3.24,3.02,3.14,152581,0
FEAM.US,D,20231013,000000,3.14,3.14,2.85,3.1,130284,0
FEAM.US,D,20231016,000000,3.1,3.15,2.99,3.1,109410,0
FEAM.US,D,20231017,000000,3,3.09,2.945,2.99,89998,0
FEAM.US,D,20231018,000000,2.95,2.95,2.67,2.83,75065,0
FEAM.US,D,20231019,000000,2.81,2.8201,2.61,2.645,47119,0
FEAM.US,D,20231020,000000,2.67,2.69,2.465,2.62,125239,0
FEAM.US,D,20231023,000000,2.6,2.63,2.42,2.49,70377,0
FEAM.US,D,20231024,000000,2.54,2.66,2.24,2.305,95129,0
FEAM.US,D,20231025,000000,2.31,2.56,2.31,2.49,119929,0
FEAM.US,D,20231026,000000,2.52,2.52,2.36,2.44,44316,0
FEAM.US,D,20231027,000000,2.4,2.51,2.3618,2.44,42126,0
FEAM.US,D,20231030,000000,2.5,2.603,2.24,2.27,99239,0
FEAM.US,D,20231031,000000,2.24,2.4,2.23,2.25,89340,0
FEAM.US,D,20231101,000000,2.27,2.45,2.27,2.38,42437,0
FEAM.US,D,20231102,000000,2.42,2.56,2.3204,2.51,60333,0
FEAM.US,D,20231103,000000,2.59,2.61,2.44,2.53,177196,0
FEAM.US,D,20231106,000000,2.51,2.55,2.373,2.39,43916,0
FEAM.US,D,20231107,000000,2.41,2.41,2.2508,2.33,56426,0
FEAM.US,D,20231108,000000,2.35,2.4,2.2,2.29,52023,0
FEAM.US,D,20231109,000000,2.28,2.31,2.17,2.22,92044,0
FEAM.US,D,20231110,000000,2,2,1.7001,2,446848,0
FEAM.US,D,20231113,000000,1.98,2,1.85,1.915,209123,0
FEAM.US,D,20231114,000000,1.88,2.04,1.8625,1.98,194109,0
FEAM.US,D,20231115,000000,2,2.05,1.91,2,96573,0
FEAM.US,D,20231116,000000,1.96,2.02,1.91,1.96,69655,0
FEAM.US,D,20231117,000000,1.98,2.07,1.98,2.03,74870,0
FEAM.US,D,20231120,000000,2.03,2.07,1.95,2.01,47427,0
FEAM.US,D,20231121,000000,1.96,2.08,1.91,2,83271,0
FEAM.US,D,20231122,000000,2.1,2.2909,1.94,1.97,118480,0
FEAM.US,D,20231124,000000,2.24,2.31,2.12,2.23,160395,0
FEAM.US,D,20231127,000000,2.25,2.3647,1.9701,2.04,180264,0
FEAM.US,D,20231128,000000,2.11,2.11,1.99,2.025,95583,0
FEAM.US,D,20231129,000000,2,2.11,1.99,2.05,103682,0
FEAM.US,D,20231130,000000,2.02,2.13,1.98,2.06,74002,0
FEAM.US,D,20231201,000000,2,2.18,1.9,2.15,162082,0
FEAM.US,D,20231204,000000,2.14,2.23,2.102,2.17,86124,0
FEAM.US,D,20231205,000000,2.11,2.14,1.975,2,145428,0
FEAM.US,D,20231206,000000,1.89,1.93,1.59,1.67,343353,0
FEAM.US,D,20231207,000000,1.63,1.74,1.4,1.48,212227,0
FEAM.US,D,20231208,000000,1.54,1.61,1.5,1.6,116813,0
FEAM.US,D,20231211,000000,1.57,1.57,1.46,1.48,229220,0
FEAM.US,D,20231212,000000,1.51,1.51,1.39,1.44,187859,0
FEAM.US,D,20231213,000000,1.4,1.53,1.37,1.53,134533,0
FEAM.US,D,20231214,000000,1.57,1.57,1.4,1.42,220603,0
FEAM.US,D,20231215,000000,1.43,1.43,1.27,1.4,273471,0
FEAM.US,D,20231218,000000,1.47,1.61,1.4401,1.515,224821,0
FEAM.US,D,20231219,000000,1.5,1.65,1.46,1.63,212053,0
FEAM.US,D,20231220,000000,1.64,1.7255,1.52,1.55,188873,0
FEAM.US,D,20231221,000000,1.47,1.53,1.36,1.385,324783,0
FEAM.US,D,20231222,000000,1.34,1.5,1.32,1.47,291358,0
FEAM.US,D,20231226,000000,1.5,1.51,1.35,1.42,214839,0
FEAM.US,D,20231227,000000,1.44,1.48,1.39,1.42,191190,0
FEAM.US,D,20231228,000000,1.42,1.51,1.32,1.4,1563161,0
FEAM.US,D,20231229,000000,1.38,1.51,1.38,1.41,198013,0
FEAM.US,D,20240102,000000,1.42,1.47,1.37,1.44,247513,0
FEAM.US,D,20240103,000000,1.6,1.63,1.38,1.4,442758,0
FEAM.US,D,20240104,000000,1.4199,1.51,1.37,1.42,202783,0
FEAM.US,D,20240105,000000,1.43,1.48,1.39,1.4,150866,0
FEAM.US,D,20240108,000000,1.41,1.45,1.35,1.41,145883,0
FEAM.US,D,20240109,000000,1.4,1.46,1.355,1.38,157866,0
FEAM.US,D,20240110,000000,1.38,1.42,1.35,1.41,105028,0
FEAM.US,D,20240111,000000,1.4,1.415,1.3,1.32,285690,0
FEAM.US,D,20240112,000000,1.36,1.475,1.3225,1.4,169360,0
FEAM.US,D,20240116,000000,1.45,1.459,1.32,1.34,154067,0
FEAM.US,D,20240117,000000,1.32,1.35,1.26,1.29,151762,0
FEAM.US,D,20240118,000000,1.29,1.3,1.12,1.205,140483,0
FEAM.US,D,20240119,000000,1.21,1.21,1.1101,1.2,250736,0
FEAM.US,D,20240122,000000,1.2,1.29,1.18,1.2,130147,0
FEAM.US,D,20240123,000000,1.24,1.24,1.11,1.18,72911,0
FEAM.US,D,20240124,000000,1.24,1.32,1.21,1.25,116930,0
FEAM.US,D,20240125,000000,1.31,1.34,1.27,1.29,118426,0
FEAM.US,D,20240126,000000,1.25,1.4,1.25,1.36,88484,0
FEAM.US,D,20240129,000000,1.38,1.5,1.28,1.49,103000,0
FEAM.US,D,20240130,000000,1.46,1.5334,1.42,1.43,111087,0
FEAM.US,D,20240131,000000,1.46,1.49,1.41,1.42,59107,0
FEAM.US,D,20240201,000000,1.43,1.4791,1.3,1.36,86423,0
FEAM.US,D,20240202,000000,1.36,1.41,1.25,1.3,70739,0
FEAM.US,D,20240205,000000,1.28,1.325,1.27,1.27,128745,0
FEAM.US,D,20240206,000000,1.26,1.36,1.26,1.34,55659,0
FEAM.US,D,20240207,000000,1.31,1.311,1.17,1.31,116310,0
FEAM.US,D,20240208,000000,1.31,1.35,1.25,1.305,65470,0
FEAM.US,D,20240209,000000,1.29,1.33,1.26,1.26,97450,0
FEAM.US,D,20240212,000000,1.26,1.33,1.2401,1.27,165596,0
FEAM.US,D,20240213,000000,1.23,1.25,1.17,1.22,162921,0
FEAM.US,D,20240214,000000,1.24,1.33,1.22,1.33,91869,0
FEAM.US,D,20240215,000000,1.32,1.41,1.28,1.38,144647,0
FEAM.US,D,20240216,000000,1.4,1.41,1.25,1.3,98964,0
FEAM.US,D,20240220,000000,1.3,1.31,1.16,1.165,168291,0
FEAM.US,D,20240221,000000,1.15,1.23,1.09,1.13,120648,0
FEAM.US,D,20240222,000000,1.15,1.18,1.03,1.05,173776,0
FEAM.US,D,20240223,000000,1.05,1.24,1.05,1.18,135713,0
FEAM.US,D,20240226,000000,1.25,1.49,1.195,1.48,250788,0
FEAM.US,D,20240227,000000,1.49,2.48,1.49,1.86,763106,0
FEAM.US,D,20240228,000000,1.96,2.4286,1.95,1.99,413298,0
FEAM.US,D,20240229,000000,2.1,2.1,1.8,1.81,241558,0
FEAM.US,D,20240301,000000,1.75,1.85,1.62,1.66,182435,0
FEAM.US,D,20240304,000000,1.69,1.87,1.56,1.61,133598,0
FEAM.US,D,20240305,000000,1.58,1.66,1.43,1.46,136739,0
FEAM.US,D,20240306,000000,1.5,1.5399,1.4,1.43,77025,0
FEAM.US,D,20240307,000000,1.46,1.72,1.45,1.48,196421,0
FEAM.US,D,20240308,000000,1.49,1.66,1.49,1.64,90158,0
FEAM.US,D,20240311,000000,1.62,1.69,1.56,1.57,80910,0
FEAM.US,D,20240312,000000,1.6,1.6,1.41,1.445,91017,0
FEAM.US,D,20240313,000000,1.43,1.51,1.39,1.39,223224,0
FEAM.US,D,20240314,000000,1.43,1.51,1.29,1.29,359363,0
FEAM.US,D,20240315,000000,1.28,1.51,1.28,1.32,625951,0
FEAM.US,D,20240318,000000,1.36,1.37,1.25,1.26,478612,0
FEAM.US,D,20240319,000000,1.28,1.36,1.17,1.2,503645,0
FEAM.US,D,20240320,000000,1.23,1.26,1.17,1.24,405522,0
FEAM.US,D,20240321,000000,1.24,1.32,1.23,1.27,125201,0
FEAM.US,D,20240322,000000,1.23,1.26,1.22,1.25,65622,0
FEAM.US,D,20240325,000000,1.25,1.27,1.2,1.2,260082,0
FEAM.US,D,20240326,000000,1.22,1.265,1.2,1.25,100676,0
FEAM.US,D,20240327,000000,1.25,1.3668,1.25,1.34,143270,0
FEAM.US,D,20240328,000000,1.34,1.39,1.3188,1.34,111234,0
FEAM.US,D,20240401,000000,1.34,1.395,1.25,1.31,108593,0
FEAM.US,D,20240402,000000,1.3,1.3101,1.25,1.31,139495,0
FEAM.US,D,20240403,000000,1.5,1.66,1.46,1.48,1017380,0
FEAM.US,D,20240404,000000,1.45,1.51,1.385,1.4,263961,0
FEAM.US,D,20240405,000000,1.4,1.41,1.26,1.38,192570,0
FEAM.US,D,20240408,000000,1.38,1.43,1.27,1.275,122230,0
FEAM.US,D,20240409,000000,1.3,1.34,1.2,1.27,184245,0
FEAM.US,D,20240410,000000,1.25,1.29,1.2,1.26,131536,0
FEAM.US,D,20240411,000000,1.25,1.275,1.2,1.26,137723,0
FEAM.US,D,20240412,000000,1.26,1.31,1.21,1.22,165642,0
FEAM.US,D,20240415,000000,1.23,1.24,1.18,1.21,210487,0
FEAM.US,D,20240416,000000,1.18,1.22,1.1,1.15,156678,0
FEAM.US,D,20240417,000000,1.15,1.19,1.08,1.15,106579,0
FEAM.US,D,20240418,000000,1.16,1.21,1.13,1.19,66690,0
FEAM.US,D,20240419,000000,1.18,1.2199,1.14,1.19,90930,0
FEAM.US,D,20240422,000000,1.175,1.21,1.1,1.2,68900,0
FEAM.US,D,20240423,000000,1.18,1.33,1.14,1.26,159849,0
FEAM.US,D,20240424,000000,1.24,1.24,1.14,1.16,99458,0
FEAM.US,D,20240425,000000,1.16,1.1615,1.1,1.11,69366,0
FEAM.US,D,20240426,000000,1.13,1.15,1.1,1.13,38433,0
FEAM.US,D,20240429,000000,1.18,1.18,1.09,1.1,125411,0
FEAM.US,D,20240430,000000,1.09,1.22,1.09,1.15,129096,0
FEAM.US,D,20240501,000000,1.23,1.23,1.13,1.15,105615,0
FEAM.US,D,20240502,000000,1.23,1.42,1.16,1.28,326950,0
FEAM.US,D,20240503,000000,1.28,1.39,1.23,1.39,167847,0
FEAM.US,D,20240506,000000,1.4,1.46,1.35,1.44,146894,0
FEAM.US,D,20240507,000000,1.46,1.46,1.35,1.38,71990,0
FEAM.US,D,20240508,000000,1.38,1.46,1.22,1.41,172281,0
FEAM.US,D,20240509,000000,1.39,1.46,1.35,1.45,99563,0
FEAM.US,D,20240510,000000,1.45,1.45,1.4,1.43,116061,0
FEAM.US,D,20240513,000000,1.46,1.46,1.4,1.44,74578,0
FEAM.US,D,20240514,000000,1.46,1.66,1.44,1.6,165080,0
FEAM.US,D,20240515,000000,1.62,1.62,1.45,1.475,87041,0
FEAM.US,D,20240516,000000,1.5,1.51,1.41,1.44,61668,0
FEAM.US,D,20240517,000000,1.45,1.55,1.4177,1.5,76939,0
FEAM.US,D,20240520,000000,1.5,1.52,1.43,1.43,59145,0
FEAM.US,D,20240521,000000,1.43,1.59,1.43,1.58,75739,0
FEAM.US,D,20240522,000000,1.56,1.59,1.48,1.59,131398,0
FEAM.US,D,20240523,000000,1.6,1.995,1.6,1.79,933817,0
FEAM.US,D,20240524,000000,1.76,1.84,1.69,1.83,334387,0
FEAM.US,D,20240528,000000,1.8,1.84,1.59,1.84,257354,0
FEAM.US,D,20240529,000000,1.78,1.78,1.51,1.53,213111,0
FEAM.US,D,20240530,000000,1.55,1.55,1.5,1.515,178440,0
FEAM.US,D,20240531,000000,1.53,1.5387,1.405,1.44,119814,0
FEAM.US,D,20240603,000000,1.46,1.47,1.425,1.45,148846,0
FEAM.US,D,20240604,000000,1.45,1.48,1.41,1.46,104076,0
FEAM.US,D,20240605,000000,1.48,1.49,1.46,1.49,87343,0
FEAM.US,D,20240606,000000,1.48,1.56,1.45,1.48,106381,0
FEAM.US,D,20240607,000000,1.466,1.48,1.41,1.45,91121,0
FEAM.US,D,20240610,000000,1.46,1.48,1.45,1.45,75999,0
FEAM.US,D,20240611,000000,1.41,1.46,1.41,1.44,141552,0
FEAM.US,D,20240612,000000,1.48,1.61,1.42,1.44,113214,0
FEAM.US,D,20240613,000000,1.42,1.42,1.36,1.37,114071,0
FEAM.US,D,20240614,000000,1.43,1.43,1.24,1.27,113850,0
FEAM.US,D,20240617,000000,1.25,1.27,1.14,1.24,209028,0
FEAM.US,D,20240618,000000,1.24,1.29,1.2,1.21,53069,0
FEAM.US,D,20240620,000000,1.22,1.355,1.2,1.32,94673,0
FEAM.US,D,20240621,000000,1.3,1.33,1.22,1.24,204038,0
FEAM.US,D,20240624,000000,1.24,1.3,1.2301,1.28,115601,0
FEAM.US,D,20240625,000000,1.26,1.28,1.24,1.26,111427,0
FEAM.US,D,20240626,000000,1.28,1.42,1.241,1.33,203274,0
FEAM.US,D,20240627,000000,1.32,1.44,1.2,1.44,313144,0
FEAM.US,D,20240628,000000,1.46,1.47,1.19,1.21,4523511,0
FEAM.US,D,20240701,000000,1.37,1.37,1.21,1.3,443315,0
FEAM.US,D,20240702,000000,1.32,1.32,1.21,1.23,137908,0
FEAM.US,D,20240703,000000,1.24,1.29,1.19,1.24,431625,0
FEAM.US,D,20240705,000000,1.24,1.25,1.2,1.24,57152,0
FEAM.US,D,20240708,000000,1.28,1.28,1.165,1.22,136409,0
FEAM.US,D,20240709,000000,1.23,1.23,0.99,1.06,275570,0
FEAM.US,D,20240710,000000,1.04,1.18,1,1.09,132618,0
FEAM.US,D,20240711,000000,1.1,1.18,1.06,1.14,140724,0
FEAM.US,D,20240712,000000,1.15,1.15,1.06,1.08,106314,0
FEAM.US,D,20240715,000000,1.08,1.1,1,1.01,89705,0
FEAM.US,D,20240716,000000,1.1,1.12,1.0129,1.07,89740,0
FEAM.US,D,20240717,000000,1.07,1.1,1,1.05,116203,0
FEAM.US,D,20240718,000000,1.03,1.06,0.972,0.975,89228,0
FEAM.US,D,20240719,000000,0.9833,1.01,0.9801,0.9901,41895,0
FEAM.US,D,20240722,000000,0.9984,1.07,0.9943,1,22557,0
FEAM.US,D,20240723,000000,0.9968,1.03,0.9929,1.03,23036,0
FEAM.US,D,20240724,000000,1.01,1.05,0.99,1.02,80536,0
FEAM.US,D,20240725,000000,1.01,1.01,0.97,0.9701,48535,0
FEAM.US,D,20240726,000000,1.01,1.01,0.952,0.9835,23546,0
FEAM.US,D,20240729,000000,0.99,1,0.99,0.99,26158,0
FEAM.US,D,20240730,000000,0.9901,1.02,0.99,1.01,57402,0
FEAM.US,D,20240731,000000,0.997,1.01,0.99,0.99,36341,0
FEAM.US,D,20240801,000000,0.99,1.01,0.9661,1.01,56939,0
FEAM.US,D,20240802,000000,0.9787,1.01,0.846,0.8603,111542,0
FEAM.US,D,20240805,000000,0.86,0.869,0.778,0.8569,95171,0
FEAM.US,D,20240806,000000,1.0089,1.0089,0.904,0.982,59536,0
FEAM.US,D,20240807,000000,0.95,0.98,0.85,0.8715,39887,0
FEAM.US,D,20240808,000000,0.929,0.976,0.929,0.9414,21063,0
FEAM.US,D,20240809,000000,0.9367,0.952,0.8714,0.8947,34692,0
FEAM.US,D,20240812,000000,0.88995,0.93,0.8002,0.8401,42792,0
FEAM.US,D,20240813,000000,0.831,0.93,0.821,0.925,32446,0
FEAM.US,D,20240814,000000,0.9246,0.9246,0.84505,0.86,30041,0
FEAM.US,D,20240815,000000,0.8632,0.92,0.8632,0.92,79569,0
FEAM.US,D,20240816,000000,0.8571,0.92,0.84,0.87,57465,0
FEAM.US,D,20240819,000000,0.885,0.93,0.872,0.905,62099,0
FEAM.US,D,20240820,000000,0.9,0.94,0.87,0.8789,34932,0
FEAM.US,D,20240821,000000,0.88,0.9299,0.84,0.8561,62929,0
FEAM.US,D,20240822,000000,0.8561,0.875,0.81,0.81,69848,0
FEAM.US,D,20240823,000000,0.7967,0.8162,0.77,0.7981,108725,0
FEAM.US,D,20240826,000000,0.7742,0.7742,0.6261,0.6993,286202,0
FEAM.US,D,20240827,000000,0.6783,0.71,0.63,0.649,378918,0
FEAM.US,D,20240828,000000,0.63,0.7001,0.63,0.63,80725,0
FEAM.US,D,20240829,000000,0.63,0.7,0.63,0.6669,58935,0
FEAM.US,D,20240830,000000,0.6937,0.75,0.6513,0.7189,100162,0
FEAM.US,D,20240903,000000,0.7499,0.7499,0.64,0.67,120702,0
FEAM.US,D,20240904,000000,0.696,0.696,0.6325,0.6837,111362,0
FEAM.US,D,20240905,000000,0.72,0.7499,0.6501,0.671,73519,0
FEAM.US,D,20240906,000000,0.6859,0.699,0.618,0.6538,61700,0
FEAM.US,D,20240909,000000,0.64,0.64,0.554,0.5702,112632,0
FEAM.US,D,20240910,000000,0.5705,0.5987,0.5,0.5389,113395,0
FEAM.US,D,20240911,000000,0.54,0.565,0.525,0.5257,64297,0
FEAM.US,D,20240912,000000,0.5488,0.5597,0.5,0.5,87534,0
FEAM.US,D,20240913,000000,0.502,0.535,0.5,0.5051,151317,0
FEAM.US,D,20240916,000000,0.5303,0.54,0.5,0.5,68873,0
FEAM.US,D,20240917,000000,0.5,0.54,0.5,0.503,60336,0
FEAM.US,D,20240918,000000,0.5,0.53,0.4833,0.4833,87288,0
FEAM.US,D,20240919,000000,0.522999,0.522999,0.481019,0.4811,83863,0
FEAM.US,D,20240920,000000,0.5,0.5001,0.4211,0.4316,124077,0
FEAM.US,D,20240923,000000,0.4192,0.46,0.4038,0.4038,117653,0
FEAM.US,D,20240924,000000,0.44,0.4643,0.4084,0.4084,123883,0
FEAM.US,D,20240925,000000,0.424,0.5,0.4159,0.469,123726,0
FEAM.US,D,20240926,000000,0.469,0.499,0.46,0.4913,53240,0
FEAM.US,D,20240927,000000,0.4913,0.5158,0.445,0.4691,26233,0
FEAM.US,D,20240930,000000,0.483,0.603,0.4751,0.54,208574,0
FEAM.US,D,20241001,000000,0.5539,0.7179,0.55,0.6194,561533,0
FEAM.US,D,20241002,000000,0.72,0.8,0.6747,0.6966,675780,0
FEAM.US,D,20241003,000000,0.75,0.8,0.691,0.7133,217336,0
FEAM.US,D,20241004,000000,0.71,0.736,0.64,0.692,125285,0
FEAM.US,D,20241007,000000,0.7,0.7,0.62,0.666,95022,0
FEAM.US,D,20241008,000000,0.66,0.7479,0.5606,0.6298,173443,0
FEAM.US,D,20241009,000000,0.651,0.659,0.6,0.648,56169,0
FEAM.US,D,20241010,000000,0.65,0.6634,0.598949,0.6482,212437,0
FEAM.US,D,20241011,000000,0.65,0.65,0.6,0.622,16576,0
FEAM.US,D,20241014,000000,0.6118,0.64,0.57,0.6201,58591,0
FEAM.US,D,20241015,000000,0.62,0.689,0.6,0.6274,65001,0
FEAM.US,D,20241016,000000,0.6019,0.64,0.6,0.63,24004,0
FEAM.US,D,20241017,000000,0.639,0.639,0.6,0.6254,42919,0
FEAM.US,D,20241018,000000,0.61,0.638,0.6,0.601,6887,0
FEAM.US,D,20241021,000000,0.64,0.688,0.55835,0.6048,196372,0
FEAM.US,D,20241022,000000,0.6,0.6048,0.5,0.532,101185,0
FEAM.US,D,20241023,000000,0.55,0.58,0.5,0.554,89138,0
FEAM.US,D,20241024,000000,0.55,0.555,0.495,0.4983,145278,0
FEAM.US,D,20241025,000000,0.5,0.567,0.5,0.5374,118434,0
FEAM.US,D,20241028,000000,0.5395,0.5395,0.4915,0.516,82968,0
FEAM.US,D,20241029,000000,0.48,0.5,0.4312,0.495,106647,0
FEAM.US,D,20241030,000000,0.488,0.4986,0.4501,0.4651,54242,0
FEAM.US,D,20241031,000000,0.47,0.498,0.46,0.49,49740,0
FEAM.US,D,20241101,000000,0.4536,0.5,0.411,0.4613,77601,0
FEAM.US,D,20241104,000000,0.499,0.5024,0.44,0.46,54207,0
FEAM.US,D,20241105,000000,0.444,0.499999,0.421,0.464,103011,0
FEAM.US,D,20241106,000000,0.49,0.5,0.47,0.4816,53089,0
FEAM.US,D,20241107,000000,0.5,0.5296,0.4595,0.47,91999,0
FEAM.US,D,20241108,000000,0.47,0.56,0.47,0.496,120904,0
FEAM.US,D,20241111,000000,0.4982,0.51,0.46,0.47,43902,0
FEAM.US,D,20241112,000000,0.46,0.483,0.451,0.48,38380,0
FEAM.US,D,20241113,000000,0.461,0.5,0.45,0.461,57986,0
FEAM.US,D,20241114,000000,0.461,0.47,0.45,0.46,45470,0
FEAM.US,D,20241115,000000,0.455,0.48,0.4495,0.47,29296,0
FEAM.US,D,20241118,000000,0.47,0.48,0.44,0.445,68626,0
FEAM.US,D,20241119,000000,0.457,0.47,0.431,0.4406,46685,0
FEAM.US,D,20241120,000000,0.4406,0.48,0.43,0.442,27822,0
FEAM.US,D,20241121,000000,0.442,0.4707,0.4335,0.46,68328,0
FEAM.US,D,20241122,000000,0.49,0.5301,0.49,0.5013,96153,0
FEAM.US,D,20241125,000000,0.5298,0.53,0.46,0.4628,136710,0
FEAM.US,D,20241126,000000,0.493,0.499049,0.43,0.4613,70458,0
FEAM.US,D,20241127,000000,0.4613,0.49,0.461,0.461,60928,0
FEAM.US,D,20241129,000000,0.4841,0.4999,0.4385,0.452,14787,0
FEAM.US,D,20241202,000000,0.4511,0.517,0.45,0.47,71189,0
FEAM.US,D,20241203,000000,0.432,0.48,0.432,0.45,47687,0
FEAM.US,D,20241204,000000,0.45,0.48,0.431,0.431,58447,0
FEAM.US,D,20241205,000000,0.47,0.47,0.41,0.42,114708,0
FEAM.US,D,20241206,000000,0.45,0.475,0.419,0.428,53649,0
FEAM.US,D,20241209,000000,0.4201,0.45,0.3805,0.4398,79792,0
FEAM.US,D,20241210,000000,0.4398,0.46,0.4042,0.45,45817,0
FEAM.US,D,20241211,000000,0.45,0.5025,0.4,0.4398,90186,0
FEAM.US,D,20241212,000000,0.4398,0.4524,0.4075,0.4223,32886,0
FEAM.US,D,20241213,000000,0.43,0.51,0.43,0.43,47356,0
FEAM.US,D,20241216,000000,0.4515,0.4845,0.4015,0.4301,137354,0
FEAM.US,D,20241217,000000,0.44,0.46,0.41,0.43,44702,0
FEAM.US,D,20241218,000000,0.445,0.5099,0.42,0.4849,234612,0
FEAM.US,D,20241219,000000,0.5,0.51,0.4536,0.4536,90333,0
FEAM.US,D,20241220,000000,0.46,0.5,0.46,0.47,55307,0
FEAM.US,D,20241223,000000,0.499,0.5,0.43,0.4412,90154,0
FEAM.US,D,20241224,000000,0.465,0.49,0.4351,0.4351,29838,0
FEAM.US,D,20241226,000000,0.493,0.6,0.44,0.49,476871,0
FEAM.US,D,20241227,000000,0.49,0.72,0.4614,0.66,744230,0
FEAM.US,D,20241230,000000,0.68,1.08,0.6174,1,1969825,0
FEAM.US,D,20241231,000000,0.88,0.88,0.621,0.64,946085,0
FEAM.US,D,20250102,000000,0.6581,0.7299,0.58,0.632,390822,0
FEAM.US,D,20250103,000000,0.64,0.77,0.64,0.689,526191,0
FEAM.US,D,20250106,000000,0.66,0.6999,0.65,0.69,434644,0
FEAM.US,D,20250107,000000,0.68,0.7006,0.65,0.6859,428057,0
FEAM.US,D,20250108,000000,0.6653,0.6781,0.6,0.61,435808,0
FEAM.US,D,20250110,000000,0.61,0.6499,0.554,0.566,127944,0
FEAM.US,D,20250113,000000,0.581,0.6482,0.55,0.5703,205291,0
FEAM.US,D,20250114,000000,0.5532,0.75,0.5111,0.549,585215,0
FEAM.US,D,20250115,000000,0.558,0.5599,0.469,0.541,149181,0
FEAM.US,D,20250116,000000,0.5248,0.55,0.4801,0.494,112828,0
FEAM.US,D,20250117,000000,0.49,0.5397,0.4495,0.473,159274,0
FEAM.US,D,20250121,000000,0.519,0.55,0.45,0.54,86931,0
FEAM.US,D,20250122,000000,0.5,0.53,0.46,0.46,160175,0
FEAM.US,D,20250123,000000,0.449,0.5,0.449,0.4751,84101,0
FEAM.US,D,20250124,000000,0.475,0.475,0.44,0.445,82631,0
FEAM.US,D,20250127,000000,0.463,0.4731,0.4395,0.4598,74810,0
FEAM.US,D,20250128,000000,0.475,0.475,0.40495,0.4351,124108,0
FEAM.US,D,20250129,000000,0.4349,0.435,0.34,0.398,257728,0
FEAM.US,D,20250130,000000,0.41,0.4225,0.3652,0.4,135946,0
FEAM.US,D,20250131,000000,0.42,0.42,0.3812,0.395,72820,0
FEAM.US,D,20250203,000000,0.377,0.39,0.3476,0.363,114515,0
FEAM.US,D,20250204,000000,0.36,0.38,0.36,0.3653,95080,0
FEAM.US,D,20250205,000000,0.36,0.3824,0.3452,0.3539,68689,0
FEAM.US,D,20250206,000000,0.354,0.4668,0.345,0.38,966158,0
FEAM.US,D,20250207,000000,0.36,0.3749,0.34,0.3419,177656,0
FEAM.US,D,20250210,000000,0.3474,0.3647,0.3249,0.3316,129094,0
FEAM.US,D,20250211,000000,0.34,0.3546,0.3019,0.3155,187150,0
FEAM.US,D,20250212,000000,0.3,0.3,0.259,0.271,291870,0
FEAM.US,D,20250213,000000,0.2971,0.3275,0.2836,0.2998,307505,0
