<TICKER>,<PER>,<DATE>,<TIME>,<OPEN>,<HIGH>,<LOW>,<CLOSE>,<VOL>,<OPENINT>
FLDDW.US,D,20240805,000000,0.189,0.2493,0.189,0.19,43721,0
FLDDW.US,D,20240806,000000,0.196,0.25,0.192,0.25,11287,0
FLDDW.US,D,20240807,000000,0.229,0.23,0.15,0.16,71566,0
FLDDW.US,D,20240808,000000,0.2,0.2,0.2,0.2,3414,0
FLDDW.US,D,20240809,000000,0.215,0.23,0.2,0.2,65613,0
FLDDW.US,D,20240812,000000,0.2,0.2199,0.2,0.2099,15761,0
FLDDW.US,D,20240813,000000,0.21,0.2199,0.2,0.2,15386,0
FLDDW.US,D,20240814,000000,0.19,0.2049,0.189,0.19,14571,0
FLDDW.US,D,20240815,000000,0.2,0.2275,0.1832,0.1999,34854,0
FLDDW.US,D,20240816,000000,0.19,0.1999,0.19,0.191,4401,0
FLDDW.US,D,20240819,000000,0.194899,0.23,0.181,0.181,53338,0
FLDDW.US,D,20240820,000000,0.2009,0.2009,0.185,0.185,3588,0
FLDDW.US,D,20240821,000000,0.2,0.2075,0.195,0.195,28903,0
FLDDW.US,D,20240822,000000,0.1925,0.1925,0.185,0.19,26746,0
FLDDW.US,D,20240823,000000,0.23,0.23,0.1851,0.1853,12253,0
FLDDW.US,D,20240826,000000,0.2,0.2286,0.186,0.191,64504,0
FLDDW.US,D,20240827,000000,0.19,0.2298,0.186,0.2198,41870,0
FLDDW.US,D,20240829,000000,0.2197,0.2197,0.2,0.2,23668,0
FLDDW.US,D,20240830,000000,0.2298,0.229901,0.201,0.2299,104691,0
FLDDW.US,D,20240903,000000,0.225,0.2298,0.225,0.2298,5687,0
FLDDW.US,D,20240904,000000,0.23,0.2301,0.185,0.185,79698,0
FLDDW.US,D,20240906,000000,0.217551,0.217551,0.185,0.19,12507,0
FLDDW.US,D,20240910,000000,0.1851,0.19,0.16,0.161,159112,0
FLDDW.US,D,20240911,000000,0.162,0.16355,0.161,0.161,20839,0
FLDDW.US,D,20240912,000000,0.175,0.175,0.175,0.175,1250,0
FLDDW.US,D,20240913,000000,0.248,0.248,0.248,0.248,2193,0
FLDDW.US,D,20240916,000000,0.2399,0.2469,0.2399,0.2469,2045,0
FLDDW.US,D,20240917,000000,0.248,0.248,0.2,0.2,18548,0
FLDDW.US,D,20240918,000000,0.248,0.248,0.2,0.21,72495,0
FLDDW.US,D,20240919,000000,0.22,0.22,0.19,0.195,173509,0
FLDDW.US,D,20240920,000000,0.2,0.2,0.195,0.195,5171,0
FLDDW.US,D,20240923,000000,0.19,0.19,0.19,0.19,100,0
FLDDW.US,D,20240924,000000,0.2,0.2,0.19,0.2,11553,0
FLDDW.US,D,20240925,000000,0.2,0.2,0.1999,0.1999,2005,0
FLDDW.US,D,20240926,000000,0.2,0.2,0.1905,0.1905,11731,0
FLDDW.US,D,20240927,000000,0.2,0.2,0.1999,0.1999,1036,0
FLDDW.US,D,20240930,000000,0.2,0.2,0.1975,0.2,33600,0
FLDDW.US,D,20241004,000000,0.2,0.2,0.195,0.195,30620,0
FLDDW.US,D,20241007,000000,0.195,0.195,0.195,0.195,124,0
FLDDW.US,D,20241008,000000,0.195,0.195,0.195,0.195,400,0
FLDDW.US,D,20241009,000000,0.195,0.195,0.091,0.1199,160794,0
FLDDW.US,D,20241010,000000,0.125,0.13,0.04,0.052,88987,0
FLDDW.US,D,20241011,000000,0.079,0.146199,0.079,0.1155,30353,0
FLDDW.US,D,20241014,000000,0.12,0.1799,0.12,0.12,20361,0
FLDDW.US,D,20241015,000000,0.1269,0.144,0.1269,0.14,1900,0
FLDDW.US,D,20241016,000000,0.15,0.1725,0.15,0.16,11383,0
FLDDW.US,D,20241017,000000,0.18,0.18,0.16,0.1699,6153,0
FLDDW.US,D,20241018,000000,0.1699,0.17,0.169899,0.169899,1060,0
FLDDW.US,D,20241021,000000,0.17,0.17,0.1699,0.1699,11334,0
FLDDW.US,D,20241023,000000,0.1636,0.1658,0.1625,0.1625,2100,0
FLDDW.US,D,20241024,000000,0.17,0.17,0.165,0.165751,11941,0
FLDDW.US,D,20241025,000000,0.18,0.18,0.1625,0.17,32005,0
FLDDW.US,D,20241028,000000,0.1699,0.2227,0.1699,0.185,105560,0
FLDDW.US,D,20241029,000000,0.2023,0.2023,0.185,0.185,12437,0
FLDDW.US,D,20241030,000000,0.17,0.17,0.1625,0.1625,700,0
FLDDW.US,D,20241031,000000,0.175,0.2,0.165,0.175,10484,0
FLDDW.US,D,20241101,000000,0.17,0.17,0.1675,0.17,795,0
FLDDW.US,D,20241104,000000,0.1675,0.19,0.1675,0.1675,1825,0
FLDDW.US,D,20241105,000000,0.1675,0.19,0.155,0.155,11282,0
FLDDW.US,D,20241106,000000,0.19,0.2,0.155,0.19,42730,0
FLDDW.US,D,20241107,000000,0.21,0.22,0.19,0.19,14602,0
FLDDW.US,D,20241108,000000,0.2199,0.24,0.19,0.215,162492,0
FLDDW.US,D,20241111,000000,0.2025,0.248,0.195,0.2246,77217,0
FLDDW.US,D,20241112,000000,0.2226,0.248,0.20019,0.21,13013,0
FLDDW.US,D,20241113,000000,0.2365,0.2999,0.221,0.23,470995,0
FLDDW.US,D,20241114,000000,0.214999,0.2673,0.21,0.21,98557,0
FLDDW.US,D,20241115,000000,0.21,0.26,0.2,0.2,125383,0
FLDDW.US,D,20241118,000000,0.245,0.2474,0.21,0.235,23513,0
FLDDW.US,D,20241119,000000,0.25,0.25,0.21,0.22545,114146,0
FLDDW.US,D,20241120,000000,0.2376,0.2999,0.216,0.27,396635,0
FLDDW.US,D,20241121,000000,0.27,0.384,0.27,0.3505,581070,0
FLDDW.US,D,20241122,000000,0.36,0.82,0.36,0.76,1662893,0
FLDDW.US,D,20241125,000000,0.61,0.75,0.5001,0.72,802906,0
FLDDW.US,D,20241126,000000,0.73,0.73,0.63,0.6726,23318,0
FLDDW.US,D,20241127,000000,0.692,0.7,0.6601,0.672,63786,0
FLDDW.US,D,20241129,000000,0.67,0.7,0.67,0.6999,11715,0
FLDDW.US,D,20241202,000000,0.6999,0.6999,0.6341,0.6432,12516,0
FLDDW.US,D,20241203,000000,0.6451,0.8497,0.6301,0.74,88340,0
FLDDW.US,D,20241204,000000,0.7399,0.89,0.738,0.83,406642,0
FLDDW.US,D,20241205,000000,0.83,1.05,0.83,0.8999,240882,0
FLDDW.US,D,20241206,000000,1.02,1.02,0.9,0.9,94696,0
FLDDW.US,D,20241209,000000,0.98,0.99,0.8163,0.8226,141515,0
FLDDW.US,D,20241210,000000,0.9006,0.9006,0.7203,0.8002,68578,0
FLDDW.US,D,20241211,000000,0.77,0.879899,0.767,0.8,60492,0
FLDDW.US,D,20241212,000000,0.85,0.875,0.75,0.8,13768,0
FLDDW.US,D,20241213,000000,0.7977,0.8,0.78,0.78,4265,0
FLDDW.US,D,20241216,000000,0.78,0.865,0.75,0.82,62184,0
FLDDW.US,D,20241217,000000,0.77,0.77,0.55,0.689,156553,0
FLDDW.US,D,20241218,000000,0.69,0.69,0.62,0.62,40040,0
FLDDW.US,D,20241219,000000,0.55,0.6361,0.55,0.58,8723,0
FLDDW.US,D,20241220,000000,0.6149,0.6325,0.6,0.6,8632,0
FLDDW.US,D,20241223,000000,0.526,0.6,0.5102,0.58,45814,0
