<TICKER>,<PER>,<DATE>,<TIME>,<OPEN>,<HIGH>,<LOW>,<CLOSE>,<VOL>,<OPENINT>
FRZA.US,D,20220812,000000,13.96,15,7.26,7.49,19249296,0
FRZA.US,D,20220815,000000,6.61,6.9199,5.81,6.06,3543951,0
FRZA.US,D,20220816,000000,8.44,10.6,7.11,8.25,34335376,0
FRZA.US,D,20220817,000000,7.46,7.79,6.65,6.73,2060788,0
FRZA.US,D,20220818,000000,7.39,8.4,6.6638,6.86,5992562,0
FRZA.US,D,20220819,000000,6.56,6.7202,6.08,6.28,1050843,0
FRZA.US,D,20220822,000000,6.14,6.28,5.68,5.8,760904,0
FRZA.US,D,20220823,000000,5.58,5.8,4.88,4.93,937539,0
FRZA.US,D,20220824,000000,5.02,5.29,4.4501,4.59,1001626,0
FRZA.US,D,20220825,000000,4.57,4.77,4.3,4.42,643850,0
FRZA.US,D,20220826,000000,4.25,4.3495,3.75,3.89,1028364,0
FRZA.US,D,20220829,000000,3.75,3.95,3.68,3.91,377036,0
FRZA.US,D,20220830,000000,3.79,3.9499,3.58,3.7,354647,0
FRZA.US,D,20220831,000000,3.67,3.91,3.56,3.77,595668,0
FRZA.US,D,20220901,000000,3.71,3.8348,3.51,3.72,415780,0
FRZA.US,D,20220902,000000,4.26,4.59,3.91,4.39,12124040,0
FRZA.US,D,20220906,000000,4.14,4.2414,3.38,3.4,1026434,0
FRZA.US,D,20220907,000000,3.33,3.37,3.05,3.3,387256,0
FRZA.US,D,20220908,000000,3.32,3.38,3.15,3.26,215145,0
FRZA.US,D,20220909,000000,3.25,3.543,2.83,3.36,547214,0
FRZA.US,D,20220912,000000,3.37,3.3791,3.075,3.14,305538,0
FRZA.US,D,20220913,000000,3,3.1099,2.7809,2.82,338996,0
FRZA.US,D,20220914,000000,2.87,3.0599,2.7801,2.96,237731,0
FRZA.US,D,20220915,000000,2.92,3.05,2.77,2.82,210465,0
FRZA.US,D,20220916,000000,2.77,2.8254,2.58,2.58,266659,0
FRZA.US,D,20220919,000000,2.58,2.68,2.3599,2.36,266432,0
FRZA.US,D,20220920,000000,2.33,2.54,2.24,2.28,202958,0
FRZA.US,D,20220921,000000,2.29,2.3501,2.18,2.19,122707,0
FRZA.US,D,20220922,000000,2.23,2.88,2.15,2.53,2412462,0
FRZA.US,D,20220923,000000,2.47,2.47,2.1,2.14,321089,0
FRZA.US,D,20220926,000000,2.14,2.25,2.1,2.11,164500,0
FRZA.US,D,20220927,000000,2.12,2.17,1.98,2.04,116043,0
FRZA.US,D,20220928,000000,2.015,2.159,2.001,2.1,101701,0
FRZA.US,D,20220929,000000,2.11,2.145,1.92,1.95,115447,0
FRZA.US,D,20220930,000000,1.95,2.04,1.87,1.93,85083,0
FRZA.US,D,20221003,000000,1.91,2,1.91,1.97,61460,0
FRZA.US,D,20221004,000000,2.03,2.07,2,2.02,49446,0
FRZA.US,D,20221005,000000,2.0874,2.0999,1.9601,2.05,49749,0
FRZA.US,D,20221006,000000,2.05,2.11,1.9513,2.08,70510,0
FRZA.US,D,20221007,000000,2,2.0667,1.87,1.93,54045,0
FRZA.US,D,20221010,000000,1.89,1.945,1.89,1.93,28117,0
FRZA.US,D,20221011,000000,1.89,2,1.8524,1.87,30757,0
FRZA.US,D,20221012,000000,1.96,1.96,1.8009,1.82,61398,0
FRZA.US,D,20221013,000000,1.78,1.86,1.68,1.8,111732,0
FRZA.US,D,20221014,000000,1.85,1.86,1.7601,1.8,46353,0
FRZA.US,D,20221017,000000,1.79,1.91,1.78,1.79,102480,0
FRZA.US,D,20221018,000000,1.82,1.8999,1.71,1.7356,34452,0
FRZA.US,D,20221019,000000,1.68,1.78,1.68,1.71,13721,0
FRZA.US,D,20221020,000000,1.72,1.8,1.6801,1.73,42931,0
FRZA.US,D,20221021,000000,1.71,1.7711,1.68,1.72,66217,0
FRZA.US,D,20221024,000000,1.68,1.74,1.53,1.59,85942,0
FRZA.US,D,20221025,000000,1.56,1.705,1.56,1.68,40748,0
FRZA.US,D,20221026,000000,1.6466,1.77,1.63,1.67,43649,0
FRZA.US,D,20221027,000000,1.74,1.74,1.63,1.63,23684,0
FRZA.US,D,20221028,000000,1.61,1.7207,1.61,1.67,33687,0
FRZA.US,D,20221031,000000,1.66,1.67,1.5763,1.66,33269,0
FRZA.US,D,20221101,000000,1.68,1.71,1.6109,1.69,35853,0
FRZA.US,D,20221102,000000,2.51,2.76,2.27,2.45,57567377,0
FRZA.US,D,20221103,000000,2.35,2.78,2.21,2.59,5221404,0
FRZA.US,D,20221104,000000,2.51,2.68,2.23,2.34,1372911,0
FRZA.US,D,20221107,000000,2.26,2.48,2.21,2.33,616873,0
FRZA.US,D,20221108,000000,2.36,2.36,2.09,2.09,218338,0
FRZA.US,D,20221109,000000,2.05,2.05,1.56,1.56,460243,0
FRZA.US,D,20221110,000000,1.63,1.72,1.57,1.69,188847,0
FRZA.US,D,20221111,000000,1.71,1.82,1.6401,1.79,125670,0
FRZA.US,D,20221114,000000,1.81,1.88,1.7429,1.86,73932,0
FRZA.US,D,20221115,000000,1.9,2.05,1.9,2.01,186097,0
FRZA.US,D,20221116,000000,1.98,2.08,1.9001,1.91,70827,0
FRZA.US,D,20221117,000000,1.89,1.97,1.8601,1.9,60429,0
FRZA.US,D,20221118,000000,1.89,1.95,1.83,1.87,63497,0
FRZA.US,D,20221121,000000,1.93,1.97,1.72,1.72,86133,0
FRZA.US,D,20221122,000000,1.69,1.82,1.65,1.68,56723,0
FRZA.US,D,20221123,000000,1.71,1.7299,1.63,1.68,18266,0
FRZA.US,D,20221125,000000,1.68,1.7,1.6389,1.67,11769,0
FRZA.US,D,20221128,000000,1.64,1.67,1.6,1.6,41057,0
FRZA.US,D,20221129,000000,1.6,1.61,1.5,1.5,50319,0
FRZA.US,D,20221130,000000,1.46,1.57,1.46,1.53,47254,0
FRZA.US,D,20221201,000000,1.59,1.61,1.5,1.5,75202,0
FRZA.US,D,20221202,000000,1.54,1.82,1.47,1.58,495246,0
FRZA.US,D,20221205,000000,1.65,1.6599,1.56,1.59,119253,0
FRZA.US,D,20221206,000000,1.6,1.6,1.27,1.37,281406,0
FRZA.US,D,20221207,000000,1.35,1.44,1.34,1.36,59311,0
FRZA.US,D,20221208,000000,1.4,1.49,1.36,1.47,54735,0
FRZA.US,D,20221209,000000,1.43,1.48,1.3686,1.46,44899,0
FRZA.US,D,20221212,000000,1.46,1.46,1.331,1.38,70570,0
FRZA.US,D,20221213,000000,1.4,1.46,1.362,1.45,35293,0
FRZA.US,D,20221214,000000,1.38,1.46,1.37,1.43,37796,0
FRZA.US,D,20221215,000000,1.3934,1.43,1.33,1.33,40958,0
FRZA.US,D,20221216,000000,1.31,1.4045,1.24,1.24,53935,0
FRZA.US,D,20221219,000000,1.24,1.3013,1.12,1.12,53495,0
FRZA.US,D,20221220,000000,1.17,1.22,1.13,1.16,56568,0
FRZA.US,D,20221221,000000,1.16,1.29,1.1501,1.21,51115,0
FRZA.US,D,20221222,000000,1.17,1.195,1.0808,1.11,63741,0
FRZA.US,D,20221223,000000,1.14,1.222,1.13,1.2,47032,0
FRZA.US,D,20221227,000000,1.21,1.25,1.13,1.18,23310,0
FRZA.US,D,20221228,000000,1.13,1.22,1.13,1.2,28077,0
FRZA.US,D,20221229,000000,1.06,1.225,1.06,1.21,32746,0
FRZA.US,D,20221230,000000,1.13,1.29,1.13,1.28,52548,0
FRZA.US,D,20230103,000000,1.24,1.2946,1.2,1.22,17312,0
FRZA.US,D,20230104,000000,1.2773,1.34,1.2172,1.2701,34027,0
FRZA.US,D,20230105,000000,1.22,1.28,1.1001,1.2,77730,0
FRZA.US,D,20230106,000000,1.22,1.28,1.18,1.28,34647,0
FRZA.US,D,20230109,000000,1.28,1.34,1.25,1.3,33585,0
FRZA.US,D,20230110,000000,1.3399,1.3399,1.2201,1.3,14584,0
FRZA.US,D,20230111,000000,1.27,1.9,1.26,1.62,799115,0
FRZA.US,D,20230112,000000,1.6,1.89,1.51,1.73,423481,0
FRZA.US,D,20230113,000000,1.71,1.8399,1.66,1.73,77258,0
FRZA.US,D,20230117,000000,1.72,1.72,1.59,1.67,168390,0
FRZA.US,D,20230118,000000,1.69,1.71,1.55,1.56,59934,0
FRZA.US,D,20230119,000000,1.5,1.6286,1.47,1.53,43567,0
FRZA.US,D,20230120,000000,1.605,1.61,1.41,1.46,54013,0
FRZA.US,D,20230123,000000,1.52,1.6,1.45,1.6,62145,0
FRZA.US,D,20230124,000000,1.62,1.62,1.51,1.535,33050,0
FRZA.US,D,20230125,000000,1.52,1.55,1.46,1.54,20628,0
FRZA.US,D,20230126,000000,1.54,1.565,1.5,1.565,13373,0
FRZA.US,D,20230127,000000,1.59,1.69,1.5601,1.68,128376,0
FRZA.US,D,20230130,000000,1.68,1.75,1.51,1.51,109559,0
FRZA.US,D,20230131,000000,1.5,1.59,1.5,1.52,31644,0
FRZA.US,D,20230201,000000,1.58,1.5999,1.53,1.55,21127,0
FRZA.US,D,20230202,000000,1.65,1.74,1.51,1.6457,143559,0
FRZA.US,D,20230203,000000,1.63,1.7799,1.6213,1.735,159980,0
FRZA.US,D,20230206,000000,1.76,1.8197,1.72,1.76,50533,0
FRZA.US,D,20230207,000000,1.76,1.78,1.6736,1.76,24997,0
FRZA.US,D,20230208,000000,1.6892,1.76,1.6892,1.73,37058,0
FRZA.US,D,20230209,000000,1.66,1.7399,1.55,1.5858,75510,0
FRZA.US,D,20230210,000000,1.52,1.6299,1.47,1.52,66549,0
FRZA.US,D,20230213,000000,1.51,1.5378,1.48,1.48,20349,0
FRZA.US,D,20230214,000000,1.49,1.4901,1.42,1.43,19885,0
FRZA.US,D,20230215,000000,1.42,1.54,1.42,1.5297,17107,0
FRZA.US,D,20230216,000000,1.51,1.5235,1.4905,1.51,11167,0
FRZA.US,D,20230217,000000,1.47,1.58,1.4521,1.51,17465,0
FRZA.US,D,20230221,000000,1.44,1.54,1.44,1.48,11370,0
FRZA.US,D,20230222,000000,1.485,1.485,1.3732,1.38,37562,0
FRZA.US,D,20230223,000000,1.41,1.41,1.32,1.37,19266,0
FRZA.US,D,20230224,000000,1.37,1.41,1.32,1.3399,40120,0
FRZA.US,D,20230227,000000,1.3,1.4,1.29,1.35,20726,0
FRZA.US,D,20230228,000000,1.33,1.4285,1.33,1.39,10190,0
FRZA.US,D,20230301,000000,1.4181,1.4181,1.3511,1.4,9872,0
FRZA.US,D,20230302,000000,1.36,1.42,1.36,1.4099,2762,0
FRZA.US,D,20230303,000000,1.43,1.44,1.379,1.43,21022,0
FRZA.US,D,20230306,000000,1.43,1.44,1.36,1.37,16600,0
FRZA.US,D,20230307,000000,1.375,1.375,1.32,1.3201,11680,0
FRZA.US,D,20230308,000000,1.31,1.34,1.2801,1.3,8300,0
FRZA.US,D,20230309,000000,1.3101,1.3101,1.2,1.2,26564,0
FRZA.US,D,20230310,000000,1.2,1.23,1.12,1.14,37400,0
FRZA.US,D,20230313,000000,1.12,1.2,1.0644,1.2,70509,0
FRZA.US,D,20230314,000000,1.1953,1.34,1.1557,1.2,49976,0
FRZA.US,D,20230315,000000,1.16,1.1984,1.15,1.17,9594,0
FRZA.US,D,20230316,000000,1.16,1.2,1.15,1.1801,13102,0
FRZA.US,D,20230317,000000,1.14,1.23,1.06,1.18,11995,0
FRZA.US,D,20230320,000000,1.16,1.21,1.1101,1.1399,25933,0
FRZA.US,D,20230321,000000,1.16,1.1601,1.1,1.14,37639,0
FRZA.US,D,20230322,000000,1.15,1.19,1.13,1.19,14392,0
FRZA.US,D,20230323,000000,1.2143,1.2601,1.14,1.16,29416,0
FRZA.US,D,20230324,000000,1.25,1.28,1.14,1.19,21140,0
FRZA.US,D,20230327,000000,1.19,1.3299,1.1667,1.23,79713,0
FRZA.US,D,20230328,000000,1.2,1.29,1.2,1.23,21089,0
FRZA.US,D,20230329,000000,1.27,1.27,1.13,1.16,23295,0
FRZA.US,D,20230330,000000,1.15,1.2799,1.15,1.23,21631,0
FRZA.US,D,20230331,000000,1.26,1.3499,1.23,1.23,37401,0
FRZA.US,D,20230403,000000,1.23,1.23,1.19,1.21,4572,0
FRZA.US,D,20230404,000000,1.19,1.21,1.0999,1.13,24163,0
FRZA.US,D,20230405,000000,1.15,1.19,1.12,1.13,46237,0
FRZA.US,D,20230406,000000,1.18,1.1879,1.11,1.11,33243,0
FRZA.US,D,20230410,000000,1.13,1.16,1.06,1.16,19442,0
FRZA.US,D,20230411,000000,1.16,1.17,1.113,1.1616,15166,0
FRZA.US,D,20230412,000000,1.16,1.168,1.12,1.12,9807,0
FRZA.US,D,20230413,000000,1.133,1.14,1.09,1.11,16081,0
FRZA.US,D,20230414,000000,1.1353,1.14,1.0821,1.13,28657,0
FRZA.US,D,20230417,000000,1.09,1.13,1.09,1.13,6166,0
FRZA.US,D,20230418,000000,1.09,1.22,1.09,1.1201,31694,0
FRZA.US,D,20230419,000000,1.135,1.18,1.135,1.16,21669,0
FRZA.US,D,20230420,000000,1.13,1.18,1.13,1.18,9836,0
FRZA.US,D,20230421,000000,1.13,1.2,1.13,1.18,12789,0
FRZA.US,D,20230424,000000,1.155,1.2799,1.1301,1.23,35789,0
FRZA.US,D,20230425,000000,1.23,1.23,1.2,1.2001,7414,0
FRZA.US,D,20230426,000000,1.23,1.23,1.1599,1.16,23180,0
FRZA.US,D,20230427,000000,1.21,1.25,1.16,1.22,7441,0
FRZA.US,D,20230428,000000,1.19,1.3,1.19,1.2537,49750,0
FRZA.US,D,20230501,000000,1.22,1.3,1.22,1.24,34635,0
FRZA.US,D,20230502,000000,1.23,1.26,1.19,1.1901,23309,0
FRZA.US,D,20230503,000000,1.1801,1.2291,1.18,1.19,8602,0
FRZA.US,D,20230504,000000,1.19,1.21,1.1858,1.1858,8014,0
FRZA.US,D,20230505,000000,1.19,1.29,1.17,1.25,71747,0
FRZA.US,D,20230508,000000,1.21,1.25,1.1907,1.24,19660,0
FRZA.US,D,20230509,000000,1.22,1.2499,1.19,1.2,17198,0
FRZA.US,D,20230510,000000,1.2,1.25,1.2,1.2,23095,0
FRZA.US,D,20230511,000000,1.25,1.2577,1.2,1.205,6700,0
FRZA.US,D,20230512,000000,1.26,1.26,1.215,1.215,8465,0
FRZA.US,D,20230515,000000,1.25,1.28,1.18,1.26,32569,0
FRZA.US,D,20230516,000000,1.25,1.335,1.25,1.3,50120,0
FRZA.US,D,20230517,000000,1.28,1.3,1.2,1.2,36511,0
FRZA.US,D,20230518,000000,1.3,1.31,1.24,1.28,9519,0
FRZA.US,D,20230519,000000,1.3,1.3,1.25,1.3,8765,0
FRZA.US,D,20230522,000000,1.35,1.425,1.28,1.4,55255,0
FRZA.US,D,20230523,000000,1.44,1.54,1.39,1.39,38956,0
FRZA.US,D,20230524,000000,1.4,1.4638,1.259,1.34,44630,0
FRZA.US,D,20230525,000000,1.4,1.42,1.29,1.33,14721,0
FRZA.US,D,20230526,000000,1.34,1.4,1.23,1.23,31745,0
FRZA.US,D,20230530,000000,1.28,1.3489,1.23,1.28,24822,0
FRZA.US,D,20230531,000000,1.33,1.34,1.245,1.2599,18456,0
FRZA.US,D,20230601,000000,1.2849,1.2898,1.2,1.2699,40667,0
FRZA.US,D,20230602,000000,1.255,1.255,1.16,1.2494,7306880,0
FRZA.US,D,20230605,000000,2.87,3.5399,2.39,2.92,102231843,0
FRZA.US,D,20230606,000000,3.55,3.63,2.72,2.87,32511182,0
FRZA.US,D,20230607,000000,2.93,3.19,2.66,3.14,5649836,0
FRZA.US,D,20230608,000000,2.94,3.79,2.81,3.37,5538835,0
FRZA.US,D,20230609,000000,3.12,3.98,2.95,3.12,4892244,0
FRZA.US,D,20230612,000000,1.68,1.77,1.6,1.64,4857145,0
FRZA.US,D,20230613,000000,1.56,1.65,1.54,1.58,1184841,0
FRZA.US,D,20230614,000000,1.53,1.62,1.46,1.5,769106,0
FRZA.US,D,20230615,000000,1.49,1.5199,1.46,1.48,399178,0
FRZA.US,D,20230616,000000,1.5,1.5,1.32,1.38,805667,0
FRZA.US,D,20230620,000000,1.42,1.42,1.35,1.37,215674,0
FRZA.US,D,20230621,000000,1.37,1.38,1.3,1.3,300394,0
FRZA.US,D,20230622,000000,1.3,1.4,1.26,1.37,288160,0
FRZA.US,D,20230623,000000,1.37,1.39,1.29,1.34,128169,0
FRZA.US,D,20230626,000000,1.31,1.3372,1.18,1.22,304710,0
FRZA.US,D,20230627,000000,1.2,1.25,1.16,1.22,213875,0
FRZA.US,D,20230628,000000,1.22,1.2393,1.19,1.21,103273,0
FRZA.US,D,20230629,000000,1.2,1.24,1.16,1.22,481061,0
FRZA.US,D,20230630,000000,1.2,1.5,1.18,1.47,1342045,0
FRZA.US,D,20230703,000000,1.5,1.5,1.37,1.45,289838,0
FRZA.US,D,20230705,000000,1.47,1.5499,1.41,1.45,564262,0
FRZA.US,D,20230706,000000,1.43,1.565,1.33,1.48,729372,0
FRZA.US,D,20230707,000000,1.52,1.5299,1.41,1.5,425043,0
FRZA.US,D,20230710,000000,1.4,1.42,1.31,1.39,448655,0
FRZA.US,D,20230711,000000,1.37,1.4045,1.32,1.3597,131741,0
FRZA.US,D,20230712,000000,1.32,1.38,1.23,1.28,462420,0
FRZA.US,D,20230713,000000,1.28,1.3,1.21,1.22,280648,0
FRZA.US,D,20230714,000000,1.21,1.225,1.17,1.19,270524,0
FRZA.US,D,20230717,000000,1.22,1.2799,1.1999,1.26,211406,0
FRZA.US,D,20230718,000000,1.24,1.28,1.2,1.25,385620,0
FRZA.US,D,20230719,000000,1.22,1.28,1.2,1.22,282045,0
FRZA.US,D,20230720,000000,1.2,1.25,1.2,1.245,97976,0
FRZA.US,D,20230721,000000,1.24,1.27,1.2,1.25,195923,0
FRZA.US,D,20230724,000000,1.25,1.25,1.2,1.2,138512,0
FRZA.US,D,20230725,000000,1.21,1.23,1.16,1.19,155910,0
FRZA.US,D,20230726,000000,1.18,1.22,1.17,1.21,169450,0
FRZA.US,D,20230727,000000,1.2,1.24,1.16,1.22,286264,0
FRZA.US,D,20230728,000000,1.22,1.34,1.21,1.34,827306,0
FRZA.US,D,20230731,000000,1.33,1.34,1.26,1.26,176916,0
FRZA.US,D,20230801,000000,1.25,1.28,1.24,1.27,62315,0
FRZA.US,D,20230802,000000,1.26,1.26,1.22,1.23,104008,0
FRZA.US,D,20230803,000000,1.22,1.25,1.19,1.21,109530,0
FRZA.US,D,20230804,000000,1.24,1.24,1.17,1.2,78005,0
FRZA.US,D,20230807,000000,1.2399,1.2399,1.16,1.18,128798,0
FRZA.US,D,20230808,000000,1.166,1.18,1.1,1.135,140913,0
FRZA.US,D,20230809,000000,1.14,1.165,1.1,1.12,95828,0
FRZA.US,D,20230810,000000,1.12,1.17,1.11,1.15,82619,0
FRZA.US,D,20230811,000000,1.18,1.2,1.11,1.12,66082,0
FRZA.US,D,20230814,000000,1.11,1.16,1.11,1.11,64066,0
FRZA.US,D,20230815,000000,1.12,1.1296,0.98,0.981,389429,0
FRZA.US,D,20230816,000000,1.02,1.05,1,1.04,119745,0
FRZA.US,D,20230817,000000,1.04,1.0603,0.9402,0.9799,226843,0
FRZA.US,D,20230818,000000,1,1.04,0.98,1.03,54943,0
FRZA.US,D,20230821,000000,1.03,1.039,1.01,1.01,51664,0
FRZA.US,D,20230822,000000,1.01,1.0248,0.965,0.99,53060,0
FRZA.US,D,20230823,000000,0.99,1.0399,0.9641,0.9641,57352,0
FRZA.US,D,20230824,000000,1.01,1.01,0.971,1,43662,0
FRZA.US,D,20230825,000000,1,1,0.97,0.9801,30961,0
FRZA.US,D,20230828,000000,0.99,1.09,0.9369,0.9771,532915,0
FRZA.US,D,20230829,000000,0.9811,1,0.9124,0.92,131541,0
FRZA.US,D,20230830,000000,0.96,0.96,0.875,0.932,101019,0
FRZA.US,D,20230831,000000,0.92,0.99,0.9003,0.95,203337,0
FRZA.US,D,20230901,000000,0.94,0.956,0.8804,0.89,131536,0
FRZA.US,D,20230905,000000,0.899,0.9444,0.882,0.9444,41547,0
FRZA.US,D,20230906,000000,0.92,0.94,0.887,0.91,86227,0
FRZA.US,D,20230907,000000,0.89,0.9,0.8505,0.8733,70484,0
FRZA.US,D,20230908,000000,0.8695,0.899699,0.86,0.8944,44859,0
FRZA.US,D,20230911,000000,0.9,0.901,0.871,0.8891,118781,0
FRZA.US,D,20230912,000000,0.8891,0.895,0.8711,0.8711,77294,0
FRZA.US,D,20230913,000000,0.87,0.891,0.85,0.855,40238,0
FRZA.US,D,20230914,000000,0.852,0.8658,0.825,0.8406,68100,0
FRZA.US,D,20230915,000000,0.878,0.9089,0.84,0.9084,84843,0
FRZA.US,D,20230918,000000,0.86,0.89,0.85,0.851,52082,0
FRZA.US,D,20230919,000000,0.87,0.87,0.8239,0.825,46285,0
FRZA.US,D,20230920,000000,0.85,0.855,0.825,0.8305,14102,0
FRZA.US,D,20230921,000000,0.8299,0.840001,0.802,0.82,27055,0
FRZA.US,D,20230922,000000,0.82,0.866,0.805,0.8365,70789,0
FRZA.US,D,20230925,000000,0.82,0.8479,0.8023,0.826,20844,0
FRZA.US,D,20230926,000000,0.8321,0.839,0.812,0.839,11801,0
FRZA.US,D,20230927,000000,0.821,0.843,0.805,0.8289,35053,0
FRZA.US,D,20230928,000000,0.8036,0.83,0.8,0.8153,29766,0
FRZA.US,D,20230929,000000,0.829899,0.83,0.7999,0.815,34636,0
FRZA.US,D,20231002,000000,0.828,0.828,0.74125,0.77,98874,0
FRZA.US,D,20231003,000000,0.765,0.795971,0.7008,0.715,48533,0
FRZA.US,D,20231004,000000,0.7465,0.7499,0.68,0.6963,73837,0
FRZA.US,D,20231005,000000,0.6963,0.7763,0.6963,0.7401,57747,0
FRZA.US,D,20231006,000000,0.703836,0.765,0.7,0.7308,38607,0
FRZA.US,D,20231009,000000,0.7,0.74,0.6555,0.68505,56145,0
FRZA.US,D,20231010,000000,0.65,0.72,0.65,0.68,41254,0
FRZA.US,D,20231011,000000,0.67,0.7,0.6501,0.6903,26873,0
FRZA.US,D,20231012,000000,0.6903,0.7029,0.6611,0.69,32531,0
FRZA.US,D,20231013,000000,0.6891,0.6932,0.6349,0.64,37442,0
FRZA.US,D,20231016,000000,0.65,0.65,0.5918,0.64,42708,0
FRZA.US,D,20231017,000000,0.64,0.6644,0.606,0.64,36510,0
FRZA.US,D,20231018,000000,0.615,0.667,0.614,0.63,20393,0
FRZA.US,D,20231019,000000,0.64,0.64,0.57,0.62,78437,0
FRZA.US,D,20231020,000000,0.6389,0.6389,0.5719,0.6,185020,0
FRZA.US,D,20231023,000000,0.67,0.67,0.56,0.625,97988,0
FRZA.US,D,20231024,000000,0.6169,0.64,0.6,0.63,17853,0
FRZA.US,D,20231025,000000,0.633,0.6501,0.6,0.6,39120,0
FRZA.US,D,20231026,000000,0.61,0.645,0.6,0.625,28339,0
FRZA.US,D,20231027,000000,0.6166,0.64,0.6,0.6,22167,0
FRZA.US,D,20231030,000000,0.601,0.63,0.5344,0.56,76734,0
FRZA.US,D,20231031,000000,0.55,0.6054,0.55,0.581,13812,0
FRZA.US,D,20231101,000000,0.59,0.59,0.54,0.556,31279,0
FRZA.US,D,20231102,000000,0.5555,0.61,0.5511,0.5877,57917,0
FRZA.US,D,20231103,000000,0.6169,0.62,0.5642,0.596,34538,0
FRZA.US,D,20231106,000000,0.6169,0.7,0.612788,0.66,246310,0
FRZA.US,D,20231107,000000,0.67,0.6799,0.5885,0.6535,132330,0
FRZA.US,D,20231108,000000,0.6339,0.675,0.6221,0.6526,60380,0
FRZA.US,D,20231109,000000,0.631,0.6751,0.63,0.63,48694,0
FRZA.US,D,20231110,000000,0.64,0.6801,0.63,0.65565,13546,0
FRZA.US,D,20231113,000000,0.67,0.67,0.6345,0.65225,22343,0
FRZA.US,D,20231114,000000,0.6523,0.664,0.63,0.6502,9015,0
FRZA.US,D,20231115,000000,0.645123,0.6589,0.62,0.625,58866,0
FRZA.US,D,20231116,000000,0.61,0.6497,0.6,0.6001,29858,0
FRZA.US,D,20231117,000000,0.6233,0.64,0.6,0.6199,35581,0
FRZA.US,D,20231120,000000,0.6199,0.64,0.6003,0.6003,19708,0
FRZA.US,D,20231121,000000,0.595,0.6399,0.595,0.605,9139,0
FRZA.US,D,20231122,000000,0.6201,0.635,0.6,0.6001,12289,0
FRZA.US,D,20231124,000000,0.6,0.635,0.6,0.606,3457,0
FRZA.US,D,20231127,000000,0.63,0.6359,0.6,0.6107,11286,0
FRZA.US,D,20231128,000000,0.602,0.64,0.6007,0.63,10555,0
FRZA.US,D,20231129,000000,0.64,0.64,0.61,0.6105,19419,0
FRZA.US,D,20231130,000000,0.64,0.64,0.6,0.61,32190,0
FRZA.US,D,20231201,000000,0.6436,0.65,0.58,0.6445,55384,0
FRZA.US,D,20231204,000000,0.6,0.634851,0.6,0.6292,23679,0
FRZA.US,D,20231205,000000,0.61,0.64,0.6,0.638,10115,0
FRZA.US,D,20231206,000000,0.6348,0.64,0.5811,0.627363,49177,0
FRZA.US,D,20231207,000000,0.637,0.637,0.45,0.61,114370,0
FRZA.US,D,20231208,000000,0.61,0.61,0.58,0.6,32990,0
FRZA.US,D,20231211,000000,0.61,0.62,0.4811,0.561,137759,0
FRZA.US,D,20231212,000000,0.59,0.6,0.5399,0.5501,26281,0
FRZA.US,D,20231213,000000,0.55,0.65,0.53,0.6418,129452,0
FRZA.US,D,20231214,000000,0.645,0.66,0.5998,0.66,102556,0
FRZA.US,D,20231215,000000,0.65,0.65,0.6003,0.6425,29802,0
FRZA.US,D,20231218,000000,0.6116,0.62,0.58,0.6128,88227,0
FRZA.US,D,20231219,000000,0.6,0.6,0.5348,0.5897,81245,0
FRZA.US,D,20231220,000000,0.5851,0.615,0.571,0.59,57905,0
FRZA.US,D,20231221,000000,0.5605,0.600655,0.5605,0.595049,28147,0
FRZA.US,D,20231222,000000,0.5944,0.5944,0.565,0.5899,69689,0
FRZA.US,D,20231226,000000,0.6,0.609,0.55,0.57,28207,0
FRZA.US,D,20231227,000000,0.56,0.59,0.5401,0.56,112753,0
FRZA.US,D,20231228,000000,0.58,0.589899,0.52,0.52,92888,0
FRZA.US,D,20231229,000000,0.55,0.55,0.51,0.53505,89939,0
FRZA.US,D,20240102,000000,0.54,0.56,0.5,0.5051,73549,0
FRZA.US,D,20240103,000000,0.505,0.53,0.47,0.47,67331,0
FRZA.US,D,20240104,000000,0.48,0.5,0.44,0.469,87403,0
FRZA.US,D,20240105,000000,0.48,0.5,0.46,0.471,35928,0
FRZA.US,D,20240108,000000,0.47,0.52,0.47,0.48,45375,0
FRZA.US,D,20240109,000000,0.52,0.52,0.48,0.5079,18688,0
FRZA.US,D,20240110,000000,0.5,0.515,0.49,0.5056,32986,0
FRZA.US,D,20240111,000000,0.518,0.5799,0.48,0.56,69695,0
FRZA.US,D,20240112,000000,0.5789,0.5847,0.544775,0.544775,25794,0
FRZA.US,D,20240116,000000,0.54,0.54,0.5094,0.5233,28452,0
FRZA.US,D,20240117,000000,0.5454,0.5454,0.48,0.48,31666,0
FRZA.US,D,20240118,000000,0.54,0.54,0.471,0.4868,50852,0
FRZA.US,D,20240119,000000,0.5134,0.516501,0.4715,0.48,28511,0
FRZA.US,D,20240122,000000,0.52449,0.52449,0.471,0.4766,34340,0
FRZA.US,D,20240123,000000,0.48,0.518,0.48,0.4903,22408,0
FRZA.US,D,20240124,000000,0.49,0.5146,0.4733,0.48,27296,0
FRZA.US,D,20240125,000000,0.48,0.48,0.4735,0.4749,15284,0
FRZA.US,D,20240126,000000,0.48,0.569,0.4733,0.55,127186,0
FRZA.US,D,20240129,000000,0.55,0.6022,0.5301,0.56,44659,0
FRZA.US,D,20240130,000000,0.541,0.588,0.5304,0.5489,29402,0
FRZA.US,D,20240131,000000,0.5404,0.57,0.54,0.552325,29729,0
FRZA.US,D,20240201,000000,0.55,0.58,0.54,0.56,32972,0
FRZA.US,D,20240202,000000,0.56,0.5799,0.4868,0.55,44073,0
FRZA.US,D,20240205,000000,0.56,0.57,0.55,0.55,49553,0
FRZA.US,D,20240206,000000,0.5544,0.59,0.5356,0.55,66911,0
FRZA.US,D,20240207,000000,0.565,0.58,0.5117,0.5144,25622,0
FRZA.US,D,20240208,000000,0.5255,0.57,0.5,0.536,180233,0
FRZA.US,D,20240209,000000,0.57,0.588,0.5339,0.551,13707,0
FRZA.US,D,20240212,000000,0.588,0.5899,0.5259,0.588,50424,0
FRZA.US,D,20240213,000000,0.57,0.57,0.5405,0.547,23808,0
FRZA.US,D,20240214,000000,0.55,0.5897,0.525,0.561,17743,0
FRZA.US,D,20240215,000000,0.56,0.5899,0.56,0.5601,22021,0
FRZA.US,D,20240216,000000,0.531,0.59,0.531,0.56,34981,0
FRZA.US,D,20240220,000000,0.5465,0.606,0.52,0.6,109419,0
FRZA.US,D,20240221,000000,0.585,0.647,0.585,0.62,72656,0
FRZA.US,D,20240222,000000,0.631,0.631,0.6,0.62,31426,0
FRZA.US,D,20240223,000000,0.6,0.647,0.58,0.59,17130,0
FRZA.US,D,20240226,000000,0.606,0.638,0.55,0.56,29405,0
FRZA.US,D,20240227,000000,0.57,0.6425,0.5301,0.551,56321,0
FRZA.US,D,20240228,000000,0.57,0.6,0.51,0.541,25055,0
FRZA.US,D,20240229,000000,0.559,0.6,0.541,0.55,43277,0
FRZA.US,D,20240301,000000,0.5775,0.59,0.53,0.5743,12610,0
FRZA.US,D,20240304,000000,0.5998,0.5998,0.54,0.56725,32009,0
FRZA.US,D,20240305,000000,0.5351,0.58,0.52,0.5532,62994,0
FRZA.US,D,20240306,000000,0.533,0.5678,0.533,0.5678,16794,0
FRZA.US,D,20240307,000000,0.55,0.5666,0.49,0.5368,93310,0
FRZA.US,D,20240308,000000,0.5461,0.5461,0.501,0.51,12780,0
FRZA.US,D,20240311,000000,0.5461,0.5496,0.51,0.5217,42552,0
FRZA.US,D,20240312,000000,0.51,0.518999,0.4303,0.443,170886,0
FRZA.US,D,20240313,000000,0.4297,0.443099,0.4016,0.429,265059,0
FRZA.US,D,20240314,000000,0.4431,0.48,0.429,0.4635,27431,0
FRZA.US,D,20240315,000000,0.479,0.4898,0.4501,0.479,18329,0
FRZA.US,D,20240318,000000,0.48,0.489,0.4558,0.4558,19372,0
FRZA.US,D,20240319,000000,0.45,0.49,0.4033,0.424,58383,0
FRZA.US,D,20240320,000000,0.4448,0.55,0.4031,0.473,233309,0
FRZA.US,D,20240321,000000,0.5,0.5,0.488,0.49,26689,0
FRZA.US,D,20240322,000000,0.504,0.51,0.4594,0.5,16186,0
FRZA.US,D,20240325,000000,0.495,0.5,0.4699,0.49,35768,0
FRZA.US,D,20240326,000000,0.5,0.5,0.476,0.4768,17494,0
FRZA.US,D,20240327,000000,0.4768,0.5,0.4768,0.4822,22935,0
FRZA.US,D,20240328,000000,0.5,0.5,0.4768,0.477,43894,0
FRZA.US,D,20240401,000000,0.49,0.49,0.450101,0.4601,30329,0
FRZA.US,D,20240402,000000,0.46,0.488,0.46,0.488,28583,0
FRZA.US,D,20240403,000000,0.4879,0.4998,0.4641,0.47,15575,0
FRZA.US,D,20240404,000000,0.47,0.49,0.465,0.4899,12747,0
FRZA.US,D,20240405,000000,0.465,0.49,0.465,0.4852,9234,0
FRZA.US,D,20240408,000000,0.489999,0.49,0.475,0.475375,23166,0
FRZA.US,D,20240409,000000,0.48,0.491,0.465101,0.4808,8441,0
FRZA.US,D,20240410,000000,0.4602,0.49,0.4602,0.4863,6245,0
FRZA.US,D,20240411,000000,0.4695,0.4906,0.4602,0.471,10245,0
FRZA.US,D,20240412,000000,0.491,0.4999,0.46,0.46,15336,0
FRZA.US,D,20240415,000000,0.461,0.48,0.45,0.45,26300,0
FRZA.US,D,20240416,000000,0.43,0.4699,0.43,0.444,8470,0
FRZA.US,D,20240417,000000,0.431,0.4673,0.4,0.4476,35309,0
FRZA.US,D,20240418,000000,0.44,0.4698,0.4345,0.4412,7250,0
FRZA.US,D,20240419,000000,0.455941,0.4729,0.431,0.432,26226,0
FRZA.US,D,20240422,000000,0.44,0.4625,0.39,0.4495,112031,0
FRZA.US,D,20240423,000000,0.449,0.4495,0.4116,0.4319,38895,0
FRZA.US,D,20240424,000000,0.4209,0.44,0.3762,0.439,32267,0
FRZA.US,D,20240425,000000,0.4215,0.43985,0.3611,0.4139,25472,0
FRZA.US,D,20240426,000000,0.4345,0.4345,0.4099,0.4121,15235,0
FRZA.US,D,20240429,000000,0.4327,0.44,0.395,0.4014,56657,0
FRZA.US,D,20240430,000000,0.3905,0.4386,0.3844,0.4069,18966,0
FRZA.US,D,20240501,000000,0.407,0.421,0.402,0.4099,12720,0
FRZA.US,D,20240502,000000,0.428,0.43,0.3919,0.4104,11556,0
FRZA.US,D,20240503,000000,0.4041,0.4299,0.39,0.4075,19785,0
FRZA.US,D,20240506,000000,0.3956,0.4275,0.3956,0.411,10983,0
FRZA.US,D,20240507,000000,0.4088,0.43,0.408,0.41,7720,0
FRZA.US,D,20240508,000000,0.415,0.4194,0.4014,0.4145,4265,0
FRZA.US,D,20240509,000000,0.4245,0.4245,0.4,0.4067,15339,0
FRZA.US,D,20240510,000000,0.4,0.4252,0.4,0.4231,14137,0
FRZA.US,D,20240513,000000,0.41,0.4192,0.41,0.41,39723,0
FRZA.US,D,20240514,000000,0.41,0.4195,0.41,0.4138,22579,0
FRZA.US,D,20240515,000000,0.41,0.4134,0.366,0.4016,86340,0
FRZA.US,D,20240516,000000,0.3894,0.409,0.3768,0.3901,39153,0
FRZA.US,D,20240517,000000,0.402,0.402,0.3613,0.371,69992,0
FRZA.US,D,20240520,000000,0.385,0.4096,0.385,0.3967,49031,0
FRZA.US,D,20240521,000000,0.3944,0.44,0.3944,0.411,53141,0
FRZA.US,D,20240522,000000,0.416,0.427,0.395,0.4001,41144,0
FRZA.US,D,20240523,000000,0.45,0.5519,0.42,0.456,1409147,0
FRZA.US,D,20240524,000000,0.45,0.4585,0.41,0.425,97534,0
FRZA.US,D,20240528,000000,0.41,0.4415,0.405,0.4241,68462,0
FRZA.US,D,20240529,000000,0.4101,0.4275,0.4053,0.4241,25166,0
FRZA.US,D,20240530,000000,0.416,0.43,0.4138,0.4138,25918,0
FRZA.US,D,20240531,000000,0.4162,0.439,0.3721,0.38,173756,0
FRZA.US,D,20240603,000000,0.39,0.3998,0.365,0.38,76524,0
FRZA.US,D,20240604,000000,0.379,0.38,0.3663,0.379,68060,0
FRZA.US,D,20240605,000000,0.389999,0.4,0.365,0.374,26179,0
FRZA.US,D,20240606,000000,0.361,0.4315,0.361,0.3989,313898,0
FRZA.US,D,20240607,000000,0.393,0.4,0.365,0.372,90427,0
FRZA.US,D,20240610,000000,0.399,0.399899,0.34,0.359,118757,0
FRZA.US,D,20240611,000000,0.355,0.36,0.3313,0.3355,210581,0
FRZA.US,D,20240612,000000,0.3418,0.412,0.3418,0.3949,702440,0
FRZA.US,D,20240613,000000,0.45,0.6087,0.3949,0.43,6263479,0
FRZA.US,D,20240614,000000,0.399,0.475,0.39,0.435,490518,0
FRZA.US,D,20240617,000000,0.4253,0.4319,0.39,0.4048,172324,0
FRZA.US,D,20240618,000000,0.3927,0.429899,0.38,0.39,86173,0
FRZA.US,D,20240620,000000,0.38,0.42,0.3701,0.3802,165602,0
FRZA.US,D,20240621,000000,0.38,0.4084,0.38,0.3948,17601,0
FRZA.US,D,20240624,000000,0.3807,0.396,0.38,0.3871,30642,0
FRZA.US,D,20240625,000000,0.39,0.4595,0.385,0.4246,266181,0
FRZA.US,D,20240626,000000,0.4136,0.4317,0.3606,0.4126,73481,0
FRZA.US,D,20240627,000000,0.395,0.4099,0.395,0.4,23440,0
FRZA.US,D,20240628,000000,0.3981,0.42,0.38,0.3829,39341,0
FRZA.US,D,20240701,000000,0.38,0.42,0.38,0.3868,97914,0
FRZA.US,D,20240702,000000,0.386533,0.41,0.38,0.38,148523,0
FRZA.US,D,20240703,000000,0.3802,0.3875,0.375,0.3816,26283,0
FRZA.US,D,20240705,000000,0.39,0.4,0.38,0.3943,21566,0
FRZA.US,D,20240708,000000,0.3925,0.4,0.38,0.38,39505,0
FRZA.US,D,20240709,000000,0.37,0.385,0.3636,0.3713,46375,0
FRZA.US,D,20240710,000000,0.3712,0.38,0.37,0.372,35251,0
FRZA.US,D,20240711,000000,0.3701,0.384,0.3651,0.3711,28780,0
FRZA.US,D,20240712,000000,0.384,0.395,0.384,0.3843,177164,0
FRZA.US,D,20240715,000000,0.3666,0.38,0.3666,0.379,132680,0
FRZA.US,D,20240716,000000,0.372499,0.379,0.355,0.366,133480,0
FRZA.US,D,20240717,000000,0.3659,0.38,0.35,0.366,12172,0
FRZA.US,D,20240718,000000,0.3621,0.3799,0.3531,0.361401,18999,0
FRZA.US,D,20240719,000000,0.3608,0.3614,0.3388,0.3518,76964,0
FRZA.US,D,20240722,000000,0.336,0.3588,0.32,0.3211,125741,0
FRZA.US,D,20240723,000000,0.3273,0.3489,0.3201,0.3475,73934,0
FRZA.US,D,20240724,000000,0.3393,0.3584,0.3119,0.3165,57581,0
FRZA.US,D,20240725,000000,0.323,0.34,0.3213,0.3348,10215,0
FRZA.US,D,20240726,000000,0.3515,0.354,0.3219,0.3324,73008,0
FRZA.US,D,20240729,000000,0.339,0.3506,0.32,0.3222,17234,0
FRZA.US,D,20240730,000000,0.334,0.34,0.3133,0.317,18555,0
FRZA.US,D,20240731,000000,0.33,0.33,0.31,0.3102,37431,0
FRZA.US,D,20240801,000000,0.319,0.327001,0.28,0.3075,39938,0
FRZA.US,D,20240802,000000,0.3039,0.315,0.286,0.2869,17242,0
FRZA.US,D,20240805,000000,0.284,0.2992,0.25,0.2555,58964,0
FRZA.US,D,20240806,000000,0.2785,0.2995,0.2717,0.2965,28236,0
FRZA.US,D,20240807,000000,0.3,0.3,0.2664,0.277,57879,0
FRZA.US,D,20240808,000000,0.2837,0.2905,0.27,0.2768,60724,0
FRZA.US,D,20240809,000000,0.2778,0.34,0.275,0.3,158003,0
FRZA.US,D,20240812,000000,0.314,0.314,0.2819,0.2881,104779,0
FRZA.US,D,20240813,000000,0.273,0.30825,0.1664,0.2534,8904642,0
FRZA.US,D,20240814,000000,0.2234,0.2533,0.2,0.2315,533666,0
FRZA.US,D,20240815,000000,0.2236,0.2653,0.2123,0.2437,287657,0
FRZA.US,D,20240816,000000,0.23,0.299,0.197,0.2349,436970,0
FRZA.US,D,20240819,000000,0.2326,0.2537,0.2214,0.2505,258165,0
FRZA.US,D,20240820,000000,0.2631,0.2631,0.2326,0.248,70651,0
FRZA.US,D,20240821,000000,0.249,0.25,0.2302,0.25,59809,0
FRZA.US,D,20240822,000000,0.258,0.258,0.24,0.2477,48879,0
FRZA.US,D,20240823,000000,0.24,0.2576,0.24,0.247,19376,0
FRZA.US,D,20240826,000000,0.25,0.2502,0.24,0.2489,38120,0
FRZA.US,D,20240827,000000,0.246681,0.2514,0.2402,0.240501,49675,0
FRZA.US,D,20240828,000000,0.2386,0.2533,0.2361,0.2499,51228,0
FRZA.US,D,20240829,000000,0.2385,0.2499,0.2321,0.2355,23189,0
FRZA.US,D,20240830,000000,0.251,0.251,0.236,0.2495,34341,0
FRZA.US,D,20240903,000000,0.2441,0.2458,0.23,0.23,42755,0
FRZA.US,D,20240904,000000,0.2392,0.2392,0.2178,0.2291,30227,0
FRZA.US,D,20240905,000000,0.225,0.2381,0.2237,0.2314,36597,0
FRZA.US,D,20240906,000000,0.2243,0.2243,0.21301,0.2174,39523,0
FRZA.US,D,20240909,000000,0.226,0.235,0.2234,0.233,34741,0
FRZA.US,D,20240910,000000,0.2344,0.235,0.223,0.235,29397,0
FRZA.US,D,20240911,000000,0.2299,0.23,0.213,0.2167,129251,0
FRZA.US,D,20240912,000000,0.223,0.22971,0.208,0.215,89598,0
FRZA.US,D,20240913,000000,0.2167,0.2548,0.21,0.2475,328194,0
FRZA.US,D,20240916,000000,0.25,0.257,0.22,0.2436,94408,0
FRZA.US,D,20240917,000000,0.25008,0.31,0.2499,0.2857,349431,0
FRZA.US,D,20240918,000000,0.32,0.3375,0.2887,0.32,443107,0
FRZA.US,D,20240919,000000,0.33,0.33,0.2998,0.315,167149,0
FRZA.US,D,20240920,000000,0.315,0.315,0.2793,0.2793,47866,0
FRZA.US,D,20240923,000000,0.2808,0.315,0.25,0.2664,79486,0
FRZA.US,D,20240924,000000,0.308087,0.3149,0.27,0.2801,38005,0
FRZA.US,D,20240925,000000,0.3,0.309,0.2801,0.309,160921,0
FRZA.US,D,20240926,000000,0.306,0.315,0.2925,0.3099,69251,0
FRZA.US,D,20240927,000000,0.3,0.3075,0.2935,0.3005,64159,0
FRZA.US,D,20240930,000000,0.3005,0.32,0.295,0.319,62646,0
FRZA.US,D,20241001,000000,0.319,0.319,0.3,0.3119,16112,0
FRZA.US,D,20241002,000000,0.312,0.3471,0.31,0.3299,82820,0
FRZA.US,D,20241003,000000,0.338,0.338,0.32,0.321,29765,0
FRZA.US,D,20241004,000000,0.32,0.3409,0.32,0.33,81778,0
FRZA.US,D,20241007,000000,0.2848,0.2905,0.26,0.2848,143770,0
FRZA.US,D,20241008,000000,0.2792,0.29,0.2633,0.283,182346,0
FRZA.US,D,20241009,000000,0.2831,0.29,0.256,0.2601,351892,0
