<TICKER>,<PER>,<DATE>,<TIME>,<OPEN>,<HIGH>,<LOW>,<CLOSE>,<VOL>,<OPENINT>
GLLI.US,D,20211228,000000,9.78,9.83,9.78,9.8,747802,0
GLLI.US,D,20211229,000000,9.8,9.855,9.8,9.8,343236,0
GLLI.US,D,20211230,000000,9.8,9.82,9.8,9.82,170586,0
GLLI.US,D,20220103,000000,9.8,9.82,9.8,9.82,863913,0
GLLI.US,D,20220104,000000,9.82,9.82,9.8,9.8,172578,0
GLLI.US,D,20220105,000000,9.82,9.83,9.8,9.8,18042,0
GLLI.US,D,20220106,000000,9.82,9.82,9.81,9.81,16735,0
GLLI.US,D,20220107,000000,9.82,9.83,9.815,9.83,17720,0
GLLI.US,D,20220110,000000,9.83,9.83,9.83,9.83,66746,0
GLLI.US,D,20220111,000000,9.83,9.84,9.82,9.84,295127,0
GLLI.US,D,20220112,000000,9.84,9.84,9.83,9.84,20098,0
GLLI.US,D,20220114,000000,9.84,9.84,9.84,9.84,1112,0
GLLI.US,D,20220118,000000,9.85,9.85,9.85,9.85,71150,0
GLLI.US,D,20220119,000000,9.84,9.89,9.83,9.83,54698,0
GLLI.US,D,20220120,000000,9.81,9.835,9.81,9.82,10610,0
GLLI.US,D,20220121,000000,9.79,9.83,9.79,9.83,1110,0
GLLI.US,D,20220126,000000,9.81,9.81,9.79,9.79,19903,0
GLLI.US,D,20220128,000000,9.811,9.811,9.811,9.811,224,0
GLLI.US,D,20220131,000000,9.83,9.83,9.825,9.825,9481,0
GLLI.US,D,20220202,000000,9.82,9.83,9.8127,9.83,7710,0
GLLI.US,D,20220204,000000,9.83,9.84,9.83,9.84,100830,0
GLLI.US,D,20220209,000000,9.83,9.83,9.83,9.83,151,0
GLLI.US,D,20220211,000000,9.85,9.85,9.85,9.85,318,0
GLLI.US,D,20220216,000000,9.85,9.89,9.85,9.88,38401,0
GLLI.US,D,20220222,000000,9.8491,9.8491,9.8491,9.8491,506,0
GLLI.US,D,20220224,000000,9.8554,9.8554,9.8554,9.8554,506,0
GLLI.US,D,20220301,000000,9.86,9.89,9.86,9.89,10156,0
GLLI.US,D,20220307,000000,9.89,9.89,9.89,9.89,126899,0
GLLI.US,D,20220308,000000,9.89,9.89,9.89,9.89,100,0
GLLI.US,D,20220309,000000,9.89,9.89,9.89,9.89,1756,0
GLLI.US,D,20220311,000000,9.89,9.9001,9.89,9.9,60453,0
GLLI.US,D,20220314,000000,9.89,9.9,9.89,9.895,25238,0
GLLI.US,D,20220318,000000,9.91,9.91,9.91,9.91,3585,0
GLLI.US,D,20220321,000000,9.9,9.91,9.9,9.91,2483,0
GLLI.US,D,20220322,000000,9.91,9.92,9.9,9.9,176410,0
GLLI.US,D,20220323,000000,9.9,9.9138,9.9,9.9138,300,0
GLLI.US,D,20220328,000000,9.91,9.91,9.91,9.91,1018,0
GLLI.US,D,20220329,000000,9.9,9.92,9.88,9.91,4917,0
GLLI.US,D,20220330,000000,9.9,9.91,9.9,9.91,620,0
GLLI.US,D,20220404,000000,9.9,9.92,9.9,9.91,150824,0
GLLI.US,D,20220407,000000,9.91,9.92,9.91,9.92,600,0
GLLI.US,D,20220408,000000,9.92,9.92,9.91,9.91,140627,0
GLLI.US,D,20220411,000000,9.92,9.92,9.92,9.92,2084,0
GLLI.US,D,20220413,000000,9.91,9.92,9.91,9.92,3300,0
GLLI.US,D,20220418,000000,9.95,9.95,9.91,9.93,3010,0
GLLI.US,D,20220420,000000,9.94,9.94,9.94,9.94,1006,0
GLLI.US,D,20220421,000000,9.96,9.96,9.96,9.96,1000,0
GLLI.US,D,20220425,000000,9.94,9.94,9.93,9.94,1901,0
GLLI.US,D,20220428,000000,9.93,9.93,9.93,9.93,200,0
GLLI.US,D,20220429,000000,9.95,9.95,9.95,9.95,160,0
GLLI.US,D,20220503,000000,9.95,9.95,9.95,9.95,203400,0
GLLI.US,D,20220509,000000,9.95,9.95,9.95,9.95,103,0
GLLI.US,D,20220510,000000,9.921,9.921,9.921,9.921,12945,0
GLLI.US,D,20220512,000000,9.91,9.91,9.91,9.91,15901,0
GLLI.US,D,20220516,000000,9.9,9.9,9.89,9.89,20101,0
GLLI.US,D,20220518,000000,9.89,9.89,9.89,9.89,5000,0
GLLI.US,D,20220523,000000,9.9,9.9,9.9,9.9,51300,0
GLLI.US,D,20220524,000000,9.9,9.9001,9.9,9.9,2165,0
GLLI.US,D,20220608,000000,9.91,9.935,9.91,9.92,258393,0
GLLI.US,D,20220614,000000,9.92,9.92,9.92,9.92,5129,0
GLLI.US,D,20220615,000000,9.98,9.98,9.98,9.98,323,0
GLLI.US,D,20220628,000000,9.91,9.91,9.91,9.91,166,0
GLLI.US,D,20220629,000000,9.91,9.92,9.91,9.91,652177,0
GLLI.US,D,20220630,000000,9.91,9.91,9.91,9.91,4441,0
GLLI.US,D,20220711,000000,9.94,9.94,9.94,9.94,139867,0
GLLI.US,D,20220712,000000,9.93,9.93,9.93,9.93,300,0
GLLI.US,D,20220713,000000,9.93,9.93,9.93,9.93,449700,0
GLLI.US,D,20220725,000000,9.96,9.96,9.96,9.96,304,0
GLLI.US,D,20220802,000000,9.985,9.985,9.985,9.985,840,0
GLLI.US,D,20220804,000000,10,10,9.97,9.97,1690,0
GLLI.US,D,20220808,000000,9.98,9.98,9.98,9.98,2462,0
GLLI.US,D,20220810,000000,9.98,9.98,9.97,9.97,15762,0
GLLI.US,D,20220811,000000,9.97,9.97,9.97,9.97,5239,0
GLLI.US,D,20220812,000000,9.97,9.97,9.96,9.96,21254,0
GLLI.US,D,20220815,000000,9.97,9.97,9.97,9.97,4264,0
GLLI.US,D,20220816,000000,9.97,9.97,9.97,9.97,29041,0
GLLI.US,D,20220817,000000,9.97,9.985,9.97,9.97,12029,0
GLLI.US,D,20220818,000000,9.96,9.96,9.96,9.96,900,0
GLLI.US,D,20220824,000000,9.97,9.98,9.97,9.97,403600,0
GLLI.US,D,20220826,000000,10,10,9.99,9.9999,706,0
GLLI.US,D,20220830,000000,9.9613,9.9613,9.9613,9.9613,250,0
GLLI.US,D,20220909,000000,9.96,9.96,9.96,9.96,100150,0
GLLI.US,D,20220912,000000,9.96,9.98,9.96,9.97,7450,0
GLLI.US,D,20220913,000000,9.96,9.96,9.96,9.96,9103,0
GLLI.US,D,20220915,000000,9.96,9.9605,9.96,9.9605,1744,0
GLLI.US,D,20220919,000000,9.96,9.96,9.96,9.96,369566,0
GLLI.US,D,20220927,000000,9.96,9.96,9.96,9.96,450,0
GLLI.US,D,20220929,000000,9.96,9.96,9.96,9.96,100,0
GLLI.US,D,20220930,000000,9.96,9.96,9.96,9.96,31000,0
GLLI.US,D,20221005,000000,9.99,9.99,9.99,9.99,106,0
GLLI.US,D,20221014,000000,10,10,10,10,5352,0
GLLI.US,D,20221019,000000,10,10,10,10,600,0
GLLI.US,D,20221020,000000,10,10,10,10,1500,0
GLLI.US,D,20221021,000000,10,10,10,10,1150,0
GLLI.US,D,20221024,000000,9.995,10,9.995,10,19433,0
GLLI.US,D,20221025,000000,10.03,10.03,10.02,10.02,30299,0
GLLI.US,D,20221026,000000,10.02,10.02,10.02,10.02,118531,0
GLLI.US,D,20221102,000000,10.01,10.02,9.99,10,81937,0
GLLI.US,D,20221107,000000,10.03,10.03,10.02,10.02,15511,0
GLLI.US,D,20221108,000000,10.02,10.02,10.02,10.02,963,0
GLLI.US,D,20221109,000000,10.03,10.03,10.03,10.03,15016,0
GLLI.US,D,20221110,000000,10.03,10.03,10.02,10.03,22921,0
GLLI.US,D,20221114,000000,10.03,10.03,10.02,10.02,10713,0
GLLI.US,D,20221116,000000,10.025,10.025,10.02,10.02,1080,0
GLLI.US,D,20221117,000000,10.03,10.03,10.02,10.02,10300,0
GLLI.US,D,20221118,000000,10.02,10.02,10.02,10.02,109,0
GLLI.US,D,20221121,000000,10.02,10.02,10.02,10.02,60309,0
GLLI.US,D,20221122,000000,10.02,10.03,10.01,10.02,40668,0
GLLI.US,D,20221123,000000,10.02,10.02,10.01,10.015,10343,0
GLLI.US,D,20221125,000000,10.015,10.015,10.015,10.015,200,0
GLLI.US,D,20221128,000000,10.03,10.03,10.03,10.03,1535,0
GLLI.US,D,20221129,000000,10.04,10.04,10.03,10.035,5470,0
GLLI.US,D,20221130,000000,10.04,10.04,10.02,10.04,8798,0
GLLI.US,D,20221201,000000,10.04,10.04,10.03,10.04,67396,0
GLLI.US,D,20221207,000000,10.045,10.045,10.03,10.04,29498,0
GLLI.US,D,20221208,000000,10.06,10.06,10.04,10.04,9683,0
GLLI.US,D,20221209,000000,10.04,10.045,10.04,10.04,2530,0
GLLI.US,D,20221212,000000,10.04,10.05,10.04,10.05,5823,0
GLLI.US,D,20221213,000000,10.08,10.08,10.08,10.08,100,0
GLLI.US,D,20221214,000000,10.08,10.08,10.08,10.08,100,0
GLLI.US,D,20221215,000000,10.1,10.1,10.08,10.1,7091,0
GLLI.US,D,20221216,000000,10.1,10.13,10.1,10.13,39028,0
GLLI.US,D,20221219,000000,10.13,10.13,10.13,10.13,104,0
GLLI.US,D,20221220,000000,10.13,10.14,10.13,10.14,112823,0
GLLI.US,D,20221221,000000,10.14,10.14,10.14,10.14,1067,0
GLLI.US,D,20221222,000000,10.14,10.18,10.14,10.15,30284,0
GLLI.US,D,20221223,000000,10.15,10.17,10.15,10.16,1500,0
GLLI.US,D,20221227,000000,10.158,10.17,10.15,10.17,418269,0
GLLI.US,D,20221228,000000,10.18,10.19,10.18,10.18,1772,0
GLLI.US,D,20221230,000000,10.19,10.21,10.19,10.2,2648,0
GLLI.US,D,20230104,000000,10.19,10.23,10.19,10.21,110587,0
GLLI.US,D,20230105,000000,10.22,10.24,10.21,10.21,134248,0
GLLI.US,D,20230106,000000,10.21,10.24,10.21,10.24,11303,0
GLLI.US,D,20230109,000000,10.24,10.25,10.24,10.24,84617,0
GLLI.US,D,20230111,000000,10.22,10.25,10.22,10.24,9203,0
GLLI.US,D,20230112,000000,10.25,10.26,10.25,10.25,50304,0
GLLI.US,D,20230113,000000,10.25,10.25,10.25,10.25,101,0
GLLI.US,D,20230118,000000,10.24,10.24,10.24,10.24,500000,0
GLLI.US,D,20230124,000000,10.21,10.21,10.21,10.21,13873,0
GLLI.US,D,20230126,000000,10.24,10.24,10.23,10.24,18863,0
GLLI.US,D,20230131,000000,10.24,10.25,10.24,10.25,5837,0
GLLI.US,D,20230201,000000,10.26,10.26,10.24,10.24,5837,0
GLLI.US,D,20230203,000000,10.27,10.27,10.21,10.22,10814,0
GLLI.US,D,20230207,000000,10.25,10.27,10.25,10.26,6894,0
GLLI.US,D,20230208,000000,10.27,10.27,10.26,10.26,1100,0
GLLI.US,D,20230209,000000,10.27,10.27,10.27,10.27,100,0
GLLI.US,D,20230210,000000,10.27,10.27,10.27,10.27,1055,0
GLLI.US,D,20230213,000000,10.27,10.27,10.27,10.27,1880,0
GLLI.US,D,20230217,000000,10.275,10.28,10.27,10.275,402158,0
GLLI.US,D,20230221,000000,10.275,10.275,10.275,10.275,100001,0
GLLI.US,D,20230222,000000,10.29,10.31,10.29,10.31,40308,0
GLLI.US,D,20230223,000000,10.31,10.32,10.3,10.3,588567,0
GLLI.US,D,20230224,000000,10.3,10.3,10.29,10.29,35010,0
GLLI.US,D,20230228,000000,10.31,10.315,10.29,10.315,81732,0
GLLI.US,D,20230302,000000,10.31,10.46,10.31,10.35,73013,0
GLLI.US,D,20230303,000000,10.31,10.37,10.31,10.36,4613,0
GLLI.US,D,20230306,000000,10.39,10.4,10.35,10.35,4103,0
GLLI.US,D,20230307,000000,10.32,10.335,10.31,10.31,43830,0
GLLI.US,D,20230308,000000,10.33,10.33,10.33,10.33,300,0
GLLI.US,D,20230309,000000,10.31,10.345,10.31,10.31,4201,0
GLLI.US,D,20230310,000000,10.32,10.32,10.32,10.32,100,0
GLLI.US,D,20230313,000000,10.32,10.3245,10.32,10.32,10733,0
GLLI.US,D,20230314,000000,10.32,10.355,10.32,10.355,11930,0
GLLI.US,D,20230315,000000,10.34,10.35,10.34,10.35,520,0
GLLI.US,D,20230320,000000,10.36,10.36,10.35,10.35,3900,0
GLLI.US,D,20230321,000000,10.37,10.42,10.355,10.355,9900,0
GLLI.US,D,20230322,000000,10.42,10.42,10.42,10.42,192,0
GLLI.US,D,20230324,000000,10.38,10.38,10.38,10.38,2313,0
GLLI.US,D,20230327,000000,10.38,10.38,10.38,10.38,1038,0
GLLI.US,D,20230328,000000,10.38,10.39,10.38,10.39,2356,0
GLLI.US,D,20230329,000000,10.39,10.4,10.3899,10.4,21377,0
GLLI.US,D,20230403,000000,10.38,10.405,10.38,10.38,8000,0
GLLI.US,D,20230410,000000,10.43,10.43,10.425,10.425,747,0
GLLI.US,D,20230411,000000,10.4,10.42,10.4,10.42,50592,0
GLLI.US,D,20230412,000000,10.4,10.41,10.4,10.41,30828,0
GLLI.US,D,20230414,000000,10.4,10.42,10.4,10.42,6110,0
GLLI.US,D,20230417,000000,10.9,10.9,10.44,10.45,1300,0
GLLI.US,D,20230418,000000,10.45,10.45,10.45,10.45,211,0
GLLI.US,D,20230419,000000,10.45,10.45,10.45,10.45,196,0
GLLI.US,D,20230420,000000,10.435,10.435,10.435,10.435,800,0
GLLI.US,D,20230425,000000,10.44,10.45,10.44,10.45,369,0
GLLI.US,D,20230428,000000,10.42,10.44,10.42,10.44,624,0
GLLI.US,D,20230501,000000,10.45,10.45,10.45,10.45,2785,0
GLLI.US,D,20230502,000000,10.46,10.46,10.45,10.45,200,0
GLLI.US,D,20230503,000000,10.47,10.47,10.47,10.47,115,0
GLLI.US,D,20230504,000000,10.47,10.47,10.47,10.47,339,0
GLLI.US,D,20230509,000000,10.48,10.48,10.48,10.48,5539,0
GLLI.US,D,20230510,000000,10.48,10.48,10.475,10.48,8001,0
GLLI.US,D,20230512,000000,10.48,10.48,10.48,10.48,100,0
GLLI.US,D,20230517,000000,10.49,10.49,10.49,10.49,5200,0
GLLI.US,D,20230522,000000,10.48,10.5,10.48,10.5,3000,0
GLLI.US,D,20230530,000000,10.54,10.54,10.54,10.54,305,0
GLLI.US,D,20230531,000000,10.5,10.5,10.5,10.5,200000,0
GLLI.US,D,20230601,000000,10.57,10.57,10.5,10.5,103152,0
GLLI.US,D,20230602,000000,10.51,10.53,10.51,10.53,5609,0
GLLI.US,D,20230605,000000,10.54,11.52,10.53,10.5846,16077,0
GLLI.US,D,20230606,000000,10.35,11.39,10.35,10.54,13772,0
GLLI.US,D,20230607,000000,10.54,11.59,10.54,10.56,9955,0
GLLI.US,D,20230608,000000,10.56,10.56,10.555,10.555,5169,0
GLLI.US,D,20230609,000000,10.9469,11.05,10.52,10.56,43982,0
GLLI.US,D,20230612,000000,10.64,10.64,10.54,10.54,205,0
GLLI.US,D,20230613,000000,10.54,10.55,10.53,10.55,4873,0
GLLI.US,D,20230614,000000,10.55,10.5509,10.53,10.55,10925,0
GLLI.US,D,20230615,000000,10.55,10.55,10.54,10.55,7119,0
GLLI.US,D,20230620,000000,10.55,10.55,10.55,10.55,1200,0
GLLI.US,D,20230621,000000,10.55,10.55,10.55,10.55,1501,0
GLLI.US,D,20230622,000000,10.71,10.71,10.5599,10.56,9157,0
GLLI.US,D,20230623,000000,10.55,11.3508,10.55,10.555,11122,0
GLLI.US,D,20230626,000000,10.55,11.5995,10.55,10.5598,21134,0
GLLI.US,D,20230627,000000,10.56,10.56,10.56,10.56,25070,0
GLLI.US,D,20230628,000000,10.75,10.75,10.53,10.57,7480,0
GLLI.US,D,20230629,000000,10.57,10.57,10.57,10.57,1825,0
GLLI.US,D,20230630,000000,10.575,10.575,10.575,10.575,3686,0
GLLI.US,D,20230703,000000,10.575,10.575,10.57,10.57,3311,0
GLLI.US,D,20230705,000000,10.57,10.57,10.57,10.57,5010,0
GLLI.US,D,20230706,000000,10.57,10.59,10.57,10.59,31515,0
GLLI.US,D,20230711,000000,10.57,10.59,10.57,10.59,2637,0
GLLI.US,D,20230712,000000,10.59,10.63,10.585,10.62,244408,0
GLLI.US,D,20230713,000000,10.62,10.62,10.62,10.62,1200,0
GLLI.US,D,20230714,000000,10.62,10.62,10.6,10.62,1559,0
GLLI.US,D,20230717,000000,10.62,10.97,10.61,10.62,134788,0
GLLI.US,D,20230718,000000,10.64,10.85,10.63,10.63,33595,0
GLLI.US,D,20230719,000000,10.75,10.84,10.61,10.63,36070,0
GLLI.US,D,20230720,000000,10.99,10.99,10.61,10.61,11332,0
GLLI.US,D,20230721,000000,10.63,10.99,10.62,10.64,5427,0
GLLI.US,D,20230724,000000,10.61,10.62,10.61,10.62,2885,0
GLLI.US,D,20230725,000000,10.62,10.62,10.62,10.62,1250,0
GLLI.US,D,20230726,000000,10.65,10.72,10.62,10.62,20138,0
GLLI.US,D,20230727,000000,10.6,10.63,10.6,10.63,1620,0
GLLI.US,D,20230728,000000,10.62,10.62,10.62,10.62,608,0
GLLI.US,D,20230731,000000,10.6266,10.6266,10.62,10.62,408,0
GLLI.US,D,20230802,000000,10.64,10.64,10.6201,10.6201,75102,0
GLLI.US,D,20230803,000000,10.69,10.69,10.69,10.69,207,0
GLLI.US,D,20230807,000000,10.6406,10.6585,10.64,10.64,323,0
GLLI.US,D,20230808,000000,10.64,10.64,10.58,10.64,1905,0
GLLI.US,D,20230809,000000,10.64,10.65,10.62,10.62,3586,0
GLLI.US,D,20230810,000000,10.63,10.66,10.62,10.66,2718,0
GLLI.US,D,20230811,000000,10.68,10.69,10.64,10.64,1689,0
GLLI.US,D,20230814,000000,10.6,10.9753,10.59,10.69,7301,0
GLLI.US,D,20230815,000000,11.1593,11.67,10.59,10.69,20271,0
GLLI.US,D,20230817,000000,10.59,10.61,10.59,10.61,453,0
GLLI.US,D,20230818,000000,10.61,10.69,10.5912,10.69,1934,0
GLLI.US,D,20230821,000000,10.63,10.63,10.59,10.59,6619,0
GLLI.US,D,20230822,000000,11.125,11.1281,10.59,10.69,12104,0
GLLI.US,D,20230823,000000,10.65,10.65,10.59,10.65,50410,0
GLLI.US,D,20230829,000000,10.75,10.84,10.75,10.75,5996,0
GLLI.US,D,20230908,000000,10.715,10.75,10.71,10.75,4522,0
GLLI.US,D,20230912,000000,10.73,10.73,10.7,10.73,116339,0
GLLI.US,D,20230920,000000,10.79,10.79,10.79,10.79,101,0
GLLI.US,D,20230922,000000,10.75,10.79,10.75,10.79,6319,0
GLLI.US,D,20230927,000000,10.77,10.77,10.75,10.75,2091,0
GLLI.US,D,20230928,000000,10.77,10.775,10.77,10.77,172042,0
GLLI.US,D,20230929,000000,10.775,10.775,10.775,10.775,200001,0
GLLI.US,D,20231006,000000,10.79,10.79,10.79,10.79,4200,0
GLLI.US,D,20231012,000000,10.77,10.77,10.77,10.77,30100,0
GLLI.US,D,20231016,000000,10.7588,10.7588,10.7588,10.7588,3803,0
GLLI.US,D,20231018,000000,10.79,10.79,10.79,10.79,777,0
GLLI.US,D,20231023,000000,10.79,10.8296,10.79,10.82,4688,0
GLLI.US,D,20231027,000000,10.79,10.79,10.79,10.79,405,0
GLLI.US,D,20231101,000000,10.8,10.8,10.79,10.8,5133,0
GLLI.US,D,20231102,000000,10.83,10.83,10.83,10.83,4425,0
GLLI.US,D,20231103,000000,10.835,10.835,10.835,10.835,5944,0
GLLI.US,D,20231107,000000,10.8,10.8,10.8,10.8,403,0
GLLI.US,D,20231108,000000,10.85,10.85,10.8499,10.8499,906,0
GLLI.US,D,20231110,000000,10.815,10.84,10.815,10.83,70008,0
GLLI.US,D,20231114,000000,10.845,10.845,10.82,10.82,34107,0
GLLI.US,D,20231115,000000,10.83,10.84,10.83,10.84,11858,0
GLLI.US,D,20231116,000000,10.85,10.85,10.85,10.85,5089,0
GLLI.US,D,20231117,000000,10.85,10.86,10.85,10.86,15006,0
GLLI.US,D,20231120,000000,10.87,10.87,10.87,10.87,5405,0
GLLI.US,D,20231121,000000,10.87,10.87,10.8601,10.8601,27016,0
GLLI.US,D,20231122,000000,10.88,10.88,10.88,10.88,56151,0
GLLI.US,D,20231124,000000,10.88,10.88,10.88,10.88,77356,0
GLLI.US,D,20231127,000000,10.89,10.89,10.86,10.8601,2800,0
GLLI.US,D,20231128,000000,10.8601,10.8601,10.86,10.86,302,0
GLLI.US,D,20231129,000000,10.86,10.8601,10.86,10.8601,1200,0
GLLI.US,D,20231130,000000,10.86,10.8601,10.86,10.8601,400,0
GLLI.US,D,20231201,000000,10.86,10.86,10.86,10.86,500,0
GLLI.US,D,20231205,000000,10.87,10.88,10.86,10.86,157415,0
GLLI.US,D,20231206,000000,10.87,10.87,10.86,10.86,149224,0
GLLI.US,D,20231207,000000,10.86,10.86,10.85,10.85,35255,0
GLLI.US,D,20231212,000000,10.86,10.86,10.86,10.86,32171,0
GLLI.US,D,20231213,000000,10.78,10.84,10.78,10.825,77948,0
GLLI.US,D,20231214,000000,10.821,10.821,10.82,10.82,1800,0
GLLI.US,D,20231222,000000,10.82,10.82,10.82,10.82,100,0
GLLI.US,D,20231226,000000,10.85,10.85,10.84,10.84,68800,0
GLLI.US,D,20231227,000000,10.8477,10.85,10.845,10.85,4875,0
GLLI.US,D,20231228,000000,10.85,10.8567,10.85,10.85,170206,0
GLLI.US,D,20231229,000000,10.85,10.85,10.84,10.84,45342,0
GLLI.US,D,20240102,000000,10.85,10.85,10.85,10.85,1745,0
GLLI.US,D,20240103,000000,10.85,10.85,10.85,10.85,5051,0
GLLI.US,D,20240104,000000,10.85,10.99,10.85,10.98,101362,0
GLLI.US,D,20240108,000000,10.91,10.91,10.82,10.89,104609,0
GLLI.US,D,20240109,000000,10.92,11.8,10.85,10.87,36301,0
GLLI.US,D,20240110,000000,10.87,10.87,10.86,10.86,19154,0
GLLI.US,D,20240111,000000,10.8675,10.87,10.865,10.87,728,0
GLLI.US,D,20240112,000000,10.865,10.885,10.85,10.87,73593,0
GLLI.US,D,20240116,000000,10.87,10.9,10.87,10.9,4146,0
GLLI.US,D,20240117,000000,10.87,11.8,10.87,10.87,5103,0
GLLI.US,D,20240118,000000,11.2313,11.8,10.87,10.87,12498,0
GLLI.US,D,20240119,000000,11.335,11.68,10.87,10.87,7071,0
GLLI.US,D,20240122,000000,10.87,10.9,10.87,10.87,1076,0
GLLI.US,D,20240123,000000,10.87,11.21,10.87,10.87,2790,0
GLLI.US,D,20240124,000000,10.9,11.54,10.87,10.91,13149,0
GLLI.US,D,20240126,000000,10.87,10.87,10.87,10.87,115,0
GLLI.US,D,20240129,000000,10.87,10.91,10.87,10.89,6309,0
GLLI.US,D,20240131,000000,10.88,10.88,10.88,10.88,1050,0
GLLI.US,D,20240201,000000,10.91,10.91,10.88,10.885,14369,0
GLLI.US,D,20240202,000000,10.91,10.91,10.91,10.91,665,0
GLLI.US,D,20240205,000000,10.9,10.9,10.88,10.9,524,0
GLLI.US,D,20240208,000000,10.91,10.91,10.91,10.91,301,0
GLLI.US,D,20240209,000000,10.91,10.91,10.83,10.83,403,0
GLLI.US,D,20240212,000000,10.83,10.91,10.83,10.91,334,0
GLLI.US,D,20240213,000000,10.83,10.91,10.83,10.91,200,0
GLLI.US,D,20240214,000000,10.91,10.91,10.84,10.84,722,0
GLLI.US,D,20240215,000000,10.83,10.8301,10.83,10.8301,1719,0
GLLI.US,D,20240222,000000,10.84,10.84,10.84,10.84,568,0
GLLI.US,D,20240226,000000,10.9,10.91,10.86,10.91,3714,0
GLLI.US,D,20240227,000000,10.86,10.86,10.86,10.86,900,0
GLLI.US,D,20240229,000000,10.9,10.9,10.87,10.87,268,0
GLLI.US,D,20240306,000000,10.87,10.9,10.87,10.9,78932,0
GLLI.US,D,20240307,000000,10.88,10.92,10.875,10.9,1543,0
GLLI.US,D,20240308,000000,10.9,10.91,10.88,10.91,8972,0
GLLI.US,D,20240312,000000,10.88,10.9,10.87,10.9,2813,0
GLLI.US,D,20240313,000000,10.905,10.905,10.9,10.9,5906,0
GLLI.US,D,20240315,000000,10.88,10.88,10.88,10.88,856,0
GLLI.US,D,20240318,000000,10.87,10.89,10.87,10.89,812,0
GLLI.US,D,20240319,000000,10.9,10.91,10.9,10.9,58803,0
GLLI.US,D,20240321,000000,10.91,10.91,10.91,10.91,12378,0
GLLI.US,D,20240327,000000,10.91,10.92,10.91,10.91,18997,0
GLLI.US,D,20240328,000000,10.93,10.93,10.92,10.93,7136,0
GLLI.US,D,20240401,000000,10.93,10.97,10.93,10.9696,3092,0
GLLI.US,D,20240402,000000,10.94,10.95,10.94,10.95,10613,0
GLLI.US,D,20240403,000000,10.95,10.96,10.95,10.95,705,0
GLLI.US,D,20240404,000000,10.97,10.97,10.96,10.97,4311,0
GLLI.US,D,20240405,000000,10.97,11,10.97,11,14050,0
GLLI.US,D,20240408,000000,11.01,11.01,11.01,11.01,3013,0
GLLI.US,D,20240410,000000,11.01,11.01,11.0099,11.01,3501,0
GLLI.US,D,20240411,000000,11,11,11,11,635,0
GLLI.US,D,20240412,000000,11.02,11.02,11.02,11.02,4202,0
GLLI.US,D,20240415,000000,11.025,11.05,11.025,11.05,22133,0
GLLI.US,D,20240416,000000,11.01,11.01,11.01,11.01,2802,0
GLLI.US,D,20240418,000000,11.03,11.05,11.03,11.05,20171,0
GLLI.US,D,20240419,000000,11.5553,11.5553,11.03,11.05,1693,0
GLLI.US,D,20240422,000000,11.05,12.1,11.05,11.5,2093,0
GLLI.US,D,20240424,000000,11.06,11.06,11.06,11.06,522,0
GLLI.US,D,20240425,000000,11.07,11.07,11.07,11.07,758,0
GLLI.US,D,20240426,000000,11.2778,11.2778,11.07,11.07,2309,0
GLLI.US,D,20240429,000000,11.07,11.07,11.07,11.07,300,0
GLLI.US,D,20240430,000000,11.1,11.1,11.07,11.07,5811,0
GLLI.US,D,20240502,000000,11.12,11.15,11.12,11.15,2404,0
GLLI.US,D,20240503,000000,11.07,11.12,11.05,11.08,1403,0
GLLI.US,D,20240506,000000,10.87,11.11,10.87,11.1,1078,0
GLLI.US,D,20240507,000000,11.15,11.15,11.15,11.15,2404,0
GLLI.US,D,20240508,000000,11.5724,11.5724,11.11,11.1101,1205,0
GLLI.US,D,20240509,000000,11.12,11.12,11.11,11.11,902,0
GLLI.US,D,20240510,000000,11.21,11.22,11.14,11.14,14371,0
GLLI.US,D,20240513,000000,11.12,11.18,11.12,11.18,4864,0
GLLI.US,D,20240517,000000,11.12,11.19,11.12,11.18,1803,0
GLLI.US,D,20240520,000000,11.12,11.12,11.12,11.12,217,0
GLLI.US,D,20240521,000000,11.1,11.1201,11.1,11.1201,1738,0
GLLI.US,D,20240522,000000,11.165,11.4,11.14,11.14,3585,0
GLLI.US,D,20240524,000000,11.26,11.26,11.26,11.26,223,0
GLLI.US,D,20240528,000000,11.27,11.27,11.2,11.2,2003,0
GLLI.US,D,20240605,000000,11.15,11.15,11.15,11.15,100,0
GLLI.US,D,20240606,000000,11.14,11.14,11.14,11.14,171,0
GLLI.US,D,20240607,000000,11.19,11.19,11.13,11.13,1192,0
GLLI.US,D,20240610,000000,11.195,11.25,11.19,11.195,3945,0
GLLI.US,D,20240611,000000,11.15,11.15,11.15,11.15,182,0
GLLI.US,D,20240612,000000,11.13,11.13,11.13,11.13,600,0
GLLI.US,D,20240617,000000,11.54,11.93,11.16,11.16,931,0
GLLI.US,D,20240618,000000,11.32,11.99,11.17,11.35,1122,0
GLLI.US,D,20240701,000000,11.15,11.15,11.15,11.15,100,0
GLLI.US,D,20240702,000000,11.15,11.15,11.15,11.15,1027,0
GLLI.US,D,20240710,000000,11.26,11.27,11.26,11.27,223,0
GLLI.US,D,20240718,000000,11.18,11.18,11.18,11.18,173,0
GLLI.US,D,20240722,000000,11.2,11.2,11.2,11.2,101,0
GLLI.US,D,20240723,000000,11.19,11.19,11.19,11.19,101,0
GLLI.US,D,20240724,000000,11.3,11.3,11.235,11.235,601,0
GLLI.US,D,20240725,000000,11.29,11.29,11.235,11.235,1113,0
GLLI.US,D,20240726,000000,11.2,11.21,11.18,11.21,2525,0
GLLI.US,D,20240822,000000,11.25,11.25,11.24,11.25,5303,0
GLLI.US,D,20240826,000000,11.26,11.26,11.25,11.25,772,0
GLLI.US,D,20240827,000000,11.25,11.25,11.25,11.25,602,0
GLLI.US,D,20240904,000000,11.29,11.3,11.29,11.3,4000,0
GLLI.US,D,20240910,000000,11.3,11.3,11.2992,11.3,12902,0
GLLI.US,D,20240913,000000,11.33,11.33,11.315,11.315,1205,0
GLLI.US,D,20240917,000000,11.31,11.31,11.31,11.31,100,0
GLLI.US,D,20240920,000000,11.25,11.25,11.23,11.23,601,0
GLLI.US,D,20240923,000000,11.34,11.34,11.34,11.34,2502,0
GLLI.US,D,20240925,000000,11.34,11.34,11.34,11.34,1000,0
GLLI.US,D,20240926,000000,11.28,11.38,11.28,11.33,9661,0
GLLI.US,D,20240927,000000,11.34,11.36,11.22,11.34,114627,0
GLLI.US,D,20241001,000000,11.35,11.35,11.35,11.35,675,0
GLLI.US,D,20241008,000000,11.35,11.35,11.35,11.35,1352,0
GLLI.US,D,20241014,000000,11.35,11.35,11.35,11.35,3230,0
GLLI.US,D,20241016,000000,11.35,11.35,11.35,11.35,1606,0
GLLI.US,D,20241017,000000,11.35,11.35,11.35,11.35,106138,0
GLLI.US,D,20241023,000000,11.38,11.4,11.38,11.4,13122,0
GLLI.US,D,20241030,000000,11.41,11.44,11.41,11.44,9294,0
GLLI.US,D,20241104,000000,11.43,11.43,11.42,11.42,700,0
GLLI.US,D,20241112,000000,11.57,11.57,11.5,11.5,2455,0
GLLI.US,D,20241113,000000,11.42,11.43,11.42,11.42,584,0
GLLI.US,D,20241120,000000,11.42,11.42,11.42,11.42,1150,0
GLLI.US,D,20241121,000000,11.44,11.44,11.44,11.44,513,0
GLLI.US,D,20241211,000000,12.4,12.4,11.95,11.95,1054,0
GLLI.US,D,20241213,000000,11.53,11.83,11.53,11.74,840,0
GLLI.US,D,20241216,000000,11.6,11.6,10.81,10.81,1432,0
