<TICKER>,<PER>,<DATE>,<TIME>,<OPEN>,<HIGH>,<LOW>,<CLOSE>,<VOL>,<OPENINT>
GOEWQ.US,D,20190417,000000,0.52,0.54,0.5099,0.525,525611,0
GOEWQ.US,D,20190418,000000,0.52,0.54,0.52,0.53,129100,0
GOEWQ.US,D,20190422,000000,0.535,0.55,0.501,0.5121,332986,0
GOEWQ.US,D,20190423,000000,0.5368,0.54,0.53,0.53,36200,0
GOEWQ.US,D,20190424,000000,0.54,0.585,0.5299,0.58,85500,0
GOEWQ.US,D,20190425,000000,0.57,0.57,0.56037,0.56037,5020,0
GOEWQ.US,D,20190426,000000,0.56,0.56,0.5481,0.55,77142,0
GOEWQ.US,D,20190429,000000,0.54535,0.54535,0.52,0.54,28180,0
GOEWQ.US,D,20190430,000000,0.53,0.53,0.52,0.52,25100,0
GOEWQ.US,D,20190501,000000,0.52,0.52,0.52,0.52,50700,0
GOEWQ.US,D,20190502,000000,0.5021,0.5201,0.5021,0.52,23844,0
GOEWQ.US,D,20190503,000000,0.52,0.5201,0.51,0.51,28840,0
GOEWQ.US,D,20190506,000000,0.5021,0.5101,0.5,0.51,870743,0
GOEWQ.US,D,20190507,000000,0.5,0.5001,0.5,0.5,141686,0
GOEWQ.US,D,20190508,000000,0.48,0.5,0.48,0.5,181625,0
GOEWQ.US,D,20190510,000000,0.5,0.51,0.5,0.51,11200,0
GOEWQ.US,D,20190513,000000,0.51,0.51,0.5,0.5,49800,0
GOEWQ.US,D,20190514,000000,0.5,0.51,0.5,0.5,46175,0
GOEWQ.US,D,20190515,000000,0.5,0.5001,0.5,0.5,240100,0
GOEWQ.US,D,20190517,000000,0.51,0.51,0.51,0.51,300,0
GOEWQ.US,D,20190522,000000,0.5,0.51,0.5,0.51,23432,0
GOEWQ.US,D,20190523,000000,0.52,0.52,0.52,0.52,5000,0
GOEWQ.US,D,20190524,000000,0.519,0.55,0.51,0.55,46100,0
GOEWQ.US,D,20190529,000000,0.54,0.55,0.52,0.54,780116,0
GOEWQ.US,D,20190530,000000,0.54,0.54,0.54,0.54,120000,0
GOEWQ.US,D,20190531,000000,0.54,0.54,0.53,0.53,13700,0
GOEWQ.US,D,20190603,000000,0.54,0.54,0.54,0.54,15900,0
GOEWQ.US,D,20190605,000000,0.54,0.54,0.52,0.53,3300,0
GOEWQ.US,D,20190606,000000,0.53,0.53,0.52,0.53,18600,0
GOEWQ.US,D,20190607,000000,0.54,0.54,0.54,0.54,70200,0
GOEWQ.US,D,20190610,000000,0.53,0.6,0.51,0.57,497429,0
GOEWQ.US,D,20190611,000000,0.59,0.6,0.59,0.5921,212700,0
GOEWQ.US,D,20190617,000000,0.59,0.59,0.5873,0.5873,10002,0
GOEWQ.US,D,20190618,000000,0.57,0.57,0.57,0.57,200,0
GOEWQ.US,D,20190621,000000,0.5899,0.59,0.5899,0.59,10000,0
GOEWQ.US,D,20190624,000000,0.59,0.6,0.59,0.6,59652,0
GOEWQ.US,D,20190625,000000,0.595,0.595,0.595,0.595,1000,0
GOEWQ.US,D,20190626,000000,0.59,0.59,0.59,0.59,11883,0
GOEWQ.US,D,20190627,000000,0.59,0.6863,0.58,0.6,78880,0
GOEWQ.US,D,20190628,000000,0.6,0.6,0.6,0.6,1579,0
GOEWQ.US,D,20190701,000000,0.6,0.6,0.6,0.6,2500,0
GOEWQ.US,D,20190702,000000,0.59,0.6,0.59,0.6,1000,0
GOEWQ.US,D,20190703,000000,0.6,0.6,0.56,0.6,8200,0
GOEWQ.US,D,20190705,000000,0.59,0.6,0.59,0.5971,10600,0
GOEWQ.US,D,20190708,000000,0.59,0.6,0.54,0.6,17906,0
GOEWQ.US,D,20190710,000000,0.6,0.6,0.6,0.6,5278,0
GOEWQ.US,D,20190711,000000,0.6,0.6,0.6,0.6,20300,0
GOEWQ.US,D,20190715,000000,0.6,0.6,0.6,0.6,31200,0
GOEWQ.US,D,20190716,000000,0.6,0.6,0.5999,0.6,76499,0
GOEWQ.US,D,20190717,000000,0.6,1.24,0.6,0.64,41092,0
GOEWQ.US,D,20190718,000000,0.641,0.68,0.611,0.615,11700,0
GOEWQ.US,D,20190719,000000,0.67,0.67,0.67,0.67,100,0
GOEWQ.US,D,20190722,000000,0.66,0.66,0.65,0.65,400,0
GOEWQ.US,D,20190723,000000,0.749,0.749,0.749,0.749,1000,0
GOEWQ.US,D,20190724,000000,0.75,0.75,0.71,0.73,1300,0
GOEWQ.US,D,20190725,000000,0.71,0.72,0.71,0.72,500,0
GOEWQ.US,D,20190726,000000,0.71,0.71,0.7,0.7,241083,0
GOEWQ.US,D,20190729,000000,0.73,0.73,0.73,0.73,100,0
GOEWQ.US,D,20190730,000000,0.73,0.73,0.7,0.7299,11900,0
GOEWQ.US,D,20190731,000000,0.7399,0.76,0.7363,0.75,56950,0
GOEWQ.US,D,20190801,000000,0.75,0.8,0.75,0.799,81206,0
GOEWQ.US,D,20190802,000000,0.79,0.79,0.78,0.78,1100,0
GOEWQ.US,D,20190805,000000,0.789,0.789,0.789,0.789,100,0
GOEWQ.US,D,20190806,000000,0.79,0.79,0.735,0.77,300,0
GOEWQ.US,D,20190807,000000,0.7887,0.7887,0.7887,0.7887,499,0
GOEWQ.US,D,20190808,000000,0.74,0.76,0.7264,0.76,48300,0
GOEWQ.US,D,20190809,000000,0.79,0.79,0.75,0.77,53200,0
GOEWQ.US,D,20190812,000000,0.76,0.76,0.76,0.76,300,0
GOEWQ.US,D,20190814,000000,0.768,0.768,0.75,0.75,25600,0
GOEWQ.US,D,20190815,000000,0.75,0.7502,0.75,0.7502,24107,0
GOEWQ.US,D,20190819,000000,0.75,0.7538,0.75,0.75,23762,0
GOEWQ.US,D,20190820,000000,0.79,0.79,0.79,0.79,100,0
GOEWQ.US,D,20190821,000000,0.7899,0.7899,0.789,0.789,300,0
GOEWQ.US,D,20190826,000000,0.75,0.77292,0.75,0.77292,4300,0
GOEWQ.US,D,20190827,000000,0.76,0.765,0.75,0.76449,6300,0
GOEWQ.US,D,20190828,000000,0.765,0.765,0.765,0.765,100,0
GOEWQ.US,D,20190829,000000,0.76,0.76,0.7,0.7,8200,0
GOEWQ.US,D,20190830,000000,0.72706,0.73,0.7,0.7033,11700,0
GOEWQ.US,D,20190903,000000,0.71,0.8,0.65,0.715,7100,0
GOEWQ.US,D,20190904,000000,0.75,0.75,0.75,0.75,250,0
GOEWQ.US,D,20190905,000000,0.798,0.798,0.777,0.78,64950,0
GOEWQ.US,D,20190906,000000,0.78,0.8,0.75,0.78,144825,0
GOEWQ.US,D,20190909,000000,0.7801,0.8,0.77705,0.79,168525,0
GOEWQ.US,D,20190910,000000,0.78,0.8,0.7799,0.8,82721,0
GOEWQ.US,D,20190911,000000,0.79,0.8,0.7761,0.7899,94835,0
GOEWQ.US,D,20190912,000000,0.8,0.8,0.79622,0.8,28558,0
GOEWQ.US,D,20190913,000000,0.8,0.81,0.8,0.8,8420,0
GOEWQ.US,D,20190916,000000,0.8,0.8,0.8,0.8,473,0
GOEWQ.US,D,20190917,000000,0.8,0.8,0.8,0.8,200,0
GOEWQ.US,D,20190918,000000,0.8,0.8,0.78,0.8,12514,0
GOEWQ.US,D,20190919,000000,0.62,0.8,0.62,0.769,13831,0
GOEWQ.US,D,20190920,000000,0.521,0.77,0.521,0.7664,27500,0
GOEWQ.US,D,20190923,000000,0.77,0.77,0.77,0.77,2000,0
GOEWQ.US,D,20190924,000000,0.71,0.8,0.71,0.8,18419,0
GOEWQ.US,D,20190925,000000,0.695,0.8,0.695,0.7993,25997,0
GOEWQ.US,D,20190926,000000,0.79,0.79,0.79,0.79,231,0
GOEWQ.US,D,20190927,000000,0.77,0.79,0.77,0.79,2100,0
GOEWQ.US,D,20191003,000000,0.78,0.78,0.78,0.78,100,0
GOEWQ.US,D,20191004,000000,0.74,0.78,0.7,0.78,11760,0
GOEWQ.US,D,20191007,000000,0.79,0.79,0.77,0.77,1533,0
GOEWQ.US,D,20191008,000000,0.78,0.78,0.78,0.78,500,0
GOEWQ.US,D,20191009,000000,0.79,0.8,0.79,0.793,3200,0
GOEWQ.US,D,20191010,000000,0.8,0.8,0.8,0.8,300,0
GOEWQ.US,D,20191011,000000,0.78,0.78,0.78,0.78,100,0
GOEWQ.US,D,20191014,000000,0.79,0.79,0.79,0.79,200,0
GOEWQ.US,D,20191016,000000,0.77,0.7715,0.72,0.77,1525,0
GOEWQ.US,D,20191017,000000,0.79,0.85,0.79,0.85,38900,0
GOEWQ.US,D,20191018,000000,0.88,0.95,0.88,0.9,174988,0
GOEWQ.US,D,20191021,000000,0.9,0.9,0.9,0.9,1140,0
GOEWQ.US,D,20191022,000000,0.899,0.89913,0.899,0.89913,200,0
GOEWQ.US,D,20191023,000000,0.88,0.88,0.82,0.85,400,0
GOEWQ.US,D,20191024,000000,0.86,0.86,0.86,0.86,300,0
GOEWQ.US,D,20191025,000000,0.879,0.879,0.87,0.87,1950,0
GOEWQ.US,D,20191028,000000,0.86,0.863,0.846,0.846,3200,0
GOEWQ.US,D,20191029,000000,0.879,0.879,0.86,0.86,1975,0
GOEWQ.US,D,20191030,000000,0.87,0.87,0.8485,0.85,6200,0
GOEWQ.US,D,20191031,000000,0.879,0.879,0.85,0.85,500,0
GOEWQ.US,D,20191101,000000,0.86,0.86,0.86,0.86,100,0
GOEWQ.US,D,20191104,000000,0.85,0.85,0.85,0.85,300,0
GOEWQ.US,D,20191105,000000,0.85,0.85,0.85,0.85,275,0
GOEWQ.US,D,20191106,000000,0.8502,0.8545,0.85,0.8541,1200,0
GOEWQ.US,D,20191107,000000,0.85,0.85,0.85,0.85,225,0
GOEWQ.US,D,20191108,000000,0.84,0.85599,0.84,0.85599,20960,0
GOEWQ.US,D,20191111,000000,0.85,0.9,0.8473,0.9,8250,0
GOEWQ.US,D,20191112,000000,0.9,0.9,0.85,0.87,7029,0
GOEWQ.US,D,20191113,000000,0.88,0.95,0.88,0.9101,27548,0
GOEWQ.US,D,20191114,000000,0.95,1.01,0.95,0.95,262051,0
GOEWQ.US,D,20191115,000000,0.94,1.1,0.94,1,25198,0
GOEWQ.US,D,20191118,000000,0.98,0.98,0.95,0.97,80300,0
GOEWQ.US,D,20191119,000000,1.03,1.03,1,1.01,11101,0
GOEWQ.US,D,20191120,000000,0.99,0.99,0.89,0.95,11707,0
GOEWQ.US,D,20191121,000000,0.99,0.99,0.99,0.99,500,0
GOEWQ.US,D,20191122,000000,0.95,0.95,0.93,0.93,401,0
GOEWQ.US,D,20191125,000000,0.92,0.92,0.92,0.92,500,0
GOEWQ.US,D,20191126,000000,0.86,0.9,0.86,0.89,1086,0
GOEWQ.US,D,20191127,000000,0.89,0.89,0.89,0.89,100,0
GOEWQ.US,D,20191129,000000,0.89,0.89,0.89,0.89,100,0
GOEWQ.US,D,20191202,000000,0.89,0.89,0.89,0.89,100,0
GOEWQ.US,D,20191203,000000,0.89,0.89,0.89,0.89,100,0
GOEWQ.US,D,20191205,000000,0.89,0.89,0.89,0.89,200,0
GOEWQ.US,D,20191209,000000,0.9,0.9,0.9,0.9,16600,0
GOEWQ.US,D,20191210,000000,0.87,0.88,0.85,0.88,700,0
GOEWQ.US,D,20191211,000000,0.9,0.9,0.9,0.9,100,0
GOEWQ.US,D,20191212,000000,0.89,0.89,0.87,0.89,900,0
GOEWQ.US,D,20191213,000000,0.88,0.88,0.8,0.85,1552,0
GOEWQ.US,D,20191216,000000,0.87,0.87,0.84,0.84,300,0
GOEWQ.US,D,20191217,000000,0.85,0.85,0.85,0.85,1200,0
GOEWQ.US,D,20191218,000000,0.87,0.87,0.78,0.86,76825,0
GOEWQ.US,D,20191219,000000,0.87,0.87,0.87,0.87,200,0
GOEWQ.US,D,20191220,000000,0.87,0.87,0.87,0.87,200,0
GOEWQ.US,D,20191223,000000,0.87,0.87,0.87,0.87,300,0
GOEWQ.US,D,20191224,000000,0.87,0.87,0.87,0.87,200,0
GOEWQ.US,D,20191227,000000,0.9,0.9,0.9,0.9,2344,0
GOEWQ.US,D,20191230,000000,0.87,0.87,0.87,0.87,200,0
GOEWQ.US,D,20191231,000000,0.87,0.87,0.8,0.8,578,0
GOEWQ.US,D,20200102,000000,0.87,0.87,0.87,0.87,201,0
GOEWQ.US,D,20200103,000000,0.86,0.86,0.86,0.86,100,0
GOEWQ.US,D,20200106,000000,0.87,0.9,0.87,0.9,5276,0
GOEWQ.US,D,20200107,000000,0.9,0.9,0.9,0.9,100,0
GOEWQ.US,D,20200108,000000,0.89396,0.94,0.88,0.94,274186,0
GOEWQ.US,D,20200109,000000,0.9,0.925,0.9,0.925,22400,0
GOEWQ.US,D,20200110,000000,0.93,0.93,0.9,0.9,273600,0
GOEWQ.US,D,20200113,000000,0.97,0.97,0.93,0.93,200,0
GOEWQ.US,D,20200114,000000,0.9,0.9,0.9,0.9,375000,0
GOEWQ.US,D,20200115,000000,0.92,0.92,0.92,0.92,100,0
GOEWQ.US,D,20200116,000000,0.92,0.92,0.92,0.92,101,0
GOEWQ.US,D,20200121,000000,0.9,0.95,0.9,0.95,200100,0
GOEWQ.US,D,20200123,000000,0.94,0.94,0.94,0.94,5000,0
GOEWQ.US,D,20200124,000000,0.96,0.96,0.94,0.94,5400,0
GOEWQ.US,D,20200131,000000,0.96,0.96,0.94,0.95,29360,0
GOEWQ.US,D,20200203,000000,0.96,0.96,0.96,0.96,7000,0
GOEWQ.US,D,20200204,000000,0.93,0.96,0.93,0.96,1100,0
GOEWQ.US,D,20200205,000000,0.96,0.96,0.94,0.96,11100,0
GOEWQ.US,D,20200206,000000,0.96,0.96,0.95,0.95,1600,0
GOEWQ.US,D,20200207,000000,0.95,0.96,0.95,0.96,11342,0
GOEWQ.US,D,20200210,000000,0.98,0.98,0.95,0.95,21000,0
GOEWQ.US,D,20200211,000000,0.95,0.95,0.95,0.95,12648,0
GOEWQ.US,D,20200212,000000,0.94,0.943,0.94,0.943,200,0
GOEWQ.US,D,20200214,000000,0.9,0.95,0.9,0.95,2500,0
GOEWQ.US,D,20200218,000000,0.94,0.94,0.93,0.93,2073,0
GOEWQ.US,D,20200219,000000,0.91,0.91,0.91,0.91,1000,0
GOEWQ.US,D,20200220,000000,0.95,0.95,0.95,0.95,1064,0
GOEWQ.US,D,20200221,000000,0.95,0.95,0.93,0.945,15159,0
GOEWQ.US,D,20200224,000000,0.95,0.95,0.95,0.95,1578,0
GOEWQ.US,D,20200225,000000,0.92,0.97,0.91,0.94,42810,0
GOEWQ.US,D,20200227,000000,0.9,0.919,0.85,0.85,25860,0
GOEWQ.US,D,20200228,000000,0.85,0.89,0.8,0.849,2050,0
GOEWQ.US,D,20200302,000000,0.82,0.839,0.82,0.839,1560,0
GOEWQ.US,D,20200303,000000,0.85,0.85,0.8,0.8,2359,0
GOEWQ.US,D,20200304,000000,0.84,0.84,0.8,0.8,12500,0
GOEWQ.US,D,20200305,000000,0.82,0.82,0.8,0.8,12580,0
GOEWQ.US,D,20200306,000000,0.8,0.8,0.8,0.8,101,0
GOEWQ.US,D,20200309,000000,0.799,0.799,0.7989,0.7989,3254,0
GOEWQ.US,D,20200310,000000,0.799,0.799,0.76,0.79,2793,0
GOEWQ.US,D,20200311,000000,0.774191,0.774191,0.7,0.73,18688,0
GOEWQ.US,D,20200312,000000,0.694,0.6999,0.68,0.68,12000,0
GOEWQ.US,D,20200313,000000,0.6,0.669,0.551,0.669,32434,0
GOEWQ.US,D,20200316,000000,0.605,0.66,0.55,0.55,37400,0
GOEWQ.US,D,20200317,000000,0.68,0.68,0.68,0.68,110,0
GOEWQ.US,D,20200318,000000,0.476,0.513,0.4399,0.4399,10480,0
GOEWQ.US,D,20200319,000000,0.35,0.45,0.35,0.45,9400,0
GOEWQ.US,D,20200320,000000,0.45,0.45,0.4,0.4,8050,0
GOEWQ.US,D,20200323,000000,0.4,0.4,0.4,0.4,25096,0
GOEWQ.US,D,20200324,000000,0.4,0.5,0.4,0.5,487,0
GOEWQ.US,D,20200325,000000,0.35,0.46,0.35,0.44,39225,0
GOEWQ.US,D,20200326,000000,0.42,0.42,0.26,0.42,10800,0
GOEWQ.US,D,20200327,000000,0.39,0.43,0.39,0.4,5115,0
GOEWQ.US,D,20200330,000000,0.4,0.4,0.3514,0.39,23184,0
GOEWQ.US,D,20200331,000000,0.27,0.4,0.23,0.35,298950,0
GOEWQ.US,D,20200401,000000,0.35,0.35,0.26,0.35,57850,0
GOEWQ.US,D,20200402,000000,0.3,0.39,0.26,0.27,76200,0
GOEWQ.US,D,20200403,000000,0.3,0.3,0.1674,0.24,299243,0
GOEWQ.US,D,20200406,000000,0.3,0.3,0.15,0.2565,279778,0
GOEWQ.US,D,20200407,000000,0.27,0.3,0.25,0.29,38950,0
GOEWQ.US,D,20200408,000000,0.25,0.286,0.22,0.25,206470,0
GOEWQ.US,D,20200409,000000,0.29,0.325,0.249851,0.3,365034,0
GOEWQ.US,D,20200413,000000,0.33,0.36,0.25,0.32,96870,0
GOEWQ.US,D,20200414,000000,0.33,0.36,0.33,0.3584,10200,0
GOEWQ.US,D,20200415,000000,0.255,0.4,0.255,0.4,11550,0
GOEWQ.US,D,20200416,000000,0.31,0.37,0.28,0.37,6800,0
GOEWQ.US,D,20200417,000000,0.3,0.31,0.255,0.255,42002,0
GOEWQ.US,D,20200420,000000,0.3,0.3,0.25,0.29,68462,0
GOEWQ.US,D,20200421,000000,0.25,0.35,0.25,0.3,25758,0
GOEWQ.US,D,20200424,000000,0.23,0.3,0.2,0.275,204146,0
GOEWQ.US,D,20200427,000000,0.275,0.3,0.275,0.299625,83807,0
GOEWQ.US,D,20200428,000000,0.275,0.3,0.275,0.299901,56800,0
GOEWQ.US,D,20200429,000000,0.29,0.33,0.275,0.275,96200,0
GOEWQ.US,D,20200430,000000,0.275,0.33,0.275,0.3,255633,0
GOEWQ.US,D,20200501,000000,0.3,0.32,0.2,0.32,291280,0
GOEWQ.US,D,20200505,000000,0.31,0.31,0.21,0.22,96978,0
GOEWQ.US,D,20200506,000000,0.22,0.25,0.22,0.22,148726,0
GOEWQ.US,D,20200507,000000,0.2051,0.34,0.2,0.2401,377438,0
GOEWQ.US,D,20200508,000000,0.23,0.33,0.23,0.23,32157,0
GOEWQ.US,D,20200511,000000,0.2311,0.3,0.23,0.26,108626,0
GOEWQ.US,D,20200512,000000,0.24,0.33,0.24,0.2406,4600,0
GOEWQ.US,D,20200513,000000,0.24,0.28,0.24,0.249,9941,0
GOEWQ.US,D,20200514,000000,0.25,0.27,0.25,0.27,36500,0
GOEWQ.US,D,20200515,000000,0.2998,0.42,0.2998,0.3983,168650,0
GOEWQ.US,D,20200520,000000,0.42,0.49,0.41,0.455,412790,0
GOEWQ.US,D,20200521,000000,0.45,0.515,0.43,0.45,101000,0
GOEWQ.US,D,20200522,000000,0.4,0.45,0.4,0.4,96276,0
GOEWQ.US,D,20200526,000000,0.4,0.42,0.379749,0.4,139402,0
GOEWQ.US,D,20200527,000000,0.41,0.41,0.4,0.4,77968,0
GOEWQ.US,D,20200528,000000,0.4,0.4,0.38,0.4,400,0
GOEWQ.US,D,20200529,000000,0.4199,0.49,0.4,0.45,165117,0
GOEWQ.US,D,20200601,000000,0.5,0.56,0.5,0.5,14394,0
GOEWQ.US,D,20200602,000000,0.53,0.54,0.5,0.5,88125,0
GOEWQ.US,D,20200603,000000,0.5199,0.54,0.519,0.54,53524,0
GOEWQ.US,D,20200604,000000,0.54,0.54,0.534999,0.54,9869,0
GOEWQ.US,D,20200605,000000,0.56,0.57,0.54,0.54,21940,0
GOEWQ.US,D,20200608,000000,0.57,1,0.57,0.65,58764,0
GOEWQ.US,D,20200609,000000,0.62995,0.69,0.62995,0.67,201535,0
GOEWQ.US,D,20200610,000000,0.7,0.85,0.7,0.8,162625,0
GOEWQ.US,D,20200611,000000,0.8436,0.9,0.8,0.84,156511,0
GOEWQ.US,D,20200612,000000,0.723172,0.8,0.6875,0.77,201511,0
GOEWQ.US,D,20200615,000000,0.8399,0.8399,0.62,0.6213,41900,0
GOEWQ.US,D,20200616,000000,0.72,0.8399,0.7197,0.74,5784,0
GOEWQ.US,D,20200617,000000,0.76,0.83,0.7096,0.81,213847,0
GOEWQ.US,D,20200618,000000,0.88,1.18,0.85,1.11,740830,0
GOEWQ.US,D,20200619,000000,1.05,1.1499,0.93,0.99,75182,0
GOEWQ.US,D,20200622,000000,1.05,1.0893,0.95,1.03,207829,0
GOEWQ.US,D,20200623,000000,1.05,1.05,0.86,0.9,114223,0
GOEWQ.US,D,20200624,000000,0.9,0.924951,0.78,0.82,64271,0
GOEWQ.US,D,20200625,000000,0.8199,0.99,0.79,0.9,45193,0
GOEWQ.US,D,20200626,000000,1.01,1.04,0.95,0.95,8284,0
GOEWQ.US,D,20200629,000000,0.97,0.9799,0.89,0.9,110332,0
GOEWQ.US,D,20200630,000000,1,1.14,0.95,1.1,107707,0
GOEWQ.US,D,20200701,000000,1.82,1.82,1.15,1.2,173580,0
GOEWQ.US,D,20200702,000000,1.33,1.33,1.03,1.2,153143,0
GOEWQ.US,D,20200706,000000,1.3,1.4,1.14,1.19,234767,0
GOEWQ.US,D,20200707,000000,1.2,1.2,1.05,1.135,237293,0
GOEWQ.US,D,20200708,000000,1.1414,1.2405,1.1414,1.2405,18736,0
GOEWQ.US,D,20200709,000000,1.25,1.7499,1.226,1.62,372802,0
GOEWQ.US,D,20200710,000000,1.92,1.92,1.66,1.74,345075,0
GOEWQ.US,D,20200713,000000,1.98,2,1.69,1.7095,415428,0
GOEWQ.US,D,20200714,000000,1.8,1.8,1.25,1.5,395487,0
GOEWQ.US,D,20200715,000000,1.74,1.74,1.26,1.47,402908,0
GOEWQ.US,D,20200716,000000,1.49,1.5,1.34,1.41,66795,0
GOEWQ.US,D,20200717,000000,1.63,1.64,1.42,1.44,142606,0
GOEWQ.US,D,20200720,000000,1.45,1.6,1.43,1.47,563884,0
GOEWQ.US,D,20200721,000000,1.49,1.49,1.3801,1.48,406210,0
GOEWQ.US,D,20200722,000000,1.64,1.67,1.4999,1.6,885521,0
GOEWQ.US,D,20200723,000000,2.64,2.8,2.05,2.18,3348203,0
GOEWQ.US,D,20200724,000000,2.18,2.37,2.08,2.1199,905181,0
GOEWQ.US,D,20200727,000000,2.35,2.35,2.19,2.28,557314,0
GOEWQ.US,D,20200728,000000,2.4,2.5,2.33,2.4,329767,0
GOEWQ.US,D,20200729,000000,2.31,2.4,2.11,2.2215,494965,0
GOEWQ.US,D,20200730,000000,2.19,2.2799,1.85,1.97,565408,0
GOEWQ.US,D,20200731,000000,2.03,2.03,1.6,1.76,613875,0
GOEWQ.US,D,20200803,000000,1.76,1.82,1.44,1.5399,755484,0
GOEWQ.US,D,20200804,000000,1.75,1.99,1.68,1.8199,678198,0
GOEWQ.US,D,20200805,000000,1.93,1.93,1.77,1.83,228708,0
GOEWQ.US,D,20200806,000000,1.89,1.98,1.82,1.9199,316773,0
GOEWQ.US,D,20200807,000000,1.9,2.05,1.875,1.95,385147,0
GOEWQ.US,D,20200810,000000,1.92,1.99,1.6,1.78,1037212,0
GOEWQ.US,D,20200811,000000,1.89,1.89,1.67,1.85,246528,0
GOEWQ.US,D,20200812,000000,1.76,1.85,1.7,1.7599,260336,0
GOEWQ.US,D,20200813,000000,1.89,1.89,1.72,1.7998,287373,0
GOEWQ.US,D,20200814,000000,1.9,1.96,1.7402,1.8688,279687,0
GOEWQ.US,D,20200817,000000,1.79,1.9,1.79,1.9,228060,0
GOEWQ.US,D,20200818,000000,2.09,2.24,1.68,1.76,2377211,0
GOEWQ.US,D,20200819,000000,1.9,1.9,1.42,1.63,1641319,0
GOEWQ.US,D,20200820,000000,1.54,1.6,1.33,1.45,696122,0
GOEWQ.US,D,20200821,000000,1.44,1.7,1.21,1.55,1660580,0
GOEWQ.US,D,20200824,000000,1.67,1.8,1.62,1.67,950717,0
GOEWQ.US,D,20200825,000000,1.77,2,1.71,1.84,1462952,0
GOEWQ.US,D,20200826,000000,2.1,2.1,1.86,1.91,749368,0
GOEWQ.US,D,20200827,000000,1.86,1.9,1.75,1.79,508580,0
GOEWQ.US,D,20200828,000000,1.79,1.85,1.65,1.69,399723,0
GOEWQ.US,D,20200831,000000,1.63,1.78,1.62,1.71,442062,0
GOEWQ.US,D,20200901,000000,1.82,1.85,1.64,1.69,964546,0
GOEWQ.US,D,20200902,000000,1.85,1.94,1.68,1.9,1264574,0
GOEWQ.US,D,20200903,000000,1.9,1.94,1.7,1.7946,802403,0
GOEWQ.US,D,20200904,000000,1.86,1.86,1.61,1.7801,580849,0
GOEWQ.US,D,20200908,000000,1.87,2.1,1.73,1.88,1095309,0
GOEWQ.US,D,20200909,000000,2,2.25,1.95,2.11,1231127,0
GOEWQ.US,D,20200910,000000,2.3,2.51,2.18,2.25,1697936,0
GOEWQ.US,D,20200911,000000,2.42,2.912,2.41,2.59,2446730,0
GOEWQ.US,D,20200914,000000,2.93,3.2,2.85,3.03,2644653,0
GOEWQ.US,D,20200915,000000,3.4,3.61,3.27,3.4332,2263222,0
GOEWQ.US,D,20200916,000000,3.7,3.75,3,3.14,1736095,0
GOEWQ.US,D,20200917,000000,3.1,3.19,2.9,2.99,679779,0
GOEWQ.US,D,20200918,000000,3.05,3.1,2.9,2.93,1004609,0
GOEWQ.US,D,20200921,000000,2.9,2.9,2.56,2.84,920948,0
GOEWQ.US,D,20200922,000000,2.99,3.0099,2.75,2.79,608220,0
GOEWQ.US,D,20200923,000000,2.9,2.9,2.19,2.43,1708693,0
GOEWQ.US,D,20200924,000000,2.05,2.36,1.93,2.1,1194574,0
GOEWQ.US,D,20200925,000000,2.31,2.5,2.25,2.405,424701,0
GOEWQ.US,D,20200928,000000,2.62,2.65,2.34,2.42,733947,0
GOEWQ.US,D,20200929,000000,2.48,2.4801,2.3,2.37,608045,0
GOEWQ.US,D,20200930,000000,2.48,2.51,2.28,2.31,345367,0
GOEWQ.US,D,20201001,000000,2.24,2.4,2.15,2.33,785392,0
GOEWQ.US,D,20201002,000000,2.15,2.4,2.11,2.19,492747,0
GOEWQ.US,D,20201005,000000,2.3,2.305,1.97,2.01,778618,0
GOEWQ.US,D,20201006,000000,2.01,2.0498,1.72,1.77,1192670,0
GOEWQ.US,D,20201007,000000,1.8,1.86,1.7,1.7698,453783,0
GOEWQ.US,D,20201008,000000,1.86,1.92,1.79,1.8499,273444,0
GOEWQ.US,D,20201009,000000,1.85,1.98,1.85,1.92,275963,0
GOEWQ.US,D,20201012,000000,1.86,1.9298,1.81,1.82,385246,0
GOEWQ.US,D,20201013,000000,1.83,1.88,1.67,1.7705,388302,0
GOEWQ.US,D,20201014,000000,1.77,1.8,1.67,1.69,336437,0
GOEWQ.US,D,20201015,000000,1.72,1.7498,1.65,1.7,262305,0
GOEWQ.US,D,20201016,000000,1.72,1.75,1.67,1.7,123421,0
GOEWQ.US,D,20201019,000000,1.76,1.76,1.6,1.65,546368,0
GOEWQ.US,D,20201020,000000,1.7,1.7,1.55,1.6001,439293,0
GOEWQ.US,D,20201021,000000,1.57,1.64,1.56,1.59,279037,0
GOEWQ.US,D,20201022,000000,1.58,1.64,1.55,1.5888,224092,0
GOEWQ.US,D,20201023,000000,1.61,1.65,1.51,1.54,363759,0
GOEWQ.US,D,20201026,000000,1.5,1.54,1.39,1.43,495570,0
GOEWQ.US,D,20201027,000000,1.4,1.43,1.29,1.42,376416,0
GOEWQ.US,D,20201028,000000,1.31,1.37,1.24,1.25,522647,0
GOEWQ.US,D,20201029,000000,1.24,1.31,1.24,1.31,168187,0
GOEWQ.US,D,20201030,000000,1.24,1.3,1.23,1.26,467971,0
GOEWQ.US,D,20201102,000000,1.37,1.41,1.3,1.32,231663,0
GOEWQ.US,D,20201103,000000,1.3,1.45,1.2702,1.428,187877,0
GOEWQ.US,D,20201104,000000,1.41,1.48,1.4,1.48,116152,0
GOEWQ.US,D,20201105,000000,1.45,1.525,1.41,1.47,211351,0
GOEWQ.US,D,20201106,000000,1.5,1.5,1.42,1.44,129526,0
GOEWQ.US,D,20201109,000000,1.52,1.62,1.48,1.55,290100,0
GOEWQ.US,D,20201110,000000,1.55,1.7801,1.55,1.68,328850,0
GOEWQ.US,D,20201111,000000,1.75,1.79,1.71,1.75,157103,0
GOEWQ.US,D,20201112,000000,1.75,1.81,1.73,1.7499,195570,0
GOEWQ.US,D,20201113,000000,1.85,1.9,1.75,1.76,328773,0
GOEWQ.US,D,20201116,000000,1.87,1.94,1.8,1.8806,521338,0
GOEWQ.US,D,20201117,000000,1.8,1.85,1.64,1.6998,451666,0
GOEWQ.US,D,20201118,000000,1.75,1.93,1.73,1.8721,457776,0
GOEWQ.US,D,20201119,000000,1.9,2.02,1.83,1.89,1331481,0
GOEWQ.US,D,20201120,000000,2.02,2.04,1.88,2.02,775487,0
GOEWQ.US,D,20201123,000000,2.3,2.4,2.15,2.3,1320618,0
GOEWQ.US,D,20201124,000000,2.44,2.75,2.13,2.26,1071777,0
GOEWQ.US,D,20201125,000000,2.1,2.39,2,2.34,592586,0
GOEWQ.US,D,20201127,000000,2.41,2.7,2.41,2.7,776825,0
GOEWQ.US,D,20201130,000000,3.1,3.33,2.52,3.01,1373860,0
GOEWQ.US,D,20201201,000000,3.2,3.2,2.55,2.75,814601,0
GOEWQ.US,D,20201202,000000,2.31,2.64,2.22,2.56,732570,0
GOEWQ.US,D,20201203,000000,2.75,2.8598,2.52,2.585,552281,0
GOEWQ.US,D,20201204,000000,2.7418,3.05,2.7,2.87,1856417,0
GOEWQ.US,D,20201207,000000,4.11,4.7,3.6,4.69,4055930,0
GOEWQ.US,D,20201208,000000,4.54,4.92,4.15,4.78,1404206,0
GOEWQ.US,D,20201209,000000,5.19,5.96,5.17,5.69,1881392,0
GOEWQ.US,D,20201210,000000,5.4,6.45,5.3,6.17,1452329,0
GOEWQ.US,D,20201211,000000,6.1281,6.1281,5.02,5.78,1689362,0
GOEWQ.US,D,20201214,000000,6.09,6.09,5,5.35,1189931,0
GOEWQ.US,D,20201215,000000,5.54,5.54,4.75,5.185,1162371,0
GOEWQ.US,D,20201216,000000,5.44,5.85,5.11,5.6,939271,0
GOEWQ.US,D,20201217,000000,5.61,5.7994,5.11,5.41,1052714,0
GOEWQ.US,D,20201218,000000,5.45,5.62,5.17,5.27,1454696,0
GOEWQ.US,D,20201221,000000,5.23,5.49,5.15,5.29,1529399,0
GOEWQ.US,D,20201222,000000,6.49,6.7,4.81,5.17,1734863,0
GOEWQ.US,D,20201223,000000,5.45,5.5,5,5.3,828410,0
GOEWQ.US,D,20201224,000000,5.05,5.2999,4.75,4.75,1002554,0
GOEWQ.US,D,20201228,000000,4.7,4.7,3.67,3.76,2016878,0
GOEWQ.US,D,20201229,000000,3.8,3.885,3.2,3.52,1647111,0
GOEWQ.US,D,20201230,000000,3.41,3.99,3.41,3.6021,515998,0
GOEWQ.US,D,20201231,000000,3.53,3.8,3.41,3.59,617197,0
GOEWQ.US,D,20210104,000000,3.41,3.495,2.99,3.12,1265132,0
GOEWQ.US,D,20210105,000000,3.65,3.84,3.5,3.67,902661,0
GOEWQ.US,D,20210106,000000,3.88,4.07,3.6,3.73,1089544,0
GOEWQ.US,D,20210107,000000,3.76,3.9,3.6,3.73,493609,0
GOEWQ.US,D,20210108,000000,4.13,4.35,3.86,4.3498,845305,0
GOEWQ.US,D,20210111,000000,4.5,5.24,4.44,5.18,1209851,0
GOEWQ.US,D,20210112,000000,4.93,4.97,4.65,4.78,1745201,0
GOEWQ.US,D,20210113,000000,6.24,6.35,5.32,5.96,2494328,0
GOEWQ.US,D,20210114,000000,6.1,6.18,5.35,5.54,952754,0
GOEWQ.US,D,20210115,000000,5.54,5.55,4.88,4.97,1382338,0
GOEWQ.US,D,20210119,000000,5.1,5.23,4.65,4.86,803853,0
GOEWQ.US,D,20210120,000000,4.8,5.2499,4.8,4.99,483318,0
GOEWQ.US,D,20210121,000000,5.01,5.15,4.83,4.8958,529615,0
GOEWQ.US,D,20210122,000000,4.9,4.9,4.62,4.81,366195,0
GOEWQ.US,D,20210125,000000,4.73,4.88,4,4.52,765320,0
GOEWQ.US,D,20210126,000000,4.69,4.8,4.42,4.65,978637,0
GOEWQ.US,D,20210127,000000,4.2,4.66,4,4.135,798250,0
GOEWQ.US,D,20210128,000000,4.2281,4.59,4.0301,4.41,348198,0
GOEWQ.US,D,20210129,000000,4.34,4.57,4.08,4.2401,275624,0
GOEWQ.US,D,20210201,000000,4.32,4.82,4.01,4.59,630468,0
GOEWQ.US,D,20210202,000000,4.67,4.92,4.46,4.66,358139,0
GOEWQ.US,D,20210203,000000,4.9,5.55,4.88,5.07,1368476,0
GOEWQ.US,D,20210204,000000,6.24,7.33,5.7,7.28,2712839,0
GOEWQ.US,D,20210205,000000,7.14,7.19,6.03,6.16,1155004,0
GOEWQ.US,D,20210208,000000,5.59,6.05,5.3,5.83,800891,0
GOEWQ.US,D,20210209,000000,5.76,6.05,5.57,5.875,310217,0
GOEWQ.US,D,20210210,000000,5.74,6.1525,5.22,5.63,306927,0
GOEWQ.US,D,20210211,000000,5.55,5.74,5.43,5.69,211524,0
GOEWQ.US,D,20210212,000000,5.46,6.295,5.43,5.78,418581,0
GOEWQ.US,D,20210216,000000,5.97,5.99,5.62,5.85,179672,0
GOEWQ.US,D,20210217,000000,5.9,5.9,5.38,5.73,278906,0
GOEWQ.US,D,20210218,000000,5.42,5.59,5.11,5.23,324394,0
GOEWQ.US,D,20210219,000000,5.19,5.4,5.1,5.18,396344,0
GOEWQ.US,D,20210222,000000,5.12,5.13,4.76,4.83,268558,0
GOEWQ.US,D,20210223,000000,4.2,4.51,3.59,4.18,477181,0
GOEWQ.US,D,20210224,000000,4.43,4.64,4.15,4.61,294303,0
GOEWQ.US,D,20210225,000000,4.67,4.98,4.2,4.23,211786,0
GOEWQ.US,D,20210226,000000,4.14,4.49,3.95,4.1,178374,0
GOEWQ.US,D,20210301,000000,4.14,4.98,4.1,4.84,405934,0
GOEWQ.US,D,20210302,000000,4.8,4.86,4.36,4.48,215438,0
GOEWQ.US,D,20210303,000000,4.75,4.75,4.01,4.1,223510,0
GOEWQ.US,D,20210304,000000,4,4,3.01,3.3001,769736,0
GOEWQ.US,D,20210305,000000,3.29,3.6299,2.5,3.5,616703,0
GOEWQ.US,D,20210308,000000,3.46,3.6593,3.31,3.31,170586,0
GOEWQ.US,D,20210309,000000,3.51,3.94,3.5,3.76,452475,0
GOEWQ.US,D,20210310,000000,4.48,4.78,4.3,4.42,1040385,0
GOEWQ.US,D,20210311,000000,4.7,5.12,4.58,5.08,805805,0
GOEWQ.US,D,20210312,000000,5,5.65,4.85,5.04,1137471,0
GOEWQ.US,D,20210315,000000,5.4,5.79,5.27,5.58,549818,0
GOEWQ.US,D,20210316,000000,5.64,6.05,5.25,5.46,555206,0
GOEWQ.US,D,20210317,000000,5,5.67,5,5.36,391211,0
GOEWQ.US,D,20210318,000000,5.2,5.67,5.05,5.13,400819,0
GOEWQ.US,D,20210319,000000,5.31,5.415,5.01,5.14,206946,0
GOEWQ.US,D,20210322,000000,5.43,5.43,5,5.02,269317,0
GOEWQ.US,D,20210323,000000,5.15,5.15,4.85,4.92,279043,0
GOEWQ.US,D,20210324,000000,4.99,5.09,4.15,4.29,422630,0
GOEWQ.US,D,20210325,000000,4.11,4.1608,3.62,4.06,388143,0
GOEWQ.US,D,20210326,000000,4.3,4.57,3.82,4.2,236615,0
GOEWQ.US,D,20210329,000000,4.05,4.3,3.8,3.94,503167,0
GOEWQ.US,D,20210330,000000,3.09,3.09,2.53,2.88,2389451,0
GOEWQ.US,D,20210331,000000,3,3.08,2.7,2.83,435918,0
GOEWQ.US,D,20210401,000000,3.05,3.05,2.78,2.8,371442,0
GOEWQ.US,D,20210405,000000,2.9,2.9,2.21,2.49,967348,0
GOEWQ.US,D,20210406,000000,2.51,2.75,2.48,2.75,593440,0
GOEWQ.US,D,20210407,000000,2.67,3.2,2.59,3,589398,0
GOEWQ.US,D,20210408,000000,3.18,3.43,3.02,3.22,641725,0
GOEWQ.US,D,20210409,000000,3.25,3.25,2.9,3.03,280273,0
GOEWQ.US,D,20210412,000000,2.95,3.01,2.64,2.68,229924,0
GOEWQ.US,D,20210413,000000,2.75,2.9199,2.56,2.71,177973,0
GOEWQ.US,D,20210414,000000,2.69,2.72,2.56,2.57,116534,0
GOEWQ.US,D,20210415,000000,2.57,2.57,2.12,2.18,667927,0
GOEWQ.US,D,20210416,000000,2.12,2.15,1.99,2.03,391809,0
GOEWQ.US,D,20210419,000000,2.03,2.09,1.78,1.8,448042,0
GOEWQ.US,D,20210420,000000,1.8,1.8,1.53,1.5999,358192,0
GOEWQ.US,D,20210421,000000,1.58,2.04,1.52,2.01,798828,0
GOEWQ.US,D,20210422,000000,2.15,2.31,1.98,2,405192,0
GOEWQ.US,D,20210423,000000,2.11,2.18,2,2.14,304051,0
GOEWQ.US,D,20210426,000000,2.25,2.29,2.1,2.23,151481,0
GOEWQ.US,D,20210427,000000,2.28,2.32,2.18,2.32,85671,0
GOEWQ.US,D,20210428,000000,2.25,2.5,2.23,2.5,149092,0
GOEWQ.US,D,20210429,000000,2.49,2.5,2.28,2.4,183165,0
GOEWQ.US,D,20210430,000000,2.26,2.345,2.18,2.18,208749,0
GOEWQ.US,D,20210503,000000,2.28,2.28,2,2,167166,0
GOEWQ.US,D,20210504,000000,2.05,2.06,1.87,1.8899,132619,0
GOEWQ.US,D,20210505,000000,1.89,2.0099,1.87,1.87,158312,0
GOEWQ.US,D,20210506,000000,2,2,1.75,1.75,142797,0
GOEWQ.US,D,20210507,000000,1.76,2.02,1.73,1.91,129635,0
GOEWQ.US,D,20210510,000000,1.94,1.94,1.66,1.74,181669,0
GOEWQ.US,D,20210511,000000,1.7,1.9,1.56,1.9,194557,0
GOEWQ.US,D,20210512,000000,1.82,1.84,1.68,1.71,141130,0
GOEWQ.US,D,20210513,000000,1.75,1.85,1.65,1.72,301463,0
GOEWQ.US,D,20210514,000000,1.62,1.84,1.62,1.7349,243516,0
GOEWQ.US,D,20210517,000000,1.8,1.88,1.75,1.8,138890,0
GOEWQ.US,D,20210518,000000,1.78,1.9,1.6475,1.8,230491,0
GOEWQ.US,D,20210519,000000,1.78,1.85,1.65,1.8101,88614,0
GOEWQ.US,D,20210520,000000,1.86,1.88,1.7794,1.8,243596,0
GOEWQ.US,D,20210521,000000,1.85,1.86,1.75,1.78,173954,0
GOEWQ.US,D,20210524,000000,1.83,1.8699,1.686,1.76,106161,0
GOEWQ.US,D,20210525,000000,1.87,1.87,1.66,1.68,82614,0
GOEWQ.US,D,20210526,000000,1.67,1.8,1.67,1.75,186632,0
GOEWQ.US,D,20210527,000000,1.87,1.88,1.67,1.77,203413,0
GOEWQ.US,D,20210528,000000,1.78,1.88,1.75,1.7757,291740,0
GOEWQ.US,D,20210601,000000,1.77,1.86,1.77,1.8409,85820,0
GOEWQ.US,D,20210602,000000,1.84,2.12,1.84,2.04,151888,0
GOEWQ.US,D,20210603,000000,2,2.3,1.96,2.24,203694,0
GOEWQ.US,D,20210604,000000,2.2,2.23,2.16,2.2,101830,0
GOEWQ.US,D,20210607,000000,2.26,2.33,2.15,2.29,88063,0
GOEWQ.US,D,20210608,000000,2.27,3.58,2.27,3.11,1413196,0
GOEWQ.US,D,20210609,000000,3.64,3.92,2.93,3.045,502731,0
GOEWQ.US,D,20210610,000000,3.12,3.12,2.75,2.93,171383,0
GOEWQ.US,D,20210611,000000,2.86,3.03,2.83,2.94,100260,0
GOEWQ.US,D,20210614,000000,2.99,3,2.8,2.83,87804,0
GOEWQ.US,D,20210615,000000,2.81,3.59,2.76,3.45,501017,0
GOEWQ.US,D,20210616,000000,3.5,3.5,3.01,3.18,269746,0
GOEWQ.US,D,20210617,000000,3.17,3.35,3.02,3.05,265541,0
GOEWQ.US,D,20210618,000000,3.02,3.26,3.02,3.155,276630,0
GOEWQ.US,D,20210621,000000,3.07,3.1192,2.92,3.02,169938,0
GOEWQ.US,D,20210622,000000,3.13,3.13,2.88,2.99,144259,0
GOEWQ.US,D,20210623,000000,3,3.15,2.96,3.11,173618,0
GOEWQ.US,D,20210624,000000,3.14,3.19,3.059,3.15,106267,0
GOEWQ.US,D,20210625,000000,3.15,3.19,2.97,3,147212,0
GOEWQ.US,D,20210628,000000,3.08,3.1,2.95,3,63379,0
GOEWQ.US,D,20210629,000000,3.09,3.14,2.99,2.99,121745,0
GOEWQ.US,D,20210630,000000,2.95,3.1194,2.9,2.98,204274,0
GOEWQ.US,D,20210701,000000,2.98,3.0621,2.82,2.85,84305,0
GOEWQ.US,D,20210702,000000,2.86,2.8901,2.6,2.6,130159,0
GOEWQ.US,D,20210706,000000,2.8,2.8,2.55,2.55,200410,0
GOEWQ.US,D,20210707,000000,2.55,2.58,2.39,2.45,89661,0
GOEWQ.US,D,20210708,000000,2.5,2.5,2.29,2.45,119031,0
GOEWQ.US,D,20210709,000000,2.41,2.52,2.38,2.47,78278,0
GOEWQ.US,D,20210712,000000,2.5,2.62,2.47,2.5,70484,0
GOEWQ.US,D,20210713,000000,2.48,2.55,2.4207,2.45,65875,0
GOEWQ.US,D,20210714,000000,2.4,2.5,2.315,2.35,108010,0
GOEWQ.US,D,20210715,000000,2.33,2.6,2.25,2.25,123073,0
GOEWQ.US,D,20210716,000000,2.32,2.4,2.15,2.15,78429,0
GOEWQ.US,D,20210719,000000,2.27,2.27,2,2.1,197883,0
GOEWQ.US,D,20210720,000000,2.23,2.38,2.0801,2.11,143345,0
GOEWQ.US,D,20210721,000000,2.2,2.34,2.2,2.3,110453,0
GOEWQ.US,D,20210722,000000,2.31,2.3483,2.15,2.2,95979,0
GOEWQ.US,D,20210723,000000,2.22,2.26,2.13,2.16,66025,0
GOEWQ.US,D,20210726,000000,2.1,2.245,2.04,2.15,56495,0
GOEWQ.US,D,20210727,000000,2.15,2.16,2.05,2.1217,63325,0
GOEWQ.US,D,20210728,000000,2.15,2.26,2.1,2.1,170461,0
GOEWQ.US,D,20210729,000000,2.12,2.1999,2.03,2.05,80664,0
GOEWQ.US,D,20210730,000000,2.1,2.14,2.0101,2.03,16725,0
GOEWQ.US,D,20210802,000000,2.05,2.1,1.95,1.95,91312,0
GOEWQ.US,D,20210803,000000,2,2.03,1.91,1.944,72754,0
GOEWQ.US,D,20210804,000000,1.97,1.9899,1.81,1.83,86113,0
GOEWQ.US,D,20210805,000000,1.85,2.02,1.84,1.98,106250,0
GOEWQ.US,D,20210806,000000,1.95,1.986,1.89,1.98,53116,0
GOEWQ.US,D,20210809,000000,2.02,2.08,1.9501,1.9501,57249,0
GOEWQ.US,D,20210810,000000,2.01,2.09,1.94,1.9999,103011,0
GOEWQ.US,D,20210811,000000,2.07,2.07,1.87,1.87,104087,0
GOEWQ.US,D,20210812,000000,1.88,2,1.82,1.88,149069,0
GOEWQ.US,D,20210813,000000,1.89,1.9,1.67,1.68,307529,0
GOEWQ.US,D,20210816,000000,1.82,1.82,1.54,1.54,364271,0
GOEWQ.US,D,20210817,000000,1.54,1.62,1.45,1.48,185214,0
GOEWQ.US,D,20210818,000000,1.49,1.61,1.35,1.4401,606453,0
GOEWQ.US,D,20210819,000000,1.48,1.5,1.19,1.32,688230,0
GOEWQ.US,D,20210820,000000,1.35,1.4,1.23,1.3401,356236,0
GOEWQ.US,D,20210823,000000,1.43,1.8499,1.3,1.805,289411,0
GOEWQ.US,D,20210824,000000,1.67,1.85,1.57,1.77,175153,0
GOEWQ.US,D,20210825,000000,1.71,1.92,1.71,1.75,91118,0
GOEWQ.US,D,20210826,000000,1.73,1.87,1.63,1.7,705574,0
GOEWQ.US,D,20210827,000000,1.7,1.76,1.6,1.63,75022,0
GOEWQ.US,D,20210830,000000,1.74,1.74,1.51,1.5899,119058,0
GOEWQ.US,D,20210831,000000,1.58,1.63,1.52,1.59,91554,0
GOEWQ.US,D,20210901,000000,1.59,1.69,1.54,1.644,125989,0
GOEWQ.US,D,20210902,000000,1.71,1.77,1.6407,1.75,68371,0
GOEWQ.US,D,20210903,000000,1.75,1.85,1.59,1.7,130793,0
GOEWQ.US,D,20210907,000000,1.7,1.9299,1.7,1.79,136170,0
GOEWQ.US,D,20210908,000000,1.79,1.8,1.63,1.66,57793,0
GOEWQ.US,D,20210909,000000,1.6701,1.7399,1.65,1.65,56366,0
GOEWQ.US,D,20210910,000000,1.71,1.71,1.58,1.6,89976,0
GOEWQ.US,D,20210913,000000,1.61,1.692,1.5501,1.6399,35114,0
GOEWQ.US,D,20210914,000000,1.66,1.67,1.56,1.56,53564,0
GOEWQ.US,D,20210915,000000,1.56,1.64,1.535,1.6,49788,0
GOEWQ.US,D,20210916,000000,1.6,1.6,1.51,1.51,72363,0
GOEWQ.US,D,20210917,000000,1.51,1.68,1.5,1.58,150656,0
GOEWQ.US,D,20210920,000000,1.58,1.5899,1.46,1.505,79222,0
GOEWQ.US,D,20210921,000000,1.49,1.56,1.42,1.4601,92529,0
GOEWQ.US,D,20210922,000000,1.45,1.48,1.38,1.47,216708,0
GOEWQ.US,D,20210923,000000,1.59,1.774,1.59,1.77,351975,0
GOEWQ.US,D,20210924,000000,1.8,2.54,1.8,2.44,979208,0
GOEWQ.US,D,20210927,000000,2.45,2.45,2.09,2.19,272462,0
GOEWQ.US,D,20210928,000000,2.1,2.18,1.96,1.975,111417,0
GOEWQ.US,D,20210929,000000,1.98,2.175,1.78,1.795,113841,0
GOEWQ.US,D,20210930,000000,1.89,1.9499,1.79,1.8901,80844,0
GOEWQ.US,D,20211001,000000,1.93,1.93,1.69,1.77,116662,0
GOEWQ.US,D,20211004,000000,1.8,1.8,1.53,1.57,132836,0
GOEWQ.US,D,20211005,000000,1.7,1.7,1.56,1.58,81824,0
GOEWQ.US,D,20211006,000000,1.58,1.65,1.45,1.52,118983,0
GOEWQ.US,D,20211007,000000,1.67,1.67,1.5206,1.5599,110632,0
GOEWQ.US,D,20211008,000000,1.55,1.57,1.52,1.52,58793,0
GOEWQ.US,D,20211011,000000,1.55,1.6,1.5201,1.58,31780,0
GOEWQ.US,D,20211012,000000,1.58,1.67,1.56,1.655,60694,0
GOEWQ.US,D,20211013,000000,1.67,1.72,1.67,1.705,62741,0
GOEWQ.US,D,20211014,000000,1.75,1.75,1.57,1.69,122123,0
GOEWQ.US,D,20211015,000000,1.69,1.76,1.66,1.75,71768,0
GOEWQ.US,D,20211018,000000,1.73,1.75,1.68,1.7,84644,0
GOEWQ.US,D,20211019,000000,1.73,1.73,1.66,1.7,86220,0
GOEWQ.US,D,20211020,000000,1.67,1.75,1.67,1.68,120475,0
GOEWQ.US,D,20211021,000000,1.72,1.81,1.715,1.81,130840,0
GOEWQ.US,D,20211022,000000,1.84,1.84,1.68,1.7499,104267,0
GOEWQ.US,D,20211025,000000,1.84,1.93,1.77,1.865,102948,0
GOEWQ.US,D,20211026,000000,1.97,2.06,1.9,1.96,131520,0
GOEWQ.US,D,20211027,000000,2.1,2.1,1.86,1.86,61389,0
GOEWQ.US,D,20211028,000000,1.95,2.17,1.9481,2.08,150141,0
GOEWQ.US,D,20211029,000000,2.16,2.2,2.08,2.11,82026,0
GOEWQ.US,D,20211101,000000,2.2,2.35,2.15,2.25,159022,0
GOEWQ.US,D,20211102,000000,2.28,2.28,2.0901,2.185,112228,0
GOEWQ.US,D,20211103,000000,2.19,2.38,2.18,2.328,147874,0
GOEWQ.US,D,20211104,000000,2.39,2.44,2.25,2.25,74286,0
GOEWQ.US,D,20211105,000000,2.39,2.5,2.3017,2.42,158115,0
GOEWQ.US,D,20211108,000000,2.51,2.9,2.5,2.7,296658,0
GOEWQ.US,D,20211109,000000,2.8,2.8,2.39,2.45,222755,0
GOEWQ.US,D,20211110,000000,2.4,2.5725,2.15,2.25,137766,0
GOEWQ.US,D,20211111,000000,2.22,2.4,2.22,2.36,126937,0
GOEWQ.US,D,20211112,000000,2.34,2.48,2.31,2.42,91444,0
GOEWQ.US,D,20211115,000000,2.45,2.45,2.25,2.3,139190,0
GOEWQ.US,D,20211116,000000,2.45,3.15,2.4,3.08,1024754,0
GOEWQ.US,D,20211117,000000,3.95,4.1,3,3.47,2724963,0
GOEWQ.US,D,20211118,000000,3.22,3.22,2.65,2.885,322438,0
GOEWQ.US,D,20211119,000000,3.02,3.14,2.9201,3,152357,0
GOEWQ.US,D,20211122,000000,3.15,3.99,3.05,3.93,900493,0
GOEWQ.US,D,20211123,000000,3.68,3.9,3.3,3.81,456006,0
GOEWQ.US,D,20211124,000000,3.65,4.29,3.65,4.18,932199,0
GOEWQ.US,D,20211126,000000,3.75,4.1,3.65,4.05,245765,0
GOEWQ.US,D,20211129,000000,4.1,4.605,3.91,4.36,467436,0
GOEWQ.US,D,20211130,000000,4.35,4.35,3.74,4,559027,0
GOEWQ.US,D,20211201,000000,4.07,4.2099,3.5,3.6154,316110,0
GOEWQ.US,D,20211202,000000,3.65,3.7,3.18,3.64,204936,0
GOEWQ.US,D,20211203,000000,3.79,3.79,2.93,2.99,252794,0
GOEWQ.US,D,20211206,000000,3.1,3.1,2.525,2.77,205004,0
GOEWQ.US,D,20211207,000000,2.9,2.98,2.79,2.8799,75182,0
GOEWQ.US,D,20211208,000000,3.29,3.29,2.821,2.96,129147,0
GOEWQ.US,D,20211209,000000,2.92,3.05,2.65,2.6859,107357,0
GOEWQ.US,D,20211210,000000,2.68,2.83,2.55,2.64,84434,0
GOEWQ.US,D,20211213,000000,2.56,2.64,2.36,2.53,77232,0
GOEWQ.US,D,20211214,000000,2.38,2.48,2.33,2.33,51474,0
GOEWQ.US,D,20211215,000000,2.35,2.38,2.17,2.35,92717,0
GOEWQ.US,D,20211216,000000,2.56,2.78,2.33,2.36,90688,0
GOEWQ.US,D,20211217,000000,2.45,2.65,2.26,2.537,80229,0
GOEWQ.US,D,20211220,000000,2.52,2.575,2.31,2.35,52423,0
GOEWQ.US,D,20211221,000000,2.45,2.45,2.35,2.38,83853,0
GOEWQ.US,D,20211222,000000,2.5,2.5,2.32,2.3999,42244,0
GOEWQ.US,D,20211223,000000,2.44,2.56,2.3899,2.46,57620,0
GOEWQ.US,D,20211227,000000,2.5,2.5,2.32,2.32,91596,0
GOEWQ.US,D,20211228,000000,2.3,2.3428,2.12,2.15,113256,0
GOEWQ.US,D,20211229,000000,2.1,2.14,2,2,202755,0
GOEWQ.US,D,20211230,000000,2.04,2.22,2.03,2.1695,98974,0
GOEWQ.US,D,20211231,000000,2.25,2.25,2.01,2.06,61728,0
GOEWQ.US,D,20220103,000000,2.1,2.29,2.1,2.29,64452,0
GOEWQ.US,D,20220104,000000,2.29,2.29,2.08,2.13,41079,0
GOEWQ.US,D,20220105,000000,2.22,2.23,1.95,2.02,104565,0
GOEWQ.US,D,20220106,000000,2.1,2.1,1.8,1.81,82837,0
GOEWQ.US,D,20220107,000000,1.82,2.04,1.82,1.95,73318,0
GOEWQ.US,D,20220110,000000,1.95,1.95,1.75,1.83,123984,0
GOEWQ.US,D,20220111,000000,1.81,2.06,1.81,1.95,57734,0
GOEWQ.US,D,20220112,000000,2.06,2.06,1.92,1.96,39206,0
GOEWQ.US,D,20220113,000000,2.01,2.01,1.78,1.85,80918,0
GOEWQ.US,D,20220114,000000,1.94,1.94,1.67,1.73,107148,0
GOEWQ.US,D,20220118,000000,1.75,1.75,1.6199,1.65,111714,0
GOEWQ.US,D,20220119,000000,1.73,1.73,1.5,1.53,142381,0
GOEWQ.US,D,20220120,000000,1.62,1.68,1.5,1.54,99107,0
GOEWQ.US,D,20220121,000000,1.5,1.6,1.38,1.4399,186820,0
GOEWQ.US,D,20220124,000000,1.38,1.42,1.2,1.3701,346866,0
GOEWQ.US,D,20220125,000000,1.4,1.4,1.24,1.32,142857,0
GOEWQ.US,D,20220126,000000,1.5,1.58,1.3601,1.4,130229,0
GOEWQ.US,D,20220127,000000,1.41,1.4299,1.22,1.2782,74970,0
GOEWQ.US,D,20220128,000000,1.27,1.3,1.1301,1.27,98336,0
GOEWQ.US,D,20220131,000000,1.28,1.52,1.28,1.5,159274,0
GOEWQ.US,D,20220201,000000,1.55,1.66,1.45,1.6,51280,0
GOEWQ.US,D,20220202,000000,1.68,1.69,1.405,1.495,87717,0
GOEWQ.US,D,20220203,000000,1.43,1.47,1.3601,1.38,46045,0
GOEWQ.US,D,20220204,000000,1.35,1.52,1.35,1.47,88478,0
GOEWQ.US,D,20220207,000000,1.54,1.55,1.41,1.46,74177,0
GOEWQ.US,D,20220208,000000,1.55,1.5601,1.44,1.56,56421,0
GOEWQ.US,D,20220209,000000,1.55,1.65,1.55,1.6004,33060,0
GOEWQ.US,D,20220210,000000,1.65,1.66,1.52,1.55,65244,0
GOEWQ.US,D,20220211,000000,1.62,1.62,1.43,1.47,66314,0
GOEWQ.US,D,20220214,000000,1.5,1.59,1.44,1.4599,63342,0
GOEWQ.US,D,20220215,000000,1.55,1.59,1.5,1.57,61767,0
GOEWQ.US,D,20220216,000000,1.57,1.66,1.535,1.6,34307,0
GOEWQ.US,D,20220217,000000,1.51,1.62,1.46,1.485,51915,0
GOEWQ.US,D,20220218,000000,1.57,1.57,1.4097,1.45,130801,0
GOEWQ.US,D,20220222,000000,1.5,1.535,1.32,1.34,266394,0
GOEWQ.US,D,20220223,000000,1.36,1.5,1.25,1.26,167970,0
GOEWQ.US,D,20220224,000000,1.17,1.35,1.15,1.335,74467,0
GOEWQ.US,D,20220225,000000,1.4,1.42,1.3,1.31,57939,0
GOEWQ.US,D,20220228,000000,1.35,1.41,1.35,1.38,94904,0
GOEWQ.US,D,20220301,000000,1.26,1.36,1.25,1.29,112520,0
GOEWQ.US,D,20220302,000000,1.31,1.4,1.24,1.355,40238,0
GOEWQ.US,D,20220303,000000,1.42,1.42,1.2,1.26,115122,0
GOEWQ.US,D,20220304,000000,1.31,1.31,1.15,1.1901,224204,0
GOEWQ.US,D,20220307,000000,1.23,1.23,1.1299,1.17,127965,0
GOEWQ.US,D,20220308,000000,1.25,1.25,1.095,1.18,105086,0
GOEWQ.US,D,20220309,000000,1.29,1.2999,1.19,1.22,105835,0
GOEWQ.US,D,20220310,000000,1.2,1.24,1.16,1.24,53563,0
GOEWQ.US,D,20220311,000000,1.26,1.26,1.17,1.2,57853,0
GOEWQ.US,D,20220314,000000,1.22,1.2299,1.01,1.04,216010,0
GOEWQ.US,D,20220315,000000,1.02,1.15,1.02,1.14,79054,0
GOEWQ.US,D,20220316,000000,1.14,1.2,1.13,1.15,110890,0
GOEWQ.US,D,20220317,000000,1.13,1.19,1.13,1.17,101352,0
GOEWQ.US,D,20220318,000000,1.12,1.24,1.11,1.16,59822,0
GOEWQ.US,D,20220321,000000,1.2,1.2702,1.1,1.16,79525,0
GOEWQ.US,D,20220322,000000,1.15,1.19,1.09,1.15,58956,0
GOEWQ.US,D,20220323,000000,1.14,1.17,1.09,1.12,70596,0
GOEWQ.US,D,20220324,000000,1.15,1.18,1.11,1.175,34582,0
GOEWQ.US,D,20220325,000000,1.18,1.18,1.02,1.08,108226,0
GOEWQ.US,D,20220328,000000,1.09,1.16,1.03,1.11,110659,0
GOEWQ.US,D,20220329,000000,1.14,1.18,1.11,1.18,99180,0
GOEWQ.US,D,20220330,000000,1.18,1.25,1.16,1.16,74568,0
GOEWQ.US,D,20220331,000000,1.16,1.22,1.1115,1.19,107042,0
GOEWQ.US,D,20220401,000000,1.21,1.21,1.1,1.1,37889,0
GOEWQ.US,D,20220404,000000,1.11,1.21,1.1,1.2,96868,0
GOEWQ.US,D,20220405,000000,1.2,1.2131,1.14,1.14,86687,0
GOEWQ.US,D,20220406,000000,1.17,1.17,1.08,1.125,73874,0
GOEWQ.US,D,20220407,000000,1.18,1.21,1.09,1.09,58311,0
GOEWQ.US,D,20220408,000000,1.18,1.18,1.03,1.04,106781,0
GOEWQ.US,D,20220411,000000,1.1,1.115,1.035,1.07,37131,0
GOEWQ.US,D,20220412,000000,1.02,1.07,1.02,1.03,38041,0
GOEWQ.US,D,20220413,000000,1.08,1.08,1,1.01,147361,0
GOEWQ.US,D,20220414,000000,1,1.05,0.95,0.97,96124,0
GOEWQ.US,D,20220418,000000,0.941,1.01,0.941,0.95,73485,0
GOEWQ.US,D,20220419,000000,0.9501,1,0.95,0.99,28516,0
GOEWQ.US,D,20220420,000000,1.02,1.02,0.96,0.98,13988,0
GOEWQ.US,D,20220421,000000,1,1,0.925,0.95,27855,0
GOEWQ.US,D,20220422,000000,0.97,0.9799,0.9011,0.9102,139609,0
GOEWQ.US,D,20220425,000000,0.94,1,0.93,0.96,42699,0
GOEWQ.US,D,20220426,000000,0.99,1,0.93,0.95255,19298,0
GOEWQ.US,D,20220427,000000,0.9219,0.9604,0.9,0.9,79736,0
GOEWQ.US,D,20220428,000000,0.9,1,0.9,0.9602,40591,0
GOEWQ.US,D,20220429,000000,0.97,1,0.901,0.9504,24389,0
GOEWQ.US,D,20220502,000000,0.951,0.951,0.91,0.94,9468,0
GOEWQ.US,D,20220503,000000,0.9348,0.94,0.9,0.92,22464,0
GOEWQ.US,D,20220504,000000,0.92,0.92,0.811,0.91,95698,0
GOEWQ.US,D,20220505,000000,0.91,0.91,0.79,0.79,45332,0
GOEWQ.US,D,20220506,000000,0.79,0.8599,0.7649,0.7999,52248,0
GOEWQ.US,D,20220509,000000,0.8,0.8,0.6,0.6229,108457,0
GOEWQ.US,D,20220510,000000,0.61,0.73,0.55,0.589899,89749,0
GOEWQ.US,D,20220511,000000,0.5101,0.54,0.3395,0.34,470494,0
GOEWQ.US,D,20220512,000000,0.34,0.405,0.2401,0.3696,222588,0
GOEWQ.US,D,20220513,000000,0.39,0.4699,0.39,0.42,103555,0
GOEWQ.US,D,20220516,000000,0.5999,0.5999,0.43,0.48,159489,0
GOEWQ.US,D,20220517,000000,0.5,0.55,0.4899,0.535,63505,0
GOEWQ.US,D,20220518,000000,0.5306,0.5599,0.4651,0.47,49138,0
GOEWQ.US,D,20220519,000000,0.4401,0.549899,0.44,0.549899,27038,0
GOEWQ.US,D,20220520,000000,0.4504,0.54,0.4504,0.4961,32559,0
GOEWQ.US,D,20220523,000000,0.491,0.5352,0.48,0.49,56427,0
GOEWQ.US,D,20220524,000000,0.42,0.48,0.42,0.47,128418,0
GOEWQ.US,D,20220525,000000,0.478,0.5099,0.45,0.4998,130621,0
GOEWQ.US,D,20220526,000000,0.47,0.53,0.4501,0.5,99659,0
GOEWQ.US,D,20220527,000000,0.51,0.54,0.5,0.5259,40911,0
GOEWQ.US,D,20220531,000000,0.5618,0.5618,0.49,0.49,51301,0
GOEWQ.US,D,20220601,000000,0.49,0.5399,0.4601,0.4601,133607,0
GOEWQ.US,D,20220602,000000,0.4001,0.46,0.4,0.4333,245557,0
GOEWQ.US,D,20220603,000000,0.45,0.45,0.39,0.43,125745,0
GOEWQ.US,D,20220606,000000,0.42,0.45,0.38,0.39,122374,0
GOEWQ.US,D,20220607,000000,0.37,0.42,0.37,0.4,55618,0
GOEWQ.US,D,20220608,000000,0.4,0.46,0.4,0.4027,267434,0
GOEWQ.US,D,20220609,000000,0.4,0.41,0.39,0.39,21949,0
GOEWQ.US,D,20220610,000000,0.39,0.3999,0.37,0.38,24133,0
GOEWQ.US,D,20220613,000000,0.37,0.37,0.2981,0.299899,87437,0
GOEWQ.US,D,20220614,000000,0.31,0.32,0.281,0.2855,69314,0
GOEWQ.US,D,20220615,000000,0.29,0.320101,0.28,0.312438,95067,0
GOEWQ.US,D,20220616,000000,0.32,0.32,0.2047,0.238,383093,0
GOEWQ.US,D,20220617,000000,0.2299,0.2797,0.2299,0.2615,64537,0
GOEWQ.US,D,20220621,000000,0.2747,0.398,0.2658,0.3396,118440,0
GOEWQ.US,D,20220622,000000,0.329,0.3396,0.289899,0.31,85565,0
GOEWQ.US,D,20220623,000000,0.29,0.31,0.2516,0.3088,124338,0
GOEWQ.US,D,20220624,000000,0.299,0.3499,0.27,0.317499,85826,0
GOEWQ.US,D,20220627,000000,0.32,0.3201,0.290101,0.3,37564,0
GOEWQ.US,D,20220628,000000,0.301101,0.3769,0.28,0.2966,87616,0
GOEWQ.US,D,20220629,000000,0.29,0.3301,0.28,0.3,104915,0
GOEWQ.US,D,20220630,000000,0.2815,0.37,0.2815,0.29,153490,0
GOEWQ.US,D,20220701,000000,0.3,0.3,0.2599,0.29205,14800,0
GOEWQ.US,D,20220705,000000,0.29,0.37,0.29,0.3401,62082,0
GOEWQ.US,D,20220706,000000,0.3584,0.369899,0.301098,0.3162,28332,0
GOEWQ.US,D,20220707,000000,0.32,0.395,0.3028,0.3197,133713,0
GOEWQ.US,D,20220708,000000,0.35495,0.3795,0.3154,0.319,66317,0
GOEWQ.US,D,20220711,000000,0.32,0.32,0.2951,0.3098,19554,0
GOEWQ.US,D,20220712,000000,0.988,1.04,0.65,0.68,1956825,0
GOEWQ.US,D,20220713,000000,0.72,0.74,0.5201,0.7298,455921,0
GOEWQ.US,D,20220714,000000,0.9,1.2,0.74,1.03,1641080,0
GOEWQ.US,D,20220715,000000,1,1,0.881,0.9,346265,0
GOEWQ.US,D,20220718,000000,0.89,0.9,0.81,0.8198,272554,0
GOEWQ.US,D,20220719,000000,0.8498,0.9,0.8012,0.8482,210852,0
GOEWQ.US,D,20220720,000000,0.8668,0.92,0.7911,0.85,238448,0
GOEWQ.US,D,20220721,000000,0.85,0.85,0.791,0.804,102216,0
GOEWQ.US,D,20220722,000000,0.791,0.84,0.68,0.73,178812,0
GOEWQ.US,D,20220725,000000,0.6901,0.7142,0.65,0.695,155545,0
GOEWQ.US,D,20220726,000000,0.65,0.65,0.6011,0.62,114019,0
GOEWQ.US,D,20220727,000000,0.605,0.6897,0.58,0.6633,122635,0
GOEWQ.US,D,20220728,000000,0.6627,0.7199,0.63,0.6861,104064,0
GOEWQ.US,D,20220729,000000,0.69,0.69,0.6,0.625,131995,0
GOEWQ.US,D,20220801,000000,0.688,0.688,0.62,0.64,69211,0
GOEWQ.US,D,20220802,000000,0.66,0.72,0.62,0.66,154999,0
GOEWQ.US,D,20220803,000000,0.7,0.72,0.6299,0.72,106345,0
GOEWQ.US,D,20220804,000000,0.75,0.76,0.62,0.6897,221399,0
GOEWQ.US,D,20220805,000000,0.66,0.74,0.6599,0.729899,116151,0
GOEWQ.US,D,20220808,000000,0.75,0.84,0.75,0.82,189787,0
GOEWQ.US,D,20220809,000000,0.78,0.78,0.6,0.659,152242,0
GOEWQ.US,D,20220810,000000,0.6699,0.75,0.63,0.7186,87795,0
GOEWQ.US,D,20220811,000000,0.7497,0.879699,0.7202,0.75,157021,0
GOEWQ.US,D,20220812,000000,0.73,0.8232,0.71,0.82,129833,0
GOEWQ.US,D,20220815,000000,0.82,0.85,0.68,0.785,321664,0
GOEWQ.US,D,20220816,000000,0.8499,0.8499,0.7401,0.78,111759,0
GOEWQ.US,D,20220817,000000,0.784999,0.91,0.764999,0.8,174573,0
GOEWQ.US,D,20220818,000000,0.85,0.85,0.6801,0.75,187727,0
GOEWQ.US,D,20220819,000000,0.71,0.739799,0.68,0.72,72259,0
GOEWQ.US,D,20220822,000000,0.7399,0.7399,0.635,0.6511,118222,0
GOEWQ.US,D,20220823,000000,0.7192,0.7192,0.6,0.6189,161855,0
GOEWQ.US,D,20220824,000000,0.61,0.7,0.61,0.7,61084,0
GOEWQ.US,D,20220825,000000,0.7,0.72,0.6999,0.710101,33951,0
GOEWQ.US,D,20220826,000000,0.690101,0.690101,0.65,0.67,33947,0
GOEWQ.US,D,20220829,000000,0.65,0.67,0.6124,0.64,85521,0
GOEWQ.US,D,20220830,000000,0.6124,0.6372,0.6,0.6372,60483,0
GOEWQ.US,D,20220831,000000,0.6,0.62,0.55,0.62,45925,0
GOEWQ.US,D,20220901,000000,0.65,0.65,0.5635,0.58,71696,0
GOEWQ.US,D,20220902,000000,0.58,0.618418,0.58,0.61,55988,0
GOEWQ.US,D,20220906,000000,0.61,0.61,0.54,0.5616,121620,0
GOEWQ.US,D,20220907,000000,0.5999,0.5999,0.53,0.548901,58033,0
GOEWQ.US,D,20220908,000000,0.56,0.5874,0.524,0.54,72320,0
GOEWQ.US,D,20220909,000000,0.54,0.6,0.526999,0.53,73365,0
GOEWQ.US,D,20220912,000000,0.6297,0.6297,0.5,0.5301,117699,0
GOEWQ.US,D,20220913,000000,0.5005,0.55,0.481001,0.49,90280,0
GOEWQ.US,D,20220914,000000,0.48,0.4897,0.421,0.474851,49656,0
GOEWQ.US,D,20220915,000000,0.48,0.5575,0.48,0.54,88276,0
GOEWQ.US,D,20220916,000000,0.54,0.54,0.485,0.497,93366,0
GOEWQ.US,D,20220919,000000,0.5,0.5399,0.4603,0.4603,40419,0
GOEWQ.US,D,20220920,000000,0.460701,0.5134,0.460701,0.490001,26211,0
GOEWQ.US,D,20220921,000000,0.48,0.480101,0.47,0.4799,42374,0
GOEWQ.US,D,20220922,000000,0.53,0.53,0.432548,0.4349,57550,0
GOEWQ.US,D,20220923,000000,0.4051,0.489899,0.399549,0.45,48919,0
GOEWQ.US,D,20220926,000000,0.5,0.5,0.44,0.4402,14073,0
GOEWQ.US,D,20220927,000000,0.42,0.4603,0.42,0.45,31176,0
GOEWQ.US,D,20220928,000000,0.45,0.45,0.4201,0.4201,47114,0
GOEWQ.US,D,20220929,000000,0.4201,0.43,0.21,0.3349,230758,0
GOEWQ.US,D,20220930,000000,0.334,0.4099,0.33,0.4099,61192,0
GOEWQ.US,D,20221003,000000,0.43,0.43,0.3111,0.33,39048,0
GOEWQ.US,D,20221004,000000,0.33,0.4047,0.33,0.3625,62089,0
GOEWQ.US,D,20221005,000000,0.3975,0.3975,0.3,0.33,107195,0
GOEWQ.US,D,20221006,000000,0.3497,0.37,0.3,0.3101,39928,0
GOEWQ.US,D,20221007,000000,0.3197,0.34,0.24,0.33,74157,0
GOEWQ.US,D,20221010,000000,0.35,0.35,0.27,0.2899,50714,0
GOEWQ.US,D,20221011,000000,0.3047,0.3399,0.2509,0.2901,93406,0
GOEWQ.US,D,20221012,000000,0.2997,0.3,0.2612,0.3,60000,0
GOEWQ.US,D,20221013,000000,0.3001,0.3001,0.285,0.3001,46027,0
GOEWQ.US,D,20221014,000000,0.2862,0.32,0.275,0.2848,70807,0
GOEWQ.US,D,20221017,000000,0.3332,0.3664,0.3202,0.3332,124782,0
GOEWQ.US,D,20221018,000000,0.39,0.395,0.333298,0.35,106499,0
GOEWQ.US,D,20221019,000000,0.35,0.35,0.33,0.3305,44706,0
GOEWQ.US,D,20221020,000000,0.334999,0.345,0.33,0.336889,20049,0
GOEWQ.US,D,20221021,000000,0.335,0.34,0.2515,0.28,123600,0
GOEWQ.US,D,20221024,000000,0.31,0.31,0.29,0.3,45543,0
GOEWQ.US,D,20221025,000000,0.3,0.35,0.3,0.3202,37513,0
GOEWQ.US,D,20221026,000000,0.3252,0.34,0.32,0.32,74833,0
GOEWQ.US,D,20221027,000000,0.36,0.36,0.3107,0.3199,8917,0
GOEWQ.US,D,20221028,000000,0.305,0.3299,0.3,0.3131,16850,0
GOEWQ.US,D,20221031,000000,0.3003,0.3399,0.295,0.3,61856,0
GOEWQ.US,D,20221101,000000,0.2902,0.34,0.2902,0.3057,30576,0
GOEWQ.US,D,20221102,000000,0.309899,0.32,0.3,0.3,21698,0
GOEWQ.US,D,20221103,000000,0.3,0.33,0.29,0.329899,45762,0
GOEWQ.US,D,20221104,000000,0.3816,0.39,0.2897,0.31,103147,0
GOEWQ.US,D,20221107,000000,0.3,0.3,0.28,0.295,36064,0
GOEWQ.US,D,20221108,000000,0.389,0.389,0.29,0.32,40194,0
GOEWQ.US,D,20221109,000000,0.302,0.302,0.2674,0.2847,84860,0
GOEWQ.US,D,20221110,000000,0.33,0.33,0.2753,0.2988,126888,0
GOEWQ.US,D,20221111,000000,0.33,0.3989,0.28,0.33,262866,0
GOEWQ.US,D,20221114,000000,0.33,0.3762,0.3201,0.3345,126899,0
GOEWQ.US,D,20221115,000000,0.335,0.34,0.3155,0.324101,65867,0
GOEWQ.US,D,20221116,000000,0.3399,0.3399,0.290201,0.290201,34057,0
GOEWQ.US,D,20221117,000000,0.295,0.3,0.2849,0.285,105228,0
GOEWQ.US,D,20221118,000000,0.29,0.31,0.288,0.29,71822,0
GOEWQ.US,D,20221121,000000,0.31,0.31,0.2699,0.2712,42380,0
GOEWQ.US,D,20221122,000000,0.27,0.289799,0.255,0.2651,86432,0
GOEWQ.US,D,20221123,000000,0.26,0.28,0.2251,0.267,104239,0
GOEWQ.US,D,20221125,000000,0.2701,0.3099,0.2701,0.299,20350,0
GOEWQ.US,D,20221128,000000,0.299,0.34,0.29,0.29,65977,0
GOEWQ.US,D,20221129,000000,0.2502,0.3199,0.2502,0.305,55226,0
GOEWQ.US,D,20221130,000000,0.31,0.3299,0.2901,0.3199,39153,0
GOEWQ.US,D,20221201,000000,0.29,0.34,0.2603,0.2953,83434,0
GOEWQ.US,D,20221202,000000,0.2953,0.33,0.2722,0.3299,95130,0
GOEWQ.US,D,20221205,000000,0.31,0.3299,0.31,0.32,25536,0
GOEWQ.US,D,20221206,000000,0.31,0.3253,0.3,0.300201,62340,0
GOEWQ.US,D,20221207,000000,0.3,0.32,0.2737,0.2985,108931,0
GOEWQ.US,D,20221208,000000,0.31,0.31,0.291,0.294,28934,0
GOEWQ.US,D,20221209,000000,0.31,0.31,0.29,0.294385,15669,0
GOEWQ.US,D,20221212,000000,0.29,0.3,0.282001,0.285001,26503,0
GOEWQ.US,D,20221213,000000,0.29,0.31,0.2851,0.295,51985,0
GOEWQ.US,D,20221214,000000,0.3,0.3,0.2606,0.27,63331,0
GOEWQ.US,D,20221215,000000,0.2873,0.2873,0.266,0.267,59525,0
GOEWQ.US,D,20221216,000000,0.2515,0.275,0.2515,0.2609,36628,0
GOEWQ.US,D,20221219,000000,0.275,0.275,0.24,0.275,37030,0
GOEWQ.US,D,20221220,000000,0.2501,0.275,0.25,0.2525,34212,0
GOEWQ.US,D,20221221,000000,0.2515,0.265101,0.2428,0.250101,25363,0
GOEWQ.US,D,20221222,000000,0.248,0.2625,0.24,0.248187,59163,0
GOEWQ.US,D,20221223,000000,0.2376,0.25,0.23,0.249,55887,0
GOEWQ.US,D,20221227,000000,0.25,0.255,0.22,0.24,98370,0
GOEWQ.US,D,20221228,000000,0.23,0.2325,0.2211,0.225,51970,0
GOEWQ.US,D,20221229,000000,0.221,0.249999,0.21,0.249999,100999,0
GOEWQ.US,D,20221230,000000,0.24,0.24,0.19,0.23,204110,0
GOEWQ.US,D,20230103,000000,0.25,0.25,0.195,0.2051,133551,0
GOEWQ.US,D,20230104,000000,0.21,0.2161,0.1955,0.2161,189548,0
GOEWQ.US,D,20230105,000000,0.25,0.25,0.2,0.2101,61820,0
GOEWQ.US,D,20230106,000000,0.205,0.2193,0.205,0.2101,24729,0
GOEWQ.US,D,20230109,000000,0.21,0.2198,0.2,0.2118,59052,0
GOEWQ.US,D,20230110,000000,0.2011,0.2103,0.2,0.209899,92555,0
GOEWQ.US,D,20230111,000000,0.21,0.2394,0.21,0.229799,46555,0
GOEWQ.US,D,20230112,000000,0.22,0.247,0.21,0.245,70277,0
GOEWQ.US,D,20230113,000000,0.245,0.2549,0.2325,0.25,72233,0
GOEWQ.US,D,20230117,000000,0.2201,0.2625,0.2201,0.24,65493,0
GOEWQ.US,D,20230118,000000,0.24,0.2499,0.23,0.23,20614,0
GOEWQ.US,D,20230119,000000,0.2201,0.24,0.2201,0.2313,26032,0
GOEWQ.US,D,20230120,000000,0.225,0.25,0.225,0.235,39728,0
GOEWQ.US,D,20230123,000000,0.24,0.268701,0.23,0.2596,58580,0
GOEWQ.US,D,20230124,000000,0.2595,0.2712,0.24,0.249899,100025,0
GOEWQ.US,D,20230125,000000,0.2865,0.3,0.2499,0.254,118218,0
GOEWQ.US,D,20230126,000000,0.2728,0.3,0.23,0.25,124330,0
GOEWQ.US,D,20230127,000000,0.27,0.300101,0.2301,0.27,161700,0
GOEWQ.US,D,20230130,000000,0.27,0.3,0.2406,0.259999,111058,0
GOEWQ.US,D,20230131,000000,0.2407,0.2509,0.235,0.235,35405,0
GOEWQ.US,D,20230201,000000,0.2498,0.28,0.23,0.2311,44198,0
GOEWQ.US,D,20230202,000000,0.27,0.287137,0.25,0.2503,91352,0
GOEWQ.US,D,20230203,000000,0.24,0.28,0.24,0.2699,57638,0
GOEWQ.US,D,20230206,000000,0.2698,0.2698,0.221,0.2211,358885,0
GOEWQ.US,D,20230207,000000,0.2425,0.2425,0.19,0.2,540996,0
GOEWQ.US,D,20230208,000000,0.215,0.215,0.198,0.2,129357,0
GOEWQ.US,D,20230209,000000,0.192,0.2001,0.1706,0.1899,172842,0
GOEWQ.US,D,20230210,000000,0.1833,0.2,0.1832,0.190951,82109,0
GOEWQ.US,D,20230213,000000,0.1913,0.21,0.18,0.1848,98465,0
GOEWQ.US,D,20230214,000000,0.18,0.19,0.175001,0.1845,101160,0
GOEWQ.US,D,20230215,000000,0.1845,0.185,0.175,0.1833,55747,0
GOEWQ.US,D,20230216,000000,0.18,0.1803,0.1662,0.1701,254957,0
GOEWQ.US,D,20230217,000000,0.1701,0.179899,0.164,0.168,66415,0
GOEWQ.US,D,20230221,000000,0.1744,0.1744,0.163,0.1638,74446,0
GOEWQ.US,D,20230222,000000,0.17,0.17,0.1579,0.1621,106005,0
GOEWQ.US,D,20230223,000000,0.1622,0.17,0.140101,0.1523,228585,0
GOEWQ.US,D,20230224,000000,0.152,0.18,0.14,0.155001,92927,0
GOEWQ.US,D,20230227,000000,0.17,0.17,0.1406,0.1449,43895,0
GOEWQ.US,D,20230228,000000,0.1407,0.1654,0.1407,0.1408,48303,0
GOEWQ.US,D,20230301,000000,0.138,0.1455,0.138,0.14,138884,0
GOEWQ.US,D,20230302,000000,0.14,0.16,0.138,0.1518,120455,0
GOEWQ.US,D,20230303,000000,0.1404,0.1585,0.131,0.1395,249456,0
GOEWQ.US,D,20230306,000000,0.14,0.148899,0.133,0.135,61845,0
GOEWQ.US,D,20230307,000000,0.135,0.142,0.1335,0.135,43909,0
GOEWQ.US,D,20230308,000000,0.148,0.149799,0.1152,0.12,170748,0
GOEWQ.US,D,20230309,000000,0.12,0.13,0.105,0.115,181017,0
GOEWQ.US,D,20230310,000000,0.11,0.1179,0.1002,0.1075,315014,0
GOEWQ.US,D,20230313,000000,0.11,0.11,0.1001,0.1028,175235,0
GOEWQ.US,D,20230314,000000,0.1002,0.115,0.1,0.1011,50597,0
GOEWQ.US,D,20230315,000000,0.11,0.11,0.0875,0.0875,140139,0
GOEWQ.US,D,20230316,000000,0.088,0.1099,0.088,0.1099,62378,0
GOEWQ.US,D,20230317,000000,0.11,0.11,0.1,0.105001,123515,0
GOEWQ.US,D,20230320,000000,0.1,0.1098,0.09,0.0972,59482,0
GOEWQ.US,D,20230321,000000,0.102101,0.11,0.1001,0.1013,78219,0
GOEWQ.US,D,20230322,000000,0.11,0.11,0.0961,0.1,67039,0
GOEWQ.US,D,20230323,000000,0.1099,0.11,0.0994,0.0995,97784,0
GOEWQ.US,D,20230324,000000,0.097999,0.1,0.097999,0.0995,22715,0
GOEWQ.US,D,20230327,000000,0.1,0.1,0.097,0.0999,16429,0
GOEWQ.US,D,20230328,000000,0.096,0.1,0.09,0.0913,76526,0
GOEWQ.US,D,20230329,000000,0.0913,0.1,0.0913,0.099399,66302,0
GOEWQ.US,D,20230330,000000,0.094066,0.1,0.094066,0.1,35380,0
GOEWQ.US,D,20230331,000000,0.1,0.1,0.088749,0.09,202916,0
GOEWQ.US,D,20230403,000000,0.1,0.1,0.09,0.099,186813,0
GOEWQ.US,D,20230404,000000,0.1,0.11,0.09,0.0949,46880,0
GOEWQ.US,D,20230405,000000,0.09,0.099,0.089,0.089,32483,0
GOEWQ.US,D,20230406,000000,0.0987,0.1,0.089,0.0898,57500,0
GOEWQ.US,D,20230410,000000,0.08,0.095,0.08,0.09,141784,0
GOEWQ.US,D,20230411,000000,0.0971,0.1,0.08,0.0957,74757,0
GOEWQ.US,D,20230412,000000,0.098,0.1099,0.0909,0.1099,115577,0
GOEWQ.US,D,20230413,000000,0.1696,0.1696,0.0921,0.0982,105628,0
GOEWQ.US,D,20230414,000000,0.0983,0.11,0.092,0.1089,66712,0
GOEWQ.US,D,20230417,000000,0.115,0.136,0.112,0.1154,153016,0
GOEWQ.US,D,20230418,000000,0.12,0.129899,0.11,0.1149,80218,0
GOEWQ.US,D,20230419,000000,0.119,0.119,0.1105,0.119,47237,0
GOEWQ.US,D,20230420,000000,0.125,0.15,0.118499,0.12447,46286,0
GOEWQ.US,D,20230421,000000,0.129,0.14,0.12,0.12,49676,0
GOEWQ.US,D,20230424,000000,0.1305,0.1305,0.11,0.116,41716,0
GOEWQ.US,D,20230425,000000,0.116,0.1305,0.11,0.13,61308,0
GOEWQ.US,D,20230426,000000,0.14,0.15,0.101,0.12,69911,0
GOEWQ.US,D,20230427,000000,0.1212,0.1242,0.11,0.115,100401,0
GOEWQ.US,D,20230428,000000,0.12,0.1249,0.1051,0.1075,93283,0
GOEWQ.US,D,20230501,000000,0.1065,0.10989,0.1011,0.103,20331,0
GOEWQ.US,D,20230502,000000,0.1005,0.11,0.1,0.1098,57520,0
GOEWQ.US,D,20230503,000000,0.105,0.110751,0.1,0.105,51147,0
GOEWQ.US,D,20230504,000000,0.109,0.1199,0.0922,0.0982,23533,0
GOEWQ.US,D,20230505,000000,0.105,0.105,0.0918,0.1015,28431,0
GOEWQ.US,D,20230508,000000,0.115,0.115,0.095,0.1,59655,0
GOEWQ.US,D,20230509,000000,0.099381,0.1001,0.085,0.089201,61447,0
GOEWQ.US,D,20230510,000000,0.090101,0.1191,0.09,0.0925,47598,0
GOEWQ.US,D,20230511,000000,0.1,0.1,0.09,0.09,67555,0
GOEWQ.US,D,20230512,000000,0.09,0.095,0.0861,0.088,35773,0
GOEWQ.US,D,20230515,000000,0.115,0.115,0.085,0.088,105266,0
GOEWQ.US,D,20230516,000000,0.1,0.1199,0.095,0.1118,92632,0
GOEWQ.US,D,20230517,000000,0.12,0.12,0.095,0.11,20606,0
GOEWQ.US,D,20230518,000000,0.0995,0.11,0.0995,0.1,47669,0
GOEWQ.US,D,20230519,000000,0.11,0.11,0.095,0.0994,133971,0
GOEWQ.US,D,20230522,000000,0.1099,0.1099,0.091,0.095,125004,0
GOEWQ.US,D,20230523,000000,0.1,0.1,0.088499,0.0895,65948,0
GOEWQ.US,D,20230524,000000,0.0899,0.09,0.082,0.0899,29833,0
GOEWQ.US,D,20230525,000000,0.09,0.094851,0.08,0.092,68053,0
GOEWQ.US,D,20230526,000000,0.092,0.095,0.08,0.086651,49899,0
GOEWQ.US,D,20230530,000000,0.083,0.096202,0.075,0.075,111273,0
GOEWQ.US,D,20230531,000000,0.082,0.082,0.0711,0.076,77500,0
GOEWQ.US,D,20230601,000000,0.076,0.08,0.07,0.076,61392,0
GOEWQ.US,D,20230602,000000,0.08,0.0897,0.076,0.0896,20787,0
GOEWQ.US,D,20230605,000000,0.088,0.088,0.07,0.08,61553,0
GOEWQ.US,D,20230606,000000,0.08,0.0998,0.07,0.0798,76387,0
GOEWQ.US,D,20230607,000000,0.08,0.0805,0.075,0.075,37523,0
GOEWQ.US,D,20230608,000000,0.0859,0.0859,0.07,0.072,70754,0
GOEWQ.US,D,20230609,000000,0.0766,0.0786,0.07,0.073,93375,0
GOEWQ.US,D,20230612,000000,0.0786,0.0786,0.068,0.07,116344,0
GOEWQ.US,D,20230613,000000,0.07,0.078,0.069,0.069,176141,0
GOEWQ.US,D,20230614,000000,0.0681,0.085,0.0681,0.069,205028,0
GOEWQ.US,D,20230615,000000,0.069,0.0791,0.066,0.07,236157,0
GOEWQ.US,D,20230616,000000,0.0984,0.1025,0.0722,0.094,429465,0
GOEWQ.US,D,20230620,000000,0.095,0.12,0.0725,0.075,265431,0
GOEWQ.US,D,20230621,000000,0.075,0.1016,0.0733,0.0999,285536,0
GOEWQ.US,D,20230622,000000,0.084,0.1024,0.084,0.084,135455,0
GOEWQ.US,D,20230623,000000,0.094,0.1,0.084,0.099,56949,0
GOEWQ.US,D,20230626,000000,0.0994,0.1,0.0864,0.0925,39213,0
GOEWQ.US,D,20230627,000000,0.095,0.097799,0.084,0.085,33671,0
GOEWQ.US,D,20230628,000000,0.0974,0.1,0.084,0.1,145050,0
GOEWQ.US,D,20230629,000000,0.0853,0.099699,0.084,0.091,22159,0
GOEWQ.US,D,20230630,000000,0.09,0.099,0.084,0.091,63926,0
GOEWQ.US,D,20230703,000000,0.097,0.1,0.091,0.0965,58035,0
GOEWQ.US,D,20230705,000000,0.0965,0.098,0.0895,0.098,56043,0
GOEWQ.US,D,20230706,000000,0.084,0.0979,0.084,0.08807,50060,0
GOEWQ.US,D,20230707,000000,0.0861,0.1,0.0861,0.095,49769,0
GOEWQ.US,D,20230710,000000,0.11,0.11,0.086,0.09,180826,0
GOEWQ.US,D,20230711,000000,0.09,0.0994,0.085,0.09,107928,0
GOEWQ.US,D,20230712,000000,0.0904,0.1175,0.085,0.1,347209,0
GOEWQ.US,D,20230713,000000,0.12,0.12,0.0902,0.1079,173498,0
GOEWQ.US,D,20230714,000000,0.1072,0.16,0.095101,0.14,392160,0
GOEWQ.US,D,20230717,000000,0.121,0.1397,0.1155,0.1397,251265,0
GOEWQ.US,D,20230718,000000,0.13,0.1605,0.105,0.1197,262030,0
GOEWQ.US,D,20230719,000000,0.1197,0.15,0.1104,0.1369,185781,0
GOEWQ.US,D,20230720,000000,0.16,0.16,0.1144,0.125016,187266,0
GOEWQ.US,D,20230721,000000,0.13,0.158,0.1034,0.12,152906,0
GOEWQ.US,D,20230724,000000,0.1364,0.1364,0.108,0.12,153337,0
GOEWQ.US,D,20230725,000000,0.12,0.13,0.1054,0.1214,191647,0
GOEWQ.US,D,20230726,000000,0.1202,0.1301,0.1054,0.129,157984,0
GOEWQ.US,D,20230727,000000,0.129,0.13,0.11,0.110499,134248,0
GOEWQ.US,D,20230728,000000,0.16,0.16,0.111,0.13,144903,0
GOEWQ.US,D,20230731,000000,0.136,0.14,0.1243,0.14,257772,0
GOEWQ.US,D,20230801,000000,0.145,0.1506,0.121,0.1506,79902,0
GOEWQ.US,D,20230802,000000,0.1323,0.1515,0.131,0.1488,275206,0
GOEWQ.US,D,20230803,000000,0.1474,0.158,0.1212,0.1485,170487,0
GOEWQ.US,D,20230804,000000,0.149,0.149,0.1314,0.1398,52201,0
GOEWQ.US,D,20230807,000000,0.1399,0.1399,0.1157,0.1299,263463,0
GOEWQ.US,D,20230808,000000,0.1211,0.1445,0.1111,0.1445,245434,0
GOEWQ.US,D,20230809,000000,0.1214,0.1445,0.1214,0.1299,251086,0
GOEWQ.US,D,20230810,000000,0.1204,0.1216,0.11,0.1185,124838,0
GOEWQ.US,D,20230811,000000,0.115,0.115,0.100201,0.1075,33272,0
GOEWQ.US,D,20230814,000000,0.109899,0.1199,0.104601,0.1178,65146,0
GOEWQ.US,D,20230815,000000,0.1046,0.12,0.1002,0.119505,55500,0
GOEWQ.US,D,20230816,000000,0.12,0.12,0.1,0.1074,108908,0
GOEWQ.US,D,20230817,000000,0.1186,0.1186,0.0971,0.1,77752,0
GOEWQ.US,D,20230818,000000,0.096,0.1,0.084,0.0989,256864,0
GOEWQ.US,D,20230821,000000,0.0929,0.1,0.081,0.091101,109636,0
GOEWQ.US,D,20230822,000000,0.1,0.1,0.0815,0.0941,108553,0
GOEWQ.US,D,20230823,000000,0.0994,0.1,0.0851,0.0994,55994,0
GOEWQ.US,D,20230824,000000,0.0901,0.1,0.0901,0.0986,8474,0
GOEWQ.US,D,20230825,000000,0.1,0.1,0.0902,0.099899,33699,0
GOEWQ.US,D,20230828,000000,0.1,0.12,0.0931,0.1195,120716,0
GOEWQ.US,D,20230829,000000,0.118,0.1197,0.110101,0.1196,50466,0
GOEWQ.US,D,20230830,000000,0.1194,0.12,0.1101,0.1147,58670,0
GOEWQ.US,D,20230831,000000,0.1149,0.1197,0.11,0.112349,41580,0
GOEWQ.US,D,20230901,000000,0.11,0.1194,0.11,0.119,15512,0
GOEWQ.US,D,20230905,000000,0.11,0.1194,0.11,0.117,16495,0
GOEWQ.US,D,20230906,000000,0.1102,0.1111,0.101,0.108,60468,0
GOEWQ.US,D,20230907,000000,0.108,0.1099,0.099899,0.1099,88801,0
GOEWQ.US,D,20230908,000000,0.1146,0.1193,0.099,0.1,59481,0
GOEWQ.US,D,20230911,000000,0.1002,0.1053,0.1,0.103,12496,0
GOEWQ.US,D,20230912,000000,0.1098,0.1194,0.0999,0.1187,36187,0
GOEWQ.US,D,20230913,000000,0.1193,0.1193,0.107749,0.11,23029,0
GOEWQ.US,D,20230914,000000,0.11,0.1193,0.1052,0.1191,11223,0
GOEWQ.US,D,20230915,000000,0.11,0.1111,0.101,0.11,56819,0
GOEWQ.US,D,20230918,000000,0.102,0.108,0.096,0.102,45873,0
GOEWQ.US,D,20230919,000000,0.097345,0.11,0.093201,0.11,37720,0
GOEWQ.US,D,20230920,000000,0.11,0.11,0.093201,0.1,21364,0
GOEWQ.US,D,20230921,000000,0.0931,0.105,0.0931,0.1,147259,0
GOEWQ.US,D,20230922,000000,0.1,0.1,0.0932,0.1,11313,0
GOEWQ.US,D,20230925,000000,0.1,0.1,0.0934,0.0934,22800,0
GOEWQ.US,D,20230926,000000,0.09995,0.106,0.0936,0.094,39813,0
GOEWQ.US,D,20230927,000000,0.0935,0.1,0.0935,0.0995,14517,0
GOEWQ.US,D,20230928,000000,0.0935,0.1,0.0935,0.0935,31021,0
GOEWQ.US,D,20230929,000000,0.1,0.1,0.0935,0.095,13276,0
GOEWQ.US,D,20231002,000000,0.1,0.1,0.0851,0.0851,39272,0
GOEWQ.US,D,20231003,000000,0.0888,0.0949,0.0725,0.09,101256,0
GOEWQ.US,D,20231004,000000,0.08,0.09,0.07116,0.09,16528,0
GOEWQ.US,D,20231005,000000,0.0802,0.0894,0.0802,0.0894,7687,0
GOEWQ.US,D,20231006,000000,0.0891,0.09,0.0798,0.09,28344,0
GOEWQ.US,D,20231009,000000,0.095,0.095,0.065,0.08,149963,0
GOEWQ.US,D,20231010,000000,0.0792,0.095,0.0657,0.0799,170398,0
GOEWQ.US,D,20231011,000000,0.0799,0.08,0.0651,0.07,47829,0
GOEWQ.US,D,20231012,000000,0.07,0.0808,0.06,0.0795,158131,0
GOEWQ.US,D,20231013,000000,0.07,0.075,0.0506,0.075,272545,0
GOEWQ.US,D,20231016,000000,0.07,0.07,0.053,0.069,25049,0
GOEWQ.US,D,20231017,000000,0.069,0.069,0.0507,0.0688,128285,0
GOEWQ.US,D,20231018,000000,0.0602,0.068,0.06,0.068,48465,0
GOEWQ.US,D,20231019,000000,0.0613,0.075,0.06,0.0677,60420,0
GOEWQ.US,D,20231020,000000,0.06,0.066,0.057,0.0585,77186,0
GOEWQ.US,D,20231023,000000,0.0555,0.067,0.054,0.06,123406,0
GOEWQ.US,D,20231024,000000,0.072,0.072,0.0564,0.064,47756,0
GOEWQ.US,D,20231025,000000,0.0599,0.065,0.05,0.057,105382,0
GOEWQ.US,D,20231026,000000,0.0505,0.0643,0.0425,0.0425,151538,0
GOEWQ.US,D,20231027,000000,0.0405,0.065,0.0405,0.045,86379,0
GOEWQ.US,D,20231030,000000,0.0425,0.06,0.0425,0.0425,116178,0
GOEWQ.US,D,20231031,000000,0.049899,0.055,0.0426,0.0426,24073,0
GOEWQ.US,D,20231101,000000,0.0425,0.0522,0.04,0.05,79487,0
GOEWQ.US,D,20231102,000000,0.052,0.06,0.045,0.056,138792,0
GOEWQ.US,D,20231103,000000,0.055,0.06,0.0501,0.06,50982,0
GOEWQ.US,D,20231106,000000,0.055,0.0697,0.0465,0.06,67533,0
GOEWQ.US,D,20231107,000000,0.06,0.0635,0.0463,0.0598,55167,0
GOEWQ.US,D,20231108,000000,0.05,0.072,0.0481,0.0502,74496,0
GOEWQ.US,D,20231109,000000,0.0501,0.0589,0.0472,0.048,57667,0
GOEWQ.US,D,20231110,000000,0.04,0.0599,0.04,0.0599,53995,0
GOEWQ.US,D,20231113,000000,0.0595,0.0671,0.05,0.06,46663,0
GOEWQ.US,D,20231114,000000,0.055,0.069,0.0403,0.06,186276,0
GOEWQ.US,D,20231115,000000,0.0692,0.0692,0.0548,0.06,59161,0
GOEWQ.US,D,20231116,000000,0.0685,0.0698,0.0458,0.055,166831,0
GOEWQ.US,D,20231117,000000,0.053,0.07,0.053,0.0615,243702,0
GOEWQ.US,D,20231120,000000,0.0616,0.075,0.0616,0.07,144602,0
GOEWQ.US,D,20231121,000000,0.07,0.08,0.07,0.072297,87472,0
GOEWQ.US,D,20231122,000000,0.071,0.0711,0.06,0.0616,62263,0
GOEWQ.US,D,20231124,000000,0.075,0.08,0.062,0.062001,63568,0
GOEWQ.US,D,20231127,000000,0.0612,0.07,0.05,0.052,68310,0
GOEWQ.US,D,20231128,000000,0.0616,0.076,0.06,0.0615,228769,0
GOEWQ.US,D,20231129,000000,0.0762,0.079,0.065,0.0675,52833,0
GOEWQ.US,D,20231130,000000,0.08,0.08,0.0606,0.0606,52345,0
GOEWQ.US,D,20231201,000000,0.0695,0.07,0.0556,0.0601,92637,0
GOEWQ.US,D,20231204,000000,0.0601,0.0697,0.0555,0.0604,68340,0
GOEWQ.US,D,20231205,000000,0.0685,0.0685,0.0551,0.058,57647,0
GOEWQ.US,D,20231206,000000,0.055,0.0679,0.055,0.0656,155818,0
GOEWQ.US,D,20231207,000000,0.057,0.0668,0.057,0.0575,100952,0
GOEWQ.US,D,20231208,000000,0.0649,0.0666,0.0554,0.0635,35113,0
GOEWQ.US,D,20231211,000000,0.0601,0.0635,0.0601,0.060101,47742,0
GOEWQ.US,D,20231212,000000,0.0601,0.062251,0.06,0.0611,13657,0
GOEWQ.US,D,20231213,000000,0.0573,0.06,0.055,0.055,26476,0
GOEWQ.US,D,20231214,000000,0.058,0.067,0.058,0.06465,34116,0
GOEWQ.US,D,20231215,000000,0.0698,0.0698,0.0675,0.0677,102277,0
GOEWQ.US,D,20231218,000000,0.08,0.081,0.07,0.076,70100,0
GOEWQ.US,D,20231219,000000,0.0702,0.08,0.07,0.08,32891,0
GOEWQ.US,D,20231220,000000,0.07,0.111,0.07,0.085,216723,0
GOEWQ.US,D,20231221,000000,0.084,0.09,0.08,0.08001,39604,0
GOEWQ.US,D,20231222,000000,0.08,0.0877,0.0701,0.08,143729,0
GOEWQ.US,D,20231226,000000,0.1,0.1,0.0721,0.08075,151413,0
GOEWQ.US,D,20231227,000000,0.08,0.085,0.08,0.080751,57262,0
GOEWQ.US,D,20231228,000000,0.085,0.1,0.07,0.085286,244721,0
GOEWQ.US,D,20231229,000000,0.08,0.081,0.0723,0.075,116766,0
GOEWQ.US,D,20240102,000000,0.065,0.085,0.065,0.0681,32460,0
GOEWQ.US,D,20240103,000000,0.0792,0.0792,0.067,0.0721,71243,0
GOEWQ.US,D,20240104,000000,0.0701,0.078,0.0701,0.076023,37554,0
GOEWQ.US,D,20240105,000000,0.077,0.079,0.0702,0.079,95353,0
GOEWQ.US,D,20240108,000000,0.08,0.095,0.08,0.089,113329,0
GOEWQ.US,D,20240109,000000,0.095,0.1,0.065,0.0874,447844,0
GOEWQ.US,D,20240110,000000,0.08,0.08,0.065,0.07,331563,0
GOEWQ.US,D,20240111,000000,0.065,0.0709,0.0575,0.0611,276682,0
GOEWQ.US,D,20240112,000000,0.0611,0.069299,0.055,0.0675,117564,0
GOEWQ.US,D,20240116,000000,0.067,0.067,0.053,0.0667,108957,0
GOEWQ.US,D,20240117,000000,0.067,0.0704,0.055,0.0649,94752,0
GOEWQ.US,D,20240118,000000,0.0649,0.0688,0.055,0.06,60987,0
GOEWQ.US,D,20240119,000000,0.061,0.0638,0.0587,0.0638,192078,0
GOEWQ.US,D,20240122,000000,0.0638,0.068,0.055,0.0551,89278,0
GOEWQ.US,D,20240123,000000,0.06,0.06,0.0551,0.0551,108729,0
GOEWQ.US,D,20240124,000000,0.063,0.063,0.057,0.06,132026,0
GOEWQ.US,D,20240125,000000,0.066,0.09,0.06,0.0798,318690,0
GOEWQ.US,D,20240126,000000,0.082,0.09,0.07,0.0839,196093,0
GOEWQ.US,D,20240129,000000,0.0839,0.084,0.06901,0.084,56418,0
GOEWQ.US,D,20240130,000000,0.084,0.086,0.072,0.0732,71279,0
GOEWQ.US,D,20240131,000000,0.0732,0.08,0.07,0.07,73050,0
GOEWQ.US,D,20240201,000000,0.0795,0.089501,0.0716,0.085,127218,0
GOEWQ.US,D,20240202,000000,0.0766,0.085,0.073,0.078,113602,0
GOEWQ.US,D,20240205,000000,0.073,0.078001,0.073,0.0761,40898,0
GOEWQ.US,D,20240206,000000,0.0833,0.0833,0.0732,0.08,62535,0
GOEWQ.US,D,20240207,000000,0.075,0.075,0.073,0.0732,63327,0
GOEWQ.US,D,20240208,000000,0.077299,0.0825,0.0731,0.077751,10657,0
GOEWQ.US,D,20240209,000000,0.0778,0.082406,0.073,0.077,78905,0
GOEWQ.US,D,20240212,000000,0.0818,0.0818,0.073,0.073,56905,0
GOEWQ.US,D,20240213,000000,0.0731,0.074999,0.0695,0.073658,46682,0
GOEWQ.US,D,20240214,000000,0.0737,0.075,0.0654,0.0654,44355,0
GOEWQ.US,D,20240215,000000,0.0653,0.0671,0.0653,0.0662,42383,0
GOEWQ.US,D,20240216,000000,0.0625,0.0665,0.0562,0.0665,29695,0
GOEWQ.US,D,20240220,000000,0.0551,0.0664,0.0551,0.062,55325,0
GOEWQ.US,D,20240221,000000,0.06,0.0665,0.06,0.06,39005,0
GOEWQ.US,D,20240222,000000,0.0665,0.0665,0.0511,0.0627,134698,0
GOEWQ.US,D,20240223,000000,0.0556,0.0598,0.0515,0.057,67109,0
GOEWQ.US,D,20240226,000000,0.057,0.06,0.056,0.06,33785,0
GOEWQ.US,D,20240227,000000,0.06,0.063351,0.0511,0.059,82565,0
GOEWQ.US,D,20240228,000000,0.0527,0.058,0.0527,0.058,26330,0
GOEWQ.US,D,20240229,000000,0.056,0.05799,0.054,0.055,12492,0
GOEWQ.US,D,20240301,000000,0.0528,0.0571,0.0525,0.0571,54167,0
GOEWQ.US,D,20240304,000000,0.065,0.065,0.0511,0.058,304964,0
GOEWQ.US,D,20240305,000000,0.0599,0.07,0.0511,0.06,262219,0
GOEWQ.US,D,20240306,000000,0.0606,0.060999,0.052,0.053601,126905,0
GOEWQ.US,D,20240307,000000,0.0513,0.065,0.05,0.0581,334859,0
GOEWQ.US,D,20240308,000000,0.067899,0.067899,0.0532,0.0548,202192,0
GOEWQ.US,D,20240311,000000,0.0625,0.0625,0.0511,0.0563,220526,0
GOEWQ.US,D,20240312,000000,0.0525,0.057,0.0468,0.0501,228730,0
GOEWQ.US,D,20240313,000000,0.0547,0.0547,0.041,0.0419,142972,0
GOEWQ.US,D,20240314,000000,0.045,0.08,0.045,0.0473,281207,0
GOEWQ.US,D,20240315,000000,0.0647,0.07,0.0478,0.065,254395,0
GOEWQ.US,D,20240318,000000,0.0577,0.15,0.0577,0.1,1661828,0
GOEWQ.US,D,20240319,000000,0.1002,0.14,0.075,0.08,931802,0
GOEWQ.US,D,20240320,000000,0.08,0.11,0.0751,0.095,547024,0
GOEWQ.US,D,20240321,000000,0.11,0.166,0.1,0.1222,1070292,0
GOEWQ.US,D,20240322,000000,0.1222,0.1399,0.1013,0.11,471758,0
GOEWQ.US,D,20240325,000000,0.12,0.1212,0.092,0.095,314554,0
GOEWQ.US,D,20240326,000000,0.1,0.1,0.073,0.0805,377896,0
GOEWQ.US,D,20240327,000000,0.084,0.0997,0.074,0.0813,114702,0
GOEWQ.US,D,20240328,000000,0.089,0.1,0.0814,0.093,171922,0
GOEWQ.US,D,20240401,000000,0.0936,0.11,0.0904,0.1045,170600,0
GOEWQ.US,D,20240402,000000,0.072,0.0949,0.07,0.0749,374060,0
GOEWQ.US,D,20240403,000000,0.0702,0.0864,0.0701,0.07599,145952,0
GOEWQ.US,D,20240404,000000,0.078,0.0781,0.065,0.0686,120152,0
GOEWQ.US,D,20240405,000000,0.0711,0.0787,0.06,0.0629,284909,0
GOEWQ.US,D,20240408,000000,0.0666,0.07,0.066,0.07,92224,0
GOEWQ.US,D,20240409,000000,0.075,0.0815,0.072,0.072,53509,0
GOEWQ.US,D,20240410,000000,0.0721,0.0776,0.067,0.07,73773,0
GOEWQ.US,D,20240411,000000,0.0685,0.0776,0.0666,0.07,57893,0
GOEWQ.US,D,20240412,000000,0.0748,0.0748,0.0622,0.073,61171,0
GOEWQ.US,D,20240415,000000,0.08,0.08,0.0606,0.064038,33457,0
GOEWQ.US,D,20240416,000000,0.074,0.09,0.0646,0.0791,221964,0
GOEWQ.US,D,20240417,000000,0.0785,0.0847,0.0785,0.0835,79865,0
GOEWQ.US,D,20240418,000000,0.0838,0.0899,0.078901,0.0797,123062,0
GOEWQ.US,D,20240419,000000,0.0794,0.0794,0.0666,0.0794,102053,0
GOEWQ.US,D,20240422,000000,0.0812,0.0823,0.0708,0.074899,57739,0
GOEWQ.US,D,20240423,000000,0.075,0.086,0.075,0.0808,67892,0
GOEWQ.US,D,20240424,000000,0.075,0.075,0.0712,0.0712,22871,0
GOEWQ.US,D,20240425,000000,0.0746,0.075,0.0652,0.075,92799,0
GOEWQ.US,D,20240426,000000,0.075,0.079,0.071,0.071,50085,0
GOEWQ.US,D,20240429,000000,0.0788,0.0788,0.0647,0.0701,63052,0
GOEWQ.US,D,20240430,000000,0.068,0.0775,0.068,0.068,112024,0
GOEWQ.US,D,20240501,000000,0.0683,0.0738,0.066,0.0669,99093,0
GOEWQ.US,D,20240502,000000,0.070151,0.0738,0.066,0.0704,105650,0
GOEWQ.US,D,20240503,000000,0.0734,0.0735,0.0604,0.0701,107042,0
GOEWQ.US,D,20240506,000000,0.07,0.0715,0.0611,0.0681,36719,0
GOEWQ.US,D,20240507,000000,0.0633,0.0702,0.0632,0.0701,30052,0
GOEWQ.US,D,20240508,000000,0.0671,0.0734,0.0655,0.0672,17216,0
GOEWQ.US,D,20240509,000000,0.073099,0.0732,0.0663,0.071,22291,0
GOEWQ.US,D,20240510,000000,0.0738,0.075,0.0676,0.0676,16983,0
GOEWQ.US,D,20240513,000000,0.0659,0.0738,0.0659,0.0716,38558,0
GOEWQ.US,D,20240514,000000,0.0702,0.0789,0.0702,0.074,49723,0
GOEWQ.US,D,20240515,000000,0.074,0.0745,0.065,0.065,124747,0
GOEWQ.US,D,20240516,000000,0.07,0.07,0.0628,0.067,13978,0
GOEWQ.US,D,20240517,000000,0.072,0.072,0.065949,0.07,33747,0
GOEWQ.US,D,20240520,000000,0.0602,0.0696,0.0602,0.0687,81138,0
GOEWQ.US,D,20240521,000000,0.069,0.0788,0.064,0.0701,61027,0
GOEWQ.US,D,20240522,000000,0.0735,0.0735,0.0646,0.0689,33725,0
GOEWQ.US,D,20240523,000000,0.0727,0.0734,0.0609,0.0725,44555,0
GOEWQ.US,D,20240524,000000,0.067251,0.0734,0.062,0.0688,45805,0
GOEWQ.US,D,20240528,000000,0.07,0.07,0.0642,0.06809,36856,0
GOEWQ.US,D,20240529,000000,0.07,0.07,0.062,0.0625,13575,0
GOEWQ.US,D,20240530,000000,0.0631,0.069,0.063,0.0679,220074,0
GOEWQ.US,D,20240531,000000,0.068001,0.0682,0.063,0.0678,11012,0
GOEWQ.US,D,20240603,000000,0.0688,0.0732,0.06,0.0601,31933,0
GOEWQ.US,D,20240604,000000,0.0622,0.0734,0.0622,0.065,194860,0
GOEWQ.US,D,20240605,000000,0.064,0.0773,0.064,0.0715,14221,0
GOEWQ.US,D,20240606,000000,0.076,0.076,0.06,0.061,52736,0
GOEWQ.US,D,20240607,000000,0.0658,0.0658,0.06,0.06,46612,0
GOEWQ.US,D,20240610,000000,0.0668,0.0668,0.0601,0.0606,28614,0
GOEWQ.US,D,20240611,000000,0.065,0.065,0.0601,0.0617,24725,0
GOEWQ.US,D,20240612,000000,0.0675,0.0685,0.0605,0.062799,23189,0
GOEWQ.US,D,20240613,000000,0.07,0.0745,0.0601,0.0602,50147,0
GOEWQ.US,D,20240614,000000,0.0685,0.0699,0.06,0.0633,123546,0
GOEWQ.US,D,20240617,000000,0.0595,0.0678,0.0595,0.0631,44863,0
GOEWQ.US,D,20240618,000000,0.0612,0.068,0.058,0.0631,42640,0
GOEWQ.US,D,20240620,000000,0.0646,0.065,0.0563,0.0589,159509,0
GOEWQ.US,D,20240621,000000,0.0654,0.0655,0.0575,0.06,16001,0
GOEWQ.US,D,20240624,000000,0.06,0.065,0.0575,0.0585,44894,0
GOEWQ.US,D,20240625,000000,0.0637,0.0637,0.0575,0.0603,11104,0
GOEWQ.US,D,20240626,000000,0.0598,0.07,0.057701,0.0645,99017,0
GOEWQ.US,D,20240627,000000,0.06,0.07,0.0589,0.064899,34958,0
GOEWQ.US,D,20240628,000000,0.0606,0.0758,0.0602,0.071,27531,0
GOEWQ.US,D,20240701,000000,0.075,0.075,0.06,0.0628,49702,0
GOEWQ.US,D,20240702,000000,0.074,0.074,0.0606,0.07,59460,0
GOEWQ.US,D,20240703,000000,0.06,0.074,0.06,0.0625,13914,0
GOEWQ.US,D,20240705,000000,0.0625,0.0718,0.0606,0.0677,22016,0
GOEWQ.US,D,20240708,000000,0.068,0.0712,0.0615,0.0616,33049,0
GOEWQ.US,D,20240709,000000,0.06,0.0688,0.06,0.0613,97109,0
GOEWQ.US,D,20240710,000000,0.0625,0.071,0.051,0.0567,188595,0
GOEWQ.US,D,20240711,000000,0.0637,0.06615,0.0625,0.065,37444,0
GOEWQ.US,D,20240712,000000,0.0611,0.0735,0.0611,0.0653,103101,0
GOEWQ.US,D,20240715,000000,0.065,0.073,0.065,0.065,35722,0
GOEWQ.US,D,20240716,000000,0.072,0.0735,0.0615,0.0698,32313,0
GOEWQ.US,D,20240717,000000,0.07,0.0735,0.068,0.07005,91025,0
GOEWQ.US,D,20240718,000000,0.073399,0.073399,0.068,0.072,6316,0
GOEWQ.US,D,20240719,000000,0.0626,0.0735,0.0585,0.0678,35875,0
GOEWQ.US,D,20240722,000000,0.0681,0.0685,0.06,0.06,29663,0
GOEWQ.US,D,20240723,000000,0.0648,0.0648,0.06,0.0602,3790,0
GOEWQ.US,D,20240724,000000,0.0611,0.0611,0.0536,0.06,148437,0
GOEWQ.US,D,20240725,000000,0.0605,0.0632,0.0528,0.06,48124,0
GOEWQ.US,D,20240726,000000,0.055,0.057401,0.053,0.057,4159,0
GOEWQ.US,D,20240729,000000,0.0617,0.0617,0.0523,0.0569,4629,0
GOEWQ.US,D,20240730,000000,0.06,0.06,0.05,0.055,23034,0
GOEWQ.US,D,20240731,000000,0.055,0.055899,0.0501,0.0504,13028,0
GOEWQ.US,D,20240801,000000,0.05,0.0572,0.05,0.0506,33109,0
GOEWQ.US,D,20240802,000000,0.0501,0.0501,0.048,0.04805,15124,0
GOEWQ.US,D,20240805,000000,0.048,0.0508,0.048,0.0483,34490,0
GOEWQ.US,D,20240806,000000,0.075,0.095,0.0502,0.0532,1006386,0
GOEWQ.US,D,20240807,000000,0.0636,0.074,0.056,0.0614,452935,0
GOEWQ.US,D,20240808,000000,0.0544,0.062,0.0544,0.055481,13008,0
GOEWQ.US,D,20240809,000000,0.06,0.0689,0.058,0.0594,55494,0
GOEWQ.US,D,20240812,000000,0.0566,0.06,0.0541,0.0579,66578,0
GOEWQ.US,D,20240813,000000,0.0553,0.0601,0.0541,0.059799,41239,0
GOEWQ.US,D,20240814,000000,0.0596,0.0596,0.0505,0.0563,41100,0
GOEWQ.US,D,20240815,000000,0.0565,0.0568,0.0515,0.0557,18799,0
GOEWQ.US,D,20240816,000000,0.0548,0.059,0.05,0.058728,46926,0
GOEWQ.US,D,20240819,000000,0.0506,0.0582,0.0503,0.053,35995,0
GOEWQ.US,D,20240820,000000,0.09,0.09,0.048,0.053,64605,0
GOEWQ.US,D,20240821,000000,0.05,0.0535,0.048,0.05,181257,0
GOEWQ.US,D,20240822,000000,0.0517,0.0517,0.0419,0.0468,340606,0
GOEWQ.US,D,20240823,000000,0.0495,0.0579,0.0481,0.05,86910,0
GOEWQ.US,D,20240826,000000,0.047049,0.0491,0.0439,0.049,69845,0
GOEWQ.US,D,20240827,000000,0.043,0.05,0.043,0.05,137037,0
GOEWQ.US,D,20240828,000000,0.049899,0.049899,0.0438,0.045,47301,0
GOEWQ.US,D,20240829,000000,0.0498,0.05,0.044,0.0488,15693,0
GOEWQ.US,D,20240830,000000,0.044,0.051001,0.044,0.0465,52597,0
GOEWQ.US,D,20240903,000000,0.0495,0.06,0.0455,0.051,231758,0
GOEWQ.US,D,20240904,000000,0.0474,0.06,0.0474,0.0527,23336,0
GOEWQ.US,D,20240905,000000,0.04,0.058699,0.04,0.0579,13406,0
GOEWQ.US,D,20240906,000000,0.054,0.0566,0.05,0.0501,49318,0
GOEWQ.US,D,20240909,000000,0.0469,0.052,0.045,0.05,101582,0
GOEWQ.US,D,20240910,000000,0.044,0.0498,0.044,0.044,18974,0
GOEWQ.US,D,20240911,000000,0.047,0.05,0.044,0.05,35850,0
GOEWQ.US,D,20240912,000000,0.057,0.057,0.0441,0.045,10242,0
GOEWQ.US,D,20240913,000000,0.0464,0.047499,0.0303,0.0375,211509,0
GOEWQ.US,D,20240916,000000,0.0375,0.0439,0.0324,0.0324,54436,0
GOEWQ.US,D,20240917,000000,0.035,0.042,0.033,0.038,64290,0
GOEWQ.US,D,20240918,000000,0.044,0.0468,0.041,0.041,142018,0
GOEWQ.US,D,20240919,000000,0.0453,0.0499,0.0453,0.0453,9649,0
GOEWQ.US,D,20240920,000000,0.0453,0.0453,0.04,0.0407,20849,0
GOEWQ.US,D,20240923,000000,0.045,0.045,0.035,0.0363,93717,0
GOEWQ.US,D,20240924,000000,0.035,0.04,0.035,0.039,20478,0
GOEWQ.US,D,20240925,000000,0.036,0.0444,0.036,0.0419,34900,0
GOEWQ.US,D,20240926,000000,0.035,0.0419,0.035,0.0414,37515,0
GOEWQ.US,D,20240927,000000,0.036,0.04,0.036,0.036,147816,0
GOEWQ.US,D,20240930,000000,0.035,0.035,0.0341,0.0349,28862,0
GOEWQ.US,D,20241001,000000,0.0304,0.036,0.0304,0.0348,307017,0
GOEWQ.US,D,20241002,000000,0.0305,0.0398,0.0305,0.0381,76771,0
GOEWQ.US,D,20241003,000000,0.038,0.038,0.032101,0.03555,9658,0
GOEWQ.US,D,20241004,000000,0.036,0.039,0.0346,0.039,77501,0
GOEWQ.US,D,20241007,000000,0.0389,0.0397,0.034,0.0396,31558,0
GOEWQ.US,D,20241008,000000,0.039599,0.0398,0.0335,0.0335,11271,0
GOEWQ.US,D,20241009,000000,0.0338,0.0388,0.0333,0.0338,29438,0
GOEWQ.US,D,20241010,000000,0.0388,0.0395,0.035465,0.0368,8526,0
GOEWQ.US,D,20241011,000000,0.0311,0.0389,0.0311,0.0374,7567,0
GOEWQ.US,D,20241014,000000,0.034,0.038899,0.0334,0.034,6430,0
GOEWQ.US,D,20241015,000000,0.0386,0.03915,0.036,0.0361,20090,0
GOEWQ.US,D,20241016,000000,0.045,0.045,0.034,0.0352,38343,0
GOEWQ.US,D,20241017,000000,0.0399,0.0399,0.0369,0.037,14421,0
GOEWQ.US,D,20241018,000000,0.0369,0.0399,0.0369,0.038,38596,0
GOEWQ.US,D,20241021,000000,0.038,0.03845,0.0368,0.037,13018,0
GOEWQ.US,D,20241022,000000,0.042,0.042,0.0368,0.0368,30774,0
GOEWQ.US,D,20241023,000000,0.041,0.041,0.0361,0.0375,27705,0
GOEWQ.US,D,20241024,000000,0.041,0.041,0.036,0.038,17374,0
GOEWQ.US,D,20241025,000000,0.036101,0.038,0.036,0.038,8887,0
GOEWQ.US,D,20241028,000000,0.036,0.0398,0.0333,0.0379,49697,0
GOEWQ.US,D,20241029,000000,0.0336,0.038,0.0333,0.035,70019,0
GOEWQ.US,D,20241030,000000,0.0351,0.035244,0.0333,0.0333,26841,0
GOEWQ.US,D,20241031,000000,0.0361,0.038,0.0333,0.038,24236,0
GOEWQ.US,D,20241101,000000,0.0305,0.0334,0.0302,0.0302,87185,0
GOEWQ.US,D,20241104,000000,0.0301,0.0301,0.02,0.0212,367878,0
GOEWQ.US,D,20241105,000000,0.0296,0.0296,0.0163,0.01711,43064,0
GOEWQ.US,D,20241106,000000,0.0188,0.02,0.0172,0.0182,45713,0
GOEWQ.US,D,20241107,000000,0.0162,0.0218,0.012,0.0199,152499,0
GOEWQ.US,D,20241108,000000,0.0229,0.0262,0.0185,0.0235,158753,0
GOEWQ.US,D,20241111,000000,0.024,0.0277,0.02,0.0252,328365,0
GOEWQ.US,D,20241112,000000,0.028,0.0298,0.0241,0.0298,59721,0
GOEWQ.US,D,20241113,000000,0.0298,0.0299,0.016,0.0274,77175,0
GOEWQ.US,D,20241114,000000,0.0274,0.03,0.024,0.0274,21809,0
GOEWQ.US,D,20241115,000000,0.0235,0.028,0.022101,0.025,13905,0
GOEWQ.US,D,20241118,000000,0.0232,0.025,0.023,0.0237,43594,0
GOEWQ.US,D,20241119,000000,0.025,0.025,0.0235,0.0239,40899,0
GOEWQ.US,D,20241120,000000,0.026,0.026,0.0235,0.0235,11024,0
GOEWQ.US,D,20241121,000000,0.0224,0.0236,0.0221,0.022113,71892,0
GOEWQ.US,D,20241122,000000,0.0221,0.0234,0.022,0.022351,18692,0
GOEWQ.US,D,20241125,000000,0.0221,0.0234,0.0206,0.023,43738,0
GOEWQ.US,D,20241126,000000,0.023,0.023,0.021,0.0219,10980,0
GOEWQ.US,D,20241127,000000,0.021,0.022,0.018,0.02,38142,0
GOEWQ.US,D,20241129,000000,0.0181,0.023,0.0181,0.02001,49844,0
GOEWQ.US,D,20241202,000000,0.023,0.0234,0.02,0.023,94611,0
GOEWQ.US,D,20241203,000000,0.022999,0.028,0.018284,0.0222,283739,0
GOEWQ.US,D,20241204,000000,0.0222,0.0227,0.0182,0.0185,140824,0
GOEWQ.US,D,20241205,000000,0.0246,0.025,0.0183,0.0201,265012,0
GOEWQ.US,D,20241206,000000,0.0205,0.0248,0.0171,0.01715,172577,0
GOEWQ.US,D,20241209,000000,0.0182,0.0238,0.018,0.0238,109590,0
GOEWQ.US,D,20241210,000000,0.0186,0.021,0.015,0.017,229314,0
GOEWQ.US,D,20241211,000000,0.015,0.0357,0.0139,0.0169,617751,0
GOEWQ.US,D,20241212,000000,0.0152,0.038,0.0152,0.0342,1302318,0
GOEWQ.US,D,20241213,000000,0.0201,0.0301,0.0171,0.0248,602494,0
GOEWQ.US,D,20241216,000000,0.0248,0.038,0.018758,0.020771,306122,0
GOEWQ.US,D,20241217,000000,0.0314,0.0371,0.0245,0.024501,301005,0
GOEWQ.US,D,20241218,000000,0.0253,0.0316,0.0251,0.028,152471,0
GOEWQ.US,D,20241219,000000,0.0349,0.0369,0.0249,0.0249,339318,0
GOEWQ.US,D,20241220,000000,0.0319,0.0319,0.0175,0.0179,286765,0
GOEWQ.US,D,20241223,000000,0.0176,0.0225,0.0175,0.0179,226399,0
GOEWQ.US,D,20241224,000000,0.025,0.025,0.0195,0.0216,381928,0
GOEWQ.US,D,20241226,000000,0.0216,0.0294,0.0212,0.0222,244558,0
GOEWQ.US,D,20241227,000000,0.021,0.0322,0.021,0.02825,174683,0
GOEWQ.US,D,20241230,000000,0.0309,0.042,0.0306,0.0348,273137,0
GOEWQ.US,D,20241231,000000,0.023,0.0382,0.016,0.029,620431,0
GOEWQ.US,D,20250102,000000,0.028,0.037,0.022,0.0362,446595,0
GOEWQ.US,D,20250103,000000,0.023,0.036,0.0227,0.0347,102858,0
GOEWQ.US,D,20250106,000000,0.0377,0.0377,0.0265,0.03,157527,0
GOEWQ.US,D,20250107,000000,0.0334,0.034,0.0277,0.0287,179560,0
GOEWQ.US,D,20250108,000000,0.0305,0.042,0.0288,0.029201,149086,0
GOEWQ.US,D,20250110,000000,0.0306,0.0349,0.0292,0.029899,109394,0
GOEWQ.US,D,20250113,000000,0.0348,0.0348,0.0265,0.0327,324744,0
GOEWQ.US,D,20250114,000000,0.03,0.035,0.0255,0.0299,326840,0
GOEWQ.US,D,20250115,000000,0.0231,0.037,0.023,0.037,386182,0
GOEWQ.US,D,20250116,000000,0.035,0.037,0.03,0.035,82266,0
GOEWQ.US,D,20250117,000000,0.0388,0.0388,0.0291,0.0307,212538,0
GOEWQ.US,D,20250121,000000,0.0021,0.0094,0.0021,0.0084,4855751,0
GOEWQ.US,D,20250122,000000,0.0043,0.0072,0.004,0.005,1029004,0
GOEWQ.US,D,20250123,000000,0.004,0.0054,0.004,0.005,532563,0
GOEWQ.US,D,20250124,000000,0.006,0.0132,0.0052,0.007,5579443,0
GOEWQ.US,D,20250127,000000,0.006,0.01,0.0051,0.0061,1222895,0
GOEWQ.US,D,20250128,000000,0.0052,0.0069,0.005,0.0052,1053457,0
