<TICKER>,<PER>,<DATE>,<TIME>,<OPEN>,<HIGH>,<LOW>,<CLOSE>,<VOL>,<OPENINT>
GPAK.US,D,20231009,000000,4.2,4.39,2.16,2.23,1889800,0
GPAK.US,D,20231010,000000,2,2.11,1.5,1.68,706538,0
GPAK.US,D,20231011,000000,1.59,1.81,1.3469,1.63,182376,0
GPAK.US,D,20231012,000000,1.54,1.57,1.3,1.32,78461,0
GPAK.US,D,20231013,000000,1.31,1.4199,1.03,1.329,136471,0
GPAK.US,D,20231016,000000,1.3,1.3,1.2,1.23,55962,0
GPAK.US,D,20231017,000000,1.27,1.73,1.25,1.65,1327919,0
GPAK.US,D,20231018,000000,1.73,1.99,1.3,1.44,1267905,0
GPAK.US,D,20231019,000000,1.28,1.31,1.04,1.09,340213,0
GPAK.US,D,20231020,000000,0.9455,1,0.75,0.883,508026,0
GPAK.US,D,20231023,000000,0.9355,0.9355,0.82,0.89,72076,0
GPAK.US,D,20231024,000000,0.9,0.9,0.73,0.7612,146766,0
GPAK.US,D,20231025,000000,0.75,1.11,0.75,0.91,3811840,0
GPAK.US,D,20231026,000000,0.95,0.95,0.75,0.755,588808,0
GPAK.US,D,20231027,000000,0.75,0.79,0.65,0.72,119097,0
GPAK.US,D,20231030,000000,0.6903,0.73,0.6601,0.665499,116480,0
GPAK.US,D,20231031,000000,0.68,0.7,0.621,0.621,51065,0
GPAK.US,D,20231101,000000,0.62,0.65,0.6,0.618,40097,0
GPAK.US,D,20231102,000000,0.655,0.7381,0.655,0.729,118268,0
GPAK.US,D,20231103,000000,0.77,0.772,0.7209,0.7399,37232,0
GPAK.US,D,20231106,000000,0.7663,0.789,0.641,0.734999,53956,0
GPAK.US,D,20231107,000000,0.79,0.79,0.719001,0.748899,22727,0
GPAK.US,D,20231108,000000,0.7224,0.7899,0.7,0.71,24903,0
GPAK.US,D,20231109,000000,0.745,0.745,0.691,0.719899,44233,0
GPAK.US,D,20231110,000000,0.7,0.7199,0.65,0.679999,39953,0
GPAK.US,D,20231113,000000,0.63,0.724833,0.63,0.66475,21920,0
GPAK.US,D,20231114,000000,0.64,0.693736,0.6011,0.6011,69814,0
GPAK.US,D,20231115,000000,0.605,0.68,0.5789,0.6044,52440,0
GPAK.US,D,20231116,000000,0.619999,0.6534,0.5006,0.551,94167,0
GPAK.US,D,20231117,000000,0.55,0.5727,0.501,0.5388,40351,0
GPAK.US,D,20231120,000000,0.5009,0.538,0.5,0.5047,30359,0
GPAK.US,D,20231121,000000,0.6,0.75,0.51,0.666,2560666,0
GPAK.US,D,20231122,000000,0.6099,0.65,0.5317,0.616301,432718,0
GPAK.US,D,20231124,000000,0.618,0.7199,0.6,0.7,62168,0
GPAK.US,D,20231127,000000,0.6985,0.77,0.656,0.71,49789,0
GPAK.US,D,20231128,000000,0.73,0.73,0.68,0.7,58222,0
GPAK.US,D,20231129,000000,0.65,0.6768,0.55,0.642499,65521,0
GPAK.US,D,20231130,000000,0.565,0.700391,0.565,0.6,26202,0
GPAK.US,D,20231201,000000,0.637,0.640051,0.61,0.63,23185,0
GPAK.US,D,20231204,000000,0.640051,0.668,0.6001,0.6001,26568,0
GPAK.US,D,20231205,000000,0.627,0.6719,0.6001,0.6162,16795,0
GPAK.US,D,20231206,000000,0.565,0.6218,0.55,0.556644,36291,0
GPAK.US,D,20231207,000000,0.5651,0.6,0.501,0.5015,52423,0
GPAK.US,D,20231208,000000,0.527,0.549999,0.4751,0.481,53265,0
GPAK.US,D,20231211,000000,0.48,0.569899,0.474,0.525001,47747,0
GPAK.US,D,20231212,000000,0.5325,0.5629,0.4755,0.5001,54884,0
GPAK.US,D,20231213,000000,0.5002,0.5269,0.475,0.4805,24434,0
GPAK.US,D,20231214,000000,0.495,0.515,0.46,0.473,81905,0
GPAK.US,D,20231215,000000,0.471,0.5,0.4599,0.4599,32090,0
GPAK.US,D,20231218,000000,0.486,0.486,0.45,0.454,45527,0
GPAK.US,D,20231219,000000,0.4413,0.4633,0.4111,0.4295,52316,0
GPAK.US,D,20231220,000000,0.4069,0.46,0.37,0.3966,116276,0
GPAK.US,D,20231221,000000,0.4199,0.4199,0.367,0.4137,39798,0
GPAK.US,D,20231222,000000,0.4,0.4001,0.3627,0.3825,52116,0
GPAK.US,D,20231226,000000,0.375,0.3863,0.3611,0.363,82259,0
GPAK.US,D,20231227,000000,0.361,0.52,0.361,0.46,796497,0
GPAK.US,D,20231228,000000,0.4462,0.5,0.43,0.5,128785,0
GPAK.US,D,20231229,000000,0.5,0.5,0.4202,0.45,68918,0
GPAK.US,D,20240102,000000,0.4069,0.4875,0.4069,0.475,60007,0
GPAK.US,D,20240103,000000,0.4655,0.474999,0.4311,0.455,36255,0
GPAK.US,D,20240104,000000,0.454,0.454,0.431,0.4497,30889,0
GPAK.US,D,20240105,000000,0.4599,0.459999,0.4,0.452,133309,0
GPAK.US,D,20240108,000000,0.4385,0.46,0.4,0.4227,120569,0
GPAK.US,D,20240109,000000,0.426,0.426,0.38,0.4068,48061,0
GPAK.US,D,20240110,000000,0.4,0.4,0.362,0.363,72703,0
GPAK.US,D,20240111,000000,0.363,0.3651,0.3412,0.3412,92868,0
GPAK.US,D,20240112,000000,0.36,0.4,0.3185,0.3399,101066,0
GPAK.US,D,20240116,000000,0.349,0.358,0.3013,0.3168,71110,0
GPAK.US,D,20240117,000000,0.31,0.31325,0.2707,0.2951,85272,0
GPAK.US,D,20240118,000000,0.2964,0.33999,0.2732,0.2822,55659,0
GPAK.US,D,20240119,000000,0.2963,0.3349,0.2822,0.2876,45576,0
GPAK.US,D,20240122,000000,0.307001,0.329,0.2512,0.261,666832,0
GPAK.US,D,20240123,000000,0.3815,0.3847,0.28,0.3402,9225535,0
GPAK.US,D,20240124,000000,0.3155,0.32,0.2505,0.277,586466,0
GPAK.US,D,20240125,000000,0.26,0.27,0.2306,0.235,288884,0
GPAK.US,D,20240126,000000,0.234,0.24,0.2126,0.215,313864,0
GPAK.US,D,20240129,000000,0.22,0.2587,0.22,0.2403,182988,0
GPAK.US,D,20240130,000000,0.2501,0.2586,0.2204,0.2254,93465,0
GPAK.US,D,20240131,000000,0.225,0.2399,0.2126,0.2168,64756,0
GPAK.US,D,20240201,000000,0.249,0.249,0.2198,0.2324,179834,0
GPAK.US,D,20240202,000000,0.232001,0.2369,0.2111,0.2117,133096,0
GPAK.US,D,20240205,000000,0.229,0.2324,0.203,0.2201,103119,0
GPAK.US,D,20240206,000000,0.2199,0.227,0.2156,0.216,63510,0
GPAK.US,D,20240207,000000,0.21,0.2208,0.207,0.2085,39908,0
GPAK.US,D,20240208,000000,0.19,0.34,0.19,0.269999,888184,0
GPAK.US,D,20240209,000000,0.2648,0.2907,0.2401,0.2551,188392,0
GPAK.US,D,20240212,000000,0.2388,0.2988,0.2388,0.2515,144337,0
GPAK.US,D,20240213,000000,0.2677,0.38,0.235,0.3106,1585981,0
GPAK.US,D,20240214,000000,0.3106,0.3181,0.25,0.286,383525,0
GPAK.US,D,20240215,000000,0.2869,0.3199,0.2651,0.3064,323041,0
GPAK.US,D,20240216,000000,0.3083,0.359,0.2652,0.3285,602250,0
GPAK.US,D,20240220,000000,0.32,0.32,0.2549,0.2999,122874,0
GPAK.US,D,20240221,000000,0.2625,0.3,0.2601,0.2695,121355,0
GPAK.US,D,20240222,000000,0.2645,0.3,0.2642,0.27,99250,0
GPAK.US,D,20240223,000000,0.2511,0.295,0.2511,0.271,148402,0
GPAK.US,D,20240226,000000,0.28,0.3,0.2401,0.2663,112465,0
GPAK.US,D,20240227,000000,0.261,0.3145,0.261,0.29,85948,0
GPAK.US,D,20240228,000000,0.32,0.32,0.265,0.2806,76262,0
GPAK.US,D,20240229,000000,0.28,0.31,0.25875,0.2921,67933,0
GPAK.US,D,20240301,000000,0.285,0.3199,0.28,0.2851,62951,0
GPAK.US,D,20240304,000000,0.294001,0.294001,0.2635,0.275,148672,0
GPAK.US,D,20240305,000000,0.2746,0.3,0.265,0.2771,115613,0
GPAK.US,D,20240306,000000,0.2908,0.2908,0.2743,0.2749,49031,0
GPAK.US,D,20240307,000000,0.2703,0.2795,0.245,0.25,127656,0
GPAK.US,D,20240308,000000,0.251,0.2784,0.241,0.2417,119915,0
GPAK.US,D,20240311,000000,0.2512,0.264,0.23,0.241,94096,0
GPAK.US,D,20240312,000000,0.2414,0.263,0.23,0.23,98388,0
GPAK.US,D,20240313,000000,0.2405,0.247,0.23,0.2313,9939,0
GPAK.US,D,20240314,000000,0.2403,0.2403,0.2,0.2228,33988,0
GPAK.US,D,20240315,000000,0.236,0.2895,0.2252,0.275,315708,0
GPAK.US,D,20240318,000000,0.2782,0.2885,0.232,0.2335,39938,0
GPAK.US,D,20240319,000000,0.241,0.289,0.24,0.2425,107357,0
GPAK.US,D,20240320,000000,0.2685,0.2685,0.2361,0.244,79283,0
GPAK.US,D,20240321,000000,0.245,0.2573,0.245,0.2452,42263,0
GPAK.US,D,20240322,000000,0.2635,0.276,0.2486,0.2552,18058,0
GPAK.US,D,20240325,000000,0.255,0.2569,0.234,0.234,100235,0
GPAK.US,D,20240326,000000,0.2294,0.25,0.2294,0.2346,13812,0
GPAK.US,D,20240327,000000,0.234701,0.25,0.2347,0.2355,13716,0
GPAK.US,D,20240328,000000,0.2402,0.245,0.238,0.245,25329,0
GPAK.US,D,20240401,000000,0.245,0.26575,0.2425,0.261,47050,0
GPAK.US,D,20240402,000000,0.26,0.268,0.2459,0.2564,86054,0
GPAK.US,D,20240403,000000,0.26,0.268,0.246,0.257,27299,0
GPAK.US,D,20240404,000000,0.2581,0.26305,0.2175,0.2202,142437,0
GPAK.US,D,20240405,000000,0.2203,0.229,0.2045,0.224,36028,0
GPAK.US,D,20240408,000000,0.218,0.2301,0.218,0.2204,9548,0
GPAK.US,D,20240409,000000,0.211,0.38,0.2017,0.214,12324647,0
GPAK.US,D,20240410,000000,0.2,0.2343,0.1911,0.2088,829080,0
GPAK.US,D,20240411,000000,0.2,0.2288,0.1935,0.2248,321985,0
GPAK.US,D,20240412,000000,0.2181,0.2949,0.206,0.257,739531,0
GPAK.US,D,20240415,000000,0.248,0.29,0.2301,0.2514,849894,0
GPAK.US,D,20240416,000000,0.2401,0.29,0.221,0.2799,220499,0
GPAK.US,D,20240417,000000,0.2641,0.270407,0.227,0.25,120643,0
GPAK.US,D,20240418,000000,0.2308,0.2499,0.2291,0.2325,53865,0
GPAK.US,D,20240419,000000,0.2444,0.2799,0.23,0.2436,165869,0
GPAK.US,D,20240422,000000,0.2371,0.2399,0.2056,0.206,114000,0
GPAK.US,D,20240423,000000,0.2026,0.2304,0.2026,0.22,50604,0
GPAK.US,D,20240424,000000,0.215,0.22,0.214,0.2171,7362,0
GPAK.US,D,20240425,000000,0.21,0.22,0.21,0.22,36830,0
GPAK.US,D,20240426,000000,0.21,0.2179,0.21,0.2105,31945,0
GPAK.US,D,20240429,000000,0.213201,0.2169,0.1925,0.2016,101495,0
GPAK.US,D,20240430,000000,0.213,0.215,0.1929,0.2068,81196,0
GPAK.US,D,20240501,000000,0.2199,0.2199,0.2068,0.2078,12727,0
GPAK.US,D,20240502,000000,0.2184,0.2184,0.1911,0.2049,67788,0
GPAK.US,D,20240503,000000,0.2055,0.2143,0.1911,0.1961,169908,0
GPAK.US,D,20240506,000000,0.206,0.2087,0.2,0.2,31107,0
GPAK.US,D,20240507,000000,0.207,0.2139,0.1914,0.1999,37588,0
GPAK.US,D,20240508,000000,0.194,0.205,0.1911,0.2005,31164,0
GPAK.US,D,20240509,000000,0.205,0.205,0.195,0.2004,27076,0
GPAK.US,D,20240510,000000,0.1912,0.2064,0.1911,0.2054,13357,0
GPAK.US,D,20240513,000000,0.194,0.2197,0.1915,0.219,85717,0
GPAK.US,D,20240514,000000,0.2178,0.2178,0.1942,0.1986,31044,0
GPAK.US,D,20240515,000000,0.201,0.2111,0.199,0.2106,68039,0
GPAK.US,D,20240516,000000,0.193,0.248,0.193,0.23,234396,0
GPAK.US,D,20240517,000000,0.23,0.2573,0.23,0.2397,184901,0
GPAK.US,D,20240520,000000,0.2408,0.249,0.226,0.24,67833,0
GPAK.US,D,20240521,000000,0.2375,0.25,0.2131,0.2399,173709,0
GPAK.US,D,20240522,000000,0.2407,0.2499,0.2196,0.2196,70362,0
GPAK.US,D,20240523,000000,0.209,0.34,0.2042,0.2619,2728208,0
GPAK.US,D,20240524,000000,0.2436,0.25,0.215,0.25,408250,0
GPAK.US,D,20240528,000000,0.2425,0.266,0.201,0.25,432141,0
GPAK.US,D,20240529,000000,0.2637,0.269,0.2315,0.2677,101548,0
GPAK.US,D,20240530,000000,0.2616,0.2949,0.2505,0.2884,178720,0
GPAK.US,D,20240531,000000,0.2885,0.2885,0.2383,0.24,98692,0
GPAK.US,D,20240603,000000,0.242,0.3159,0.23,0.2319,1030237,0
GPAK.US,D,20240604,000000,0.257,0.2794,0.232,0.2366,98265,0
GPAK.US,D,20240605,000000,0.2437,0.2727,0.222,0.23,116371,0
GPAK.US,D,20240606,000000,0.24,0.2727,0.22,0.25,147281,0
GPAK.US,D,20240607,000000,0.255,0.2575,0.2414,0.257,26501,0
GPAK.US,D,20240610,000000,0.245,0.2571,0.22,0.2231,71585,0
GPAK.US,D,20240611,000000,0.2299,0.2345,0.21,0.2328,62239,0
GPAK.US,D,20240612,000000,0.221,0.232,0.2101,0.2122,164949,0
GPAK.US,D,20240613,000000,0.214,0.273,0.213,0.225,628147,0
GPAK.US,D,20240614,000000,0.22011,0.2393,0.2103,0.2383,336969,0
GPAK.US,D,20240617,000000,0.2291,0.24,0.221,0.2386,211865,0
GPAK.US,D,20240618,000000,0.225601,0.245,0.2143,0.219,391169,0
GPAK.US,D,20240620,000000,0.216,0.2199,0.1925,0.205,208649,0
GPAK.US,D,20240621,000000,0.22,0.258,0.21,0.234299,1093917,0
GPAK.US,D,20240624,000000,0.248,0.248,0.225,0.225,151697,0
GPAK.US,D,20240625,000000,0.218,0.2289,0.21,0.228,169446,0
GPAK.US,D,20240626,000000,0.2128,0.237,0.2128,0.2192,76956,0
GPAK.US,D,20240627,000000,0.22,0.2395,0.2103,0.2199,241338,0
GPAK.US,D,20240628,000000,0.223,0.223,0.198,0.1983,142556,0
GPAK.US,D,20240701,000000,0.2,0.209899,0.1921,0.1921,67796,0
GPAK.US,D,20240702,000000,0.2,0.2027,0.1538,0.175,154258,0
GPAK.US,D,20240703,000000,0.1751,0.1783,0.1616,0.1703,169130,0
GPAK.US,D,20240705,000000,0.1925,0.2,0.1711,0.1801,267416,0
GPAK.US,D,20240708,000000,0.1869,0.199,0.184,0.1919,244642,0
GPAK.US,D,20240709,000000,0.1989,0.199899,0.1757,0.1812,126306,0
GPAK.US,D,20240710,000000,0.176,0.1999,0.176,0.1993,29016,0
GPAK.US,D,20240711,000000,0.198,0.2027,0.1951,0.1999,88723,0
GPAK.US,D,20240712,000000,0.1999,0.2027,0.1816,0.1862,178010,0
GPAK.US,D,20240715,000000,0.1893,0.2089,0.1805,0.1853,351796,0
GPAK.US,D,20240716,000000,0.195449,0.2098,0.181,0.1821,99014,0
GPAK.US,D,20240717,000000,0.209,0.209,0.1805,0.1868,73567,0
GPAK.US,D,20240718,000000,0.196,0.2,0.182,0.1881,58785,0
GPAK.US,D,20240719,000000,0.18892,0.194901,0.173,0.18,201736,0
GPAK.US,D,20240722,000000,0.174,0.185499,0.162,0.1661,223401,0
GPAK.US,D,20240723,000000,0.28,0.2801,0.1613,0.1627,49317433,0
GPAK.US,D,20240724,000000,0.1627,0.1761,0.1513,0.1733,1671184,0
GPAK.US,D,20240725,000000,0.16,0.1784,0.156,0.1732,476009,0
GPAK.US,D,20240726,000000,0.152,0.1843,0.15,0.1789,431087,0
GPAK.US,D,20240729,000000,0.1735,0.1735,0.1646,0.1708,192947,0
GPAK.US,D,20240730,000000,0.1651,0.168,0.1569,0.168,149296,0
GPAK.US,D,20240731,000000,0.16,0.16779,0.1502,0.154,301583,0
GPAK.US,D,20240801,000000,0.155,0.17549,0.1506,0.168,3035517,0
GPAK.US,D,20240802,000000,0.0977,0.1113,0.08,0.0899,5544801,0
