<TICKER>,<PER>,<DATE>,<TIME>,<OPEN>,<HIGH>,<LOW>,<CLOSE>,<VOL>,<OPENINT>
GRI.US,D,20210210,000000,24597.3,27027,20475,20529.6,1243.2648227322,0
GRI.US,D,20210211,000000,21048.3,21539.7,18618.6,20748,137.44541987097,0
GRI.US,D,20210212,000000,20884.5,21567,19519.5,21375.9,76.302197039175,0
GRI.US,D,20210216,000000,21703.5,21730.8,20065.5,20884.5,54.57362582789,0
GRI.US,D,20210217,000000,21157.5,21430.5,20065.5,20365.8,44.816116767956,0
GRI.US,D,20210218,000000,20802.6,20802.6,18536.7,20065.5,46.923442754209,0
GRI.US,D,20210219,000000,19683.3,19977.6,18946.2,19219.2,29.14029274889,0
GRI.US,D,20210222,000000,19219.2,19219.2,17717.7,17745,61.977655057879,0
GRI.US,D,20210223,000000,17717.7,17745,15864,17089.8,29.775823878066,0
GRI.US,D,20210224,000000,16489.2,19028.1,16489.2,18809.7,22.056776336209,0
GRI.US,D,20210225,000000,18782.4,18782.4,16707.6,16707.6,14.63479838845,0
GRI.US,D,20210226,000000,17308.2,17717.7,16680.3,16680.3,7.0952380242857,0
GRI.US,D,20210301,000000,17062.5,17744.7,16926,16926,7.104029232989,0
GRI.US,D,20210302,000000,16653,17199,16107,16325.4,13.389743455846,0
GRI.US,D,20210303,000000,16352.7,16461.9,15697.5,15834,25.982783622956,0
GRI.US,D,20210304,000000,15861.3,15861.3,14223.3,14469,18.264468681825,0
GRI.US,D,20210305,000000,14742,14851.2,13379.2,13652.7,26.674358707615,0
GRI.US,D,20210308,000000,14196,14933.1,14196,14332.5,8.904761815714,0
GRI.US,D,20210309,000000,14605.5,14823.9,14141.4,14141.4,14.389743445846,0
GRI.US,D,20210310,000000,14141.4,15015,14141.4,14305.2,14.855311206758,0
GRI.US,D,20210311,000000,14469,16325.4,14309.6,16107,18.187179305308,0
GRI.US,D,20210312,000000,16025.1,16025.1,15042.3,15178.8,11.599999884,0
GRI.US,D,20210315,000000,15970.5,16243.5,15178.8,15888.6,23.184248852406,0
GRI.US,D,20210316,000000,15747.7,16107,14837.6,14878.5,15.532966877637,0
GRI.US,D,20210317,000000,15424.5,15834,13977.6,14823.9,19.339560246165,0
GRI.US,D,20210318,000000,14742,14987.7,14476.4,14496.3,9.2655676729119,0
GRI.US,D,20210319,000000,14742,15369.9,13704.6,13704.6,21.449084034594,0
GRI.US,D,20210322,000000,13950.3,15369.9,13950.3,14059.5,6.1454211839671,0
GRI.US,D,20210323,000000,14469,14741.7,13404.3,13595.4,18.248351465868,0
GRI.US,D,20210324,000000,13923,13923,11793.6,11793.6,23.578021742242,0
GRI.US,D,20210325,000000,12612.6,12612.6,11739,11957.4,19.152014460494,0
GRI.US,D,20210326,000000,12831,12831,11739,12039.3,8.0512819707692,0
GRI.US,D,20210329,000000,11739,13076.7,11739,12885.6,15.579487023692,0
GRI.US,D,20210330,000000,12694.5,12694.5,12012,12285,8.4798533950553,0
GRI.US,D,20210331,000000,12558,13485.9,12103.5,12667.2,17.07216100144,0
GRI.US,D,20210401,000000,12831,13418,12612.9,13322.4,16.302197639175,0
GRI.US,D,20210405,000000,13431.6,13593.2,12749.1,12749.1,7.5791208033296,0
GRI.US,D,20210406,000000,12530.7,12639.9,12154,12312.3,37.47216079744,0
GRI.US,D,20210407,000000,13377,13458.9,12476.1,13322.4,27.254944782396,0
GRI.US,D,20210408,000000,13408.3,13408.3,12312.3,12558,14.111721470604,0
GRI.US,D,20210409,000000,12612.9,12885.6,12367.2,12721.8,3.2402930078901,0
GRI.US,D,20210412,000000,12503.4,12503.4,12012,12121.2,172.24358802116,0
GRI.US,D,20210413,000000,13049.4,14059.2,12558,13977.6,92.250182227679,0
GRI.US,D,20210414,000000,13841.1,14059.5,12885.6,13295.1,16.523076757846,0
GRI.US,D,20210415,000000,13076.7,13076.7,11957.4,12667.2,15.573259917527,0
GRI.US,D,20210416,000000,12476.1,12748.8,12287.5,12421.5,2.6897435628462,0
GRI.US,D,20210419,000000,12203.1,12598.1,11960.7,11984.7,7.7457874683293,0
GRI.US,D,20210420,000000,11930.1,11930.1,11766.3,11793.6,4.7194138722198,0
GRI.US,D,20210421,000000,11793.6,12503.4,11793.6,12039.3,41.89853437955,0
GRI.US,D,20210422,000000,11957.4,12530.7,11930.1,12476.1,10.10695960589,0
GRI.US,D,20210423,000000,12558,12694.5,12070.1,12257.7,32.028204807923,0
GRI.US,D,20210426,000000,12257.7,12776.4,12148.5,12721.5,9.766300268637,0
GRI.US,D,20210427,000000,12448.8,12558,12285,12380.6,7.4032966292637,0
GRI.US,D,20210428,000000,12285,12285,11793.6,12121.2,10.723809416571,0
GRI.US,D,20210429,000000,12248.1,12448.8,11902.8,11984.7,7.8677654890881,0
GRI.US,D,20210430,000000,11930.1,12093.9,11466,11684.4,9.7263735291098,0
GRI.US,D,20210503,000000,11575.2,11739,11247.6,11247.6,4.9630036133736,0
GRI.US,D,20210504,000000,10592.4,11193,10401.3,10565.1,36.702563735538,0
GRI.US,D,20210505,000000,10756.2,11875.5,10701.6,11056.5,31.143589432154,0
GRI.US,D,20210506,000000,10865.4,10920,10455.9,10592.4,10.74029293289,0
GRI.US,D,20210507,000000,10865.4,11155.1,10537.8,11138.4,5.4256409713846,0
GRI.US,D,20210510,000000,11138.1,11466,10783.5,11111.1,8.855677567121,0
GRI.US,D,20210511,000000,10892.4,11029.2,10483.2,10783.5,5.2498167973187,0
GRI.US,D,20210512,000000,10619.7,10865.4,10237.5,10237.5,8.6439559575168,0
GRI.US,D,20210513,000000,10101,10346.7,9855.3,10128.3,7.3351647618132,0
GRI.US,D,20210514,000000,10101,10374,9882.6,9991.8,10.058241657659,0
GRI.US,D,20210517,000000,9991.8,10455.9,9991.8,10073.7,12.00549438544,0
GRI.US,D,20210518,000000,10175.3,10374,10070.7,10210.2,4.4611721165604,0
GRI.US,D,20210519,000000,10073.7,10455.9,10033.8,10374,2.8633699347363,0
GRI.US,D,20210520,000000,10482.9,10482.9,9991.8,10319.4,12.137728816352,0
GRI.US,D,20210521,000000,10417.7,10783.5,10264.8,10455.9,6.6336995673627,0
GRI.US,D,20210524,000000,10428.6,10592.4,10152.9,10333.1,6.7047618377143,0
GRI.US,D,20210525,000000,10510.5,11343.2,10264.8,11302.2,15.782783724956,0
GRI.US,D,20210526,000000,11193,13486.2,10660.7,11902.8,63.750182512681,0
GRI.US,D,20210527,000000,11766.3,12667.2,11356.8,12312.3,13.366666533,0
GRI.US,D,20210528,000000,12694.5,12694.5,10647,10920,35.72783847056,0
GRI.US,D,20210601,000000,11138.4,11916.5,11001.9,11193,8.7340658467252,0
GRI.US,D,20210602,000000,11056.5,11384.1,10920,10920,6.3479852845055,0
GRI.US,D,20210603,000000,10993.4,11302.2,10920,11138.4,5.691941335022,0
GRI.US,D,20210604,000000,11274.9,11365,10920,11001.9,27.57216089644,0
GRI.US,D,20210607,000000,11411.4,11984.7,11275.2,11820.9,21.278754365967,0
GRI.US,D,20210608,000000,11848.2,11875.5,11457,11466,7.1736263018901,0
GRI.US,D,20210609,000000,11466,11984.7,11466,11820.9,11.094139083198,0
GRI.US,D,20210610,000000,11957.4,17717.7,11957.4,13377,664.02966368938,0
GRI.US,D,20210611,000000,13113.5,14741.7,12831,13595.4,108.04908316859,0
GRI.US,D,20210614,000000,13650,13977.6,12977.1,13745.6,22.268864246175,0
GRI.US,D,20210615,000000,13759.2,13759.2,13049.4,13377,22.552014426494,0
GRI.US,D,20210616,000000,13240.5,13240.5,12285,12612.6,35.805127847077,0
GRI.US,D,20210617,000000,12530.7,13431.3,12530.7,13076.7,18.491574906659,0
GRI.US,D,20210618,000000,12994.8,14903.9,12858.3,14578.2,148.44322195879,0
GRI.US,D,20210621,000000,15015,15015,14004.9,14004.9,20.543589538154,0
GRI.US,D,20210622,000000,13950.3,14223,13540.8,13923,20.480219575417,0
GRI.US,D,20210623,000000,13868.4,14660.1,13431.6,14469,12.380219656417,0
GRI.US,D,20210624,000000,14359.8,15752.1,14305.2,14578.2,36.019779859583,0
GRI.US,D,20210625,000000,14796.6,15806.7,14550.9,14769.3,37.857875079296,0
GRI.US,D,20210628,000000,14632.8,16052.4,14632.8,15915.9,31.536629721264,0
GRI.US,D,20210629,000000,16052.4,16052.4,14823.9,15588.3,14.682417435594,0
GRI.US,D,20210630,000000,15315.3,15342.6,14824.2,14851.2,5.3641025104615,0
GRI.US,D,20210701,000000,14769.3,15124.2,14196,14714.7,7.9868131069447,0
GRI.US,D,20210702,000000,14742,14823.9,14168.7,14823.9,6.8736263048901,0
GRI.US,D,20210706,000000,14605.5,14960.4,14250.6,14414.4,13.152380820857,0
GRI.US,D,20210707,000000,14305.2,14496.3,13746.9,14277.9,7.4399266655275,0
GRI.US,D,20210708,000000,13841.1,14496.3,13841.1,14359.8,4.3893772454835,0
GRI.US,D,20210709,000000,13868.4,14851.2,13868.4,14359.8,5.7871794293077,0
GRI.US,D,20210712,000000,14496.3,14905.8,14262,14878.5,4.899999951,0
GRI.US,D,20210713,000000,14632.8,16898.4,13977.6,14660.1,57.797435319462,0
GRI.US,D,20210714,000000,14660.1,15561,14383.6,14701.1,24.776922829154,0
GRI.US,D,20210715,000000,14605.5,14605.5,14196,14223.3,4.150549409044,0
GRI.US,D,20210716,000000,14359.8,14359.8,13923,13950.3,5.9018314428132,0
GRI.US,D,20210719,000000,13977.6,14032.2,13295.1,13377,14.461904617286,0
GRI.US,D,20210720,000000,13431.6,13431.6,12912.9,13131.3,10.372893669165,0
GRI.US,D,20210721,000000,14059.5,14059.5,13104,13185.9,9.8652013665497,0
GRI.US,D,20210722,000000,13797.4,13797.4,13213.2,13213.2,5.5487178932308,0
GRI.US,D,20210723,000000,13431.6,13977.6,12994.8,12994.8,47.120146048945,0
GRI.US,D,20210726,000000,12964.2,13240.5,12585.3,12694.5,6.082783821956,0
GRI.US,D,20210727,000000,12694.5,12694.5,11411.4,11438.7,21.38608037222,0
GRI.US,D,20210728,000000,11520.6,11684.4,10724.3,10974.6,17.025640855385,0
GRI.US,D,20210729,000000,10974.6,13513.5,10974.6,12530.7,27.027472257198,0
GRI.US,D,20210730,000000,12653.6,12858.3,12312.3,12530.7,9.6278387315601,0
GRI.US,D,20210802,000000,11957.4,12803.4,11902.8,12366.9,2.9564102268462,0
GRI.US,D,20210803,000000,12175.8,13622.7,11902.8,12285,35.425640671385,0
GRI.US,D,20210804,000000,11684.4,13349.4,11274.9,11957.4,19.621611525396,0
GRI.US,D,20210805,000000,11766.3,12994.5,11466,12257.7,32.021977701758,0
GRI.US,D,20210806,000000,11548.2,12912.6,11548.2,12203.1,16.177289215517,0
GRI.US,D,20210809,000000,12285,12558,11793.9,12039.3,19.934065734725,0
GRI.US,D,20210810,000000,12285,12718.3,11444.7,11875.5,13.077289246517,0
GRI.US,D,20210811,000000,11875.5,12530.7,11739,12230.4,30.411355007242,0
GRI.US,D,20210812,000000,12208.3,12285,11143.6,11411.4,63.168863837175,0
GRI.US,D,20210813,000000,11345.9,11638,11173.9,11220.3,10.108424807341,0
GRI.US,D,20210816,000000,11220.3,11705.4,10510.5,10510.5,26.790475922571,0
GRI.US,D,20210817,000000,10565.1,11575.2,10456.2,11029.2,23.72783859056,0
GRI.US,D,20210818,000000,11274.9,11977.3,10510.5,11329.5,76.513552348417,0
GRI.US,D,20210819,000000,11165.7,11577.4,10565.4,10647,37.061538090923,0
GRI.US,D,20210820,000000,10592.4,11466,10544.6,10947.3,44.143955602517,0
GRI.US,D,20210823,000000,11329.5,12011.7,11165.7,11466,26.231135268825,0
GRI.US,D,20210824,000000,11520.6,12940.2,11493.6,12203.1,83.690109053208,0
GRI.US,D,20210825,000000,12285,12533.2,12066.6,12421.5,14.087179346308,0
GRI.US,D,20210826,000000,12639.9,13431.3,12275.4,12940.2,33.887911749033,0
GRI.US,D,20210827,000000,12967.5,15369.9,12780.8,15042.3,79.901464402453,0
GRI.US,D,20210830,000000,15096.9,15479.1,14332.5,15479.1,38.375457491704,0
GRI.US,D,20210831,000000,15588.3,22386,15588.3,19191.9,1907.0794681086,0
GRI.US,D,20210901,000000,18345.6,20747.7,16653,20420.4,230.69486948792,0
GRI.US,D,20210902,000000,19601.4,22358.7,19546.8,21758.1,130.23076792846,0
GRI.US,D,20210903,000000,21703.5,23095.8,21021,22740.9,97.202929430901,0
GRI.US,D,20210907,000000,22768.2,24542.2,22440.6,24133.2,94.320511877312,0
GRI.US,D,20210908,000000,23641.8,25825.5,23010.7,24078.6,76.287178724308,0
GRI.US,D,20210909,000000,24570,26725.3,24570,26426.4,92.717581490408,0
GRI.US,D,20210910,000000,26208,28282.8,19792.5,20693.4,171.96117044156,0
GRI.US,D,20210913,000000,20720.7,22795.2,20311.2,22522.5,63.402563468538,0
GRI.US,D,20210914,000000,22194.9,22795.5,18574.4,19383,86.18901012712,0
GRI.US,D,20210915,000000,19000.8,20092.8,18864.3,19737.9,27.141025369615,0
GRI.US,D,20210916,000000,19546.8,20038.2,17171.7,17963.4,46.555310889758,0
GRI.US,D,20210917,000000,17772.3,20911.8,17772.3,19055.4,54.404761360714,0
GRI.US,D,20210920,000000,18372.9,18836.7,17745,17963.4,37.189743217846,0
GRI.US,D,20210921,000000,18263.7,18782.4,18018,18045.3,8.4985347135497,0
GRI.US,D,20210922,000000,18263.7,19383,17772.3,19273.8,11.419047504857,0
GRI.US,D,20210923,000000,19301.1,20010.9,19164.6,19164.6,8.8864467975825,0
GRI.US,D,20210924,000000,18918.9,21266.7,18837,20584.2,44.46117171656,0
GRI.US,D,20210927,000000,20638.8,21457.8,18495.8,19110,46.643955577517,0
GRI.US,D,20210928,000000,18755.1,19601.4,17916.5,18864.3,25.871062012352,0
GRI.US,D,20210929,000000,18645.9,19055.4,17854.2,17854.2,17.479120704329,0
GRI.US,D,20210930,000000,17745,21266.7,17745,19847.1,44.578021532242,0
GRI.US,D,20211001,000000,19956.3,19956.3,18836.7,19301.1,19.454212259671,0
GRI.US,D,20211004,000000,19492.2,19656,18127.2,19137.3,16.920146350945,0
GRI.US,D,20211005,000000,19137.3,19937.7,18291,18918.9,9.399999906,0
GRI.US,D,20211006,000000,18673.2,19492.2,18470.4,19110,13.353846020308,0
GRI.US,D,20211007,000000,19137.3,19819.8,18946.2,19055.4,12.410256286154,0
GRI.US,D,20211008,000000,19137.3,19637.2,18645.9,18700.5,10.151281949769,0
GRI.US,D,20211011,000000,18755.1,19218.9,18705.7,19000.8,6.9402929708901,0
GRI.US,D,20211012,000000,18891.6,19000.8,18168.2,18673.2,14.99853464855,0
GRI.US,D,20211013,000000,18618.6,20748,18291,19301.1,84.344687801243,0
GRI.US,D,20211014,000000,19492.2,20038.2,17283.6,17608.5,33.370695636989,0
GRI.US,D,20211015,000000,17663.1,19000.8,17531.3,18372.9,22.263736041099,0
GRI.US,D,20211018,000000,18099.9,18181.8,16380,16816.8,32.132234110912,0
GRI.US,D,20211019,000000,16816.8,17089.8,15480.8,15670.2,84.456043111486,0
GRI.US,D,20211020,000000,15779.4,15793.1,14370.7,14823.9,52.279120356329,0
GRI.US,D,20211021,000000,14851.2,16188.9,14360.1,14687.4,53.233332801,0
GRI.US,D,20211022,000000,14660.1,14851.2,13213.2,13923,32.18608026422,0
GRI.US,D,20211025,000000,14004.9,14414.1,13404.3,13513.5,13.275091442341,0
GRI.US,D,20211026,000000,13513.5,13923,12967.5,13158.6,12.841025512615,0
GRI.US,D,20211027,000000,13349.7,14469,12421.5,13349.7,16.935530966175,0
GRI.US,D,20211028,000000,13486.2,14905.8,12312.3,13322.4,18.620878934671,0
GRI.US,D,20211029,000000,13213.2,13895.7,12476.1,12994.8,19.18058588878,0
GRI.US,D,20211101,000000,12831,14359.8,12831,13458.9,22.99853456855,0
GRI.US,D,20211102,000000,13377,14632.8,13185.9,14141.4,25.173992422252,0
GRI.US,D,20211103,000000,14059.5,15042.3,13540.8,15015,22.382783658956,0
GRI.US,D,20211104,000000,14823.9,18291,14737.3,16789.5,200.14944854796,0
GRI.US,D,20211105,000000,16571.1,16697.5,14196,14796.6,43.671794435077,0
GRI.US,D,20211108,000000,14742,15119.5,14059.5,14387.1,22.924908195659,0
GRI.US,D,20211109,000000,14250.6,15260.7,13459.2,14469,58.895603806648,0
GRI.US,D,20211110,000000,14332.5,14469.3,12667.2,13076.7,32.510622385517,0
GRI.US,D,20211111,000000,13185.9,14987.7,12831,13895.7,92.599266473274,0
GRI.US,D,20211112,000000,14059.5,14359.8,13131.3,13595.4,35.721977664758,0
GRI.US,D,20211115,000000,13431.6,14264.8,12721.8,13022.1,29.345787252329,0
GRI.US,D,20211116,000000,12803.7,13303,12476.1,13104,40.854578346033,0
GRI.US,D,20211117,000000,12803.7,13049.4,11875.5,12012,33.419047284857,0
GRI.US,D,20211118,000000,11875.5,12967.2,11412.8,11902.8,68.433698949363,0
GRI.US,D,20211119,000000,11902.8,13049.4,11411.4,12121.2,39.915017915868,0
GRI.US,D,20211122,000000,12831,14059.5,10974.6,10974.6,114.57362522789,0
GRI.US,D,20211123,000000,11138.4,23314.2,11138.4,19929,10072.638727112,0
GRI.US,D,20211124,000000,13650,14878.5,12285,14714.7,1220.4542002496,0
GRI.US,D,20211126,000000,12831,14714.4,12694.5,14496.3,216.88607841722,0
GRI.US,D,20211129,000000,13868.4,16762.2,13786.8,16516.5,405.46190070728,0
GRI.US,D,20211130,000000,15888.6,16646.8,13404.3,14933.1,174.59047444457,0
GRI.US,D,20211201,000000,14933.1,15506.4,13513.5,14660.1,127.71831374113,0
GRI.US,D,20211202,000000,13868.4,15260.4,13486.2,13486.2,100.13186713055,0
GRI.US,D,20211203,000000,13677.3,14250.6,12585.3,13104,80.529669524372,0
GRI.US,D,20211206,000000,13104,14588.3,12503.4,13595.4,52.739926212527,0
GRI.US,D,20211207,000000,14059.5,16216.2,13595.4,15178.8,77.052013881492,0
GRI.US,D,20211208,000000,14905.8,16849.6,14338,16107,58.918314429132,0
GRI.US,D,20211209,000000,15888.6,17742.3,15506.4,17035.2,77.386446112584,0
GRI.US,D,20211210,000000,17089.8,17553.9,12749.1,13731.9,203.21062067851,0
GRI.US,D,20211213,000000,13731.9,15015,13215.9,13759.2,75.757142099571,0
GRI.US,D,20211214,000000,13813.8,18427.5,13213.2,16789.5,1544.5882629424,0
GRI.US,D,20211215,000000,16217.5,17171.7,15096.9,16926,288.57362348789,0
GRI.US,D,20211216,000000,16789.5,16789.5,15561,16762.2,53.087911557033,0
GRI.US,D,20211217,000000,16434.6,16489.2,15091.7,16407.3,77.535530360178,0
GRI.US,D,20211220,000000,15451.8,15913.4,13650,14905.8,118.29816731519,0
GRI.US,D,20211221,000000,15397.2,17717.4,14441.7,17362.8,343.57691964116,0
GRI.US,D,20211222,000000,16953.3,18973.5,16380,16871.4,346.37069250699,0
GRI.US,D,20211223,000000,17990.7,18013.1,15424.5,16953.3,338.20512482308,0
GRI.US,D,20211227,000000,16380,16543.8,15834,16270.8,53.66117162456,0
GRI.US,D,20211228,000000,15997.8,16461.9,15288,16434.6,46.257142394571,0
GRI.US,D,20211229,000000,16243.5,16543.8,15561,16543.8,23.342490609066,0
GRI.US,D,20211230,000000,16325.4,16898.7,15997.8,16680.3,29.982783582956,0
GRI.US,D,20211231,000000,16680.3,16871.4,15997.8,16325.4,21.991208571296,0
GRI.US,D,20220103,000000,16380,19628.7,16380,19328.4,145.87435751561,0
GRI.US,D,20220104,000000,19628.7,22659,19601.4,21840,199.40915551507,0
GRI.US,D,20220105,000000,21539.7,21542.7,19929,21184.8,66.083515822681,0
GRI.US,D,20220106,000000,20748,22932,19546.8,21184.8,105.08205023123,0
GRI.US,D,20220107,000000,21021,21648.9,20038.2,20502.3,30.292673689748,0
GRI.US,D,20220110,000000,20311.2,20711.1,17772.3,18427.5,71.025640315385,0
GRI.US,D,20220111,000000,18837,19808.9,17917,19437.6,23.275457642704,0
GRI.US,D,20220112,000000,19055.4,19832,18509.4,19519.5,22.625274499022,0
GRI.US,D,20220113,000000,19519.5,20321.9,18509.4,19000.8,17.748351470868,0
GRI.US,D,20220114,000000,18509.4,19737.9,15588.3,17335.5,131.63296571664,0
GRI.US,D,20220118,000000,16789.5,17357.6,15315.3,15697.5,73.518680583494,0
GRI.US,D,20220119,000000,16079.7,16379.7,14715,14878.5,28.613186527055,0
GRI.US,D,20220120,000000,14905.8,15233.4,13568.1,13568.1,36.36813150445,0
GRI.US,D,20220121,000000,13650,14059.2,12339.6,13022.1,27.765567487912,0
GRI.US,D,20220124,000000,12558,14168.7,11111.1,13731.9,50.589743083846,0
GRI.US,D,20220125,000000,13377,14695.6,12558,13267.8,44.927472078198,0
GRI.US,D,20220126,000000,13568.1,14157.8,12285,12421.5,33.839560101165,0
GRI.US,D,20220127,000000,12776.4,13047.5,11684.4,11820.9,27.753845876308,0
GRI.US,D,20220128,000000,11793.6,12945.7,11711.7,12148.5,15.041025490615,0
GRI.US,D,20220131,000000,12175.8,13854.8,12148.5,13322.4,18.958607869022,0
GRI.US,D,20220201,000000,13104,15533.7,13104,13513.5,133.79340525547,0
GRI.US,D,20220202,000000,13650,14332.5,12285,12694.5,63.043222812791,0
GRI.US,D,20220203,000000,12503.4,12939.9,12394.2,12831,3.9915750516594,0
GRI.US,D,20220204,000000,12885.6,14223.3,12613.4,14032.2,22.425640801385,0
GRI.US,D,20220207,000000,14469,15610.1,14223.3,15288,20.770329462627,0
GRI.US,D,20220208,000000,15288,15533.7,14332.5,14851.2,10.863003554373,0
GRI.US,D,20220209,000000,14960.4,15970.2,14441.7,14851.2,20.961538251923,0
GRI.US,D,20220210,000000,14605.5,15533.7,14228.2,14469,21.283516270681,0
GRI.US,D,20220211,000000,14687.4,15081.8,13950.3,14086.8,7.7695969919014,0
GRI.US,D,20220214,000000,14004.9,14441.7,13950.6,13977.6,6.1003662393627,0
GRI.US,D,20220215,000000,14196,15697.5,14196,15369.9,13.578754442967,0
GRI.US,D,20220216,000000,14796.6,15834,14796.6,15260.7,18.724175636934,0
GRI.US,D,20220217,000000,15178.8,16352.7,14796.6,15533.7,51.060439049835,0
GRI.US,D,20220218,000000,15834,19164.6,15724.8,17881.5,182.58900916312,0
GRI.US,D,20220222,000000,16926,21485.1,16926,20857.2,199.36117016756,0
GRI.US,D,20220223,000000,21457.8,22795.5,19164.6,20939.1,101.55970594411,0
GRI.US,D,20220224,000000,19273.8,22358.7,19273.8,21840,49.677655180879,0
GRI.US,D,20220225,000000,21840,22386,21021,21457.8,74.658607312022,0
GRI.US,D,20220228,000000,21157.5,21730.5,19519.5,20174.7,61.776922459154,0
GRI.US,D,20220301,000000,19546.8,19628.7,15047.8,16625.7,113.02014538995,0
GRI.US,D,20220302,000000,16680.3,18257.5,16680.3,18181.8,21.427472313198,0
GRI.US,D,20220303,000000,18291,18564,16243.5,16598.4,69.276922384154,0
GRI.US,D,20220304,000000,16352.7,17717.7,14769.3,16434.6,51.513186298055,0
GRI.US,D,20220307,000000,16380,17717.7,15574.7,16325.4,33.345420911967,0
GRI.US,D,20220308,000000,16270.8,17608.2,15643.4,17171.7,33.10146487045,0
GRI.US,D,20220309,000000,17772.3,18536.7,16707.6,18127.2,38.479853095055,0
GRI.US,D,20220310,000000,17963.4,18205.3,16401.1,16775.9,72.154944333396,0
GRI.US,D,20220311,000000,17144.4,20092.8,16380,19328.4,304.55237790686,0
GRI.US,D,20220314,000000,19273.8,20010.9,17635.8,18973.5,99.177288385516,0
GRI.US,D,20220315,000000,19032.1,21921.9,18154.5,20911.8,199.76556576791,0
GRI.US,D,20220316,000000,20966.4,21211.8,19355.7,19683.3,96.633332367002,0
GRI.US,D,20220317,000000,19574.1,21212.1,18727.8,19137.3,136.72820376092,0
GRI.US,D,20220318,000000,19219.2,21021,18755.1,20311.2,128.26300238037,0
GRI.US,D,20220321,000000,5896.8,6770.4,5733,6306.3,3478.3512472678,0
GRI.US,D,20220322,000000,6306.3,6360.9,5869.5,5978.7,584.45567181112,0
GRI.US,D,20220323,000000,5896.8,6251.7,5678.4,5787.6,482.15237613085,0
GRI.US,D,20220324,000000,5924.1,6006,5705.7,5896.8,264.44431969988,0
GRI.US,D,20220325,000000,5924.1,5924.1,5350.8,5569.2,313.35274411922,0
GRI.US,D,20220328,000000,5460,5623.8,4995.9,5132.4,221.70329448627,0
GRI.US,D,20220329,000000,5132.4,5132.4,4750.2,4886.7,234.76007091247,0
GRI.US,D,20220330,000000,4886.7,5187,4750.2,5132.4,136.51574955059,0
GRI.US,D,20220331,000000,5077.8,5296.2,4859.67,5132.4,154.4450534006,0
GRI.US,D,20220401,000000,5187,5187,4806.17,4941.3,74.877288628517,0
GRI.US,D,20220404,000000,4914,5105.1,4750.2,4804.8,95.935896476542,0
GRI.US,D,20220405,000000,4777.5,4864.59,4422.6,4504.5,128.08021849941,0
GRI.US,D,20220406,000000,4449.9,4559.1,4204.2,4286.1,92.634797608448,0
GRI.US,D,20220407,000000,4422.6,4475.84,4176.9,4258.8,45.139193687802,0
GRI.US,D,20220408,000000,4258.8,4368,3822,3822,142.76007183247,0
GRI.US,D,20220411,000000,3903.9,3903.9,3617.25,3685.5,50.800365792363,0
GRI.US,D,20220412,000000,3603.6,3822,3576.3,3712.8,58.062270481648,0
GRI.US,D,20220413,000000,3822,3849.3,3685.5,3822,71.417215403044,0
GRI.US,D,20220414,000000,3876.6,3958.5,3576.3,3658.2,73.321610988396,0
GRI.US,D,20220418,000000,3685.5,3712.8,3276,3357.9,89.932966133636,0
GRI.US,D,20220419,000000,3357.9,3439.8,3303.3,3330.6,31.454944740396,0
GRI.US,D,20220420,000000,3385.2,3408.68,3194.1,3194.1,65.369962716264,0
GRI.US,D,20220421,000000,3221.4,3248.7,3084.9,3084.9,52.791208263296,0
GRI.US,D,20220422,000000,6606.6,7316.4,5077.8,6197.1,63243.594605659,0
GRI.US,D,20220425,000000,5350.8,5924.1,5023.2,5296.2,3941.7175430004,0
GRI.US,D,20220426,000000,4695.6,4886.7,3985.8,4231.5,1453.1955898637,0
GRI.US,D,20220427,000000,3931.2,5268.9,3835.65,3985.8,2200.4637142591,0
GRI.US,D,20220428,000000,3740.1,3931.2,3398.85,3576.3,364.69669964974,0
GRI.US,D,20220429,000000,3467.1,3931.2,3385.2,3385.2,307.58827531239,0
GRI.US,D,20220502,000000,3330.6,3521.7,3166.8,3412.5,139.31281911969,0
GRI.US,D,20220503,000000,3439.8,3685.5,3357.9,3576.3,288.40146231745,0
GRI.US,D,20220504,000000,3712.8,3794.7,3467.1,3658.2,170.4362620319,0
GRI.US,D,20220505,000000,3576.3,3999.45,3467.1,3521.7,120.63882663244,0
GRI.US,D,20220506,000000,3521.7,3712.8,3439.8,3576.3,156.55933909375,0
GRI.US,D,20220509,000000,3412.5,3521.7,3057.6,3330.6,98.038460558081,0
GRI.US,D,20220510,000000,3262.35,3385.2,2866.5,2948.4,59.322710029483,0
GRI.US,D,20220511,000000,3003,3194.1,2730,2784.6,79.202197010178,0
GRI.US,D,20220512,000000,2508.87,2730,2484.3,2561.29,82.489376464484,0
GRI.US,D,20220513,000000,2484.3,2560.74,1882.34,1911,473.47728464252,0
GRI.US,D,20220516,000000,2102.1,2142.5,1337.7,1515.7,365.12600367475,0
GRI.US,D,20220517,000000,1504.23,1662.57,1447.17,1609.61,213.58314804732,0
GRI.US,D,20220518,000000,1656.29,1747.2,1516.52,1554.46,126.84688517842,0
GRI.US,D,20220519,000000,1577.67,1638,1501.5,1583.4,63.43479790045,0
GRI.US,D,20220520,000000,1638,1638.27,1502.05,1521.16,100.93479752545,0
GRI.US,D,20220523,000000,1604.97,1689.87,1501.5,1506.96,112.25274613022,0
GRI.US,D,20220524,000000,1542.45,1638,928.2,1407.59,146.3479838845,0
GRI.US,D,20220525,000000,1407.59,1468.47,1367.73,1446.35,82.887544958672,0
GRI.US,D,20220526,000000,1446.35,1556.1,1395.03,1515.01,62.591574465659,0
GRI.US,D,20220527,000000,1474.33,1632.27,1422.33,1532.9,28.24725246478,0
GRI.US,D,20220531,000000,1638,1638,1532.9,1556.1,75.654211697671,0
GRI.US,D,20220601,000000,1638,1638,1446.9,1449.9,69.556409560846,0
GRI.US,D,20220602,000000,1499.86,1544.63,1378.65,1438.98,49.848351149868,0
GRI.US,D,20220603,000000,1474.2,1542.72,1400.49,1487.85,68.983882094044,0
GRI.US,D,20220606,000000,1508.87,1583.4,1092,1291.15,334.62490507866,0
GRI.US,D,20220607,000000,1365,1474.2,1310.4,1426.43,117.00622593617,0
GRI.US,D,20220608,000000,1392.3,1501.5,1378.92,1414.14,58.495603810648,0
GRI.US,D,20220609,000000,1450.18,1450.18,1316.13,1392.3,42.430036205736,0
GRI.US,D,20220610,000000,1419.6,1440.89,1310.4,1422.33,49.697435400462,0
GRI.US,D,20220613,000000,1319.96,1375.37,1162.43,1245.97,52.110255889154,0
GRI.US,D,20220614,000000,1285.28,1289.38,1049.41,1132.95,219.08644469558,0
GRI.US,D,20220615,000000,1119.57,1253.07,1119.57,1228.5,68.27362569089,0
GRI.US,D,20220616,000000,1201.47,1337.7,1201.47,1319.41,64.891208142296,0
GRI.US,D,20220617,000000,1279.82,1364.73,1237.24,1328.69,30.126007024748,0
GRI.US,D,20220621,000000,1296.75,1368.55,1242.42,1319.41,48.453845669308,0
GRI.US,D,20220622,000000,1279.82,1433.25,1244.88,1265.08,154.5520131065,0
GRI.US,D,20220623,000000,1255.8,1317.23,1228.5,1310.4,46.722343855121,0
GRI.US,D,20220624,000000,1310.4,1446.63,1310.4,1392.3,47.545420769967,0
GRI.US,D,20220627,000000,1395.58,1500.95,1310.4,1444.17,64.306592763527,0
GRI.US,D,20220628,000000,1427.52,1992.63,1408.95,1719.9,589.28387689105,0
GRI.US,D,20220629,000000,1719.9,1905.54,1501.5,1678.68,367.25823808566,0
GRI.US,D,20220630,000000,1747.2,1958.23,1591.32,1746.38,614.65347370694,0
GRI.US,D,20220701,000000,1842.75,1850.12,1638,1692.6,76.952746483222,0
GRI.US,D,20220705,000000,1659.84,1790.61,1525.52,1733.55,111.38717837331,0
GRI.US,D,20220706,000000,1733.55,1829.1,1638,1761.67,85.840658482256,0
GRI.US,D,20220707,000000,1777.5,1910.73,1653.29,1801.8,168.32344154021,0
GRI.US,D,20220708,000000,1797.71,1937.21,1719.9,1843.3,98.990108900211,0
GRI.US,D,20220711,000000,1843.3,1856.4,1719.9,1829.37,58.176189894429,0
GRI.US,D,20220712,000000,1759.21,1842.75,1650.56,1793.34,128.35421117067,0
GRI.US,D,20220713,000000,1880.42,1880.42,1747.2,1774.5,379.43442844009,0
GRI.US,D,20220714,000000,1714.44,1718.26,1502.59,1528.8,210.54432023888,0
GRI.US,D,20220715,000000,1474.2,1488.12,1256.07,1398.03,138.59780081182,0
GRI.US,D,20220718,000000,1438.71,1446.9,1359.94,1381.93,33.06117183056,0
GRI.US,D,20220719,000000,1379.74,1474.2,1370.46,1392.3,64.29450485156,0
GRI.US,D,20220720,000000,1370.46,1452.63,1370.46,1396.94,26.994138924198,0
GRI.US,D,20220721,000000,1441.99,1446.9,1378.92,1381.38,34.575091229341,0
GRI.US,D,20220722,000000,1419.6,1513.79,1255.8,1337.7,85.853845295305,0
GRI.US,D,20220725,000000,1388.21,1392.3,1283.1,1325.42,31.256409943846,0
GRI.US,D,20220726,000000,1324.05,1359.54,1255.8,1282.83,20.830036421736,0
GRI.US,D,20220727,000000,1313.68,1347.26,1124.76,1181,78.157142075568,0
GRI.US,D,20220728,000000,1197.92,1228.5,1064.7,1099.37,107.30146412845,0
GRI.US,D,20220729,000000,1129.67,1146.6,933.387,1092,93.190841558935,0
GRI.US,D,20220801,000000,1064.02,1076.44,997.815,1047.23,53.20549397344,0
GRI.US,D,20220802,000000,1069.89,1119.03,1023.75,1058.97,106.50622604116,0
GRI.US,D,20220803,000000,1171.17,2047.23,1128.31,1195.19,2554.2318425896,0
GRI.US,D,20220804,000000,1268.09,1282.83,1130.49,1135.41,295.44175528734,0
GRI.US,D,20220805,000000,1112.48,1116.3,1064.7,1089.27,171.86813014945,0
GRI.US,D,20220808,000000,1092,1146.33,1038.77,1143.6,130.9450536356,0
GRI.US,D,20220809,000000,1141.96,1146.6,999.18,1005.73,198.91318482406,0
GRI.US,D,20220810,000000,1030.03,1091.73,1030.03,1078.62,109.22014542794,0
GRI.US,D,20220811,000000,1075.62,1092,1037.4,1091.18,89.371427677712,0
GRI.US,D,20220812,000000,1064.97,1190.28,1064.97,1157.52,240.52673752147,0
GRI.US,D,20220815,000000,1190.28,1233.96,1096.1,1225.5,198.55421046867,0
GRI.US,D,20220816,000000,1228.5,1229.59,1162.98,1171.17,79.598900302913,0
GRI.US,D,20220817,000000,1171.17,1228.5,1132.95,1201.2,153.1058592748,0
GRI.US,D,20220818,000000,1228.5,1228.5,1146.6,1199.56,153.3479838145,0
GRI.US,D,20220819,000000,1201.2,1201.2,1097.73,1146.6,146.39816703419,0
GRI.US,D,20220822,000000,1122.58,1170.9,1067.43,1146.33,102.82563999738,0
GRI.US,D,20220823,000000,1146.6,1244.61,1073.44,1187.55,156.98681161694,0
GRI.US,D,20220824,000000,1201.2,1295.66,1065.52,1236.69,327.36593079227,0
GRI.US,D,20220825,000000,1252.8,1307.67,1200.65,1255.53,188.18168309987,0
GRI.US,D,20220826,000000,1217.85,1255.8,1132.68,1157.52,142.61062128452,0
GRI.US,D,20220829,000000,1149.06,1197.11,1065.52,1119.3,127.1421232707,0
GRI.US,D,20220830,000000,1092,1156.97,1092,1124.76,76.968497398809,0
GRI.US,D,20220831,000000,1132.95,1143.05,1092,1119.3,103.93882679944,0
GRI.US,D,20220901,000000,1113.84,1146.33,987.714,1051.05,152.77032814262,0
GRI.US,D,20220902,000000,1064.43,1098.83,1014.47,1064.7,27.395604121648,0
GRI.US,D,20220906,000000,1023.75,1092,1003.55,1031.67,52.042124021704,0
GRI.US,D,20220907,000000,1003.55,1064.43,982.8,1064.43,42.924541695296,0
GRI.US,D,20220908,000000,1075.35,1114.66,1010.1,1102.92,112.21904649686,0
GRI.US,D,20220909,000000,1102.92,1139.78,1037.4,1068.8,84.979852630052,0
GRI.US,D,20220912,000000,1037.4,1153.43,1016.93,1110.84,197.69230571538,0
GRI.US,D,20220913,000000,1119.3,1119.3,1046.96,1118.48,94.725640078382,0
GRI.US,D,20220914,000000,1127.49,1127.49,1066.07,1076.71,104.99194034203,0
GRI.US,D,20220915,000000,1092,1095.28,1048.59,1071.8,96.061903801289,0
GRI.US,D,20220916,000000,1064.7,1092,1042.86,1051.05,86.892306823386,0
GRI.US,D,20220919,000000,1042.86,1075.62,932.322,985.53,94.995969746009,0
GRI.US,D,20220920,000000,988.26,993.72,930.93,933.933,32.606226780165,0
GRI.US,D,20220921,000000,955.5,1008.46,910.455,911.82,112.46593294128,0
GRI.US,D,20220922,000000,909.09,1076.99,778.05,985.803,421.98680896694,0
GRI.US,D,20220923,000000,923.559,923.559,682.5,832.65,167.08241591159,0
GRI.US,D,20220926,000000,846.3,873.327,819,840.294,47.772526994802,0
GRI.US,D,20220927,000000,819.819,866.775,764.673,812.175,118.79780100982,0
GRI.US,D,20220928,000000,817.089,819,767.13,776.412,48.645420758967,0
GRI.US,D,20220929,000000,772.59,854.49,770.136,778.323,27.964468584825,0
GRI.US,D,20220930,000000,845.754,914.55,778.05,778.869,113.2783871456,0
GRI.US,D,20221003,000000,837.564,837.564,764.4,791.7,49.550182654681,0
GRI.US,D,20221004,000000,791.7,928.2,709.8,822.276,373.82050908231,0
GRI.US,D,20221005,000000,843.57,1010.1,822.276,950.04,538.25677117421,0
GRI.US,D,20221006,000000,978.978,982.8,859.677,881.448,213.32637149311,0
GRI.US,D,20221007,000000,879.06,900.9,819,827.463,118.82490723666,0
GRI.US,D,20221010,000000,862.68,862.68,795.522,849.576,125.58461412877,0
GRI.US,D,20221011,000000,824.187,859.677,791.7,850.941,113.19230656038,0
GRI.US,D,20221012,000000,846.3,873.054,805.35,858.858,40.987545377671,0
GRI.US,D,20221013,000000,846.3,859.677,805.623,832.65,42.948351218868,0
GRI.US,D,20221014,000000,855.036,871.962,795.249,831.831,69.887545088671,0
GRI.US,D,20221017,000000,846.3,870.87,817.064,848.484,47.435896961538,0
GRI.US,D,20221018,000000,848.484,914.55,848.484,900.897,83.675090738344,0
GRI.US,D,20221019,000000,909.087,982.527,850.395,852.579,152.53516330982,0
GRI.US,D,20221020,000000,887.25,927.927,819,866.775,88.38791120403,0
GRI.US,D,20221021,000000,859.404,901.173,822.276,879.06,27.109157238066,0
GRI.US,D,20221024,000000,897.897,1255.8,791.7,887.25,1040.928194719,0
GRI.US,D,20221025,000000,840.84,900.627,840.84,900.354,116.92307575385,0
GRI.US,D,20221026,000000,871.143,925.47,840.567,900.627,80.78717867931,0
GRI.US,D,20221027,000000,890.253,900.627,819,819,59.870695371989,0
GRI.US,D,20221028,000000,819,881.79,560.742,750.477,331.9842457644,0
GRI.US,D,20221031,000000,761.124,777.777,682.773,691.236,94.395969752012,0
GRI.US,D,20221101,000000,709.8,806.988,656.292,696.969,121.47472405998,0
GRI.US,D,20221102,000000,743.652,743.652,655.2,705.159,27.523442948209,0
GRI.US,D,20221103,000000,686.595,764.4,655.473,689.325,80.753479045943,0
GRI.US,D,20221104,000000,682.773,748.02,655.2,683.319,27.240659068252,0
GRI.US,D,20221107,000000,696.15,767.13,655.746,699.426,43.26813143545,0
GRI.US,D,20221108,000000,736.827,766.311,601.146,654.381,88.74248995507,0
GRI.US,D,20221109,000000,682.227,709.527,641.823,706.251,57.692307115385,0
GRI.US,D,20221110,000000,707.07,763.851,669.123,696.15,25.509523554429,0
GRI.US,D,20221111,000000,706.251,749.385,672.672,737.1,48.961537971923,0
GRI.US,D,20221114,000000,702.156,736.827,702.156,718.536,8.5560438704832,0
GRI.US,D,20221115,000000,750.75,761.67,675.402,733.005,24.25970671711,0
GRI.US,D,20221116,000000,763.854,813.54,717.717,764.127,114.84651899805,0
GRI.US,D,20221117,000000,790.062,790.062,704.886,740.922,42.583516057681,0
GRI.US,D,20221118,000000,761.67,761.67,690.417,750.75,17.023076752846,0
GRI.US,D,20221121,000000,764.4,764.4,613.977,682.5,110.90366189463,0
GRI.US,D,20221122,000000,682.5,709.527,636.363,653.562,42.777655249879,0
GRI.US,D,20221123,000000,628.173,778.05,628.173,692.328,81.176555964793,0
GRI.US,D,20221125,000000,671.58,723.45,671.58,682.5,8.5706958849888,0
GRI.US,D,20221128,000000,682.5,738.192,588.315,634.179,65.960438900835,0
GRI.US,D,20221129,000000,641.277,673.491,617.253,655.746,36.298900735912,0
GRI.US,D,20221130,000000,657.93,715.26,643.461,674.037,150.93552962617,0
GRI.US,D,20221201,000000,655.746,702.156,630.63,685.23,38.377288993517,0
GRI.US,D,20221202,000000,678.132,682.5,641.823,655.749,19.811355113242,0
GRI.US,D,20221205,000000,694.512,695.877,625.17,641.55,32.373992350252,0
GRI.US,D,20221206,000000,641.823,668.577,627.9,636.636,17.261904589286,0
GRI.US,D,20221207,000000,668.577,668.85,586.95,600.6,86.131134669822,0
GRI.US,D,20221208,000000,631.722,631.722,579.033,587.223,57.716482939319,0
GRI.US,D,20221209,000000,579.033,654.654,579.033,621.075,89.560804965201,0
GRI.US,D,20221212,000000,633.087,900.9,631.449,693.693,1071.6531028366,0
GRI.US,D,20221213,000000,720.447,763.581,656.292,686.868,4293.4970266621,0
GRI.US,D,20221214,000000,2074.53,2143.87,1201.47,1405.95,36320.977292468,0
GRI.US,D,20221215,000000,1031.94,1146.33,988.533,1006.82,2905.1102273592,0
GRI.US,D,20221216,000000,982.527,982.8,788.97,810.264,1469.0087765187,0
GRI.US,D,20221219,000000,764.4,966.42,712.803,855.309,1751.9527297332,0
GRI.US,D,20221220,000000,977.34,1201.2,900.9,956.319,2042.2340455118,0
GRI.US,D,20221221,000000,969.15,975.975,822.003,912.912,414.93003248074,0
GRI.US,D,20221222,000000,885.612,982.8,819,888.615,387.16702909537,0
GRI.US,D,20221223,000000,947.31,947.31,758.121,769.86,282.59779937182,0
GRI.US,D,20221227,000000,805.35,843.297,750.75,758.667,140.31135390825,0
GRI.US,D,20221228,000000,736.008,777.777,709.8,710.073,192.78900906112,0
GRI.US,D,20221229,000000,735.735,791.7,709.8,772.044,337.84834826987,0
GRI.US,D,20221230,000000,709.8,791.7,682.5,791.7,249.65018065368,0
GRI.US,D,20230103,000000,767.949,778.05,713.895,758.94,155.32234276912,0
GRI.US,D,20230104,000000,736.281,873.6,713.895,772.044,585.27728352452,0
GRI.US,D,20230105,000000,805.35,817.635,737.1,764.4,287.87142569272,0
GRI.US,D,20230106,000000,741.468,791.7,709.8,751.023,216.18168281987,0
GRI.US,D,20230109,000000,751.023,867.045,751.023,820.092,344.81245076433,0
GRI.US,D,20230110,000000,861.042,873.6,820.092,857.22,94.454577810033,0
GRI.US,D,20230111,000000,873.6,919.737,794.43,809.172,105.44542019097,0
GRI.US,D,20230112,000000,840.84,846.3,739.83,791.7,52.860805332198,0
GRI.US,D,20230113,000000,819,873.327,740.376,740.376,228.83442994609,0
GRI.US,D,20230117,000000,791.7,925.743,791.7,883.971,188.46996148527,0
GRI.US,D,20230118,000000,843.57,900.9,832.65,855.036,93.016482586318,0
GRI.US,D,20230119,000000,883.155,883.155,764.127,843.843,69.29853410555,0
GRI.US,D,20230120,000000,819,873.6,778.05,798.525,153.00769077761,0
GRI.US,D,20230123,000000,792.246,846.3,784.875,784.875,102.75237992486,0
GRI.US,D,20230124,000000,868.14,873.6,723.45,780.507,269.54688375142,0
GRI.US,D,20230125,000000,754.845,802.62,737.1,756.756,59.808058009978,0
GRI.US,D,20230126,000000,819,846.3,699.426,758.394,209.30439351135,0
GRI.US,D,20230127,000000,759.213,764.4,737.1,745.836,81.255310542762,0
GRI.US,D,20230130,000000,737.1,747.474,709.8,728.91,85.004028453991,0
GRI.US,D,20230131,000000,761.67,761.67,719.355,731.64,68.537728252352,0
GRI.US,D,20230201,000000,709.8,791.7,709.8,764.673,78.434431450085,0
GRI.US,D,20230202,000000,778.596,832.65,771.771,794.703,249.78974109185,0
GRI.US,D,20230203,000000,812.721,832.647,764.4,776.412,92.235896513537,0
GRI.US,D,20230206,000000,803.985,803.985,751.569,772.317,49.880219281417,0
GRI.US,D,20230207,000000,778.05,791.7,767.13,773.955,38.462636978011,0
GRI.US,D,20230208,000000,788.97,788.97,726.18,751.023,43.49303985811,0
GRI.US,D,20230209,000000,732.732,769.86,711.438,730.821,24.551648106132,0
GRI.US,D,20230210,000000,819,2211.3,819,1262.63,48584.31270097,0
GRI.US,D,20230213,000000,2544.09,3357.9,2268.9,2402.4,64906.116200756,0
GRI.US,D,20230214,000000,2402.4,2550.09,1735.19,1774.77,6773.820078782,0
GRI.US,D,20230215,000000,2211.57,2811.9,1965.6,2184,16330.48445208,0
GRI.US,D,20230216,000000,2126.4,2184,1829.1,1957.96,1607.0809363101,0
GRI.US,D,20230217,000000,1789.52,2364.73,1739.28,2164.89,3171.1560122445,0
GRI.US,D,20230221,000000,2071.8,2198.47,1938.3,1992.9,617.58387660804,0
GRI.US,D,20230222,000000,1881.79,1950.31,1556.1,1661.48,1276.4908297259,0
GRI.US,D,20230223,000000,1638,1905.54,1619.98,1695.88,792.39266606874,0
GRI.US,D,20230224,000000,1638,1692.6,1532.9,1663.12,507.7725223948,0
GRI.US,D,20230227,000000,1531.8,1624.35,1424.51,1457,414.98497753514,0
GRI.US,D,20230228,000000,1419.6,1446.9,1175.54,1228.5,643.69193495502,0
GRI.US,D,20230301,000000,1228.5,1250.34,1125.03,1157.79,258.83406334573,0
GRI.US,D,20230302,000000,1165.71,1201.2,1051.87,1112.48,254.29670075373,0
GRI.US,D,20230303,000000,1112.48,1112.48,873.6,1059.24,339.98351308368,0
GRI.US,D,20230306,000000,1006.55,1741.47,1006.55,1638,2514.7457623983,0
GRI.US,D,20230307,000000,1586.4,1586.4,1264.54,1337.7,490.95054454105,0
GRI.US,D,20230308,000000,1365,1365,1146.6,1215.12,211.62490630866,0
GRI.US,D,20230309,000000,1146.6,1281.46,1146.6,1185.64,114.7725263248,0
GRI.US,D,20230310,000000,1214.03,1228.5,1119.3,1160.25,113.26813073545,0
GRI.US,D,20230313,000000,1092,1092,1013.38,1053.78,173.64468690825,0
GRI.US,D,20230314,000000,1064.7,1337.7,1064.7,1154.79,180.44615204169,0
GRI.US,D,20230315,000000,1120.12,1120.12,1041.77,1077.8,72.320878397671,0
GRI.US,D,20230316,000000,1064.7,1419.6,1064.7,1310.4,717.67801480124,0
GRI.US,D,20230317,000000,1279.55,1309.31,1119.3,1168.44,136.69633562938,0
GRI.US,D,20230320,000000,1133.5,1227.95,1092.27,1146.6,97.626372650112,0
GRI.US,D,20230321,000000,1133.5,1173.9,1094.73,1122.3,92.896702367739,0
GRI.US,D,20230322,000000,1173.9,1206.66,1105.65,1119.03,100.8637352551,0
GRI.US,D,20230323,000000,1119.3,1172.54,1064.7,1119.3,107.59377181784,0
GRI.US,D,20230324,000000,1085.72,1119.3,1078.35,1097.73,54.865567216912,0
GRI.US,D,20230327,000000,1078.35,1146.6,1064.7,1083.26,59.401098307088,0
GRI.US,D,20230328,000000,1064.7,1102.54,1011.47,1023.75,87.416848942683,0
GRI.US,D,20230329,000000,1010.1,1064.7,1010.1,1025.39,84.009156669066,0
GRI.US,D,20230330,000000,1025.39,1064.7,1015.56,1015.83,60.07216057144,0
GRI.US,D,20230331,000000,1037.4,1064.7,955.5,987.168,93.451647417134,0
GRI.US,D,20230403,000000,982.8,1020.2,955.5,956.319,64.295237452286,0
GRI.US,D,20230404,000000,982.8,1007.37,906.36,955.5,82.3087903857,0
GRI.US,D,20230405,000000,982.8,1474.47,873.6,1201.2,1020.2007223987,0
GRI.US,D,20230406,000000,998.907,1119.3,988.26,1073.16,316.23809207571,0
GRI.US,D,20230410,000000,1040.95,1145.78,1040.95,1084.08,102.73003560273,0
GRI.US,D,20230411,000000,1146.6,1173.9,1077.53,1124.49,91.274358061618,0
GRI.US,D,20230412,000000,1119.3,1173.9,1019.11,1090.91,199.70402730699,0
GRI.US,D,20230413,000000,1037.4,1037.4,969.15,1010.37,140.3637348601,0
GRI.US,D,20230414,000000,985.803,1031.94,977.34,988.26,86.362636499014,0
GRI.US,D,20230417,000000,988.806,1392.3,988.806,1240.51,621.99303407311,0
GRI.US,D,20230418,000000,1146.6,1197.38,1069.07,1160.25,330.68717618031,0
GRI.US,D,20230419,000000,1172.26,1501.5,1146.87,1471.47,1025.9695868099,0
GRI.US,D,20230420,000000,1471.47,1501.5,1182.91,1255.8,449.92636912711,0
GRI.US,D,20230421,000000,1146.6,1176.08,1038.22,1092,407.86336588473,0
GRI.US,D,20230424,000000,1201.2,1213.03,692.519,781.235,2513.1868131868,0
GRI.US,D,20230425,000000,693.42,931.84,693.42,738.01,1551.6483516484,0
GRI.US,D,20230426,000000,684.32,726.99,499.59,541.45,1113.1868131868,0
GRI.US,D,20230427,000000,546.91,751.651,546.009,638.82,1789.010989011,0
GRI.US,D,20230428,000000,634.27,662.462,594.239,632.45,543.95604395604,0
GRI.US,D,20230501,000000,632.45,681.581,616.07,665.21,216.48351648352,0
GRI.US,D,20230502,000000,746.2,746.2,640.64,669.76,675.82417582418,0
GRI.US,D,20230503,000000,685.23,809.008,685.048,701.61,1085.7142857143,0
GRI.US,D,20230504,000000,656.11,680.453,639.73,639.73,128.57142857143,0
GRI.US,D,20230505,000000,638.82,671.571,608.79,637,205.49450549451,0
GRI.US,D,20230508,000000,641.55,700.7,612.43,612.43,503.2967032967,0
GRI.US,D,20230509,000000,627.9,690.69,622.44,638.82,150.54945054945,0
GRI.US,D,20230510,000000,640.64,651.56,605.605,609.7,146.15384615385,0
GRI.US,D,20230511,000000,615.16,637,615.16,617.89,84.615384615385,0
GRI.US,D,20230512,000000,611.52,628.346,571.48,573.336,253.84615384615,0
GRI.US,D,20230515,000000,580.58,602.42,576.94,576.94,58.241758241758,0
GRI.US,D,20230516,000000,559.65,598.78,551.46,551.46,98.901098901099,0
GRI.US,D,20230517,000000,537.81,553.589,502.083,521.43,156.04395604396,0
GRI.US,D,20230518,000000,550.55,586.95,541.45,547.82,134.06593406593,0
GRI.US,D,20230519,000000,561.47,580.58,544.981,566.93,196.7032967033,0
GRI.US,D,20230522,000000,564.2,568.75,546.009,558.312,38.461538461538,0
GRI.US,D,20230523,000000,546.91,640.64,546.91,620.62,189.01098901099,0
GRI.US,D,20230524,000000,600.6,600.6,546.009,571.48,75.824175824176,0
GRI.US,D,20230525,000000,573.3,573.528,546.009,550.559,86.813186813187,0
GRI.US,D,20230526,000000,547.82,636.09,526.89,526.89,635.16483516484,0
GRI.US,D,20230530,000000,546,555.1,508.69,508.69,70.351648351648,0
GRI.US,D,20230531,000000,567.84,605.305,518.7,543.725,123.59340659341,0
GRI.US,D,20230601,000000,527.8,568.295,518.7,527.8,285.43956043956,0
GRI.US,D,20230602,000000,596.05,596.05,533.26,546,180.38461538462,0
GRI.US,D,20230605,000000,546,565.492,527.8,531.44,294.08791208791,0
GRI.US,D,20230606,000000,527.8,564.2,527.8,542.36,196.67032967033,0
GRI.US,D,20230607,000000,540.895,560.56,540.895,558.74,57.241758241758,0
GRI.US,D,20230608,000000,547.82,570.57,527.8,554.19,73.659340659341,0
GRI.US,D,20230609,000000,549.64,554.19,537.81,537.81,44.241758241758,0
GRI.US,D,20230612,000000,551.46,574.21,545.09,572.39,79.549450549451,0
GRI.US,D,20230613,000000,605.15,609.7,558.74,579.67,209.40659340659,0
GRI.US,D,20230614,000000,577.85,608.79,559.65,601.51,120.27472527473,0
GRI.US,D,20230615,000000,572.417,623.35,547.365,556.92,438.98901098901,0
GRI.US,D,20230616,000000,559.65,577.85,533.26,540.54,343.86813186813,0
GRI.US,D,20230620,000000,542.36,555.1,534.17,547.82,61.010989010989,0
GRI.US,D,20230621,000000,532.35,555.464,515.97,530.53,243.84615384615,0
GRI.US,D,20230622,000000,541.45,561.47,528.71,528.71,39.175824175824,0
GRI.US,D,20230623,000000,528.71,534.625,488.67,490.49,111.25274725275,0
GRI.US,D,20230626,000000,509.6,519.61,419.055,438.62,229.54945054945,0
GRI.US,D,20230627,000000,460.46,486.85,427.7,445.9,192.64835164835,0
GRI.US,D,20230628,000000,448.63,472.29,446.81,446.81,48.615384615385,0
GRI.US,D,20230629,000000,442.26,445.9,374.92,394.94,562.76923076923,0
GRI.US,D,20230630,000000,394.03,408.59,372.645,386.75,142.15384615385,0
GRI.US,D,20230703,000000,418.6,420.42,377.65,404.04,188.18681318681,0
GRI.US,D,20230705,000000,425.88,425.88,378.56,414.96,161.20879120879,0
GRI.US,D,20230706,000000,415.87,418.6,394.94,394.94,56.241758241758,0
GRI.US,D,20230707,000000,394.94,419.965,393.12,393.12,86.10989010989,0
GRI.US,D,20230710,000000,386.75,423.15,386.75,414.96,238.46153846154,0
GRI.US,D,20230711,000000,441.705,441.705,389.134,394.03,167.86813186813,0
GRI.US,D,20230712,000000,398.58,408.59,362.18,377.65,177.04395604396,0
GRI.US,D,20230713,000000,364,376.731,364,376.731,66.21978021978,0
GRI.US,D,20230714,000000,374.92,391.3,360.369,367.185,147.45054945055,0
GRI.US,D,20230717,000000,360.36,368.55,336.7,344.89,74.67032967033,0
GRI.US,D,20230718,000000,344.717,367.64,333.97,344.89,141.72527472527,0
GRI.US,D,20230719,000000,330.33,370.37,329.566,352.17,70.868131868132,0
GRI.US,D,20230720,000000,365.456,365.456,328.51,328.51,35.263736263736,0
GRI.US,D,20230721,000000,362.18,362.18,328.51,328.51,48.318681318681,0
GRI.US,D,20230724,000000,321.23,349.44,320.32,323.96,38.197802197802,0
GRI.US,D,20230725,000000,349.176,349.176,330.33,330.33,29.274725274725,0
GRI.US,D,20230726,000000,323.05,349.895,323.05,336.7,35.714285714286,0
GRI.US,D,20230727,000000,334.88,336.7,313.959,327.6,39.351648351648,0
GRI.US,D,20230728,000000,320.32,343.07,316.68,316.68,50.835164835165,0
GRI.US,D,20230731,000000,308.49,326.69,308.49,326.599,27.373626373626,0
GRI.US,D,20230801,000000,329.42,333.979,304.85,318.955,231.54945054945,0
GRI.US,D,20230802,000000,309.491,319.41,309.491,312.13,10.923076923077,0
GRI.US,D,20230803,000000,317.59,318.5,309.4,318.5,37.087912087912,0
GRI.US,D,20230804,000000,318.5,318.5,318.5,318.5,17.274725274725,0
GRI.US,D,20230807,000000,338.52,338.52,310.319,313.95,115.20879120879,0
GRI.US,D,20230808,000000,307.58,312.13,290.29,290.29,230.3956043956,0
GRI.US,D,20230809,000000,286.65,291.2,238.875,252.07,84.912087912088,0
GRI.US,D,20230810,000000,257.503,263.9,256.693,263.9,44.428571428571,0
GRI.US,D,20230811,000000,253.89,253.89,246.619,247.611,16.736263736264,0
GRI.US,D,20230814,000000,235.927,256.62,235.927,255.619,19.989010989011,0
GRI.US,D,20230815,000000,241.15,244.79,236.6,243.88,50,0
GRI.US,D,20230816,000000,249.34,254.8,235.69,235.69,96.307692307692,0
GRI.US,D,20230817,000000,234.78,250.25,229.329,250.041,87.923076923077,0
GRI.US,D,20230818,000000,235.69,259.35,235.69,253.89,126.1978021978,0
GRI.US,D,20230821,000000,246.61,251.16,245.7,250.25,36.065934065934,0
GRI.US,D,20230822,000000,251.16,259.35,243.88,243.88,16.252747252747,0
GRI.US,D,20230823,000000,327.6,335.435,178.36,181.09,25702.769230769,0
GRI.US,D,20230824,000000,174.72,175.648,129.12,134.68,3433.5494505495,0
GRI.US,D,20230825,000000,142.87,151.97,103.74,118.173,1481.4395604396,0
GRI.US,D,20230828,000000,109.2,121.03,109.2,111.02,656.06593406593,0
GRI.US,D,20230829,000000,106.561,130.64,104.65,117.39,877.61538461541,0
GRI.US,D,20230830,000000,114.769,125.58,113.932,120.12,394.47252747253,0
GRI.US,D,20230831,000000,123.76,126.49,110.11,115.57,252.43956043956,0
GRI.US,D,20230901,000000,122.395,188.37,107.38,114.66,21324.263736263,0
GRI.US,D,20230905,000000,109.2,120.12,99.3265,107.38,1124.9230769231,0
GRI.US,D,20230906,000000,105.56,109.2,103.74,105.56,432.37362637363,0
GRI.US,D,20230907,000000,104.013,109.2,102.83,107.371,441.26373626374,0
GRI.US,D,20230908,000000,106.47,108.29,101.984,106.461,308.65934065934,0
GRI.US,D,20230911,000000,106.47,109.191,102.83,107.38,283.94505494505,0
GRI.US,D,20230912,000000,105.924,117.308,104.65,114.815,1504,0
GRI.US,D,20230913,000000,132.86,135.59,118.3,119.21,2339.6593406593,0
GRI.US,D,20230914,000000,130.13,130.13,119.21,121.94,1231.4615384616,0
GRI.US,D,20230915,000000,131.95,134.68,125.58,127.4,2035.5824175824,0
GRI.US,D,20230918,000000,138.32,138.966,118.309,131.495,1473.3516483517,0
GRI.US,D,20230919,000000,131.95,137.41,130.13,137.41,511.07692307692,0
GRI.US,D,20230920,000000,132.86,145.6,130.13,140.595,1728.4395604395,0
GRI.US,D,20230921,000000,144.69,144.69,128.31,137.865,1157.9670329671,0
GRI.US,D,20230922,000000,132.869,141.05,132.869,139.23,186.58241758242,0
GRI.US,D,20230925,000000,142.87,143.78,136.5,139.23,710.53846153846,0
GRI.US,D,20230926,000000,142.87,154.7,142.87,154.7,1025.4505494505,0
GRI.US,D,20230927,000000,151.06,161.98,151.06,153.79,930.23076923078,0
GRI.US,D,20230928,000000,151.06,153.79,148.785,151.515,473.17582417582,0
GRI.US,D,20230929,000000,146.51,158.34,140.14,141.05,1044.1428571428,0
GRI.US,D,20231002,000000,146.51,160.16,142.87,150.15,1099.4835164835,0
GRI.US,D,20231003,000000,154.7,158.331,148.33,150.15,441.72527472527,0
GRI.US,D,20231004,000000,151.97,155.61,150.15,155.61,263.81318681319,0
GRI.US,D,20231005,000000,161.98,161.98,150.15,152.88,1413.4175824176,0
GRI.US,D,20231006,000000,150.15,152.744,132.86,142.879,584.53846153846,0
GRI.US,D,20231009,000000,139.23,154.7,139.23,141.96,164.48351648352,0
GRI.US,D,20231010,000000,137.41,145.6,130.112,137.865,1189.7472527472,0
GRI.US,D,20231011,000000,137.41,144.69,132.405,136.5,516.79120879121,0
GRI.US,D,20231012,000000,140.786,154.7,133.77,136.5,329.08791208791,0
GRI.US,D,20231013,000000,133.77,143.78,133.77,135.59,139.02197802198,0
GRI.US,D,20231016,000000,136.646,140.986,133.297,135.59,148.03296703297,0
GRI.US,D,20231017,000000,135.59,142.87,114.66,116.48,8067.5274725274,0
GRI.US,D,20231018,000000,113.75,113.75,101.92,110.11,1752.7252747253,0
GRI.US,D,20231019,000000,111.93,120.12,95.55,109.2,2116.8351648352,0
GRI.US,D,20231020,000000,112.84,112.84,103.74,104.65,701.54945054945,0
GRI.US,D,20231023,000000,102.83,106.343,98.2982,100.555,411.37362637363,0
GRI.US,D,20231024,000000,99.19,109.2,97.37,99.19,584.10989010989,0
GRI.US,D,20231025,000000,99.19,106.47,94.64,97.825,439.54945054945,0
GRI.US,D,20231026,000000,101.01,108.363,93.7391,102.83,573.67032967033,0
GRI.US,D,20231027,000000,109.091,109.091,101.01,103.74,332.57142857143,0
GRI.US,D,20231030,000000,108.29,114.66,101.92,105.56,302.57142857143,0
GRI.US,D,20231031,000000,103.74,116.48,103.74,111.02,232.05494505495,0
GRI.US,D,20231101,000000,106.47,116.48,105.56,109.2,342.84615384615,0
GRI.US,D,20231102,000000,111.02,114.651,107.38,111.02,300.56043956044,0
GRI.US,D,20231103,000000,114.66,114.66,105.833,110.11,408.64835164835,0
GRI.US,D,20231106,000000,106.47,113.568,106.47,110.11,428.87912087912,0
GRI.US,D,20231107,000000,116.48,117.39,105.56,111.02,785.5274725275,0
GRI.US,D,20231108,000000,111.02,122.85,109.2,111.475,1976.2307692307,0
GRI.US,D,20231109,000000,112.84,134.68,101.01,115.57,9022.1868131872,0
GRI.US,D,20231110,000000,118.3,119.055,104.65,114.66,1435.7582417583,0
GRI.US,D,20231113,000000,110.119,115.57,104.65,107.38,1237.8351648352,0
GRI.US,D,20231114,000000,110.474,113.905,100.1,108.017,1372.1208791209,0
GRI.US,D,20231115,000000,107.38,111.02,93.73,101.01,1445.7802197802,0
GRI.US,D,20231116,000000,101.92,102.83,90.9818,96.8149,1984.6703296704,0
GRI.US,D,20231117,000000,101.01,103.74,89.18,98.8351,2013.1208791209,0
GRI.US,D,20231120,000000,100.1,101.92,92.8018,93.73,830.03296703299,0
GRI.US,D,20231121,000000,95.55,98.28,84.9667,90.9636,2288.4065934066,0
GRI.US,D,20231122,000000,88.2336,90.09,69.16,73.8192,5220.4285714286,0
GRI.US,D,20231124,000000,72.6089,76.2943,65.065,68.25,2027.5274725275,0
GRI.US,D,20231127,000000,77.35,77.35,59.15,59.15,41075.978021978,0
GRI.US,D,20231128,000000,52.78,52.78,44.408,47.32,12186.78021978,0
GRI.US,D,20231129,000000,45.6456,61.1429,43.2159,55.328,17586.549450549,0
GRI.US,D,20231130,000000,64.61,65.52,50.05,55.601,17513.659340659,0
GRI.US,D,20231201,000000,54.3088,83.72,46.0005,69.5331,52116.186813187,0
GRI.US,D,20231204,000000,59.9963,106.324,58.331,67.0852,39034.681318681,0
GRI.US,D,20231205,000000,57.8123,58.9588,47.593,50.05,17732.296703296,0
GRI.US,D,20231206,000000,49.413,49.413,43.68,47.0561,5208.6263736263,0
GRI.US,D,20231207,000000,46.3918,53.5808,44.59,50.5596,3881.2307692308,0
GRI.US,D,20231208,000000,49.0399,49.0945,44.59,45.5,2600.7912087912,0
GRI.US,D,20231211,000000,46.1916,46.41,40.04,40.9409,2278.2967032967,0
GRI.US,D,20231212,000000,40.3767,42.315,32.4233,35.9905,2413.989010989,0
GRI.US,D,20231213,000000,35.035,40.04,33.67,37.492,1474,0
GRI.US,D,20231214,000000,38.2564,39.585,35.49,39.039,962.16483516481,0
GRI.US,D,20231215,000000,39.13,41.4869,39.0845,40.0036,783.15384615382,0
GRI.US,D,20231218,000000,40.95,41.86,38.2201,39.7124,572.26373626374,0
GRI.US,D,20231219,000000,37.31,39.9489,37.31,37.492,1907.6593406593,0
GRI.US,D,20231220,000000,39.312,39.3622,34.58,36.8459,2966.0879120879,0
GRI.US,D,20231221,000000,35.3535,35.49,32.76,33.7701,2051.8351648351,0
GRI.US,D,20231222,000000,33.67,33.7155,29.12,30.0209,4249.956043956,0
GRI.US,D,20231226,000000,30.0209,31.5406,29.12,30.7353,2367.1648351649,0
GRI.US,D,20231227,000000,30.7398,31.85,30.03,31.3313,2042.8021978022,0
GRI.US,D,20231228,000000,31.759,35.49,30.94,35.3873,2952.7912087912,0
GRI.US,D,20231229,000000,34.4708,36.4,31.941,35.0306,3128.8131868132,0
GRI.US,D,20240102,000000,32.305,34.58,31.0219,32.305,1202.5274725275,0
GRI.US,D,20240103,000000,32.578,33.397,30.03,30.03,1041.6483516484,0
GRI.US,D,20240104,000000,31.1675,31.85,29.1473,29.5841,817.89010989009,0
GRI.US,D,20240105,000000,29.8025,30.485,29.1473,29.7115,1000.2637362638,0
GRI.US,D,20240108,000000,29.7115,30.4759,29.575,29.666,523.31868131868,0
GRI.US,D,20240109,000000,29.666,32.669,29.666,31.9228,950.98901098901,0
GRI.US,D,20240110,000000,32.578,32.578,29.2656,29.575,808.06593406596,0
GRI.US,D,20240111,000000,31.395,31.395,29.211,29.2474,510.0989010989,0
GRI.US,D,20240112,000000,29.575,30.4759,25.8258,28.6832,2139.978021978,0
GRI.US,D,20240116,000000,28.665,28.6832,26.4446,26.481,802.01098901101,0
GRI.US,D,20240117,000000,28.21,29.12,26.39,26.39,605.28571428571,0
GRI.US,D,20240118,000000,28.21,28.21,25.48,26.0169,796.14285714285,0
GRI.US,D,20240119,000000,27.482,27.482,22.7955,24.752,1315.9230769231,0
GRI.US,D,20240122,000000,25.9896,27.3,23.1868,26.39,827.67032967031,0
GRI.US,D,20240123,000000,26.39,27.2999,24.5791,25.207,396.01098901099,0
GRI.US,D,20240124,000000,26.39,26.39,22.841,23.7237,767.59340659341,0
GRI.US,D,20240125,000000,24.57,25.4527,24.57,25.4345,414.79120879121,0
GRI.US,D,20240126,000000,24.57,27.3,24.57,26.8632,3150.3516483517,0
GRI.US,D,20240129,000000,26.0533,38.2199,26.0533,34.762,19395.934065934,0
GRI.US,D,20240130,000000,34.06,65,34.06,37.31,146756.53841751,0
GRI.US,D,20240131,000000,35.23,36.27,20.93,21.06,25306.230761639,0
GRI.US,D,20240201,000000,23.4,63.57,19.76,25.35,1568078.9995296,0
GRI.US,D,20240202,000000,21.45,22.49,17.55,18.72,344398.6152813,0
GRI.US,D,20240205,000000,17.55,17.81,14.3,17.16,43860.53844838,0
GRI.US,D,20240206,000000,17.42,19.37,16.25,17.16,32351.999990294,0
GRI.US,D,20240207,000000,16.9,16.9,14.9513,15.6,24466.692300352,0
GRI.US,D,20240208,000000,14.95,16.51,14.04,16.25,22848.846146991,0
GRI.US,D,20240209,000000,16.12,21.06,16.12,17.42,74607.076900695,0
GRI.US,D,20240212,000000,17.16,17.94,14.95,15.73,29180.846145092,0
GRI.US,D,20240213,000000,15.99,16.185,14.4313,14.82,21158.230762883,0
GRI.US,D,20240214,000000,14.95,15.5987,13.26,14.3,18789.461532825,0
GRI.US,D,20240215,000000,14.3,14.3,12.87,13.78,11394.923073505,0
GRI.US,D,20240216,000000,13.39,14.69,13,13.52,12088.615380989,0
GRI.US,D,20240220,000000,13.52,13.715,12.48,12.61,13917.076918902,0
GRI.US,D,20240221,000000,12.48,12.87,12.48,12.48,15237.615380044,0
GRI.US,D,20240222,000000,13.65,13.65,10.53,10.985,601318.07674268,0
GRI.US,D,20240223,000000,10.2154,11.96,9.763,11.3399,64873.461519,0
GRI.US,D,20240226,000000,11.96,12.311,10.92,11.44,28624.30768372,0
GRI.US,D,20240227,000000,11.193,11.4101,10.3038,10.5573,21207.923070561,0
GRI.US,D,20240228,000000,11.05,11.05,10.4013,10.855,8298.5384590489,0
GRI.US,D,20240229,000000,10.5339,11.05,10.4,10.4065,11048.538458224,0
GRI.US,D,20240301,000000,10.7731,10.9889,10.4,10.66,9320.3076895116,0
GRI.US,D,20240304,000000,11.0565,11.1761,10.4,10.8849,50232.615369546,0
GRI.US,D,20240305,000000,10.92,11.2892,10.465,10.53,15593.461533784,0
GRI.US,D,20240306,000000,10.53,11.2866,10.14,10.595,9536.3846125237,0
GRI.US,D,20240307,000000,10.4,10.5937,10.27,10.4871,9516.8461509911,0
GRI.US,D,20240308,000000,10.5989,11.44,10.283,11.414,22884.461531596,0
GRI.US,D,20240311,000000,11.7,11.895,10.673,11.024,14047.461534247,0
GRI.US,D,20240312,000000,10.985,11.1605,10.66,10.985,5316.5384599435,0
GRI.US,D,20240313,000000,10.504,10.9187,10.4,10.4728,6931.7692286897,0
GRI.US,D,20240314,000000,10.608,10.608,9.8033,10.088,67850.230748876,0
GRI.US,D,20240315,000000,10.075,10.3337,9.88,10.0451,8974.3846126923,0
GRI.US,D,20240318,000000,10.0451,10.0451,9.75,9.815,13126.230765293,0
GRI.US,D,20240319,000000,9.75,10.0451,9.75,9.8215,9963.5384585494,0
GRI.US,D,20240320,000000,9.88,10.998,9.8215,10.348,21016.538455233,0
GRI.US,D,20240321,000000,10.27,10.6015,9.88,10.218,6300.1538442638,0
GRI.US,D,20240322,000000,10.582,10.79,10.023,10.179,10505.153843002,0
GRI.US,D,20240325,000000,10.14,10.4,9.815,10.0802,8974.3846126923,0
GRI.US,D,20240326,000000,10.0113,10.335,9.7617,9.7825,4885.2307677652,0
GRI.US,D,20240327,000000,10.075,10.4,9.7825,10.088,6270.2307673497,0
GRI.US,D,20240328,000000,9.893,10.3987,9.88,9.88,9762.6153816866,0
GRI.US,D,20240401,000000,10.088,10.1465,9.4445,9.7487,9711.4615355481,0
GRI.US,D,20240402,000000,9.7487,9.7487,7.046,7.189,34045.692297479,0
GRI.US,D,20240403,000000,7.5413,7.553,6.565,6.838,20162.307686259,0
GRI.US,D,20240404,000000,6.9849,7.15,6.5403,6.929,7210.2307670677,0
GRI.US,D,20240405,000000,6.955,7.02,6.5507,6.747,4189.6153833585,0
GRI.US,D,20240408,000000,6.76,7.0954,6.76,7.0954,13075.923073,0
GRI.US,D,20240409,000000,6.89,7.54,6.89,7.2774,10626.846150658,0
GRI.US,D,20240410,000000,7.2449,7.28,6.838,6.838,4927.8461523678,0
GRI.US,D,20240411,000000,6.864,7.0434,6.63,6.63,4411.9230755995,0
GRI.US,D,20240412,000000,7.15,7.15,6.6378,6.6378,2624.0769222897,0
GRI.US,D,20240415,000000,6.9459,7.0187,6.76,6.88934,1869.4615379007,0
GRI.US,D,20240416,000000,7.2865,7.3151,6.7626,6.8029,14290.846149559,0
GRI.US,D,20240417,000000,6.7652,6.8614,6.63,6.63,4489.8461524992,0
GRI.US,D,20240418,000000,6.7275,6.8757,6.565,6.7262,3528.2307681723,0
GRI.US,D,20240419,000000,6.8588,7.67,6.604,6.7132,33401.384605364,0
GRI.US,D,20240422,000000,6.7184,6.8887,5.473,5.98,30348.538452434,0
GRI.US,D,20240423,000000,5.8643,6.1815,5.525,5.8097,11027.615381307,0
GRI.US,D,20240424,000000,5.6355,5.8825,5.3495,5.6862,9080.9999972757,0
GRI.US,D,20240425,000000,5.5159,5.746,5.4613,5.5926,1929.0769224982,0
GRI.US,D,20240426,000000,5.837,6.006,5.4626,5.59,4789.1538447171,0
GRI.US,D,20240429,000000,5.5913,5.8396,5.46,5.5913,5993.3846135866,0
GRI.US,D,20240430,000000,5.8357,5.8357,5.4704,5.5705,3005.4615375599,0
GRI.US,D,20240501,000000,5.499,5.759,5.33,5.5133,6870.3076902466,0
GRI.US,D,20240502,000000,5.59,5.772,5.434,5.577,5086.3846138587,0
GRI.US,D,20240503,000000,5.785,5.85,5.2052,5.33,6650.8461518509,0
GRI.US,D,20240506,000000,5.3209,5.668,5.213,5.42283,5711.4615367481,0
GRI.US,D,20240507,000000,5.447,5.46,4.875,5.187,10186.692304636,0
GRI.US,D,20240508,000000,5.447,5.447,5.07,5.0713,8036.6153822044,0
GRI.US,D,20240509,000000,5.2,5.46,5.07,5.3196,12736.384611564,0
GRI.US,D,20240510,000000,5.33,5.4587,5.096,5.33,3340.3846143825,0
GRI.US,D,20240513,000000,5.135,5.46,5.135,5.304,6286.3076904218,0
GRI.US,D,20240514,000000,5.33,5.59101,5.265,5.2715,23061.923070005,0
GRI.US,D,20240515,000000,5.395,5.42701,5.2,5.2091,8275.3076898251,0
GRI.US,D,20240516,000000,5.3274,5.59,5.265,5.3625,7790.3076899706,0
GRI.US,D,20240517,000000,5.8747,5.8747,5.369,5.46,19578.384609511,0
GRI.US,D,20240520,000000,5.5926,5.98,5.2,5.59,196312.76917188,0
GRI.US,D,20240521,000000,5.9826,6.2374,5.2143,5.3885,245136.15377261,0
GRI.US,D,20240522,000000,5.4366,6.11,5.213,5.902,50845.384600131,0
GRI.US,D,20240523,000000,5.4886,5.72,5.265,5.369,38894.384603716,0
GRI.US,D,20240524,000000,5.0583,5.07,3.7466,4.134,90320.999972904,0
GRI.US,D,20240528,000000,4.29,4.29,3.9091,4.095,28102.692299262,0
GRI.US,D,20240529,000000,4.225,4.407,3.9,4.225,43696.615371506,0
GRI.US,D,20240530,000000,4.29,4.3745,3.9143,4.3017,30343.92306782,0
GRI.US,D,20240531,000000,4.017,4.134,3.783,3.926,14278.923072639,0
GRI.US,D,20240603,000000,3.9195,4.81,3.5113,3.757,186686.46148246,0
GRI.US,D,20240604,000000,3.64,3.7687,3.523,3.76869,24869.307684847,0
GRI.US,D,20240605,000000,3.77,3.77,3.458,3.744,44334.307679007,0
GRI.US,D,20240606,000000,3.809,3.9,3.5399,3.653,44461.692294354,0
GRI.US,D,20240607,000000,3.6699,3.77,3.51,3.6192,29028.692298984,0
GRI.US,D,20240610,000000,3.51,3.6218,3.2422,3.445,24391.615377298,0
GRI.US,D,20240611,000000,3.4788,3.51,3.276,3.4034,14824.692303245,0
GRI.US,D,20240612,000000,3.51,3.51,3.25,3.263,10313.615381521,0
GRI.US,D,20240613,000000,3.38,3.4372,3.25,3.3644,11226.076919709,0
GRI.US,D,20240614,000000,3.12,3.4905,2.665,2.964,143298.84611086,0
GRI.US,D,20240617,000000,3.042,3.25,2.6715,2.8613,149904.7691858,0
GRI.US,D,20240618,000000,3.02,3.19,2.5501,2.94,364898,0
GRI.US,D,20240620,000000,2.81,2.9376,2.5,2.51,442031,0
GRI.US,D,20240621,000000,2.48,3,2.46,2.66,290657,0
GRI.US,D,20240624,000000,2.82,3,2.5,2.68,537965,0
GRI.US,D,20240625,000000,2.62,3.49,2.57,2.97,781137,0
GRI.US,D,20240626,000000,2,2.11,1.75,1.83,774108,0
GRI.US,D,20240627,000000,2.03,2.04,1.7,1.96,720137,0
GRI.US,D,20240628,000000,1.76,1.96,1.7506,1.92,119466,0
GRI.US,D,20240701,000000,1.92,2.29,1.9,1.9,229408,0
GRI.US,D,20240702,000000,2,2.01,1.6,1.64,311311,0
GRI.US,D,20240703,000000,1.69,1.69,1.6,1.6,55058,0
GRI.US,D,20240705,000000,1.6,1.6254,1.46,1.57,75761,0
GRI.US,D,20240708,000000,1.64,1.7499,1.56,1.64,104640,0
GRI.US,D,20240709,000000,1.65,1.9399,1.6116,1.82,1090453,0
GRI.US,D,20240710,000000,1.7,1.75,1.51,1.62,337180,0
GRI.US,D,20240711,000000,1.71,1.84,1.62,1.65,352883,0
GRI.US,D,20240712,000000,1.65,1.79,1.55,1.74,135768,0
GRI.US,D,20240715,000000,1.66,1.7499,1.65,1.7,58610,0
GRI.US,D,20240716,000000,1.73,1.87,1.65,1.72,95022,0
GRI.US,D,20240717,000000,1.72,1.78,1.67,1.73,45040,0
GRI.US,D,20240718,000000,1.63,1.84,1.6,1.75,866583,0
GRI.US,D,20240719,000000,1.73,1.74,1.55,1.67,186665,0
GRI.US,D,20240722,000000,1.685,1.685,1.56,1.62,63598,0
GRI.US,D,20240723,000000,1.71,2.57,1.52,1.56,6508282,0
GRI.US,D,20240724,000000,1.65,1.94,1.3,1.34,8102486,0
GRI.US,D,20240725,000000,1.18,1.41,1.15,1.27,1045083,0
GRI.US,D,20240726,000000,1.26,1.31,1.17,1.26,521178,0
GRI.US,D,20240729,000000,1.14,1.2,0.7991,0.8168,1144432,0
GRI.US,D,20240730,000000,0.7979,0.89,0.7011,0.788,715351,0
GRI.US,D,20240731,000000,0.7601,0.8,0.72055,0.7654,276459,0
GRI.US,D,20240801,000000,0.78,0.78,0.66,0.69,224569,0
GRI.US,D,20240802,000000,0.669,0.68,0.4611,0.5391,740747,0
GRI.US,D,20240805,000000,0.453,0.49,0.4002,0.488,213245,0
GRI.US,D,20240806,000000,0.4985,0.54,0.4873,0.5026,150973,0
GRI.US,D,20240807,000000,0.4771,0.48,0.46,0.46,161566,0
GRI.US,D,20240808,000000,0.4784,0.537,0.47,0.5099,175098,0
GRI.US,D,20240809,000000,0.495,0.52,0.4915,0.52,95902,0
GRI.US,D,20240812,000000,0.52,0.5225,0.501,0.5076,65682,0
GRI.US,D,20240813,000000,0.528,0.5398,0.5074,0.5139,78805,0
GRI.US,D,20240814,000000,0.522,0.539725,0.475,0.475,97588,0
GRI.US,D,20240815,000000,0.507,0.507,0.479,0.48,124924,0
GRI.US,D,20240816,000000,0.471,0.505,0.47,0.4912,79131,0
GRI.US,D,20240819,000000,0.505,0.505,0.491,0.4956,114197,0
GRI.US,D,20240820,000000,0.534,0.567,0.441,0.491,1959028,0
GRI.US,D,20240821,000000,0.49,0.54,0.4708,0.5011,272812,0
GRI.US,D,20240822,000000,0.483,0.54,0.4712,0.5003,230441,0
GRI.US,D,20240823,000000,0.5078,0.515,0.491,0.509,113157,0
GRI.US,D,20240826,000000,0.515,0.539,0.4802,0.5076,58187,0
GRI.US,D,20240827,000000,0.5,0.6,0.5,0.5819,967557,0
GRI.US,D,20240828,000000,0.5799,0.5939,0.505,0.5339,237893,0
GRI.US,D,20240829,000000,0.5339,0.5987,0.47,0.5311,5055124,0
GRI.US,D,20240830,000000,0.5155,0.52,0.49,0.5076,335179,0
GRI.US,D,20240903,000000,0.5,0.53,0.4925,0.5055,173022,0
GRI.US,D,20240904,000000,0.5105,0.51485,0.49,0.5061,122183,0
GRI.US,D,20240905,000000,0.5127,0.5158,0.4816,0.49,88692,0
GRI.US,D,20240906,000000,0.49,0.5399,0.49,0.5125,122949,0
GRI.US,D,20240909,000000,0.51,0.5425,0.51,0.5196,90742,0
GRI.US,D,20240910,000000,0.529199,0.533,0.5072,0.52,198128,0
GRI.US,D,20240911,000000,0.533,0.555,0.514,0.527,138268,0
GRI.US,D,20240912,000000,0.5236,0.5343,0.5008,0.5045,91865,0
GRI.US,D,20240913,000000,0.5221,0.524,0.5025,0.5025,59704,0
GRI.US,D,20240916,000000,0.5235,0.5255,0.5037,0.5079,56182,0
GRI.US,D,20240917,000000,0.505,0.5115,0.48,0.4851,117944,0
GRI.US,D,20240918,000000,0.485,0.5107,0.46,0.4732,49220,0
GRI.US,D,20240919,000000,0.47,0.4968,0.4573,0.46,69285,0
GRI.US,D,20240920,000000,0.472,0.483,0.4408,0.4408,89745,0
GRI.US,D,20240923,000000,0.4351,0.442,0.396,0.4204,285843,0
GRI.US,D,20240924,000000,0.4251,0.59,0.4205,0.46,4083513,0
GRI.US,D,20240925,000000,0.471,0.474,0.4,0.4686,2921230,0
GRI.US,D,20240926,000000,0.4686,0.51,0.4049,0.4967,3409645,0
GRI.US,D,20240927,000000,0.474,0.4797,0.44,0.446,634729,0
GRI.US,D,20240930,000000,0.435,0.4498,0.340501,0.361,1902139,0
GRI.US,D,20241001,000000,0.361,0.361,0.3015,0.3348,680152,0
GRI.US,D,20241002,000000,0.3224,0.339999,0.3146,0.3259,245197,0
GRI.US,D,20241003,000000,0.34,0.3853,0.34,0.3763,540098,0
GRI.US,D,20241004,000000,0.3757,0.38,0.3321,0.358,358205,0
GRI.US,D,20241007,000000,0.351,0.3679,0.3201,0.3464,164977,0
GRI.US,D,20241008,000000,0.395,0.4193,0.3255,0.3949,10584770,0
GRI.US,D,20241009,000000,0.44,0.48,0.4005,0.43,4071932,0
GRI.US,D,20241010,000000,0.4,0.425,0.32,0.383,1454847,0
GRI.US,D,20241011,000000,0.3831,0.4095,0.3765,0.4035,406474,0
GRI.US,D,20241014,000000,0.3914,0.3914,0.3632,0.3672,257533,0
GRI.US,D,20241015,000000,0.375,0.375,0.355101,0.37,340907,0
GRI.US,D,20241016,000000,0.41,0.5485,0.38,0.4641,15849482,0
GRI.US,D,20241017,000000,0.45,0.54,0.421,0.489,4709211,0
GRI.US,D,20241018,000000,0.4774,0.65,0.422,0.58,22364787,0
GRI.US,D,20241021,000000,1.67,1.79,1.04,1.32,117169330,0
GRI.US,D,20241022,000000,1.01,1.04,0.8888,0.97,8421047,0
GRI.US,D,20241023,000000,0.9384,0.9384,0.714,0.806,3087938,0
GRI.US,D,20241024,000000,0.777,0.86,0.75,0.8227,2178214,0
GRI.US,D,20241025,000000,0.81,0.81,0.7105,0.7171,1490901,0
GRI.US,D,20241028,000000,0.7288,0.7288,0.66,0.6762,873511,0
GRI.US,D,20241029,000000,0.66,0.67,0.58,0.6141,1017652,0
GRI.US,D,20241030,000000,0.6611,0.92,0.6301,0.827,14126155,0
GRI.US,D,20241031,000000,0.7898,1.11,0.73,0.878,7558557,0
GRI.US,D,20241101,000000,0.9349,1.35,0.9191,1.1,33683075,0
GRI.US,D,20241104,000000,1.2,1.24,0.95,1.04,4051817,0
GRI.US,D,20241105,000000,1.03,1.03,0.9104,0.99,1261304,0
GRI.US,D,20241106,000000,0.945,0.9619,0.91,0.95,601547,0
GRI.US,D,20241107,000000,0.96,0.96,0.8523,0.8756,835543,0
GRI.US,D,20241108,000000,0.8704,0.89,0.79,0.8752,472733,0
GRI.US,D,20241111,000000,0.8612,0.8799,0.8005,0.8366,456967,0
GRI.US,D,20241112,000000,0.863,0.8799,0.81,0.85,331498,0
GRI.US,D,20241113,000000,0.8669,0.92,0.8501,0.8798,380662,0
GRI.US,D,20241114,000000,0.85,0.997,0.85,0.96,865999,0
GRI.US,D,20241115,000000,0.73,0.9,0.72,0.7721,662509,0
GRI.US,D,20241118,000000,0.77,0.7874,0.6566,0.688,457104,0
GRI.US,D,20241119,000000,0.6674,0.73,0.6592,0.6853,231714,0
GRI.US,D,20241120,000000,0.7,0.71,0.6221,0.639,279280,0
GRI.US,D,20241121,000000,0.64,0.6997,0.6299,0.689,316190,0
GRI.US,D,20241122,000000,0.69,0.71,0.65,0.689,201642,0
GRI.US,D,20241125,000000,0.669,0.7395,0.669,0.739,240468,0
GRI.US,D,20241126,000000,0.7655,0.77,0.7067,0.733,250731,0
GRI.US,D,20241127,000000,0.716,0.77,0.716,0.76,175272,0
GRI.US,D,20241129,000000,0.741,0.756,0.6701,0.6835,246006,0
GRI.US,D,20241202,000000,0.661,0.71,0.62,0.6528,357885,0
GRI.US,D,20241203,000000,0.64,0.6697,0.6113,0.668,149314,0
GRI.US,D,20241204,000000,0.66,0.69,0.651,0.679,123999,0
GRI.US,D,20241205,000000,0.657,0.6812,0.63,0.649,206369,0
GRI.US,D,20241206,000000,0.67,0.82,0.6694,0.79,867758,0
GRI.US,D,20241209,000000,0.9,0.95,0.81,0.8664,1419049,0
GRI.US,D,20241210,000000,0.89,0.95,0.85,0.9271,712918,0
GRI.US,D,20241211,000000,0.93,0.995,0.9059,0.965,513527,0
GRI.US,D,20241212,000000,0.9538,0.9799,0.8274,0.84701,482517,0
GRI.US,D,20241213,000000,0.897,0.9,0.75,0.8,432772,0
GRI.US,D,20241216,000000,0.809,0.8449,0.76,0.7656,275498,0
GRI.US,D,20241217,000000,0.75,0.7895,0.75,0.78,230099,0
GRI.US,D,20241218,000000,0.77,0.8,0.7475,0.748,189277,0
GRI.US,D,20241219,000000,0.75,0.786519,0.7348,0.77,160839,0
GRI.US,D,20241220,000000,0.7705,0.79,0.74,0.74,234644,0
GRI.US,D,20241223,000000,0.73,0.76,0.7021,0.7538,185824,0
GRI.US,D,20241224,000000,0.72,0.779,0.71,0.77,71795,0
GRI.US,D,20241226,000000,0.78,0.8,0.74,0.7845,216837,0
GRI.US,D,20241227,000000,0.7883,0.82,0.71,0.7772,215906,0
GRI.US,D,20241230,000000,0.79,0.8,0.75,0.798,108636,0
GRI.US,D,20241231,000000,0.81,0.84,0.79,0.8284,239392,0
GRI.US,D,20250102,000000,0.84,0.85,0.805,0.85,214944,0
GRI.US,D,20250103,000000,0.86,0.92,0.84,0.907,338927,0
GRI.US,D,20250106,000000,0.91,0.91,0.8006,0.832,263720,0
GRI.US,D,20250107,000000,0.85,0.85,0.8,0.8266,73502,0
GRI.US,D,20250108,000000,0.85,0.85,0.7251,0.7346,273093,0
GRI.US,D,20250110,000000,0.7411,0.7698,0.74,0.7625,151645,0
GRI.US,D,20250113,000000,0.76,0.76,0.7021,0.73,89465,0
GRI.US,D,20250114,000000,0.74,0.7605,0.72,0.749,180347,0
GRI.US,D,20250115,000000,0.7365,0.77,0.7161,0.7335,136331,0
GRI.US,D,20250116,000000,0.75,0.7534,0.6812,0.7054,189808,0
GRI.US,D,20250117,000000,0.7,0.73,0.69,0.7203,123219,0
GRI.US,D,20250121,000000,0.74,0.74,0.67,0.695,171641,0
GRI.US,D,20250122,000000,0.6742,0.6999,0.666,0.672,141672,0
GRI.US,D,20250123,000000,0.672,0.6956,0.65,0.6857,125276,0
GRI.US,D,20250124,000000,0.66,0.675,0.59,0.6148,288815,0
GRI.US,D,20250127,000000,0.659,0.659,0.6101,0.638,219400,0
GRI.US,D,20250128,000000,0.63,0.65,0.6005,0.63,124668,0
GRI.US,D,20250129,000000,0.6111,0.635001,0.6005,0.63,124322,0
GRI.US,D,20250130,000000,0.617,0.7,0.582,0.6567,147566,0
GRI.US,D,20250131,000000,0.66,0.6648,0.620001,0.632,45383,0
GRI.US,D,20250203,000000,0.6006,0.66,0.6,0.6298,104671,0
GRI.US,D,20250204,000000,0.55,0.6199,0.523,0.5334,406609,0
GRI.US,D,20250205,000000,0.55,0.5659,0.53,0.53,131032,0
GRI.US,D,20250206,000000,0.521,0.526501,0.475,0.496,259010,0
GRI.US,D,20250207,000000,0.497,0.523,0.4658,0.479,144073,0
GRI.US,D,20250210,000000,0.47,0.4999,0.4311,0.481,149149,0
GRI.US,D,20250211,000000,0.499,0.5,0.481,0.4951,42445,0
GRI.US,D,20250212,000000,0.4852,0.568,0.4852,0.55,159454,0
GRI.US,D,20250213,000000,0.5335,0.567,0.512309,0.54,73607,0
