<TICKER>,<PER>,<DATE>,<TIME>,<OPEN>,<HIGH>,<LOW>,<CLOSE>,<VOL>,<OPENINT>
HCVIU.US,D,20210930,000000,9.99,9.99,9.93,9.95,1770796,0
HCVIU.US,D,20211001,000000,9.915,10,9.91,9.98,1137206,0
HCVIU.US,D,20211004,000000,9.95,9.98,9.93,9.94,72523,0
HCVIU.US,D,20211005,000000,9.94,9.94,9.88,9.88,13219,0
HCVIU.US,D,20211006,000000,9.86,9.97,9.86,9.96,50677,0
HCVIU.US,D,20211007,000000,9.865,9.97,9.865,9.95,5294,0
HCVIU.US,D,20211008,000000,9.95,9.95,9.95,9.95,319,0
HCVIU.US,D,20211011,000000,9.98,9.98,9.98,9.98,865,0
HCVIU.US,D,20211013,000000,9.945,9.945,9.945,9.945,527,0
HCVIU.US,D,20211014,000000,9.91,9.96,9.91,9.96,10335,0
HCVIU.US,D,20211018,000000,9.98,9.98,9.9345,9.96,2649,0
HCVIU.US,D,20211019,000000,9.9715,10,9.95,10,33170,0
HCVIU.US,D,20211020,000000,9.95,9.95,9.95,9.95,205,0
HCVIU.US,D,20211022,000000,9.96,9.96,9.95,9.95,3005,0
HCVIU.US,D,20211025,000000,10.03,10.03,9.95,9.95,158458,0
HCVIU.US,D,20211026,000000,9.9401,9.9401,9.9401,9.9401,1300,0
HCVIU.US,D,20211027,000000,9.94,9.96,9.94,9.94,253139,0
HCVIU.US,D,20211028,000000,9.94,9.94,9.94,9.94,1663,0
HCVIU.US,D,20211029,000000,9.9726,9.9726,9.9383,9.95,70797,0
HCVIU.US,D,20211102,000000,9.9731,9.99,9.96,9.99,13133,0
HCVIU.US,D,20211103,000000,9.94,9.99,9.94,9.99,4503,0
HCVIU.US,D,20211104,000000,10,10.01,10,10,43559,0
HCVIU.US,D,20211105,000000,10.01,10.01,9.97,9.97,605,0
HCVIU.US,D,20211108,000000,9.97,9.97,9.93,9.94,14054,0
HCVIU.US,D,20211109,000000,9.96,9.97,9.95,9.97,1281,0
HCVIU.US,D,20211110,000000,9.95,9.95,9.95,9.95,330,0
HCVIU.US,D,20211111,000000,9.95,9.97,9.95,9.97,1117,0
HCVIU.US,D,20211112,000000,9.9699,9.97,9.9699,9.97,495,0
HCVIU.US,D,20211115,000000,9.96,9.98,9.95,9.98,6560,0
HCVIU.US,D,20211116,000000,9.98,10.01,9.98,10.01,12077,0
HCVIU.US,D,20211118,000000,9.97,9.97,9.97,9.97,159,0
HCVIU.US,D,20211119,000000,9.97,10.04,9.97,10.02,15912,0
HCVIU.US,D,20211122,000000,9.93,10,9.93,9.95,8761,0
HCVIU.US,D,20211123,000000,10.01,10.01,10,10,802,0
HCVIU.US,D,20211124,000000,10.02,10.04,10.02,10.02,24632,0
HCVIU.US,D,20211129,000000,10.02,10.02,10.02,10.02,401,0
HCVIU.US,D,20211130,000000,10.33,10.33,10.05,10.05,407,0
HCVIU.US,D,20211206,000000,10,10,10,10,1002,0
HCVIU.US,D,20211216,000000,9.92,9.94,9.92,9.92,12302,0
HCVIU.US,D,20211217,000000,9.92,9.92,9.92,9.92,389,0
HCVIU.US,D,20211223,000000,9.94,9.99,9.94,9.99,1473,0
HCVIU.US,D,20211227,000000,9.99,10,9.99,10,838,0
HCVIU.US,D,20211228,000000,9.99,9.99,9.99,9.99,538,0
HCVIU.US,D,20211229,000000,9.99,9.99,9.99,9.99,5759,0
HCVIU.US,D,20220103,000000,9.92,9.92,9.89,9.89,200,0
HCVIU.US,D,20220104,000000,10.1,10.1,9.88,10,10813,0
HCVIU.US,D,20220107,000000,9.98,10,9.98,9.99,22873,0
HCVIU.US,D,20220110,000000,9.98,10,9.98,10,21474,0
HCVIU.US,D,20220111,000000,9.9662,9.9662,9.95,9.95,1700,0
HCVIU.US,D,20220112,000000,10,10,9.99,10,10161,0
HCVIU.US,D,20220114,000000,10,10,10,10,100,0
HCVIU.US,D,20220119,000000,9.94,9.94,9.94,9.94,1003,0
HCVIU.US,D,20220121,000000,9.99,9.99,9.85,9.9,421102,0
HCVIU.US,D,20220202,000000,9.95,9.95,9.95,9.95,200,0
HCVIU.US,D,20220207,000000,9.91,9.91,9.91,9.91,11400,0
HCVIU.US,D,20220208,000000,9.88,9.885,9.86,9.885,1300,0
HCVIU.US,D,20220209,000000,9.9227,9.925,9.9227,9.925,200,0
HCVIU.US,D,20220217,000000,9.88,9.88,9.88,9.88,201,0
HCVIU.US,D,20220222,000000,9.92,9.92,9.91,9.91,22616,0
HCVIU.US,D,20220223,000000,9.87,9.9,9.86,9.9,3500,0
HCVIU.US,D,20220228,000000,9.8,9.9,9.8,9.9,1300,0
HCVIU.US,D,20220304,000000,9.8447,9.8447,9.8447,9.8447,100,0
HCVIU.US,D,20220308,000000,9.8381,9.8381,9.8381,9.8381,1000,0
HCVIU.US,D,20220309,000000,9.87,9.87,9.87,9.87,1173,0
HCVIU.US,D,20220321,000000,9.81,9.81,9.81,9.81,101,0
HCVIU.US,D,20220322,000000,9.85,9.85,9.85,9.85,158,0
HCVIU.US,D,20220329,000000,9.89,9.89,9.89,9.89,503,0
HCVIU.US,D,20220405,000000,9.89,9.89,9.89,9.89,200,0
HCVIU.US,D,20220406,000000,9.89,9.89,9.89,9.89,200,0
HCVIU.US,D,20220411,000000,9.91,9.91,9.91,9.91,200,0
HCVIU.US,D,20220412,000000,9.91,9.91,9.91,9.91,300,0
HCVIU.US,D,20220418,000000,9.91,9.91,9.91,9.91,112,0
HCVIU.US,D,20220419,000000,9.91,9.91,9.91,9.91,800,0
HCVIU.US,D,20220421,000000,9.91,9.91,9.91,9.91,327,0
HCVIU.US,D,20220425,000000,9.98,10.445,9.93,10.0078,1748,0
HCVIU.US,D,20220426,000000,10.2115,10.782,9.92,9.9201,7370,0
HCVIU.US,D,20220427,000000,10.05,10.3531,9.92,10.0681,4531,0
HCVIU.US,D,20220429,000000,10.01,10.1,9.95,9.95,1605,0
HCVIU.US,D,20220502,000000,9.9,9.92,9.9,9.92,1249,0
HCVIU.US,D,20220503,000000,9.92,10.613,9.92,9.93,900,0
HCVIU.US,D,20220504,000000,9.905,9.905,9.905,9.905,200,0
HCVIU.US,D,20220505,000000,10.2884,10.2884,9.9,10.12,2982,0
HCVIU.US,D,20220506,000000,10.16,10.16,10.16,10.16,465,0
HCVIU.US,D,20220509,000000,9.91,9.91,9.91,9.91,102,0
HCVIU.US,D,20220510,000000,9.8109,9.86,9.8109,9.85,58434,0
HCVIU.US,D,20220511,000000,9.825,9.83,9.78,9.78,9262,0
HCVIU.US,D,20220517,000000,9.7714,9.7714,9.7714,9.7714,1201,0
HCVIU.US,D,20220519,000000,9.7,9.71,9.7,9.71,1000,0
HCVIU.US,D,20220527,000000,9.73,9.73,9.73,9.73,111,0
HCVIU.US,D,20220531,000000,9.82,9.84,9.8,9.8,6240,0
HCVIU.US,D,20220603,000000,9.81,9.81,9.8,9.8,601,0
HCVIU.US,D,20220614,000000,9.78,9.78,9.78,9.78,1575,0
HCVIU.US,D,20220624,000000,9.75,9.76,9.71,9.75,48341,0
HCVIU.US,D,20220706,000000,9.8399,9.8399,9.8399,9.8399,945,0
HCVIU.US,D,20220707,000000,9.34,9.95,9.34,9.95,4070,0
HCVIU.US,D,20220714,000000,9.7226,9.7226,9.7226,9.7226,1500,0
HCVIU.US,D,20220718,000000,9.7,9.7,9.7,9.7,1000,0
HCVIU.US,D,20220726,000000,9.7,9.7,9.7,9.7,100,0
HCVIU.US,D,20220801,000000,9.69,9.69,9.69,9.69,100,0
HCVIU.US,D,20220808,000000,9.98,9.98,9.7,9.7,4068,0
HCVIU.US,D,20220824,000000,9.7,9.73,9.7,9.71,501,0
HCVIU.US,D,20220825,000000,9.71,9.74,9.71,9.71,768,0
HCVIU.US,D,20220826,000000,9.71,9.72,9.71,9.72,3380,0
HCVIU.US,D,20220906,000000,9.71,9.71,9.7,9.7,1268,0
HCVIU.US,D,20220907,000000,9.73,9.81,9.72,9.81,2301,0
HCVIU.US,D,20220908,000000,9.75,9.75,9.75,9.75,300,0
HCVIU.US,D,20220909,000000,9.76,9.76,9.76,9.76,100,0
HCVIU.US,D,20220914,000000,9.73,9.73,9.7,9.7,2298,0
HCVIU.US,D,20220920,000000,9.7424,9.78,9.7424,9.75,12250,0
HCVIU.US,D,20220921,000000,9.75,9.78,9.72,9.78,15584,0
HCVIU.US,D,20220923,000000,9.71,9.71,9.71,9.71,2400,0
HCVIU.US,D,20220928,000000,9.71,9.71,9.71,9.71,4600,0
HCVIU.US,D,20221003,000000,9.71,9.73,9.7,9.71,4468,0
HCVIU.US,D,20221006,000000,9.73,9.73,9.7042,9.72,667,0
HCVIU.US,D,20221010,000000,9.74,9.74,9.72,9.74,433,0
HCVIU.US,D,20221011,000000,9.73,9.73,9.73,9.73,201,0
HCVIU.US,D,20221013,000000,9.74,9.75,9.71,9.75,45801,0
HCVIU.US,D,20221014,000000,9.75,9.75,9.75,9.75,205,0
HCVIU.US,D,20221017,000000,9.75,9.75,9.74,9.74,471,0
HCVIU.US,D,20221018,000000,9.75,9.75,9.75,9.75,408,0
HCVIU.US,D,20221019,000000,9.75,9.75,9.75,9.75,700,0
HCVIU.US,D,20221024,000000,9.75,9.75,9.75,9.75,1800,0
HCVIU.US,D,20221025,000000,9.79,9.8,9.76,9.8,1301,0
HCVIU.US,D,20221026,000000,9.9,9.9,9.9,9.9,133,0
HCVIU.US,D,20221031,000000,9.76,9.78,9.76,9.76,1000,0
HCVIU.US,D,20221101,000000,9.78,9.8,9.78,9.795,2605,0
HCVIU.US,D,20221103,000000,9.87,9.87,9.7901,9.8436,1500,0
HCVIU.US,D,20221107,000000,9.85,9.85,9.85,9.85,2505,0
HCVIU.US,D,20221114,000000,9.79,9.79,9.79,9.79,523,0
HCVIU.US,D,20221115,000000,9.8,9.8,9.8,9.8,57501,0
HCVIU.US,D,20221123,000000,9.88,9.88,9.8,9.83,2200,0
HCVIU.US,D,20221128,000000,9.8935,9.8935,9.8935,9.8935,1000,0
HCVIU.US,D,20221130,000000,9.9,9.95,9.9,9.95,6756,0
HCVIU.US,D,20221201,000000,9.9428,9.95,9.94,9.94,745,0
HCVIU.US,D,20221205,000000,9.94,9.95,9.94,9.95,600,0
HCVIU.US,D,20221207,000000,9.95,9.95,9.95,9.95,133,0
HCVIU.US,D,20221209,000000,9.94,9.95,9.89,9.89,4777,0
HCVIU.US,D,20221219,000000,9.82,9.82,9.82,9.82,100,0
HCVIU.US,D,20221220,000000,9.84,9.85,9.82,9.82,3425,0
HCVIU.US,D,20221229,000000,9.86,9.86,9.86,9.86,100,0
HCVIU.US,D,20221230,000000,9.89,9.89,9.89,9.89,101,0
HCVIU.US,D,20230103,000000,10,10,10,10,100,0
HCVIU.US,D,20230104,000000,9.95,10,9.95,9.95,4504,0
HCVIU.US,D,20230112,000000,10,10,10,10,155,0
HCVIU.US,D,20230113,000000,9.99,9.99,9.99,9.99,100,0
HCVIU.US,D,20230117,000000,9.99,9.99,9.99,9.99,100,0
HCVIU.US,D,20230118,000000,10,10,9.98,9.98,13331,0
HCVIU.US,D,20230119,000000,9.98,10.02,9.98,10,16300,0
HCVIU.US,D,20230120,000000,10.05,10.11,10.01,10.08,1525,0
HCVIU.US,D,20230123,000000,10.05,10.1415,10,10,1776,0
HCVIU.US,D,20230124,000000,10.03,10.51,10.01,10.01,15250,0
HCVIU.US,D,20230125,000000,10,10.01,10,10,16588,0
HCVIU.US,D,20230126,000000,10.05,10.49,10.02,10.02,4958,0
HCVIU.US,D,20230127,000000,10.02,10.07,10.02,10.02,22357,0
HCVIU.US,D,20230130,000000,10.04,10.06,10,10.02,8211,0
HCVIU.US,D,20230201,000000,10.01,10.632,10.01,10.05,12450,0
HCVIU.US,D,20230202,000000,10.08,10.662,10.03,10.05,23997,0
HCVIU.US,D,20230203,000000,10.1,10.1,10.1,10.1,152,0
HCVIU.US,D,20230207,000000,10.05,10.05,10.05,10.05,200,0
HCVIU.US,D,20230209,000000,10.07,10.69,10.06,10.06,8320,0
HCVIU.US,D,20230210,000000,10.11,10.58,10.06,10.0601,2000,0
HCVIU.US,D,20230213,000000,10.06,10.12,10.06,10.06,4964,0
HCVIU.US,D,20230222,000000,10.11,10.12,10.11,10.12,559,0
HCVIU.US,D,20230228,000000,10.07,10.07,10.07,10.07,301,0
HCVIU.US,D,20230301,000000,10.11,10.11,10.11,10.11,198,0
HCVIU.US,D,20230302,000000,10.15,10.65,10.11,10.14,1130,0
HCVIU.US,D,20230307,000000,10.17,10.754,10.13,10.49,506,0
HCVIU.US,D,20230315,000000,10.1,10.1,10.1,10.1,110,0
HCVIU.US,D,20230316,000000,10.13,10.13,10.13,10.13,111,0
HCVIU.US,D,20230324,000000,10.17,10.18,10.14,10.14,3036,0
HCVIU.US,D,20230329,000000,10.19,10.19,10.1401,10.1401,600,0
HCVIU.US,D,20230331,000000,10.17,10.17,10.15,10.15,2500,0
HCVIU.US,D,20230404,000000,10.645,11.17,10.13,10.15,5526,0
HCVIU.US,D,20230406,000000,10.16,10.66,10.1501,10.1501,2700,0
HCVIU.US,D,20230417,000000,10.12,10.12,10.12,10.12,141,0
HCVIU.US,D,20230418,000000,10.14,10.14,10.14,10.14,100,0
HCVIU.US,D,20230419,000000,10.08,10.1,10.08,10.08,1100,0
HCVIU.US,D,20230424,000000,10.11,10.11,10.09,10.11,5400,0
HCVIU.US,D,20230501,000000,10.15,10.17,10.15,10.17,8216,0
HCVIU.US,D,20230503,000000,10.18,10.18,10.15,10.16,9133,0
HCVIU.US,D,20230508,000000,10.16,10.16,10.15,10.16,4921,0
HCVIU.US,D,20230509,000000,10.23,10.665,10.1801,10.2571,600,0
HCVIU.US,D,20230510,000000,10.23,10.67,10.18,10.18,601,0
HCVIU.US,D,20230511,000000,10.25,10.26,10.2,10.2001,1200,0
HCVIU.US,D,20230512,000000,10.25,10.2611,10.19,10.19,1482,0
HCVIU.US,D,20230515,000000,10.2,10.25,10.19,10.1901,6436,0
HCVIU.US,D,20230517,000000,10.19,10.2,10.14,10.2,22828,0
HCVIU.US,D,20230518,000000,10.19,10.19,10.19,10.19,514,0
HCVIU.US,D,20230519,000000,10.19,10.2,10.19,10.2,443,0
HCVIU.US,D,20230522,000000,10.19,10.19,10.19,10.19,217,0
HCVIU.US,D,20230524,000000,10.2,10.2199,10.2,10.2199,334,0
HCVIU.US,D,20230530,000000,10.22,10.23,10.22,10.22,15097,0
HCVIU.US,D,20230531,000000,10.22,10.74,10.22,10.24,4394,0
HCVIU.US,D,20230601,000000,10.27,10.705,10.2201,10.705,521,0
HCVIU.US,D,20230602,000000,10.26,10.3665,10.26,10.29,1182,0
HCVIU.US,D,20230606,000000,10.3,10.77,10.2401,10.25,3547,0
HCVIU.US,D,20230607,000000,10.28,10.29,10.28,10.29,440,0
HCVIU.US,D,20230615,000000,10.22,10.22,10.22,10.22,100,0
HCVIU.US,D,20230620,000000,10.25,10.25,10.25,10.25,100,0
HCVIU.US,D,20230621,000000,10.3,10.3,10.26,10.26,600,0
HCVIU.US,D,20230623,000000,10.29,10.29,10.29,10.29,200,0
HCVIU.US,D,20230626,000000,10.29,10.3,10.29,10.3,834,0
HCVIU.US,D,20230627,000000,10.34,10.34,10.29,10.29,740,0
HCVIU.US,D,20230628,000000,10.33,10.33,10.3,10.3,620,0
HCVIU.US,D,20230629,000000,10.35,10.35,10.35,10.35,420,0
HCVIU.US,D,20230707,000000,10.35,10.815,10.32,10.32,1354,0
HCVIU.US,D,20230710,000000,10.36,10.36,10.36,10.36,487,0
HCVIU.US,D,20230717,000000,10.36,10.36,10.36,10.36,402,0
HCVIU.US,D,20230719,000000,10.31,10.31,10.31,10.31,102,0
HCVIU.US,D,20230721,000000,10.31,10.31,10.31,10.31,500,0
HCVIU.US,D,20230724,000000,10.35,10.35,10.35,10.35,400,0
HCVIU.US,D,20230725,000000,10.35,10.35,10.35,10.35,2887,0
HCVIU.US,D,20230726,000000,10.31,10.31,10.3,10.3,2300,0
HCVIU.US,D,20230727,000000,10.31,10.31,10.31,10.31,2174,0
HCVIU.US,D,20230731,000000,10.3,10.3,10.3,10.3,694,0
HCVIU.US,D,20230802,000000,10.37,10.37,10.3301,10.3301,700,0
HCVIU.US,D,20230808,000000,10.34,10.34,10.3,10.34,22585,0
HCVIU.US,D,20230810,000000,10.39,10.39,10.39,10.39,400,0
HCVIU.US,D,20230811,000000,10.39,10.39,10.39,10.39,400,0
HCVIU.US,D,20230814,000000,10.39,10.39,10.39,10.39,400,0
HCVIU.US,D,20230815,000000,10.725,10.89,10.34,10.41,9667,0
HCVIU.US,D,20230817,000000,10.43,10.43,10.39,10.39,783,0
HCVIU.US,D,20230822,000000,10.41,10.41,10.37,10.37,400,0
HCVIU.US,D,20230823,000000,10.41,10.41,10.41,10.41,800,0
HCVIU.US,D,20230824,000000,10.41,10.41,10.41,10.41,500,0
HCVIU.US,D,20230828,000000,10.41,10.41,10.37,10.37,2575,0
HCVIU.US,D,20230829,000000,10.41,10.41,10.41,10.41,650,0
HCVIU.US,D,20230831,000000,10.43,10.43,10.39,10.39,3151,0
HCVIU.US,D,20230901,000000,10.42,10.42,10.41,10.41,1102,0
HCVIU.US,D,20230907,000000,10.43,10.43,10.43,10.43,450,0
HCVIU.US,D,20230914,000000,10.43,10.43,10.39,10.39,800,0
HCVIU.US,D,20230915,000000,10.43,10.43,10.43,10.43,800,0
HCVIU.US,D,20230918,000000,10.42,10.42,10.42,10.42,1050,0
HCVIU.US,D,20230920,000000,10.39,10.42,10.39,10.4099,6619,0
HCVIU.US,D,20230926,000000,10.6,10.6,10.6,10.6,627,0
HCVIU.US,D,20231004,000000,10.41,10.41,10.4,10.4,700,0
HCVIU.US,D,20231005,000000,10.35,10.35,10.35,10.35,8731,0
HCVIU.US,D,20231009,000000,10.345,10.345,10.345,10.345,500,0
HCVIU.US,D,20231013,000000,10.3705,10.41,10.37,10.38,620,0
HCVIU.US,D,20231016,000000,10.3701,10.41,10.37,10.37,4278,0
HCVIU.US,D,20231018,000000,10.41,10.42,10.37,10.39,675,0
HCVIU.US,D,20231030,000000,10.36,10.36,10.36,10.36,204,0
HCVIU.US,D,20231114,000000,10.43,10.43,10.43,10.43,300,0
HCVIU.US,D,20231129,000000,10.47,10.47,10.47,10.47,400,0
HCVIU.US,D,20231201,000000,10.7,10.7,10.45,10.45,200,0
HCVIU.US,D,20231214,000000,10.4,10.45,10.4,10.45,1000,0
HCVIU.US,D,20231215,000000,10.4,10.5,10.4,10.45,670,0
HCVIU.US,D,20231219,000000,10.45,10.45,9.945,10.45,6800,0
HCVIU.US,D,20231227,000000,10.7,10.7,10.7,10.7,300,0
HCVIU.US,D,20231228,000000,10.43,10.43,10.43,10.43,5229,0
HCVIU.US,D,20231229,000000,9.8,9.8,9.8,9.8,100,0
HCVIU.US,D,20240102,000000,10.45,10.45,10.45,10.45,604,0
HCVIU.US,D,20240105,000000,9.82,9.82,9.82,9.82,500,0
HCVIU.US,D,20240130,000000,9.2656,10.27,9.2656,10.27,4100,0
HCVIU.US,D,20240208,000000,10.25,10.38,10.25,10.38,1200,0
HCVIU.US,D,20240216,000000,10.37,10.37,10.37,10.37,102,0
HCVIU.US,D,20240220,000000,10.36,10.36,10.36,10.36,100,0
HCVIU.US,D,20240221,000000,10.36,10.36,10.36,10.36,102,0
HCVIU.US,D,20240222,000000,10.36,10.36,10.36,10.36,100,0
HCVIU.US,D,20240223,000000,10.36,10.36,10.36,10.36,100,0
HCVIU.US,D,20240226,000000,10.38,10.38,10.38,10.38,100,0
HCVIU.US,D,20240227,000000,10.36,10.36,10.36,10.36,100,0
HCVIU.US,D,20240228,000000,10.39,10.39,10.39,10.39,100,0
HCVIU.US,D,20240301,000000,10.38,10.38,10.38,10.38,100,0
HCVIU.US,D,20240304,000000,10.4,10.4,10.4,10.4,100,0
HCVIU.US,D,20240305,000000,10.41,10.41,10.41,10.41,100,0
HCVIU.US,D,20240306,000000,10.38,10.38,10.38,10.38,100,0
HCVIU.US,D,20240307,000000,10.38,10.38,10.38,10.38,100,0
HCVIU.US,D,20240308,000000,10.38,10.38,10.38,10.38,100,0
HCVIU.US,D,20240311,000000,10.37,10.37,10.37,10.37,100,0
HCVIU.US,D,20240312,000000,10.45,10.45,10.45,10.45,100,0
HCVIU.US,D,20240313,000000,10.4,10.4,10.4,10.4,100,0
HCVIU.US,D,20240314,000000,10.45,10.45,10.45,10.45,100,0
HCVIU.US,D,20240315,000000,10.42,10.42,10.42,10.42,100,0
HCVIU.US,D,20240318,000000,10.42,10.42,10.42,10.42,100,0
HCVIU.US,D,20240319,000000,10.42,10.42,10.42,10.42,100,0
HCVIU.US,D,20240321,000000,10.42,10.42,10.42,10.42,100,0
HCVIU.US,D,20240322,000000,10.42,10.42,10.42,10.42,100,0
HCVIU.US,D,20240325,000000,10.42,10.42,10.42,10.42,100,0
HCVIU.US,D,20240326,000000,10.42,10.42,10.42,10.42,100,0
HCVIU.US,D,20240327,000000,10.42,10.42,10.42,10.42,101,0
HCVIU.US,D,20240328,000000,10.42,10.42,10.42,10.42,100,0
HCVIU.US,D,20240401,000000,10.43,10.43,10.43,10.43,100,0
HCVIU.US,D,20240402,000000,10.43,10.43,10.43,10.43,107,0
HCVIU.US,D,20240405,000000,10.45,10.45,10.45,10.45,100,0
HCVIU.US,D,20240408,000000,10.45,10.45,10.45,10.45,100,0
HCVIU.US,D,20240409,000000,10.44,10.44,10.44,10.44,114,0
HCVIU.US,D,20240410,000000,10.46,10.46,10.46,10.46,103,0
HCVIU.US,D,20240411,000000,10.46,10.46,10.46,10.46,100,0
HCVIU.US,D,20240417,000000,11.4599,11.46,11.4599,11.46,213,0
HCVIU.US,D,20240424,000000,10.5,10.5,10.5,10.5,2900,0
HCVIU.US,D,20240507,000000,11.24,11.24,11.24,11.24,260,0
HCVIU.US,D,20240618,000000,10.71,10.71,10.71,10.71,130,0
HCVIU.US,D,20240725,000000,10.92,10.92,10.6,10.92,500,0
HCVIU.US,D,20240805,000000,10.62,10.62,10.62,10.62,105,0
HCVIU.US,D,20240916,000000,10.67,10.67,10.67,10.67,604,0
HCVIU.US,D,20240919,000000,11.13,11.13,11.13,11.13,868,0
HCVIU.US,D,20240924,000000,10.61,10.61,10.61,10.61,400,0
HCVIU.US,D,20240925,000000,11.19,14.5,10.71,11.75,15564,0
HCVIU.US,D,20240926,000000,11.89,12.44,10.75,10.79,3808,0
HCVIU.US,D,20240927,000000,11.1,11.1,11.1,11.1,104,0
HCVIU.US,D,20240930,000000,11.05,12.5,10.7,11.86,6219,0
HCVIU.US,D,20241003,000000,11.69,11.69,11,11,897,0
HCVIU.US,D,20241004,000000,11.08,11.08,11.08,11.08,215,0
HCVIU.US,D,20241008,000000,10.53,10.53,10.53,10.53,262,0
HCVIU.US,D,20241011,000000,10.52,10.52,10.52,10.52,304,0
HCVIU.US,D,20241016,000000,10.52,10.52,10.52,10.52,934,0
HCVIU.US,D,20241017,000000,10.589,10.589,10.589,10.589,100,0
HCVIU.US,D,20241025,000000,10.53,10.53,10.53,10.53,225,0
HCVIU.US,D,20241028,000000,10.53,10.53,10.53,10.53,239,0
HCVIU.US,D,20241106,000000,10.53,10.53,10.53,10.53,813,0
HCVIU.US,D,20241120,000000,10.5708,10.5708,10.5708,10.5708,2600,0
HCVIU.US,D,20241122,000000,10.55,10.55,10.55,10.55,117,0
HCVIU.US,D,20241206,000000,10.5912,10.5912,10.5912,10.5912,103,0
HCVIU.US,D,20241218,000000,10.57,10.57,10.57,10.57,101,0
HCVIU.US,D,20250127,000000,10.9,11.5,10.69,10.75,2847,0
