<TICKER>,<PER>,<DATE>,<TIME>,<OPEN>,<HIGH>,<LOW>,<CLOSE>,<VOL>,<OPENINT>
HPCO.US,D,20220830,000000,380,418,75,77.8,452208.2,0
HPCO.US,D,20220831,000000,71.6,74.3,48,51.1,174512,0
HPCO.US,D,20220901,000000,77.7,114.9,75.2,83.5,5088627.2,0
HPCO.US,D,20220902,000000,70.1,74,54.1,56.4,247307.3,0
HPCO.US,D,20220906,000000,52.2,53.999,41.7,45.5,115933.5,0
HPCO.US,D,20220907,000000,42.7,48.481,40,47.4,88191.3,0
HPCO.US,D,20220908,000000,47.4,47.4,42.3,43.1,32759.1,0
HPCO.US,D,20220909,000000,40.9,42.4,37.5,38.4,58254.1,0
HPCO.US,D,20220912,000000,38.9,39.499,35.5,37.501,58794.2,0
HPCO.US,D,20220913,000000,36.9,37,33.7,34,25938.6,0
HPCO.US,D,20220914,000000,33.4,37.193,33.201,34.8,52420.3,0
HPCO.US,D,20220915,000000,33.1,34.948,31.5,31.8,39667.4,0
HPCO.US,D,20220916,000000,29.5,30.5,28,28.4,42226.6,0
HPCO.US,D,20220919,000000,26.7,26.8,23.7,24.1,40027.2,0
HPCO.US,D,20220920,000000,23.5,24.9,23.3,24.5,20526.9,0
HPCO.US,D,20220921,000000,24.5,24.8,22.001,22.4,12547.2,0
HPCO.US,D,20220922,000000,22.2,24.2,22.101,22.7,11244.9,0
HPCO.US,D,20220923,000000,22,23.199,20.9,21.8,14267.8,0
HPCO.US,D,20220926,000000,21.1,23.5,21.01,22.7,20242.6,0
HPCO.US,D,20220927,000000,23.1,25,22.5,23.6,28339.5,0
HPCO.US,D,20220928,000000,24.3,24.9,23.1,24.1,15824.2,0
HPCO.US,D,20220929,000000,23.9,31.399,23.6,25.8,298603.8,0
HPCO.US,D,20220930,000000,25.2,25.95,22.2,22.5,36000.3,0
HPCO.US,D,20221003,000000,25.3,25.5,23.4,25,37344.2,0
HPCO.US,D,20221004,000000,25.3,26.4,24.301,25.5,39338.4,0
HPCO.US,D,20221005,000000,24.5,25.7,23.7,24.4,15774.3,0
HPCO.US,D,20221006,000000,24.9,27.7,23,25.5,96065.1,0
HPCO.US,D,20221007,000000,25.7,26,22.6,23.4,29503.1,0
HPCO.US,D,20221010,000000,22.8,25,21.9,22,7616.6,0
HPCO.US,D,20221011,000000,21.9,22.9,20.7,21.9,12872.5,0
HPCO.US,D,20221012,000000,35.3,36.4,28.6,31.4,2910249.2,0
HPCO.US,D,20221013,000000,29,36,28.6,33.8,241002.4,0
HPCO.US,D,20221014,000000,32.9,32.9,27.3,27.8,57902,0
HPCO.US,D,20221017,000000,28,29.2,25.2,25.4,35027.2,0
HPCO.US,D,20221018,000000,25.8,26.9,23.5,23.7,25687.9,0
HPCO.US,D,20221019,000000,22.7,22.799,20.6,21.1,19364.7,0
HPCO.US,D,20221020,000000,21,22,20.5,20.9,9535.8,0
HPCO.US,D,20221021,000000,20.8,21.4,19.6,20.6,11101,0
HPCO.US,D,20221024,000000,19.5,20.8,17.8,19,13322.4,0
HPCO.US,D,20221025,000000,19.4,20.4,18.4,19.6,18983,0
HPCO.US,D,20221026,000000,19.2,20.5,18.5,18.7,22169.9,0
HPCO.US,D,20221027,000000,19.2,19.9,18.3,18.3,15728.7,0
HPCO.US,D,20221028,000000,18.8,19.663,17.72,18.9,8816.2,0
HPCO.US,D,20221031,000000,19.6,19.6,17.9,19.4,48584.8,0
HPCO.US,D,20221101,000000,19.3,20.6,19,20,45596.7,0
HPCO.US,D,20221102,000000,20,20.4,17.801,18.9,12425.1,0
HPCO.US,D,20221103,000000,18.9,18.9,17.8,18.8,9898.1,0
HPCO.US,D,20221104,000000,18.1,18.5,17.801,18.5,3653.6,0
HPCO.US,D,20221107,000000,18.8,19.3,16.5,17.1,12330.2,0
HPCO.US,D,20221108,000000,16.9,17.15,15.064,15.9,9912.3,0
HPCO.US,D,20221109,000000,14.6,15.2,13.85,14.4,9642.9,0
HPCO.US,D,20221110,000000,14.6,15.466,13.605,15.1,18538,0
HPCO.US,D,20221111,000000,15,17.2,14.5,17,27039,0
HPCO.US,D,20221114,000000,17.2,17.2,15.612,16.1,7214.2,0
HPCO.US,D,20221115,000000,15.8,16.61,15.2,15.7,5724.2,0
HPCO.US,D,20221116,000000,15.601,15.888,15.2,15.5,1485.8,0
HPCO.US,D,20221117,000000,15.1,15.85,14.6,15.5,8940.8,0
HPCO.US,D,20221118,000000,15.3,15.899,15.2,15.2,986.2,0
HPCO.US,D,20221121,000000,15.4,15.5,14.6,14.7,6167.2,0
HPCO.US,D,20221122,000000,15.6,15.6,14.2,14.4,5149.7,0
HPCO.US,D,20221123,000000,14.75,15.3,14.2,14.8,4267.8,0
HPCO.US,D,20221125,000000,15.5,15.5,14.8,15,3876.5,0
HPCO.US,D,20221128,000000,15.4,15.4,13.6,13.6,8125.2,0
HPCO.US,D,20221129,000000,15.2,15.2,13.5,13.6,4581.3,0
HPCO.US,D,20221130,000000,15.4,16.121,14.5,15.3,11282.9,0
HPCO.US,D,20221201,000000,15.899,15.899,14.5,14.96,4411.3,0
HPCO.US,D,20221202,000000,14.8,15.8,14,15.5,9121.7,0
HPCO.US,D,20221205,000000,16.1,16.1,14,14,15213.4,0
HPCO.US,D,20221206,000000,14.2,14.2,13.1,14.2,4265.1,0
HPCO.US,D,20221207,000000,13.7,13.95,13.3,13.6,3312.4,0
HPCO.US,D,20221208,000000,13.943,13.999,13.1,13.2,4025.6,0
HPCO.US,D,20221209,000000,13.7,14.1,12.5,12.7,2675.9,0
HPCO.US,D,20221212,000000,13.1,13.1,11.7,11.7,9829.5,0
HPCO.US,D,20221213,000000,11.7,12.2,11.6,12,6729.5,0
HPCO.US,D,20221214,000000,11.7,11.8,11.2,11.4,6598.2,0
HPCO.US,D,20221215,000000,10.5,11.9,10.4,11.2,2688.7,0
HPCO.US,D,20221216,000000,11.4,11.4,10.1,10.801,4816,0
HPCO.US,D,20221219,000000,10.1,10.7,10.1,10.419,7064.6,0
HPCO.US,D,20221220,000000,10.2,10.733,8.16,9.275,6146.2,0
HPCO.US,D,20221221,000000,9.77,9.77,8.5,8.828,5895.1,0
HPCO.US,D,20221222,000000,8.944,9.79899,8.4,8.80001,7612.1,0
HPCO.US,D,20221223,000000,8.96,8.96,8.3,8.70001,2132.3,0
HPCO.US,D,20221227,000000,9.189,9.617,8.302,8.30301,4160.5,0
HPCO.US,D,20221228,000000,8.401,8.821,8.2,8.2,3444.4,0
HPCO.US,D,20221229,000000,8.2,8.5,7.573,8.251,9217.9,0
HPCO.US,D,20221230,000000,8.003,8.4,7.81,8.19,3434.2,0
HPCO.US,D,20230103,000000,8.839,8.839,7.95,7.95,2736.8,0
HPCO.US,D,20230104,000000,8,8.399,7.62,8,3899.4,0
HPCO.US,D,20230105,000000,8.403,8.79899,7.8,8.79899,13655.3,0
HPCO.US,D,20230106,000000,9,9.752,8.78508,9.3,7703.8,0
HPCO.US,D,20230109,000000,10.1,12.5,9.1,9.1,33754.5,0
HPCO.US,D,20230110,000000,9.448,10.175,9.1,9.2,8686.8,0
HPCO.US,D,20230111,000000,10.4,10.9,9.2,9.4,12640.5,0
HPCO.US,D,20230112,000000,9.4,12,9.4,11.3,11723.6,0
HPCO.US,D,20230113,000000,11.8,11.8,10.2,10.5,8548,0
HPCO.US,D,20230117,000000,11.1,12,10.6,11.8,6563.7,0
HPCO.US,D,20230118,000000,11.4,11.449,10.45,10.6,6731,0
HPCO.US,D,20230119,000000,10.4,10.8,10.001,10.5,9015.4,0
HPCO.US,D,20230120,000000,10.3,11.025,10.3,10.4,8594.9,0
HPCO.US,D,20230123,000000,10.4,10.5,9.4,10.2,10581.6,0
HPCO.US,D,20230124,000000,10,10.6,9.5,9.915,8529.3,0
HPCO.US,D,20230125,000000,10,10.1,9.5,10.1,2715.6,0
HPCO.US,D,20230126,000000,9.8,10.1,9.6,10,2425.6,0
HPCO.US,D,20230127,000000,10,10,9.8,9.812,5295.8,0
HPCO.US,D,20230130,000000,10.1,10.1,9.8,10.099,3369.2,0
HPCO.US,D,20230131,000000,10,10.5,10,10.3,7219.1,0
HPCO.US,D,20230201,000000,10.4,12.8,10.4,12.299,32318.7,0
HPCO.US,D,20230202,000000,13,13.5,11,11.1,55277.7,0
HPCO.US,D,20230203,000000,11.4,11.4,10.2,10.2,18358.7,0
HPCO.US,D,20230206,000000,9.1,9.85,7.7,8.6,57011,0
HPCO.US,D,20230207,000000,8.47,8.8,7.8,8.036,29537.9,0
HPCO.US,D,20230208,000000,8.26,8.26,7.4,7.55,235678.2,0
HPCO.US,D,20230209,000000,13.5,44.9,12.5,44,13491378.9,0
HPCO.US,D,20230210,000000,17.1,22.1,13.9,14.6,3380052.9,0
HPCO.US,D,20230213,000000,13.5,14,11.9,12.7,496298.9,0
HPCO.US,D,20230214,000000,12.1,16,10.6,15,1303016.8,0
HPCO.US,D,20230215,000000,14.2,14.397,11.773,12.3,377946.8,0
HPCO.US,D,20230216,000000,12.2,13.5,11.6,12.9,227025.6,0
HPCO.US,D,20230217,000000,12,12.499,11.6,12.1,121589.7,0
HPCO.US,D,20230221,000000,11.9,12.594,11.3,11.6,109282,0
HPCO.US,D,20230222,000000,11.7,11.7,10,10,167301.4,0
HPCO.US,D,20230223,000000,10.3,10.399,8.6,9.054,157046.8,0
HPCO.US,D,20230224,000000,8.8,9.415,8.5,9.077,73233.9,0
HPCO.US,D,20230227,000000,8.8,9.1,8.588,8.755,50424.2,0
HPCO.US,D,20230228,000000,9.4,9.48,8.66,8.752,53593,0
HPCO.US,D,20230301,000000,8.6,9.33,8.6,9,35746.1,0
HPCO.US,D,20230302,000000,8.736,8.999,8.4,8.68,30670.8,0
HPCO.US,D,20230303,000000,8.625,9.231,8.4,8.7,46703.8,0
HPCO.US,D,20230306,000000,8.848,9.48,8.52,8.841,56289.8,0
HPCO.US,D,20230307,000000,8.888,8.944,8.2,8.5,41798.6,0
HPCO.US,D,20230308,000000,8.252,8.5,7.936,8.5,52797.4,0
HPCO.US,D,20230309,000000,8.245,8.39,8,8.203,35909.6,0
HPCO.US,D,20230310,000000,7.957,8.221,7.60301,8,33126.4,0
HPCO.US,D,20230313,000000,7.7,7.909,7.16,7.909,37908.1,0
HPCO.US,D,20230314,000000,8,8.369,7.6,7.985,44870.2,0
HPCO.US,D,20230315,000000,7.725,7.816,7.2,7.816,17647.3,0
HPCO.US,D,20230316,000000,7.7,7.899,7.279,7.437,26222.1,0
HPCO.US,D,20230317,000000,7.6,7.609,7.139,7.181,25705.6,0
HPCO.US,D,20230320,000000,7.4,7.41,6.34,6.401,35971.2,0
HPCO.US,D,20230321,000000,6.5,6.8,6.2,6.2,39734.3,0
HPCO.US,D,20230322,000000,6.5,6.798,5.605,5.709,32336.5,0
HPCO.US,D,20230323,000000,5.781,6,5.5,5.5,19390.7,0
HPCO.US,D,20230324,000000,5.5,6.19,5.5,5.9,28724.9,0
HPCO.US,D,20230327,000000,6,7.2,6,6.9,50080.1,0
HPCO.US,D,20230328,000000,6.9,6.9,6.3,6.3,21315.1,0
HPCO.US,D,20230329,000000,6.301,6.798,6.301,6.5,21325.6,0
HPCO.US,D,20230330,000000,6.6,6.787,6.3,6.3,12850.6,0
HPCO.US,D,20230331,000000,6.398,6.5,6,6,17057.8,0
HPCO.US,D,20230403,000000,6.227,6.262,5.901,6.005,9982,0
HPCO.US,D,20230404,000000,6.157,6.205,5.8,6.2,11404.1,0
HPCO.US,D,20230405,000000,6.205,6.599,6.01,6.472,15218.2,0
HPCO.US,D,20230406,000000,6.598,7.097,6.309,6.9,28705.9,0
HPCO.US,D,20230410,000000,6.9,7.901,6.8,7.4,73050,0
HPCO.US,D,20230411,000000,7.7,7.7,6.903,7.2,33018.9,0
HPCO.US,D,20230412,000000,7.2,7.299,6.6,7.099,21587.6,0
HPCO.US,D,20230413,000000,6.886,7.345,6.64719,7.02,10878.5,0
HPCO.US,D,20230414,000000,6.893,7.2,6.701,6.802,16383.9,0
HPCO.US,D,20230417,000000,7,7,6.65,6.9,7842.9,0
HPCO.US,D,20230418,000000,7,7.14899,6.4,6.724,17717.8,0
HPCO.US,D,20230419,000000,6.9,7.2,6.63,6.835,16589.6,0
HPCO.US,D,20230420,000000,6.9,7.19,6.431,6.58,20381.3,0
HPCO.US,D,20230421,000000,6.5,6.8,6.101,6.3,16292.7,0
HPCO.US,D,20230424,000000,6.111,6.357,5.8,6.06,15170.1,0
HPCO.US,D,20230425,000000,6.2,6.29899,5.911,6.1,6667,0
HPCO.US,D,20230426,000000,6,6.199,5.4,5.8,26818.7,0
HPCO.US,D,20230427,000000,5.674,5.851,5.253,5.45,15179.7,0
HPCO.US,D,20230428,000000,5.45,5.699,5.074,5.556,26070.7,0
HPCO.US,D,20230501,000000,5.484,5.556,5.2,5.4,9123,0
HPCO.US,D,20230502,000000,5.6,5.67,4.9,5.09,16760.4,0
HPCO.US,D,20230503,000000,4.937,5.26,4.937,5.05,11112.3,0
HPCO.US,D,20230504,000000,5.1,5.499,4.911,5.3,20894.6,0
HPCO.US,D,20230505,000000,5.1,5.454,5.1,5.45,11318.7,0
HPCO.US,D,20230508,000000,5.39,7.69224,5.39,6.6,229345,0
HPCO.US,D,20230509,000000,6.27,6.459,5.7,6.2,38354.8,0
HPCO.US,D,20230510,000000,6.2,6.8,6.05,6.102,41342.2,0
HPCO.US,D,20230511,000000,6.10101,6.6,5.90101,6.2,14852.7,0
HPCO.US,D,20230512,000000,6.12499,6.125,5.376,5.999,13827.6,0
HPCO.US,D,20230515,000000,5.432,5.999,5.432,5.85,7285.3,0
HPCO.US,D,20230516,000000,5.703,5.999,5.501,5.7,26107.8,0
HPCO.US,D,20230517,000000,5.799,5.9,5.6,5.771,7710.4,0
HPCO.US,D,20230518,000000,5.771,6,5.7,5.801,10320.8,0
HPCO.US,D,20230519,000000,5.7,5.96,5.6,5.749,7325.7,0
HPCO.US,D,20230522,000000,5.88,5.9,5.61,5.7,8405,0
HPCO.US,D,20230523,000000,5.8,5.9,5.511,5.676,6190.8,0
HPCO.US,D,20230524,000000,6,6.1,5.691,5.9,10813.3,0
HPCO.US,D,20230525,000000,6,6.06999,5.52,5.999,8377.3,0
HPCO.US,D,20230526,000000,5.607,6.09899,5.6,5.799,7405.9,0
HPCO.US,D,20230530,000000,5.6,5.799,5.4,5.401,15327.9,0
HPCO.US,D,20230531,000000,5.4,5.5,4.96,5.016,14492.1,0
HPCO.US,D,20230601,000000,5.39,5.39,4.702,5,29315.8,0
HPCO.US,D,20230602,000000,4.9,4.997,4.822,4.831,11356.3,0
HPCO.US,D,20230605,000000,4.89,5.071,4.7,4.95,13650.4,0
HPCO.US,D,20230606,000000,4.999,5.005,4.705,4.99899,13427.1,0
HPCO.US,D,20230607,000000,4.921,5.299,4.901,5.292,8453.1,0
HPCO.US,D,20230608,000000,5.386,5.386,5.05,5.145,4638.8,0
HPCO.US,D,20230609,000000,5.025,5.2,4.801,4.94,5767.1,0
HPCO.US,D,20230612,000000,4.92,5,4.71501,5,6604.4,0
HPCO.US,D,20230613,000000,5,5,4.65589,4.81,28707.8,0
HPCO.US,D,20230614,000000,4.711,4.99,4.7,4.715,14383.8,0
HPCO.US,D,20230615,000000,4.615,4.849,4.5,4.542,18303,0
HPCO.US,D,20230616,000000,4.602,4.799,4.41101,4.48,70961.6,0
HPCO.US,D,20230620,000000,4.588,4.65,4.111,4.225,31424.8,0
HPCO.US,D,20230621,000000,4.385,4.4,4.114,4.114,19292.5,0
HPCO.US,D,20230622,000000,4.2,4.30701,4.111,4.2,3820.5,0
HPCO.US,D,20230623,000000,4.3,4.4,4.115,4.39899,9796,0
HPCO.US,D,20230626,000000,4.22,4.391,4.021,4.1,6785.8,0
HPCO.US,D,20230627,000000,4.173,4.39899,4.1,4.18,5174.9,0
HPCO.US,D,20230628,000000,4.2,4.24208,4.02,4.023,7642,0
HPCO.US,D,20230629,000000,4.011,4.211,3.851,3.99,10395.7,0
HPCO.US,D,20230630,000000,3.91,4.0075,3.65,3.899,8773.4,0
HPCO.US,D,20230703,000000,4,4.099,3.9,4.049,4606.6,0
HPCO.US,D,20230705,000000,4.087,4.399,3.961,4.2,32747.7,0
HPCO.US,D,20230706,000000,4.1,4.123,3.926,4.1,23565.7,0
HPCO.US,D,20230707,000000,4,4.19799,3.94301,4,8503.5,0
HPCO.US,D,20230710,000000,3.98,3.98,3.70601,3.918,10466.2,0
HPCO.US,D,20230711,000000,4,4.098,3.921,3.999,15306,0
HPCO.US,D,20230712,000000,4,4.1,3.97701,4.01,14007.6,0
HPCO.US,D,20230713,000000,4,4.1,3.92,4,22894.1,0
HPCO.US,D,20230714,000000,4.0183,4.1,3.9,3.927,4377.4,0
HPCO.US,D,20230717,000000,4,4.004,3.9,3.97551,11617.1,0
HPCO.US,D,20230718,000000,4.002,5.97,3.92001,5.4,336303.4,0
HPCO.US,D,20230719,000000,5.32,5.59,4.71,5.23,70558.5,0
HPCO.US,D,20230720,000000,4.984,5.379,4.801,4.921,38665.8,0
HPCO.US,D,20230721,000000,4.884,5.04,4.58,4.751,25160.6,0
HPCO.US,D,20230724,000000,4.7,4.854,4.1,4.205,32697.8,0
HPCO.US,D,20230725,000000,4.297,4.343,3.671,3.81,22437.7,0
HPCO.US,D,20230726,000000,4,4.15,3.801,3.92367,40158.9,0
HPCO.US,D,20230727,000000,3.99,4.298,3.805,3.917,78570.9,0
HPCO.US,D,20230728,000000,3.948,4.1,3.81,3.95,20999.1,0
HPCO.US,D,20230731,000000,4.05,4.145,3.901,3.92,16242.9,0
HPCO.US,D,20230801,000000,3.99,3.999,3.9,3.908,10437.8,0
HPCO.US,D,20230802,000000,3.825,4,3.779,3.925,17604.3,0
HPCO.US,D,20230803,000000,3.9,3.99,3.781,3.909,13013.2,0
HPCO.US,D,20230804,000000,3.844,4,3.831,3.939,9417.7,0
HPCO.US,D,20230807,000000,3.9,3.93,3.738,3.899,14235.7,0
HPCO.US,D,20230808,000000,3.89,4.201,3.8,4.08,29337.7,0
HPCO.US,D,20230809,000000,4.141,4.295,3.9,4.044,8309.6,0
HPCO.US,D,20230810,000000,4,4,3.801,3.999,4243.2,0
HPCO.US,D,20230811,000000,3.89,3.89,3.008,3.799,18343.7,0
HPCO.US,D,20230814,000000,3.7,3.88,3.505,3.68,24945.4,0
HPCO.US,D,20230815,000000,3.538,3.759,3.2,3.49,8908.7,0
HPCO.US,D,20230816,000000,3.4,3.662,3.257,3.445,12642.9,0
HPCO.US,D,20230817,000000,3.37,3.52781,3.34,3.488,3358.8,0
HPCO.US,D,20230818,000000,3.34,3.488,3.3,3.431,12223.8,0
HPCO.US,D,20230821,000000,3.35,3.431,3.126,3.2,11226.2,0
HPCO.US,D,20230822,000000,3.232,3.39999,3.157,3.277,8052.4,0
HPCO.US,D,20230823,000000,3.348,3.348,3.12701,3.152,14484.8,0
HPCO.US,D,20230824,000000,3.2,3.26,3.061,3.099,5043.2,0
HPCO.US,D,20230825,000000,3.05,3.26,3.01,3.1,6246.1,0
HPCO.US,D,20230828,000000,3,3.099,3,3.098,2961.9,0
HPCO.US,D,20230829,000000,3.198,3.198,2.805,3.15,6447.5,0
HPCO.US,D,20230830,000000,3.188,3.898,3,3.88051,153704.5,0
HPCO.US,D,20230831,000000,3.764,4.2,3.4,3.426,97268,0
HPCO.US,D,20230901,000000,3.75,3.986,3.6,3.8,66737,0
HPCO.US,D,20230905,000000,3.899,4.198,3.626,4.039,35238.2,0
HPCO.US,D,20230906,000000,4,4.019,3.72,3.95,14353.3,0
HPCO.US,D,20230907,000000,3.812,3.901,3.65,3.85,11647.7,0
HPCO.US,D,20230908,000000,3.893,4.299,3.701,3.83,27161.7,0
HPCO.US,D,20230911,000000,4.022,4.6,3.85,4.478,91408.2,0
HPCO.US,D,20230912,000000,4.556,4.879,4.056,4.131,62529.4,0
HPCO.US,D,20230913,000000,4.11,4.52,3.928,4.467,35282.1,0
HPCO.US,D,20230914,000000,4.316,4.6,4.2,4.59,14368.5,0
HPCO.US,D,20230915,000000,4.5,4.688,4.1,4.6,14979.7,0
HPCO.US,D,20230918,000000,4.462,4.569,4.2,4.2,3799.9,0
HPCO.US,D,20230919,000000,4.052,4.174,3.8,3.87,7926.4,0
HPCO.US,D,20230920,000000,3.9,3.918,3.521,3.579,7675.5,0
HPCO.US,D,20230921,000000,3.68,3.8,3.5,3.7,20102.1,0
HPCO.US,D,20230922,000000,3.6,3.71,3.55,3.65,3433.2,0
HPCO.US,D,20230925,000000,3.65,4,3.51,3.831,15141.7,0
HPCO.US,D,20230926,000000,3.9,3.9,3.695,3.9,6972.5,0
HPCO.US,D,20230927,000000,3.82,3.997,3.625,3.72,6042.5,0
HPCO.US,D,20230928,000000,3.655,4,3.611,3.7,10084.4,0
HPCO.US,D,20230929,000000,3.8,4,3.7,3.799,6955.2,0
HPCO.US,D,20231002,000000,3.684,3.897,3.6,3.6,2273.1,0
HPCO.US,D,20231003,000000,3.539,3.65,3.2,3.65,7664,0
HPCO.US,D,20231004,000000,3.65,3.65,3.5,3.65,2671.6,0
HPCO.US,D,20231005,000000,3.65,3.8,3.601,3.648,6726.8,0
HPCO.US,D,20231006,000000,3.55,3.8,3.55,3.672,2438.2,0
HPCO.US,D,20231009,000000,3.7,3.79899,3.001,3.6,10815.1,0
HPCO.US,D,20231010,000000,3.411,3.6,3.3,3.45,3977.9,0
HPCO.US,D,20231011,000000,3.449,3.449,3.17,3.17,6221.8,0
HPCO.US,D,20231012,000000,3.21,3.264,3.01,3.09,7319.3,0
HPCO.US,D,20231013,000000,3.111,3.45,3.111,3.199,2760.3,0
HPCO.US,D,20231016,000000,3.4,3.4,3.124,3.199,4077.8,0
HPCO.US,D,20231017,000000,3.25,3.69899,3.2,3.551,17866.6,0
HPCO.US,D,20231018,000000,3.566,3.584,3.1,3.508,3614.1,0
HPCO.US,D,20231019,000000,3.573,3.896,3.23757,3.63,13790,0
HPCO.US,D,20231020,000000,3.4,3.871,3.4,3.7,6955.1,0
HPCO.US,D,20231023,000000,3.492,3.75,3.41,3.50101,8381.1,0
HPCO.US,D,20231024,000000,3.605,3.676,3.5,3.55,6732.3,0
HPCO.US,D,20231025,000000,3.5,3.775,3.4,3.45,2962.1,0
HPCO.US,D,20231026,000000,3.623,3.623,3.25001,3.59,2383.5,0
HPCO.US,D,20231027,000000,3.4,3.68,3.35,3.6,4669.1,0
HPCO.US,D,20231030,000000,3.5,3.69,3.311,3.6,4046.6,0
HPCO.US,D,20231031,000000,3.6,3.7,3.36,3.4,3605.9,0
HPCO.US,D,20231101,000000,3.5,3.5,3,3.29899,10019.4,0
HPCO.US,D,20231102,000000,3.131,3.6,3.131,3.6,13294.6,0
HPCO.US,D,20231103,000000,3.6,3.7,3.512,3.604,2314.2,0
HPCO.US,D,20231106,000000,3.784,3.83,3.4,3.6,9385.9,0
HPCO.US,D,20231107,000000,3.6,3.9,3.6,3.81,8217.4,0
HPCO.US,D,20231108,000000,3.9,4.36,3.848,4.05,14815,0
HPCO.US,D,20231109,000000,4.3,4.49,4.095,4.1,21149.5,0
HPCO.US,D,20231110,000000,4.4,4.461,3.75,4,4316,0
HPCO.US,D,20231113,000000,3.9,4.6,3.7,3.776,4343.3,0
HPCO.US,D,20231114,000000,4,4.599,3.59,3.99,15837.5,0
HPCO.US,D,20231115,000000,3.9,4.3,3.574,3.717,13804.9,0
HPCO.US,D,20231116,000000,3.717,3.717,3.502,3.699,1125.5,0
HPCO.US,D,20231117,000000,3.93,3.93,3.499,3.81,3923.1,0
HPCO.US,D,20231120,000000,3.81,3.84,3.501,3.55,8104.3,0
HPCO.US,D,20231121,000000,3.756,3.756,3.25,3.539,4047.4,0
HPCO.US,D,20231122,000000,3.3,3.7,3.149,3.395,6971.1,0
HPCO.US,D,20231124,000000,3.3,3.69,3.29,3.69,1603,0
HPCO.US,D,20231127,000000,3.6,3.6,3.2,3.285,6256.1,0
HPCO.US,D,20231128,000000,3.139,3.75,3.139,3.599,22795.9,0
HPCO.US,D,20231129,000000,3.53,3.599,3.302,3.305,7181.7,0
HPCO.US,D,20231130,000000,3.4,3.5,3.095,3.31,13902.7,0
HPCO.US,D,20231201,000000,3.385,3.519,3.337,3.337,1512.5,0
HPCO.US,D,20231204,000000,3.5,3.5,3.197,3.499,6664.4,0
HPCO.US,D,20231205,000000,3.222,3.497,3.21,3.39,8025.2,0
HPCO.US,D,20231206,000000,3.4,3.4,3.21,3.399,534292,0
HPCO.US,D,20231207,000000,5.209,5.414,4.15,4.85,2815552.7,0
HPCO.US,D,20231208,000000,4.238,4.777,3.319,4.125,246079.6,0
HPCO.US,D,20231211,000000,3.396,4.1,3.151,4.045,84849.8,0
HPCO.US,D,20231212,000000,3.685,3.891,3.4,3.705,24304.5,0
HPCO.US,D,20231213,000000,3.502,3.7,3.491,3.652,23504.7,0
HPCO.US,D,20231214,000000,3.396,3.798,3.35,3.633,37862.1,0
HPCO.US,D,20231215,000000,3.501,3.599,3.22,3.5,32872.3,0
HPCO.US,D,20231218,000000,3.42,3.554,3.3,3.554,14401.9,0
HPCO.US,D,20231219,000000,3.78,3.78,3.4,3.552,11937,0
HPCO.US,D,20231220,000000,3.405,3.524,3.2,3.29249,25039.8,0
HPCO.US,D,20231221,000000,3.25,3.412,3.21,3.39,13068.9,0
HPCO.US,D,20231222,000000,3.216,3.499,3.199,3.39,14713.2,0
HPCO.US,D,20231226,000000,3.422,3.422,3.241,3.388,4571.2,0
HPCO.US,D,20231227,000000,3.2,3.35,3.2,3.34,13645.2,0
HPCO.US,D,20231228,000000,3.2,3.5,3.2,3.5,11217.9,0
HPCO.US,D,20231229,000000,3.5,3.5,3.227,3.383,7576.9,0
HPCO.US,D,20240102,000000,3.45,3.48,3.317,3.4075,2579.8,0
HPCO.US,D,20240103,000000,3.39,3.999,3.39,3.9,45266.3,0
HPCO.US,D,20240104,000000,3.783,4.61,3.495,3.793,38966.5,0
HPCO.US,D,20240105,000000,3.75,3.774,3.504,3.585,4168.3,0
HPCO.US,D,20240108,000000,3.68,3.691,3.32,3.374,4975,0
HPCO.US,D,20240109,000000,3.575,3.992,3.5185,3.683,18882.7,0
HPCO.US,D,20240110,000000,3.78,4,3.6,3.668,11514.6,0
HPCO.US,D,20240111,000000,3.757,3.757,3.5,3.51,3343.1,0
HPCO.US,D,20240112,000000,3.549,3.613,3.339,3.5,5708.2,0
HPCO.US,D,20240116,000000,3.5,4.14,3.39,3.71,13333.5,0
HPCO.US,D,20240117,000000,3.98,3.98,3.30229,3.308,7280.2,0
HPCO.US,D,20240118,000000,3.3,3.4,3.171,3.3,24531.1,0
HPCO.US,D,20240119,000000,3.4,3.56799,3.366,3.4,13286.7,0
HPCO.US,D,20240122,000000,3.406,3.406,3.20101,3.28,2900.2,0
HPCO.US,D,20240123,000000,3.28,3.465,3.28,3.298,4102.8,0
HPCO.US,D,20240124,000000,3.201,3.43,3.201,3.308,4337.1,0
HPCO.US,D,20240125,000000,3.293,3.398,3.2,3.299,1847.7,0
HPCO.US,D,20240126,000000,3.495,3.495,3.299,3.309,2662.9,0
HPCO.US,D,20240129,000000,3.392,3.474,3.3,3.4,3370.1,0
HPCO.US,D,20240130,000000,3.4,3.4,3.101,3.33,9890.3,0
HPCO.US,D,20240131,000000,3.4,3.4,3.25,3.331,5688.7,0
HPCO.US,D,20240201,000000,3.399,3.4,3.331,3.399,1121,0
HPCO.US,D,20240202,000000,3.41551,3.416,3.2,3.399,4399.1,0
HPCO.US,D,20240205,000000,3.301,3.46,3.3,3.45,2975.6,0
HPCO.US,D,20240206,000000,3.4,3.5,3.3,3.499,2838.6,0
HPCO.US,D,20240207,000000,3.4,3.401,3.148,3.153,10973.9,0
HPCO.US,D,20240208,000000,3.21,3.262,2.872,3.14,16554.7,0
HPCO.US,D,20240209,000000,3.046,3.254,3,3.1,11071.4,0
HPCO.US,D,20240212,000000,3.1,3.1,3,3.005,7294.7,0
HPCO.US,D,20240213,000000,3,3.099,2.815,2.853,22735.3,0
HPCO.US,D,20240214,000000,3.066,3.066,2.605,2.835,35738.9,0
HPCO.US,D,20240215,000000,2.75,2.9,2.546,2.811,11665.3,0
HPCO.US,D,20240216,000000,2.802,2.89,2.651,2.666,11257.7,0
HPCO.US,D,20240220,000000,2.511,2.898,2.47,2.716,17247.1,0
HPCO.US,D,20240221,000000,2.771,2.805,2.6,2.628,5965.2,0
HPCO.US,D,20240222,000000,2.781,2.781,2.53,2.68096,9797.5,0
HPCO.US,D,20240223,000000,2.7,2.7,2.575,2.58413,5505.1,0
HPCO.US,D,20240226,000000,2.6,2.89899,2.5,2.5,45577.8,0
HPCO.US,D,20240227,000000,2.504,2.616,2.35,2.4,40949.6,0
HPCO.US,D,20240228,000000,2.54,2.848,2.312,2.56,69994,0
HPCO.US,D,20240229,000000,2.483,2.8,2.483,2.49,15944.5,0
HPCO.US,D,20240301,000000,2.5,2.599,2.4,2.45,11400.8,0
HPCO.US,D,20240304,000000,2.572,2.572,2.34,2.476,7712.5,0
HPCO.US,D,20240305,000000,2.548,2.5489,2.205,2.407,16330.3,0
HPCO.US,D,20240306,000000,2.318,2.445,2.302,2.316,20531.6,0
HPCO.US,D,20240307,000000,2.32,2.3675,2.058,2.147,18358.5,0
HPCO.US,D,20240308,000000,2.15,2.199,1.99,2.04,12252.5,0
HPCO.US,D,20240311,000000,2.079,2.188,1.94,2.099,35584.5,0
HPCO.US,D,20240312,000000,2,3.14,2,2.3,214568,0
HPCO.US,D,20240313,000000,2.1839,2.8785,2.16,2.6,358523,0
HPCO.US,D,20240314,000000,2.61,3.1817,2.46,2.48,754093,0
HPCO.US,D,20240315,000000,2.43,2.55,2.11,2.36,240222,0
HPCO.US,D,20240318,000000,2.34,2.865,2.31,2.81,605944,0
HPCO.US,D,20240319,000000,2.74,2.9,2.51,2.66,414934,0
HPCO.US,D,20240320,000000,2.64,2.665,2.2301,2.39,163022,0
HPCO.US,D,20240321,000000,2.3918,2.4799,2.2,2.26,161150,0
HPCO.US,D,20240322,000000,2.24,2.38,1.86,2.02,759144,0
HPCO.US,D,20240325,000000,2.05,2.05,1.73,1.81,123710,0
HPCO.US,D,20240326,000000,1.78,1.78,1.57,1.63,199295,0
HPCO.US,D,20240327,000000,1.59,1.7,1.5502,1.62,56139,0
HPCO.US,D,20240328,000000,1.66,1.7499,1.61,1.67,52660,0
HPCO.US,D,20240401,000000,1.71,1.71,1.54,1.54,31818,0
HPCO.US,D,20240402,000000,1.54,1.6284,1.47,1.5,48274,0
HPCO.US,D,20240403,000000,1.42,1.5799,1.4,1.53,128738,0
HPCO.US,D,20240404,000000,1.5,1.89,1.4318,1.435,790003,0
HPCO.US,D,20240405,000000,1.36,1.39,1.23,1.2839,189074,0
HPCO.US,D,20240408,000000,1.31,1.31,1.23,1.255,88029,0
HPCO.US,D,20240409,000000,1.24,1.45,1.24,1.38,163815,0
HPCO.US,D,20240410,000000,1.34,1.34,1.1203,1.17,102136,0
HPCO.US,D,20240411,000000,1.1906,1.24,1.15,1.21,41554,0
HPCO.US,D,20240412,000000,1.19,1.21,1.13,1.14,55363,0
HPCO.US,D,20240415,000000,1.23,1.54,0.9894,0.9894,1066324,0
HPCO.US,D,20240416,000000,0.98,1.05,0.91,0.9999,176386,0
HPCO.US,D,20240417,000000,0.9699,1.09,0.93162,0.98,86995,0
HPCO.US,D,20240418,000000,0.96,1.04,0.94,0.97,35736,0
HPCO.US,D,20240419,000000,0.9897,1.06,0.95,1,48163,0
HPCO.US,D,20240422,000000,1.1,1.1,0.9666,1,24544,0
HPCO.US,D,20240423,000000,1.03,1.03,0.955801,1,36449,0
HPCO.US,D,20240424,000000,1.03,1.09,0.9744,1.05,41635,0
HPCO.US,D,20240425,000000,1.01,1.05,0.98,1.02,17802,0
HPCO.US,D,20240426,000000,0.9999,1.03,0.98,1,28167,0
HPCO.US,D,20240429,000000,1.01,1.06,0.962,1,73660,0
HPCO.US,D,20240430,000000,1.1,1.24,0.957,1.2,792345,0
HPCO.US,D,20240501,000000,1.14,1.14,0.991,1,243896,0
HPCO.US,D,20240502,000000,0.99,1.06,0.99,1.05,87904,0
HPCO.US,D,20240503,000000,1.08,1.08,1.01,1.01,73036,0
HPCO.US,D,20240506,000000,1.04,1.04,0.99,0.99,69526,0
HPCO.US,D,20240507,000000,1,1.02,0.9401,0.98,81597,0
HPCO.US,D,20240508,000000,0.98,0.9999,0.9416,0.968,39382,0
HPCO.US,D,20240509,000000,0.95,0.9714,0.925,0.93,74192,0
HPCO.US,D,20240510,000000,0.9499,0.95,0.8752,0.9374,93623,0
HPCO.US,D,20240513,000000,0.97,1.08,0.9301,0.99,87330,0
HPCO.US,D,20240514,000000,1,1.03,0.98,1.0199,79112,0
HPCO.US,D,20240515,000000,1.01,1.1,1.01,1.025,61234,0
HPCO.US,D,20240516,000000,1.05,1.14,1.0183,1.126,338617,0
HPCO.US,D,20240517,000000,1.16,1.17,1.05,1.07,63609,0
HPCO.US,D,20240520,000000,1.06,1.1,1.05,1.06,23345,0
HPCO.US,D,20240521,000000,1.05,1.0699,0.9825,1.03,71272,0
HPCO.US,D,20240522,000000,1.01,1.04,1,1.02,9205,0
HPCO.US,D,20240523,000000,0.999,1.03,0.98,1.03,24076,0
HPCO.US,D,20240524,000000,1.04,1.05,1.01,1.03,16392,0
HPCO.US,D,20240528,000000,1.05,1.05,1.01,1.0299,31030,0
HPCO.US,D,20240529,000000,1.05,1.05,1,1,17581,0
HPCO.US,D,20240530,000000,1,1.0265,0.9386,0.9701,38536,0
HPCO.US,D,20240531,000000,0.998,1,0.916,0.93,67888,0
HPCO.US,D,20240603,000000,0.94,0.97,0.922744,0.9301,11148,0
HPCO.US,D,20240604,000000,0.97,0.97,0.9235,0.9251,31484,0
HPCO.US,D,20240605,000000,0.9682,1,0.9005,0.92,22919,0
HPCO.US,D,20240606,000000,0.94,0.95,0.89,0.948,12583,0
HPCO.US,D,20240607,000000,0.88,0.95,0.820101,0.9,38528,0
HPCO.US,D,20240610,000000,0.89,0.8935,0.8055,0.8418,59589,0
HPCO.US,D,20240611,000000,0.842,0.87,0.842,0.86,25335,0
HPCO.US,D,20240612,000000,0.86,0.9294,0.8444,0.919,66347,0
HPCO.US,D,20240613,000000,0.933,0.9975,0.87,0.9501,20991,0
HPCO.US,D,20240614,000000,0.9708,1.2,0.91,0.96,698912,0
HPCO.US,D,20240617,000000,0.95,0.977,0.824,0.835001,144568,0
HPCO.US,D,20240618,000000,0.8308,0.8348,0.8001,0.8002,39429,0
HPCO.US,D,20240620,000000,0.81,0.8199,0.7802,0.79,55969,0
HPCO.US,D,20240621,000000,0.7907,0.801,0.7702,0.8,72526,0
HPCO.US,D,20240624,000000,0.784,0.809,0.784,0.801,14258,0
HPCO.US,D,20240625,000000,0.8101,0.83,0.7821,0.805699,46254,0
HPCO.US,D,20240626,000000,0.81,0.89,0.8007,0.8377,104665,0
HPCO.US,D,20240627,000000,0.84,0.848,0.803647,0.80429,21593,0
HPCO.US,D,20240628,000000,0.821,0.8499,0.771,0.84,19374,0
HPCO.US,D,20240701,000000,0.85,0.85,0.8001,0.83,24578,0
HPCO.US,D,20240702,000000,0.8496,0.8496,0.815,0.8164,10019,0
HPCO.US,D,20240703,000000,0.8301,0.8325,0.798,0.82,7855,0
HPCO.US,D,20240705,000000,0.8399,0.8481,0.8035,0.82,7289,0
HPCO.US,D,20240708,000000,0.8,0.844,0.8,0.8349,10746,0
HPCO.US,D,20240709,000000,0.8251,0.8497,0.78,0.7902,25793,0
HPCO.US,D,20240710,000000,0.7701,0.7801,0.7111,0.7341,33915,0
HPCO.US,D,20240711,000000,0.749949,0.7626,0.7,0.711,26194,0
HPCO.US,D,20240712,000000,0.73,0.7798,0.72,0.75,29376,0
HPCO.US,D,20240715,000000,0.762626,0.78932,0.7211,0.7681,9839,0
HPCO.US,D,20240716,000000,0.734,0.766,0.7318,0.7602,5813,0
HPCO.US,D,20240717,000000,0.7602,0.82,0.7548,0.7801,52000,0
HPCO.US,D,20240718,000000,0.8096,0.8098,0.7599,0.76,28067,0
HPCO.US,D,20240719,000000,0.798,0.8,0.7701,0.7866,2952,0
HPCO.US,D,20240722,000000,0.78,0.7801,0.76,0.76,2055,0
HPCO.US,D,20240723,000000,0.7604,0.7798,0.75,0.752,3876,0
HPCO.US,D,20240724,000000,0.7798,0.7798,0.7501,0.7502,1797,0
HPCO.US,D,20240725,000000,0.76,0.77,0.75,0.76,11910,0
HPCO.US,D,20240726,000000,0.8099,0.81,0.76,0.7786,11579,0
HPCO.US,D,20240729,000000,0.8,0.8,0.73,0.732,18091,0
HPCO.US,D,20240730,000000,0.732,0.7789,0.691,0.75,17613,0
HPCO.US,D,20240731,000000,0.7,0.7899,0.68,0.7698,36088,0
HPCO.US,D,20240801,000000,0.73,0.7698,0.73,0.7687,5126,0
HPCO.US,D,20240802,000000,0.700101,0.7692,0.7,0.7,11189,0
HPCO.US,D,20240805,000000,0.661,0.661,0.5618,0.6078,125171,0
HPCO.US,D,20240806,000000,0.597,0.62,0.59,0.6,18344,0
HPCO.US,D,20240807,000000,0.5902,0.6,0.495,0.5298,60580,0
HPCO.US,D,20240808,000000,0.5252,0.7467,0.4999,0.5511,156454,0
HPCO.US,D,20240809,000000,0.5511,0.57,0.46,0.48,49635,0
HPCO.US,D,20240812,000000,0.4992,0.5987,0.47,0.55,69257,0
HPCO.US,D,20240813,000000,0.55,0.563786,0.520301,0.54,16427,0
HPCO.US,D,20240814,000000,0.54,0.64,0.5251,0.6399,237958,0
HPCO.US,D,20240815,000000,0.6207,0.6398,0.561,0.6002,55812,0
HPCO.US,D,20240816,000000,0.64,0.7,0.6048,0.664,59753,0
HPCO.US,D,20240819,000000,0.687,0.7196,0.6506,0.6798,110714,0
HPCO.US,D,20240820,000000,0.7,0.7,0.5862,0.6797,31345,0
HPCO.US,D,20240821,000000,0.6885,0.7266,0.6502,0.7,21148,0
HPCO.US,D,20240822,000000,0.683,0.71,0.683,0.7004,27845,0
HPCO.US,D,20240823,000000,0.7264,0.7264,0.6906,0.7197,5889,0
HPCO.US,D,20240826,000000,0.72,0.78,0.702,0.718648,54635,0
HPCO.US,D,20240827,000000,0.7025,0.767,0.7,0.727,18042,0
HPCO.US,D,20240828,000000,0.7,0.7378,0.7,0.7378,22126,0
HPCO.US,D,20240829,000000,0.71,0.7315,0.671,0.71565,22506,0
HPCO.US,D,20240830,000000,0.72597,0.7398,0.7002,0.703201,13113,0
HPCO.US,D,20240903,000000,0.73586,0.74,0.7011,0.7013,12624,0
HPCO.US,D,20240904,000000,0.71,0.71,0.6701,0.6701,39676,0
HPCO.US,D,20240905,000000,0.6703,0.701515,0.5513,0.6201,293984,0
