<TICKER>,<PER>,<DATE>,<TIME>,<OPEN>,<HIGH>,<LOW>,<CLOSE>,<VOL>,<OPENINT>
HYZNW.US,D,20201215,000000,1.6943,2,1.6,1.61,52645,0
HYZNW.US,D,20201216,000000,1.98,2,1.72,1.78,43111,0
HYZNW.US,D,20201217,000000,1.83,1.92,1.71,1.7416,58205,0
HYZNW.US,D,20201218,000000,1.8,1.8,1.55,1.55,107281,0
HYZNW.US,D,20201221,000000,1.75,1.75,1.3,1.6,93414,0
HYZNW.US,D,20201222,000000,1.6498,1.7,1.625,1.68,66964,0
HYZNW.US,D,20201223,000000,1.79,1.8,1.71,1.8,243668,0
HYZNW.US,D,20201224,000000,1.92,2.15,1.76,1.95,171435,0
HYZNW.US,D,20201228,000000,2.08,2.0999,1.9,1.9499,81321,0
HYZNW.US,D,20201229,000000,1.95,1.95,1.85,1.8504,31993,0
HYZNW.US,D,20201230,000000,1.8998,1.93,1.8,1.8,73198,0
HYZNW.US,D,20201231,000000,1.825,1.87,1.8,1.839,40412,0
HYZNW.US,D,20210104,000000,1.8,1.86,1.8,1.8499,15332,0
HYZNW.US,D,20210105,000000,1.8,1.83,1.79,1.8,99862,0
HYZNW.US,D,20210106,000000,1.84,1.89,1.8,1.8,20291,0
HYZNW.US,D,20210107,000000,1.86,1.94,1.8,1.94,197187,0
HYZNW.US,D,20210108,000000,1.9299,2.05,1.9,2.05,36610,0
HYZNW.US,D,20210111,000000,2.05,2.24,2.05,2.13,84320,0
HYZNW.US,D,20210112,000000,2.38,2.97,2.17,2.7,162928,0
HYZNW.US,D,20210113,000000,2.8,2.8,2.22,2.59,224025,0
HYZNW.US,D,20210114,000000,2.8,3,2.56,2.6,137939,0
HYZNW.US,D,20210115,000000,2.61,2.85,2.31,2.52,114340,0
HYZNW.US,D,20210119,000000,2.6,2.75,2.44,2.75,270493,0
HYZNW.US,D,20210120,000000,2.9,3.1,2.9,3.04,94625,0
HYZNW.US,D,20210121,000000,3.02,3.25,3.02,3.22,76659,0
HYZNW.US,D,20210122,000000,3.38,4,3.31,3.55,185969,0
HYZNW.US,D,20210125,000000,4.2,4.24,3.2,3.7498,150611,0
HYZNW.US,D,20210126,000000,3.75,3.75,3.29,3.485,126539,0
HYZNW.US,D,20210127,000000,3.1,3.1,2.22,2.99,380234,0
HYZNW.US,D,20210128,000000,2.85,2.85,2.53,2.71,134978,0
HYZNW.US,D,20210129,000000,2.84,3.1,2.68,2.76,87304,0
HYZNW.US,D,20210201,000000,3,3.2,2.52,2.75,106521,0
HYZNW.US,D,20210202,000000,2.8,3.15,2.8,2.97,83776,0
HYZNW.US,D,20210203,000000,3.05,3.25,2.82,2.9,189595,0
HYZNW.US,D,20210204,000000,3,3.26,3,3.01,217348,0
HYZNW.US,D,20210205,000000,4.52,4.65,4.07,4.65,1510004,0
HYZNW.US,D,20210208,000000,5.88,6.05,5.25,5.32,846948,0
HYZNW.US,D,20210209,000000,5.51,5.51,4.65,4.72,1136309,0
HYZNW.US,D,20210210,000000,5.3,5.3,4.35,4.5,562022,0
HYZNW.US,D,20210211,000000,4.6,4.83,4.25,4.48,358073,0
HYZNW.US,D,20210212,000000,4.62,4.7,4.33,4.39,324191,0
HYZNW.US,D,20210216,000000,4.49,4.56,4.11,4.2,211866,0
HYZNW.US,D,20210217,000000,4.53,4.53,3.83,3.89,384093,0
HYZNW.US,D,20210218,000000,3.95,4,3.76,3.8,320351,0
HYZNW.US,D,20210219,000000,4.31,4.31,3.76,3.7601,397404,0
HYZNW.US,D,20210222,000000,4,4.035,3.57,3.6,216872,0
HYZNW.US,D,20210223,000000,3.5,3.6,2.71,3.18,243553,0
HYZNW.US,D,20210224,000000,3.33,3.3688,3.03,3.08,165569,0
HYZNW.US,D,20210225,000000,3.25,3.25,2.65,2.66,262271,0
HYZNW.US,D,20210226,000000,2.87,2.93,2.6601,2.8,200772,0
HYZNW.US,D,20210301,000000,3.34,3.34,2.95,3,248670,0
HYZNW.US,D,20210302,000000,3.37,3.37,2.83,2.89,195054,0
HYZNW.US,D,20210303,000000,2.88,2.89,2.63,2.67,196738,0
HYZNW.US,D,20210304,000000,2.6,2.64,1.9,2.18,283063,0
HYZNW.US,D,20210305,000000,2.2,2.2,1.81,2.02,362738,0
HYZNW.US,D,20210308,000000,2.29,2.4,2.0299,2.2,293351,0
HYZNW.US,D,20210309,000000,2.11,2.21,2.1,2.11,202920,0
HYZNW.US,D,20210310,000000,2.2,2.33,2.1201,2.19,163998,0
HYZNW.US,D,20210311,000000,2.3,2.35,2.23,2.29,368558,0
HYZNW.US,D,20210312,000000,2.44,2.44,2.23,2.34,127316,0
HYZNW.US,D,20210315,000000,2.33,2.51,2.33,2.43,413856,0
HYZNW.US,D,20210316,000000,2.42,2.494,2.27,2.37,84086,0
HYZNW.US,D,20210317,000000,2.32,2.365,2.18,2.35,125106,0
HYZNW.US,D,20210318,000000,2.23,2.4,2.2,2.26,104073,0
HYZNW.US,D,20210319,000000,2.45,2.45,2.14,2.25,82275,0
HYZNW.US,D,20210322,000000,2.44,2.5,2.2,2.3101,23397,0
HYZNW.US,D,20210323,000000,2.27,2.39,2.12,2.13,118100,0
HYZNW.US,D,20210324,000000,2.11,2.16,1.74,1.74,167489,0
HYZNW.US,D,20210325,000000,1.8,1.9,1.6,1.8,158955,0
HYZNW.US,D,20210326,000000,1.85,1.87,1.76,1.85,91299,0
HYZNW.US,D,20210329,000000,1.85,1.9696,1.81,1.88,121468,0
HYZNW.US,D,20210330,000000,1.77,1.9,1.76,1.86,31684,0
HYZNW.US,D,20210331,000000,1.95,2.04,1.84,1.87,91948,0
HYZNW.US,D,20210401,000000,1.98,2.08,1.8601,1.96,184353,0
HYZNW.US,D,20210405,000000,2.09,2.2,2.01,2.1099,254416,0
HYZNW.US,D,20210406,000000,2.1,2.11,2,2.11,23033,0
HYZNW.US,D,20210407,000000,2.1,2.16,2.05,2.14,70395,0
HYZNW.US,D,20210408,000000,2.1319,2.175,2.03,2.1,63640,0
HYZNW.US,D,20210409,000000,2.1,2.17,2.1,2.115,32473,0
HYZNW.US,D,20210412,000000,2.15,2.15,2.1,2.12,128285,0
HYZNW.US,D,20210413,000000,2.1,2.11,2.07,2.1,166304,0
HYZNW.US,D,20210414,000000,2.11,2.1499,2.01,2.13,62114,0
HYZNW.US,D,20210415,000000,2.0901,2.12,1.74,1.81,132713,0
HYZNW.US,D,20210416,000000,1.63,1.8501,1.63,1.85,60093,0
HYZNW.US,D,20210419,000000,1.72,1.74,1.56,1.62,97765,0
HYZNW.US,D,20210420,000000,1.5501,1.64,1.43,1.47,62387,0
HYZNW.US,D,20210421,000000,1.42,1.64,1.32,1.64,101725,0
HYZNW.US,D,20210422,000000,1.65,2.1099,1.65,1.91,77131,0
HYZNW.US,D,20210423,000000,1.82,2,1.82,1.92,24734,0
HYZNW.US,D,20210426,000000,1.9,2.034,1.9,1.99,41310,0
HYZNW.US,D,20210427,000000,1.99,2.03,1.95,1.99,16574,0
HYZNW.US,D,20210428,000000,1.95,2.11,1.95,2.09,97883,0
HYZNW.US,D,20210429,000000,2.1,2.11,1.98,2.07,37843,0
HYZNW.US,D,20210430,000000,2.05,2.16,1.97,2.07,69297,0
HYZNW.US,D,20210503,000000,2.11,2.18,2.07,2.12,24126,0
HYZNW.US,D,20210504,000000,2,2.2999,2,2.16,53204,0
HYZNW.US,D,20210505,000000,2.2599,2.2599,2.08,2.15,14187,0
HYZNW.US,D,20210506,000000,2.14,2.15,2.07,2.09,19642,0
HYZNW.US,D,20210507,000000,2.15,2.15,2.07,2.1,4421,0
HYZNW.US,D,20210510,000000,2,2.1,1.89,1.97,43357,0
HYZNW.US,D,20210511,000000,1.88,1.97,1.87,1.94,30358,0
HYZNW.US,D,20210512,000000,1.8901,1.94,1.75,1.8,40503,0
HYZNW.US,D,20210513,000000,1.9,2.02,1.81,1.85,20378,0
HYZNW.US,D,20210514,000000,1.85,1.95,1.85,1.94,32910,0
HYZNW.US,D,20210517,000000,1.89,1.9,1.85,1.9,13937,0
HYZNW.US,D,20210518,000000,1.934,1.934,1.84,1.92,17814,0
HYZNW.US,D,20210519,000000,2,2,1.871,1.97,23246,0
HYZNW.US,D,20210520,000000,1.915,1.93,1.77,1.87,47100,0
HYZNW.US,D,20210521,000000,1.9,1.9,1.8,1.83,16219,0
HYZNW.US,D,20210524,000000,2,2,1.77,1.77,77540,0
HYZNW.US,D,20210525,000000,1.77,1.92,1.72,1.7201,37797,0
HYZNW.US,D,20210526,000000,1.78,1.8,1.67,1.6804,36022,0
HYZNW.US,D,20210527,000000,1.62,1.8999,1.62,1.655,43082,0
HYZNW.US,D,20210528,000000,1.74,1.74,1.64,1.64,16537,0
HYZNW.US,D,20210601,000000,1.75,1.75,1.535,1.59,55039,0
HYZNW.US,D,20210602,000000,1.73,1.73,1.58,1.6,54730,0
HYZNW.US,D,20210603,000000,1.62,1.92,1.62,1.67,82038,0
HYZNW.US,D,20210604,000000,1.7,1.7999,1.7,1.72,39435,0
HYZNW.US,D,20210607,000000,1.9,2,1.84,2,182718,0
HYZNW.US,D,20210608,000000,2.1,2.25,2,2.02,97134,0
HYZNW.US,D,20210609,000000,2.2,2.3,2.1306,2.25,186598,0
HYZNW.US,D,20210610,000000,2.275,2.3,2.21,2.22,23915,0
HYZNW.US,D,20210611,000000,2.31,2.31,2.21,2.3,52202,0
HYZNW.US,D,20210614,000000,2.38,2.44,2.2,2.36,43210,0
HYZNW.US,D,20210615,000000,2.45,2.45,2.15,2.23,37946,0
HYZNW.US,D,20210616,000000,2.37,2.37,1.95,2.07,52448,0
HYZNW.US,D,20210617,000000,2.34,2.34,2.05,2.19,18269,0
HYZNW.US,D,20210618,000000,2.37,2.37,2.2,2.3,15424,0
HYZNW.US,D,20210621,000000,2.3,2.3,2.15,2.15,22966,0
HYZNW.US,D,20210622,000000,2.15,2.27,2.07,2.21,69253,0
HYZNW.US,D,20210623,000000,2.29,2.29,2.0701,2.11,52824,0
HYZNW.US,D,20210624,000000,2.24,2.24,2.11,2.2,71809,0
HYZNW.US,D,20210625,000000,2.24,2.25,2.17,2.25,57932,0
HYZNW.US,D,20210628,000000,2.25,2.25,2.21,2.25,16355,0
HYZNW.US,D,20210629,000000,2.3,2.3,2.18,2.23,37964,0
HYZNW.US,D,20210630,000000,2.44,2.44,2.2101,2.29,88557,0
HYZNW.US,D,20210701,000000,2.39,2.39,2.23,2.29,50374,0
HYZNW.US,D,20210702,000000,2.45,2.45,2.25,2.44,541784,0
HYZNW.US,D,20210706,000000,2.45,2.8,2.4482,2.66,167593,0
HYZNW.US,D,20210707,000000,2.7,2.75,2.45,2.52,39560,0
HYZNW.US,D,20210708,000000,2.47,2.47,2.28,2.42,71354,0
HYZNW.US,D,20210709,000000,2.415,2.421,2.26,2.33,37962,0
HYZNW.US,D,20210712,000000,2.35,2.49,2.29,2.32,190620,0
HYZNW.US,D,20210713,000000,2.32,2.44,2.32,2.41,160596,0
HYZNW.US,D,20210714,000000,2.47,2.58,2.4,2.45,147132,0
HYZNW.US,D,20210715,000000,2.4,2.54,1.96,2.06,87729,0
HYZNW.US,D,20210716,000000,2.07,2.42,2.07,2.42,46293,0
HYZNW.US,D,20210719,000000,1.51,2.42,1,2.16,34479,0
HYZNW.US,D,20210720,000000,2.4,2.4,1.91,1.96,127889,0
HYZNW.US,D,20210721,000000,1.97,2.81,1.97,2.27,178066,0
HYZNW.US,D,20210722,000000,2.4,2.4,2.2,2.25,43202,0
HYZNW.US,D,20210723,000000,2.25,2.3899,2.09,2.2,38073,0
HYZNW.US,D,20210726,000000,2.4,2.4,2.11,2.3,34011,0
HYZNW.US,D,20210727,000000,2.35,2.35,2.08,2.1399,11563,0
HYZNW.US,D,20210728,000000,2.0501,2.21,2,2.05,20407,0
HYZNW.US,D,20210729,000000,2.05,2.095,1.95,1.95,27013,0
HYZNW.US,D,20210730,000000,2.2,2.2,1.9,1.91,10683,0
HYZNW.US,D,20210802,000000,1.9,1.9399,1.86,1.88,19941,0
HYZNW.US,D,20210803,000000,1.91,1.91,1.74,1.77,34507,0
HYZNW.US,D,20210804,000000,1.56,1.77,1.56,1.6847,12330,0
HYZNW.US,D,20210805,000000,1.77,1.77,1.6,1.67,64593,0
HYZNW.US,D,20210806,000000,1.7,1.72,1.6,1.65,115499,0
HYZNW.US,D,20210809,000000,1.75,2.12,1.6,1.9435,378820,0
HYZNW.US,D,20210810,000000,2.08,2.08,1.8,1.85,168244,0
HYZNW.US,D,20210811,000000,1.9,2.04,1.59,1.91,85179,0
HYZNW.US,D,20210812,000000,2,2.04,1.6717,2.035,25159,0
HYZNW.US,D,20210813,000000,2.18,2.2,1.91,2.1,27281,0
HYZNW.US,D,20210816,000000,2.1,2.25,1.91,2.245,73115,0
HYZNW.US,D,20210817,000000,2.25,2.25,1.97,2,50841,0
HYZNW.US,D,20210818,000000,2,2,1.89,1.93,30311,0
HYZNW.US,D,20210819,000000,1.84,2.063,1.84,1.92,132892,0
HYZNW.US,D,20210820,000000,1.8699,2.49,1.8699,2.331,678219,0
HYZNW.US,D,20210823,000000,2.18,2.44,2.17,2.31,49953,0
HYZNW.US,D,20210824,000000,2.27,2.32,2.1601,2.32,9574,0
HYZNW.US,D,20210825,000000,2.23,2.46,2.23,2.45,67925,0
HYZNW.US,D,20210826,000000,2.4101,2.64,2.41,2.6,33177,0
HYZNW.US,D,20210827,000000,2.8,2.85,2.695,2.77,147027,0
HYZNW.US,D,20210830,000000,2.75,2.75,2.6,2.63,106971,0
HYZNW.US,D,20210831,000000,2.75,2.8699,2.66,2.75,235104,0
HYZNW.US,D,20210901,000000,2.68,2.87,2.66,2.71,225901,0
HYZNW.US,D,20210902,000000,2.87,2.8899,2.72,2.76,32217,0
HYZNW.US,D,20210903,000000,2.71,2.75,2.64,2.73,42414,0
HYZNW.US,D,20210907,000000,2.7999,2.7999,2.5,2.52,27773,0
HYZNW.US,D,20210908,000000,2.46,2.5125,2.31,2.31,15039,0
HYZNW.US,D,20210909,000000,2.5,3.05,2.5,2.65,603911,0
HYZNW.US,D,20210910,000000,2.8,2.8,2.5698,2.57,22411,0
HYZNW.US,D,20210913,000000,2.58,2.6587,2.55,2.55,2982,0
HYZNW.US,D,20210914,000000,2.51,2.82,2.39,2.46,21272,0
HYZNW.US,D,20210915,000000,2.36,2.625,2.36,2.61,11940,0
HYZNW.US,D,20210916,000000,2.62,2.73,2.53,2.57,12333,0
HYZNW.US,D,20210917,000000,2.61,2.71,2.6,2.65,264398,0
HYZNW.US,D,20210920,000000,2.55,2.55,2.35,2.47,40010,0
HYZNW.US,D,20210921,000000,2.56,2.63,2.53,2.54,11614,0
HYZNW.US,D,20210922,000000,2.68,2.68,2.6,2.615,8777,0
HYZNW.US,D,20210923,000000,2.54,2.6599,2.5,2.5447,10049,0
HYZNW.US,D,20210924,000000,2.54,2.59,2.5,2.5,3053,0
HYZNW.US,D,20210927,000000,2.3859,2.55,2.3859,2.5101,15736,0
HYZNW.US,D,20210928,000000,2.41,2.41,1.41,1.45,1037321,0
HYZNW.US,D,20210929,000000,1.49,1.6,1.05,1.0827,1006341,0
HYZNW.US,D,20210930,000000,0.9901,1.4699,0.9901,1.4699,981678,0
HYZNW.US,D,20211001,000000,1.35,1.4117,1.25,1.325,121135,0
HYZNW.US,D,20211004,000000,1.35,1.37,1.15,1.22,179781,0
HYZNW.US,D,20211005,000000,1.29,1.6,1.27,1.3,80045,0
HYZNW.US,D,20211006,000000,1.28,1.28,1.1301,1.19,124370,0
HYZNW.US,D,20211007,000000,1.2,1.37,1.2,1.34,113539,0
HYZNW.US,D,20211008,000000,1.32,1.45,1.32,1.3299,10862,0
HYZNW.US,D,20211011,000000,1.32,1.35,1.28,1.3,131285,0
HYZNW.US,D,20211012,000000,1.3499,1.44,1.22,1.29,323333,0
HYZNW.US,D,20211013,000000,1.3,1.3,1.2402,1.25,46771,0
HYZNW.US,D,20211014,000000,1.39,1.42,1.25,1.2599,94662,0
HYZNW.US,D,20211015,000000,1.31,1.3765,1.28,1.31,35960,0
HYZNW.US,D,20211018,000000,1.3699,1.3699,1.22,1.22,56657,0
HYZNW.US,D,20211019,000000,1.22,1.3499,1.22,1.3,33167,0
HYZNW.US,D,20211020,000000,1.3,1.3,1.2785,1.29,3927,0
HYZNW.US,D,20211021,000000,1.24,1.3,1.22,1.29,65540,0
HYZNW.US,D,20211022,000000,1.29,1.3,1.19,1.2099,55359,0
HYZNW.US,D,20211025,000000,1.22,1.2699,1.21,1.21,74018,0
HYZNW.US,D,20211026,000000,1.25,1.25,1.19,1.19,44581,0
HYZNW.US,D,20211027,000000,1.18,1.2499,1.18,1.2,12639,0
HYZNW.US,D,20211028,000000,1.19,1.34,1.18,1.18,119022,0
HYZNW.US,D,20211029,000000,1.22,1.3,1.18,1.26,81027,0
HYZNW.US,D,20211101,000000,1.32,1.65,1.29,1.58,188097,0
HYZNW.US,D,20211102,000000,1.6,1.6,1.47,1.54,92043,0
HYZNW.US,D,20211103,000000,1.64,1.7,1.55,1.68,82511,0
HYZNW.US,D,20211104,000000,1.66,1.85,1.56,1.85,106393,0
HYZNW.US,D,20211105,000000,1.5801,1.84,1.5801,1.7701,42721,0
HYZNW.US,D,20211108,000000,1.77,1.85,1.72,1.77,84453,0
HYZNW.US,D,20211109,000000,1.85,1.85,1.68,1.7,27777,0
HYZNW.US,D,20211110,000000,1.8,1.95,1.7,1.95,132861,0
HYZNW.US,D,20211111,000000,1.95,2.05,1.76,2,114987,0
HYZNW.US,D,20211112,000000,2.1,2.3,1.96,2.08,137114,0
HYZNW.US,D,20211115,000000,2.34,2.34,2.02,2.28,71260,0
HYZNW.US,D,20211116,000000,2.46,2.46,1.91,2.15,63797,0
HYZNW.US,D,20211117,000000,2.14,2.26,2.02,2.22,159978,0
HYZNW.US,D,20211118,000000,2.25,2.29,2.03,2.1,85449,0
HYZNW.US,D,20211119,000000,2.19,2.4399,2.1201,2.4,95784,0
HYZNW.US,D,20211122,000000,2.46,2.58,2.35,2.42,40170,0
HYZNW.US,D,20211123,000000,2.31,2.5,2.2,2.31,57849,0
HYZNW.US,D,20211124,000000,2.23,2.4899,2.22,2.42,48924,0
HYZNW.US,D,20211126,000000,2.32,2.4,2.25,2.4,31657,0
HYZNW.US,D,20211129,000000,2.45,2.45,2.23,2.28,40887,0
HYZNW.US,D,20211130,000000,2.33,2.34,2.04,2.22,39319,0
HYZNW.US,D,20211201,000000,2.14,2.22,2.14,2.1548,51419,0
HYZNW.US,D,20211202,000000,2.14,2.2,2.0301,2.1,44200,0
HYZNW.US,D,20211203,000000,2.05,2.05,1.77,1.8,57999,0
HYZNW.US,D,20211206,000000,1.75,1.94,1.66,1.845,55367,0
HYZNW.US,D,20211207,000000,1.97,2.06,1.9,2,45273,0
HYZNW.US,D,20211208,000000,2.05,2.05,1.91,2.05,25296,0
HYZNW.US,D,20211209,000000,2,2.07,1.92,2.0212,5441,0
HYZNW.US,D,20211210,000000,2.1,2.1,1.96,2.02,9797,0
HYZNW.US,D,20211213,000000,2.0939,2.0939,1.9,1.99,13580,0
HYZNW.US,D,20211214,000000,1.9,2.15,1.9,2.07,11550,0
HYZNW.US,D,20211215,000000,1.92,2.09,1.86,2.09,38729,0
HYZNW.US,D,20211216,000000,2.05,2.13,2.05,2.08,15718,0
HYZNW.US,D,20211217,000000,1.92,2.1,1.92,2.07,15307,0
HYZNW.US,D,20211220,000000,1.73,2.02,1.73,1.91,11719,0
HYZNW.US,D,20211221,000000,1.83,1.96,1.75,1.77,49710,0
HYZNW.US,D,20211222,000000,1.89,1.89,1.74,1.8,36826,0
HYZNW.US,D,20211223,000000,1.96,2.09,1.96,2,31696,0
HYZNW.US,D,20211227,000000,1.78,2.18,1.78,2.15,19935,0
HYZNW.US,D,20211228,000000,2.02,2.13,2.02,2.0601,28267,0
HYZNW.US,D,20211229,000000,2,2.0002,1.81,1.96,31236,0
HYZNW.US,D,20211230,000000,1.83,2.08,1.82,1.99,20979,0
HYZNW.US,D,20211231,000000,1.8201,2.04,1.8201,1.9,20783,0
HYZNW.US,D,20220103,000000,1.9399,2.01,1.86,2,13621,0
HYZNW.US,D,20220104,000000,1.92,2,1.87,1.93,6480,0
HYZNW.US,D,20220105,000000,1.91,1.93,1.77,1.81,14286,0
HYZNW.US,D,20220106,000000,1.83,1.85,1.74,1.82,26546,0
HYZNW.US,D,20220107,000000,1.86,1.94,1.82,1.9,19833,0
HYZNW.US,D,20220110,000000,1.87,1.87,1.65,1.68,53866,0
HYZNW.US,D,20220111,000000,1.69,1.8,1.65,1.77,32379,0
HYZNW.US,D,20220112,000000,1.56,1.75,1.5597,1.63,82123,0
HYZNW.US,D,20220113,000000,1.55,1.69,1.36,1.36,54615,0
HYZNW.US,D,20220114,000000,1.36,1.41,1.23,1.3199,42072,0
HYZNW.US,D,20220118,000000,1.26,1.35,1.05,1.05,1020436,0
HYZNW.US,D,20220119,000000,1.11,1.17,0.8,0.94,1054868,0
HYZNW.US,D,20220120,000000,0.9265,1.2,0.9265,1.0599,381209,0
HYZNW.US,D,20220121,000000,1.04,1.08,0.85,0.8952,138114,0
HYZNW.US,D,20220124,000000,0.82,1.12,0.8,1.05,170228,0
HYZNW.US,D,20220125,000000,1.07,1.19,0.9199,0.9199,332750,0
HYZNW.US,D,20220126,000000,1.1,1.14,1.0176,1.08,18046,0
HYZNW.US,D,20220127,000000,1.1,1.33,1.08,1.11,89870,0
HYZNW.US,D,20220128,000000,1.0601,1.17,0.99,1.1,146592,0
HYZNW.US,D,20220131,000000,1.19,1.28,1.1863,1.22,42533,0
HYZNW.US,D,20220201,000000,1.26,1.355,1.245,1.29,145504,0
HYZNW.US,D,20220202,000000,1.23,1.33,1.1,1.1745,153526,0
HYZNW.US,D,20220203,000000,1.18,1.2,1.01,1.0499,72367,0
HYZNW.US,D,20220204,000000,1.16,1.24,1.14,1.2,44404,0
HYZNW.US,D,20220207,000000,1.13,1.26,1.09,1.09,59138,0
HYZNW.US,D,20220208,000000,1.1,1.18,1.1,1.18,67145,0
HYZNW.US,D,20220209,000000,1.15,1.281,1.12,1.2,142259,0
HYZNW.US,D,20220210,000000,1.07,1.34,1.07,1.1989,43712,0
HYZNW.US,D,20220211,000000,1.39,1.41,1.15,1.15,41057,0
HYZNW.US,D,20220214,000000,1.3,1.41,1.23,1.2516,33045,0
HYZNW.US,D,20220215,000000,1.34,1.46,1.32,1.39,30585,0
HYZNW.US,D,20220216,000000,1.55,1.55,1.3301,1.43,65496,0
HYZNW.US,D,20220217,000000,1.453,1.48,1.36,1.4395,84771,0
HYZNW.US,D,20220218,000000,1.43,1.5,1.36,1.42,37841,0
HYZNW.US,D,20220222,000000,1.3,1.42,1.15,1.21,41252,0
HYZNW.US,D,20220223,000000,1.34,1.34,1.21,1.2103,17226,0
HYZNW.US,D,20220224,000000,1.19,1.21,1.102,1.21,32053,0
HYZNW.US,D,20220225,000000,1.28,1.31,1.11,1.21,61131,0
HYZNW.US,D,20220228,000000,1.3,1.36,1.29,1.36,36499,0
HYZNW.US,D,20220301,000000,1.33,1.41,1.3165,1.38,19987,0
HYZNW.US,D,20220302,000000,1.28,1.35,1.2,1.2,41383,0
HYZNW.US,D,20220303,000000,1.22,1.29,1.16,1.2,28237,0
HYZNW.US,D,20220304,000000,1.23,1.25,1.13,1.13,8524,0
HYZNW.US,D,20220307,000000,1.2,1.3,1.2,1.2601,4742,0
HYZNW.US,D,20220308,000000,1.26,1.51,1.26,1.45,27470,0
HYZNW.US,D,20220309,000000,1.35,1.81,1.35,1.55,23241,0
HYZNW.US,D,20220310,000000,1.63,1.63,1.52,1.57,29359,0
HYZNW.US,D,20220311,000000,1.53,1.53,1.45,1.45,14016,0
HYZNW.US,D,20220314,000000,1.41,1.425,1.2799,1.2799,19310,0
HYZNW.US,D,20220315,000000,1.2499,1.3,1.1006,1.29,24048,0
HYZNW.US,D,20220316,000000,1.33,1.415,1.33,1.38,7661,0
HYZNW.US,D,20220317,000000,1.43,1.49,1.34,1.45,15639,0
HYZNW.US,D,20220318,000000,1.477,1.5,1.41,1.45,18640,0
HYZNW.US,D,20220321,000000,1.46,1.46,1.4501,1.46,1577,0
HYZNW.US,D,20220322,000000,1.46,1.49,1.45,1.4501,9924,0
HYZNW.US,D,20220323,000000,1.38,1.53,1.34,1.53,16768,0
HYZNW.US,D,20220324,000000,1.505,1.7,1.505,1.7,45699,0
HYZNW.US,D,20220325,000000,1.84,1.84,1.58,1.635,40474,0
HYZNW.US,D,20220328,000000,1.63,1.63,1.5401,1.57,19622,0
HYZNW.US,D,20220329,000000,1.587,1.7,1.587,1.63,34544,0
HYZNW.US,D,20220330,000000,1.65,1.69,1.62,1.65,6198,0
HYZNW.US,D,20220331,000000,1.6001,1.71,1.6001,1.71,7468,0
HYZNW.US,D,20220401,000000,1.73,1.73,1.5803,1.62,5284,0
HYZNW.US,D,20220404,000000,1.56,1.62,1.56,1.6,48815,0
HYZNW.US,D,20220405,000000,1.54,1.55,1.45,1.4607,39784,0
HYZNW.US,D,20220406,000000,1.47,1.47,1.16,1.23,37164,0
HYZNW.US,D,20220407,000000,1.23,1.23,1.1197,1.19,45197,0
HYZNW.US,D,20220408,000000,1.1901,1.2,1.175,1.19,9574,0
HYZNW.US,D,20220411,000000,1.25,1.25,1.16,1.2,6436,0
HYZNW.US,D,20220412,000000,1.2,1.205,1.15,1.155,16331,0
HYZNW.US,D,20220413,000000,1.16,1.16,1,1.01,269877,0
HYZNW.US,D,20220414,000000,1.05,1.07,1.0201,1.07,12304,0
HYZNW.US,D,20220418,000000,1.0701,1.0701,1.0201,1.04,8869,0
HYZNW.US,D,20220419,000000,1.02,1.12,0.9649,1.07,57384,0
HYZNW.US,D,20220420,000000,1.05,1.08,1.01,1.05,8336,0
HYZNW.US,D,20220421,000000,1.07,1.09,0.945,0.9537,87284,0
HYZNW.US,D,20220422,000000,0.96,1,0.92,0.98,20288,0
HYZNW.US,D,20220425,000000,0.9335,1.12,0.9063,1.12,32486,0
HYZNW.US,D,20220426,000000,1.1201,1.1201,1.025,1.06,9469,0
HYZNW.US,D,20220427,000000,0.9901,1.04,0.9207,0.9752,25105,0
HYZNW.US,D,20220428,000000,0.9464,0.9464,0.8,0.8465,97954,0
HYZNW.US,D,20220429,000000,0.9,0.9311,0.85,0.86,20914,0
HYZNW.US,D,20220502,000000,0.8042,0.8995,0.8042,0.8202,4037,0
HYZNW.US,D,20220503,000000,0.83,0.849999,0.8241,0.8421,4673,0
HYZNW.US,D,20220504,000000,0.8125,0.8996,0.8125,0.8996,3523,0
HYZNW.US,D,20220505,000000,0.86,0.86,0.82,0.859799,51740,0
HYZNW.US,D,20220506,000000,0.82,0.8399,0.799,0.7999,80031,0
HYZNW.US,D,20220509,000000,0.78,0.78,0.5,0.55,72284,0
HYZNW.US,D,20220510,000000,0.58,0.58,0.5038,0.5334,28594,0
HYZNW.US,D,20220511,000000,0.6,0.6,0.4001,0.4001,67569,0
HYZNW.US,D,20220512,000000,0.401,0.5895,0.4,0.5,95831,0
HYZNW.US,D,20220513,000000,0.7297,0.8386,0.61,0.71,68607,0
HYZNW.US,D,20220516,000000,0.720001,0.720001,0.72,0.72,3070,0
HYZNW.US,D,20220517,000000,0.7699,0.8197,0.76,0.76,3075,0
HYZNW.US,D,20220518,000000,0.85,0.85,0.778,0.78,12465,0
HYZNW.US,D,20220519,000000,0.8347,0.9483,0.8347,0.85,22132,0
HYZNW.US,D,20220520,000000,0.9983,1.07,0.87,0.9562,28777,0
HYZNW.US,D,20220523,000000,0.9734,0.9734,0.9001,0.9001,31304,0
HYZNW.US,D,20220524,000000,0.9584,0.9748,0.869862,0.9299,14131,0
HYZNW.US,D,20220525,000000,0.8452,0.8976,0.8344,0.8701,2012,0
HYZNW.US,D,20220526,000000,1.03,1.1025,0.9077,0.95005,33610,0
HYZNW.US,D,20220527,000000,1.06,1.15,1.04,1.14,84677,0
HYZNW.US,D,20220531,000000,1.24,1.24,1.07,1.17,10964,0
HYZNW.US,D,20220601,000000,1.02,1.2,0.930098,1.04,112993,0
HYZNW.US,D,20220602,000000,0.93,1.16,0.93,1.14,75459,0
HYZNW.US,D,20220603,000000,1.07,1.12,0.9801,1.09,17688,0
HYZNW.US,D,20220606,000000,1.04,1.16,0.98,1.07,12728,0
HYZNW.US,D,20220607,000000,1.045,1.09,1,1.06,4517,0
HYZNW.US,D,20220608,000000,1.03,1.09,1.0024,1.02,13204,0
HYZNW.US,D,20220609,000000,1,1,0.88,0.89,33990,0
HYZNW.US,D,20220610,000000,0.87515,0.87515,0.7502,0.8,5072,0
HYZNW.US,D,20220613,000000,0.6001,0.7474,0.6001,0.7249,32566,0
HYZNW.US,D,20220614,000000,0.7224,0.7453,0.6798,0.74,13103,0
HYZNW.US,D,20220615,000000,0.7399,0.8103,0.733134,0.7604,17797,0
HYZNW.US,D,20220616,000000,0.6802,0.823,0.6695,0.7101,7128,0
HYZNW.US,D,20220617,000000,0.6878,0.78,0.6504,0.7717,5670,0
HYZNW.US,D,20220621,000000,0.8304,0.8392,0.720101,0.74,8703,0
HYZNW.US,D,20220622,000000,0.8732,0.8732,0.72,0.72,16250,0
HYZNW.US,D,20220623,000000,0.9,0.9,0.7101,0.8,20016,0
HYZNW.US,D,20220624,000000,0.720901,0.79,0.720901,0.765,3818,0
HYZNW.US,D,20220627,000000,0.723199,0.723199,0.718,0.718,2009,0
HYZNW.US,D,20220628,000000,0.7083,0.7099,0.62,0.629899,17063,0
HYZNW.US,D,20220629,000000,0.6104,0.65,0.5,0.5621,27982,0
HYZNW.US,D,20220630,000000,0.61,0.66,0.5401,0.66,7916,0
HYZNW.US,D,20220701,000000,0.59,0.64,0.5254,0.55,11507,0
HYZNW.US,D,20220705,000000,0.5201,0.5661,0.5001,0.52,30376,0
HYZNW.US,D,20220706,000000,0.5603,0.5603,0.44,0.5254,28059,0
HYZNW.US,D,20220707,000000,0.5254,0.6399,0.4808,0.6116,39045,0
HYZNW.US,D,20220708,000000,0.6,0.6099,0.599899,0.599899,1295,0
HYZNW.US,D,20220711,000000,0.5998,0.5999,0.5998,0.5998,400,0
HYZNW.US,D,20220712,000000,0.53,0.5999,0.47645,0.5324,21636,0
HYZNW.US,D,20220713,000000,0.5998,0.6201,0.4925,0.6098,18903,0
HYZNW.US,D,20220714,000000,0.56,0.6,0.4801,0.6,59285,0
HYZNW.US,D,20220718,000000,0.7001,0.72,0.5619,0.5896,15115,0
HYZNW.US,D,20220719,000000,0.4902,0.6499,0.4902,0.62,10140,0
HYZNW.US,D,20220720,000000,0.6988,0.6988,0.6201,0.6921,5969,0
HYZNW.US,D,20220721,000000,0.65,0.6999,0.6302,0.65,3264,0
HYZNW.US,D,20220722,000000,0.6898,0.6898,0.593,0.593,3948,0
HYZNW.US,D,20220725,000000,0.55,0.6931,0.55,0.6401,4186,0
HYZNW.US,D,20220726,000000,0.5901,0.5901,0.5201,0.5202,2601,0
HYZNW.US,D,20220727,000000,0.6,0.6,0.5801,0.5801,250,0
HYZNW.US,D,20220728,000000,0.68,0.6999,0.6101,0.6101,15970,0
HYZNW.US,D,20220729,000000,0.6898,0.72,0.6001,0.6301,79813,0
HYZNW.US,D,20220801,000000,0.590201,0.7,0.590201,0.6501,2976,0
HYZNW.US,D,20220802,000000,0.6539,0.7211,0.6179,0.6301,34438,0
HYZNW.US,D,20220803,000000,0.6,0.7599,0.59515,0.7202,44063,0
HYZNW.US,D,20220804,000000,0.8799,0.8799,0.7205,0.7279,11424,0
HYZNW.US,D,20220805,000000,0.4999,0.4999,0.3109,0.37,459133,0
HYZNW.US,D,20220808,000000,0.450101,0.450101,0.36,0.36,113594,0
HYZNW.US,D,20220809,000000,0.3505,0.3505,0.23,0.316,109492,0
HYZNW.US,D,20220810,000000,0.28,0.3276,0.24,0.311,76922,0
HYZNW.US,D,20220811,000000,0.3699,0.3699,0.3,0.3085,62718,0
HYZNW.US,D,20220812,000000,0.3599,0.3599,0.3,0.327983,30425,0
HYZNW.US,D,20220815,000000,0.318001,0.348,0.3082,0.339519,4106,0
HYZNW.US,D,20220816,000000,0.35,0.3501,0.33195,0.349799,6383,0
HYZNW.US,D,20220817,000000,0.313,0.32,0.3,0.32,23169,0
HYZNW.US,D,20220818,000000,0.32,0.3399,0.3,0.3,16527,0
HYZNW.US,D,20220819,000000,0.26,0.32,0.256101,0.28,56004,0
HYZNW.US,D,20220822,000000,0.3398,0.3398,0.3,0.31,16050,0
HYZNW.US,D,20220823,000000,0.35,0.35,0.3225,0.3391,9659,0
HYZNW.US,D,20220824,000000,0.34,0.41,0.34,0.37,15508,0
HYZNW.US,D,20220829,000000,0.37,0.37,0.350101,0.350101,5354,0
HYZNW.US,D,20220830,000000,0.35,0.39,0.35,0.39,17282,0
HYZNW.US,D,20220831,000000,0.36,0.36,0.292,0.3001,15086,0
HYZNW.US,D,20220901,000000,0.3,0.3,0.2601,0.2622,42116,0
HYZNW.US,D,20220902,000000,0.35,0.35,0.253,0.256,24670,0
HYZNW.US,D,20220906,000000,0.260051,0.260051,0.2114,0.2114,23570,0
HYZNW.US,D,20220907,000000,0.2351,0.2351,0.2351,0.2351,565,0
HYZNW.US,D,20220908,000000,0.2151,0.2999,0.2151,0.268451,4208,0
HYZNW.US,D,20220912,000000,0.22,0.22,0.22,0.22,510,0
HYZNW.US,D,20220913,000000,0.22,0.2599,0.22,0.2205,1915,0
HYZNW.US,D,20220914,000000,0.24,0.2499,0.22,0.2499,4470,0
HYZNW.US,D,20220915,000000,0.25,0.25,0.2229,0.2229,5501,0
HYZNW.US,D,20220916,000000,0.24,0.24,0.225,0.225,11420,0
HYZNW.US,D,20220919,000000,0.225,0.225,0.2057,0.217499,16977,0
HYZNW.US,D,20220920,000000,0.2057,0.2195,0.2028,0.2042,3101,0
HYZNW.US,D,20220921,000000,0.22,0.225,0.2042,0.2042,2872,0
HYZNW.US,D,20220922,000000,0.19,0.2,0.1828,0.19,29746,0
HYZNW.US,D,20220923,000000,0.1985,0.1985,0.1828,0.1828,13786,0
HYZNW.US,D,20220926,000000,0.2499,0.25,0.2071,0.21,2038,0
HYZNW.US,D,20220927,000000,0.165,0.210101,0.165,0.210101,963,0
HYZNW.US,D,20220928,000000,0.210199,0.2197,0.19,0.2197,4514,0
HYZNW.US,D,20220929,000000,0.2065,0.236,0.2065,0.236,25853,0
HYZNW.US,D,20220930,000000,0.2299,0.2299,0.229,0.229,328,0
HYZNW.US,D,20221003,000000,0.244951,0.244951,0.244951,0.244951,600,0
HYZNW.US,D,20221004,000000,0.231,0.2949,0.231,0.2949,2000,0
HYZNW.US,D,20221005,000000,0.2057,0.293,0.1901,0.2533,51584,0
HYZNW.US,D,20221006,000000,0.2533,0.33,0.2,0.226,68792,0
HYZNW.US,D,20221007,000000,0.2519,0.2519,0.2519,0.2519,3900,0
HYZNW.US,D,20221010,000000,0.2056,0.23,0.1893,0.1901,37243,0
HYZNW.US,D,20221011,000000,0.182,0.2004,0.182,0.1976,34365,0
HYZNW.US,D,20221012,000000,0.1823,0.2263,0.1726,0.18,8681,0
HYZNW.US,D,20221013,000000,0.175801,0.1998,0.1757,0.1871,37123,0
HYZNW.US,D,20221014,000000,0.18,0.198,0.1728,0.184,9023,0
HYZNW.US,D,20221017,000000,0.1786,0.1988,0.1671,0.1988,18067,0
HYZNW.US,D,20221018,000000,0.2,0.2,0.1626,0.18,28748,0
HYZNW.US,D,20221019,000000,0.1101,0.1714,0.1101,0.16,28326,0
HYZNW.US,D,20221020,000000,0.17,0.1779,0.1372,0.16,37280,0
HYZNW.US,D,20221021,000000,0.1629,0.1732,0.16,0.1732,515452,0
HYZNW.US,D,20221024,000000,0.168,0.18,0.168,0.18,6516,0
HYZNW.US,D,20221025,000000,0.1571,0.1999,0.1571,0.178125,294850,0
HYZNW.US,D,20221026,000000,0.19,0.2,0.1727,0.1857,138307,0
HYZNW.US,D,20221027,000000,0.21,0.21,0.21,0.21,298,0
HYZNW.US,D,20221028,000000,0.2199,0.2394,0.1953,0.230001,26272,0
HYZNW.US,D,20221031,000000,0.2394,0.2596,0.1686,0.239899,8005,0
HYZNW.US,D,20221102,000000,0.2577,0.2577,0.240601,0.240601,698,0
HYZNW.US,D,20221103,000000,0.25,0.25,0.2083,0.2141,1165,0
HYZNW.US,D,20221104,000000,0.24,0.24,0.24,0.24,156,0
HYZNW.US,D,20221107,000000,0.2438,0.2438,0.2438,0.2438,970,0
HYZNW.US,D,20221108,000000,0.2335,0.2576,0.2334,0.24,1092,0
HYZNW.US,D,20221110,000000,0.2,0.2383,0.187,0.23,10128,0
HYZNW.US,D,20221111,000000,0.2468,0.2468,0.200086,0.23,14133,0
HYZNW.US,D,20221114,000000,0.22,0.2399,0.22,0.2399,1344,0
HYZNW.US,D,20221115,000000,0.192901,0.2399,0.1644,0.1999,331248,0
HYZNW.US,D,20221116,000000,0.2398,0.2398,0.1728,0.1899,3936,0
HYZNW.US,D,20221117,000000,0.2299,0.2299,0.1998,0.1998,6566,0
HYZNW.US,D,20221118,000000,0.2,0.2,0.2,0.2,2653,0
HYZNW.US,D,20221121,000000,0.1849,0.1998,0.17,0.1898,1775,0
HYZNW.US,D,20221122,000000,0.18385,0.1997,0.168,0.1949,1712,0
HYZNW.US,D,20221123,000000,0.1949,0.1949,0.15,0.1866,36703,0
HYZNW.US,D,20221128,000000,0.17,0.17,0.16,0.167199,3285,0
HYZNW.US,D,20221129,000000,0.1557,0.17,0.14,0.16,35194,0
HYZNW.US,D,20221130,000000,0.15,0.1855,0.1499,0.17,37657,0
HYZNW.US,D,20221201,000000,0.17,0.2,0.17,0.2,16284,0
HYZNW.US,D,20221202,000000,0.23,0.23,0.176,0.225,7863,0
HYZNW.US,D,20221205,000000,0.22,0.2299,0.219486,0.229386,12000,0
HYZNW.US,D,20221206,000000,0.2289,0.2289,0.1515,0.2098,12570,0
HYZNW.US,D,20221207,000000,0.1849,0.2099,0.1177,0.1754,23495,0
HYZNW.US,D,20221208,000000,0.16,0.17,0.1366,0.17,4657,0
HYZNW.US,D,20221209,000000,0.1808,0.1899,0.1789,0.1889,2002,0
HYZNW.US,D,20221212,000000,0.1879,0.1908,0.1729,0.1899,4836,0
HYZNW.US,D,20221213,000000,0.19,0.2066,0.17421,0.19,8547,0
HYZNW.US,D,20221214,000000,0.1215,0.1958,0.1215,0.1949,24566,0
HYZNW.US,D,20221215,000000,0.1785,0.19,0.1785,0.19,2933,0
HYZNW.US,D,20221216,000000,0.18,0.209771,0.1695,0.205,9648,0
HYZNW.US,D,20221219,000000,0.1714,0.22,0.1501,0.2172,4339,0
HYZNW.US,D,20221220,000000,0.1601,0.2099,0.16,0.18,11755,0
HYZNW.US,D,20221221,000000,0.219,0.2199,0.17,0.1825,5362,0
HYZNW.US,D,20221222,000000,0.1899,0.1899,0.15856,0.17,2482,0
HYZNW.US,D,20221223,000000,0.1571,0.2025,0.15,0.2,4844,0
HYZNW.US,D,20221227,000000,0.111,0.1775,0.111,0.1699,2791,0
HYZNW.US,D,20221228,000000,0.1328,0.1824,0.1201,0.1577,7062,0
HYZNW.US,D,20221229,000000,0.1442,0.215,0.131,0.21,7884,0
HYZNW.US,D,20221230,000000,0.15,0.2077,0.12,0.1309,18576,0
HYZNW.US,D,20230103,000000,0.1557,0.1572,0.13,0.13,3262,0
HYZNW.US,D,20230104,000000,0.1414,0.1782,0.1215,0.1291,6571,0
HYZNW.US,D,20230105,000000,0.18,0.18,0.1371,0.1371,600,0
HYZNW.US,D,20230106,000000,0.15,0.1889,0.15,0.162451,2802,0
HYZNW.US,D,20230109,000000,0.19,0.1999,0.1396,0.1653,5172,0
HYZNW.US,D,20230110,000000,0.17,0.17,0.1671,0.1671,296,0
HYZNW.US,D,20230111,000000,0.18,0.218,0.17,0.2,103140,0
HYZNW.US,D,20230112,000000,0.22,0.2397,0.1993,0.2099,4333,0
HYZNW.US,D,20230113,000000,0.19,0.214,0.185,0.2071,17384,0
HYZNW.US,D,20230117,000000,0.22,0.22,0.2,0.22,4747,0
HYZNW.US,D,20230118,000000,0.25,0.25,0.2082,0.2082,3622,0
HYZNW.US,D,20230119,000000,0.1301,0.25,0.1301,0.25,1937,0
HYZNW.US,D,20230120,000000,0.1928,0.25,0.1928,0.25,3079,0
HYZNW.US,D,20230123,000000,0.25,0.325,0.23,0.29,14931,0
HYZNW.US,D,20230125,000000,0.29,0.29,0.289,0.289,1521,0
HYZNW.US,D,20230126,000000,0.1976,0.335,0.1957,0.335,1100,0
HYZNW.US,D,20230127,000000,0.31,0.33,0.27,0.305,15906,0
HYZNW.US,D,20230130,000000,0.3375,0.3375,0.2474,0.31,1175,0
HYZNW.US,D,20230131,000000,0.28,0.31,0.269475,0.31,5290,0
HYZNW.US,D,20230201,000000,0.2101,0.31,0.2032,0.3089,17580,0
HYZNW.US,D,20230202,000000,0.31,0.36,0.2476,0.3386,73341,0
HYZNW.US,D,20230203,000000,0.260101,0.348,0.260101,0.348,5932,0
HYZNW.US,D,20230206,000000,0.34,0.34,0.3,0.338,3936,0
HYZNW.US,D,20230207,000000,0.3465,0.347,0.2601,0.3449,5178,0
HYZNW.US,D,20230208,000000,0.274,0.35,0.2707,0.28,4736,0
HYZNW.US,D,20230209,000000,0.377,0.377,0.3,0.3,1511,0
HYZNW.US,D,20230210,000000,0.1734,0.233,0.15,0.2145,52809,0
HYZNW.US,D,20230213,000000,0.2708,0.2925,0.1313,0.1596,59501,0
HYZNW.US,D,20230214,000000,0.17,0.19,0.132101,0.175,17122,0
HYZNW.US,D,20230215,000000,0.1745,0.1897,0.13,0.16,27915,0
HYZNW.US,D,20230216,000000,0.1822,0.1822,0.1257,0.1588,7652,0
HYZNW.US,D,20230217,000000,0.1355,0.1593,0.1355,0.1593,8314,0
HYZNW.US,D,20230221,000000,0.121,0.1593,0.12,0.1246,32494,0
HYZNW.US,D,20230222,000000,0.1379,0.14,0.12,0.131,15990,0
HYZNW.US,D,20230223,000000,0.145,0.1476,0.12,0.14,122894,0
HYZNW.US,D,20230224,000000,0.1155,0.1375,0.1042,0.125,58205,0
HYZNW.US,D,20230227,000000,0.1255,0.1255,0.098,0.1197,43250,0
HYZNW.US,D,20230228,000000,0.1033,0.11,0.08,0.1049,57802,0
HYZNW.US,D,20230301,000000,0.100283,0.1099,0.0986,0.1,2624,0
HYZNW.US,D,20230302,000000,0.0986,0.0987,0.09,0.09,3296,0
HYZNW.US,D,20230303,000000,0.0914,0.1385,0.0914,0.1278,8360,0
HYZNW.US,D,20230306,000000,0.098,0.1,0.0864,0.0944,31789,0
HYZNW.US,D,20230307,000000,0.09,0.09,0.0864,0.0898,7897,0
HYZNW.US,D,20230308,000000,0.1142,0.12,0.0781,0.0781,11909,0
HYZNW.US,D,20230309,000000,0.078,0.1,0.078,0.0837,22535,0
HYZNW.US,D,20230310,000000,0.098,0.1,0.0868,0.0868,9775,0
HYZNW.US,D,20230313,000000,0.0899,0.0899,0.0712,0.0898,5231,0
HYZNW.US,D,20230314,000000,0.089999,0.09,0.0875,0.0887,10377,0
HYZNW.US,D,20230315,000000,0.0879,0.088,0.0879,0.0879,300,0
HYZNW.US,D,20230316,000000,0.0899,0.0899,0.089799,0.089886,7560,0
HYZNW.US,D,20230317,000000,0.070101,0.0881,0.070101,0.0881,16119,0
HYZNW.US,D,20230320,000000,0.0851,0.091,0.085,0.091,6150,0
HYZNW.US,D,20230321,000000,0.1,0.11375,0.016,0.0947,73523,0
HYZNW.US,D,20230322,000000,0.07,0.0999,0.07,0.09,2740,0
HYZNW.US,D,20230323,000000,0.0896,0.0932,0.08,0.0932,27735,0
HYZNW.US,D,20230324,000000,0.08,0.0975,0.0674,0.0691,15941,0
HYZNW.US,D,20230327,000000,0.065,0.065,0.0321,0.063,37967,0
HYZNW.US,D,20230328,000000,0.06,0.06,0.055,0.059,7146,0
HYZNW.US,D,20230329,000000,0.031,0.07,0.031,0.0699,11636,0
HYZNW.US,D,20230330,000000,0.069,0.069,0.0689,0.0689,4140,0
HYZNW.US,D,20230331,000000,0.0685,0.0688,0.0592,0.0685,5274,0
HYZNW.US,D,20230403,000000,0.07,0.07,0.07,0.07,1900,0
HYZNW.US,D,20230404,000000,0.0606,0.0688,0.06,0.0685,9120,0
HYZNW.US,D,20230406,000000,0.0618,0.0675,0.0615,0.066401,5789,0
HYZNW.US,D,20230411,000000,0.055,0.063,0.05,0.0607,14013,0
HYZNW.US,D,20230413,000000,0.0825,0.0841,0.0465,0.0825,9445,0
HYZNW.US,D,20230414,000000,0.0774,0.0774,0.0525,0.0749,8525,0
HYZNW.US,D,20230417,000000,0.11,0.11,0.0767,0.0774,16945,0
HYZNW.US,D,20230418,000000,0.0727,0.0774,0.0707,0.0774,701,0
HYZNW.US,D,20230419,000000,0.084601,0.084601,0.0507,0.0792,7649,0
HYZNW.US,D,20230420,000000,0.0792,0.08,0.0723,0.076626,1400,0
HYZNW.US,D,20230421,000000,0.0441,0.08,0.0441,0.08,698,0
HYZNW.US,D,20230424,000000,0.0506,0.0837,0.0506,0.08,2500,0
HYZNW.US,D,20230425,000000,0.08,0.08,0.0798,0.08,1647,0
HYZNW.US,D,20230426,000000,0.0606,0.08,0.0606,0.08,320,0
HYZNW.US,D,20230427,000000,0.06,0.0792,0.06,0.0792,3110,0
HYZNW.US,D,20230501,000000,0.06,0.0832,0.0535,0.08,3622,0
HYZNW.US,D,20230502,000000,0.0826,0.0826,0.0511,0.0675,65953,0
HYZNW.US,D,20230503,000000,0.060001,0.0693,0.050101,0.0567,1580,0
HYZNW.US,D,20230504,000000,0.0505,0.083,0.05,0.083,1250,0
HYZNW.US,D,20230505,000000,0.09,0.09,0.083,0.083,1052,0
HYZNW.US,D,20230509,000000,0.0867,0.0867,0.068349,0.068349,4552,0
HYZNW.US,D,20230510,000000,0.0788,0.080651,0.0788,0.080651,1221,0
HYZNW.US,D,20230511,000000,0.0788,0.0795,0.075,0.0775,9577,0
HYZNW.US,D,20230512,000000,0.0825,0.0825,0.08,0.08,6603,0
HYZNW.US,D,20230515,000000,0.075,0.08,0.07125,0.08,26987,0
HYZNW.US,D,20230516,000000,0.0506,0.0825,0.0506,0.08,1547,0
HYZNW.US,D,20230517,000000,0.08,0.08,0.0506,0.07,1610,0
HYZNW.US,D,20230518,000000,0.0775,0.08,0.065,0.065,34305,0
HYZNW.US,D,20230519,000000,0.0606,0.08,0.040001,0.06,83622,0
HYZNW.US,D,20230522,000000,0.05,0.070001,0.05,0.0501,26981,0
HYZNW.US,D,20230523,000000,0.0597,0.0597,0.047,0.047,102243,0
HYZNW.US,D,20230524,000000,0.05,0.05,0.0428,0.05,12108,0
HYZNW.US,D,20230525,000000,0.06,0.0697,0.04,0.0649,32408,0
HYZNW.US,D,20230526,000000,0.0645,0.0645,0.0421,0.0489,4529,0
HYZNW.US,D,20230530,000000,0.0454,0.0456,0.040349,0.045,26155,0
HYZNW.US,D,20230531,000000,0.045,0.06,0.0394,0.0395,11347,0
HYZNW.US,D,20230601,000000,0.06,0.06,0.023845,0.031,105287,0
HYZNW.US,D,20230602,000000,0.0466,0.05,0.031067,0.034,21179,0
HYZNW.US,D,20230605,000000,0.043,0.053,0.0351,0.0395,19407,0
HYZNW.US,D,20230606,000000,0.0523,0.0523,0.0391,0.0394,10753,0
HYZNW.US,D,20230607,000000,0.0582,0.0599,0.045,0.045,30861,0
HYZNW.US,D,20230608,000000,0.0558,0.06,0.04,0.0501,10077,0
HYZNW.US,D,20230609,000000,0.0437,0.0437,0.042,0.042,4808,0
HYZNW.US,D,20230612,000000,0.045,0.045,0.034199,0.034199,789,0
HYZNW.US,D,20230613,000000,0.03,0.06,0.0299,0.033,61911,0
HYZNW.US,D,20230614,000000,0.012,0.0343,0.012,0.0187,182035,0
HYZNW.US,D,20230615,000000,0.0258,0.032,0.02,0.03,418031,0
HYZNW.US,D,20230616,000000,0.0285,0.032,0.02,0.03,35122,0
HYZNW.US,D,20230620,000000,0.0263,0.04,0.0263,0.039,36411,0
HYZNW.US,D,20230621,000000,0.0416,0.0416,0.0416,0.0416,462,0
HYZNW.US,D,20230622,000000,0.04,0.0475,0.0301,0.046,42974,0
HYZNW.US,D,20230623,000000,0.0475,0.06,0.0413,0.0451,54046,0
HYZNW.US,D,20230626,000000,0.045101,0.0598,0.044,0.0524,7513,0
HYZNW.US,D,20230627,000000,0.0529,0.05495,0.0447,0.05,4793,0
HYZNW.US,D,20230628,000000,0.0573,0.059799,0.05,0.05,6904,0
HYZNW.US,D,20230629,000000,0.04,0.06,0.033,0.0451,184044,0
HYZNW.US,D,20230630,000000,0.0353,0.06,0.0353,0.0411,41123,0
HYZNW.US,D,20230703,000000,0.047,0.07,0.047,0.0662,10152,0
HYZNW.US,D,20230705,000000,0.05,0.0599,0.0422,0.0485,188014,0
HYZNW.US,D,20230706,000000,0.06,0.06,0.0421,0.05,949,0
HYZNW.US,D,20230707,000000,0.035,0.0699,0.035,0.062,802,0
HYZNW.US,D,20230710,000000,0.0541,0.07,0.05,0.05,13885,0
HYZNW.US,D,20230711,000000,0.068099,0.068099,0.05,0.05,7851,0
HYZNW.US,D,20230712,000000,0.055,0.07,0.0425,0.055,255932,0
HYZNW.US,D,20230713,000000,0.051,0.19,0.05,0.056,845643,0
HYZNW.US,D,20230714,000000,0.0699,0.1039,0.067799,0.0999,208753,0
HYZNW.US,D,20230717,000000,0.1,0.175,0.1,0.14835,88300,0
HYZNW.US,D,20230718,000000,0.1194,0.175,0.118,0.14,30955,0
HYZNW.US,D,20230719,000000,0.135,0.16,0.0826,0.16,51914,0
HYZNW.US,D,20230720,000000,0.1201,0.14,0.1133,0.13,39088,0
HYZNW.US,D,20230721,000000,0.147,0.148951,0.1151,0.1488,8813,0
HYZNW.US,D,20230724,000000,0.128,0.138,0.128,0.13,2242,0
HYZNW.US,D,20230725,000000,0.127,0.149899,0.1068,0.139,300602,0
HYZNW.US,D,20230726,000000,0.139,0.15,0.1328,0.15,42842,0
HYZNW.US,D,20230727,000000,0.16,0.1656,0.1255,0.165,22414,0
HYZNW.US,D,20230728,000000,0.174899,0.175,0.1265,0.175,2963,0
HYZNW.US,D,20230731,000000,0.178,0.179,0.178,0.1781,17677,0
HYZNW.US,D,20230801,000000,0.178,0.178,0.1335,0.16,30025,0
HYZNW.US,D,20230802,000000,0.16,0.16,0.1401,0.16,3332,0
HYZNW.US,D,20230803,000000,0.134101,0.1774,0.134101,0.1774,1022,0
HYZNW.US,D,20230804,000000,0.18,0.18,0.1316,0.165,22783,0
HYZNW.US,D,20230807,000000,0.142501,0.142501,0.120729,0.14,11067,0
HYZNW.US,D,20230808,000000,0.1188,0.1375,0.1001,0.1325,2186,0
HYZNW.US,D,20230809,000000,0.115,0.1574,0.1,0.1462,9961,0
HYZNW.US,D,20230810,000000,0.1022,0.1425,0.1022,0.14,1300,0
HYZNW.US,D,20230811,000000,0.118751,0.1375,0.1,0.13,7550,0
HYZNW.US,D,20230814,000000,0.13,0.1301,0.1,0.12,29700,0
HYZNW.US,D,20230816,000000,0.110101,0.12,0.1101,0.12,1364,0
HYZNW.US,D,20230817,000000,0.1,0.120101,0.1,0.12,6460,0
HYZNW.US,D,20230821,000000,0.1262,0.1262,0.1262,0.1262,481,0
HYZNW.US,D,20230823,000000,0.1236,0.1262,0.105,0.1212,39188,0
HYZNW.US,D,20230825,000000,0.125,0.125,0.125,0.125,545,0
HYZNW.US,D,20230829,000000,0.1111,0.12,0.1111,0.12,586,0
HYZNW.US,D,20230830,000000,0.1188,0.1212,0.1188,0.1212,2202,0
HYZNW.US,D,20230831,000000,0.1223,0.125,0.11,0.1238,13825,0
HYZNW.US,D,20230901,000000,0.1245,0.125,0.11,0.11,3104,0
HYZNW.US,D,20230905,000000,0.11,0.1503,0.11,0.1503,16102,0
HYZNW.US,D,20230906,000000,0.1721,0.1721,0.1503,0.159,4394,0
HYZNW.US,D,20230907,000000,0.15,0.15,0.12,0.15,2950,0
HYZNW.US,D,20230911,000000,0.15,0.15,0.1025,0.14,39985,0
HYZNW.US,D,20230912,000000,0.127501,0.14,0.127501,0.14,590,0
HYZNW.US,D,20230913,000000,0.1161,0.138,0.115,0.138,825,0
HYZNW.US,D,20230914,000000,0.1265,0.1385,0.1265,0.138,11361,0
HYZNW.US,D,20230915,000000,0.14,0.14,0.1,0.1012,88387,0
HYZNW.US,D,20230918,000000,0.1199,0.12,0.0853,0.1,37958,0
HYZNW.US,D,20230919,000000,0.0907,0.099,0.05,0.09,88279,0
HYZNW.US,D,20230920,000000,0.1,0.1,0.095,0.1,12008,0
HYZNW.US,D,20230921,000000,0.0909,0.1095,0.069101,0.1095,16000,0
HYZNW.US,D,20230925,000000,0.1036,0.1084,0.08,0.0988,964,0
HYZNW.US,D,20230926,000000,0.1,0.101,0.1,0.1,11962,0
HYZNW.US,D,20230928,000000,0.1,0.1,0.089999,0.09,1640,0
HYZNW.US,D,20230929,000000,0.1,0.1,0.07,0.07,2299,0
HYZNW.US,D,20231002,000000,0.1,0.1023,0.0627,0.1004,11391,0
HYZNW.US,D,20231003,000000,0.07453,0.1002,0.0675,0.0675,1444,0
HYZNW.US,D,20231004,000000,0.1,0.1,0.1,0.1,262,0
HYZNW.US,D,20231005,000000,0.063,0.099,0.063,0.0751,38817,0
HYZNW.US,D,20231006,000000,0.065,0.09,0.065,0.089,7511,0
HYZNW.US,D,20231009,000000,0.0569,0.09,0.0569,0.09,1434,0
HYZNW.US,D,20231010,000000,0.089,0.094,0.0361,0.0727,41939,0
HYZNW.US,D,20231013,000000,0.0725,0.0725,0.0725,0.0725,303,0
HYZNW.US,D,20231017,000000,0.0725,0.0725,0.0675,0.0675,807,0
HYZNW.US,D,20231018,000000,0.0646,0.0707,0.0532,0.055,20133,0
HYZNW.US,D,20231019,000000,0.07,0.075,0.055,0.055,13843,0
HYZNW.US,D,20231020,000000,0.063,0.0636,0.0353,0.0365,25580,0
HYZNW.US,D,20231023,000000,0.0352,0.0352,0.02501,0.032,66638,0
HYZNW.US,D,20231024,000000,0.03,0.048,0.02865,0.046,52221,0
HYZNW.US,D,20231025,000000,0.04,0.0526,0.0325,0.0525,34549,0
HYZNW.US,D,20231026,000000,0.0323,0.051,0.032,0.05,11989,0
HYZNW.US,D,20231027,000000,0.0342,0.05,0.0342,0.0479,18500,0
HYZNW.US,D,20231030,000000,0.0493,0.1034,0.0187,0.02,399979,0
HYZNW.US,D,20231031,000000,0.0183,0.0299,0.0183,0.0199,157767,0
HYZNW.US,D,20231101,000000,0.028,0.029,0.0191,0.02,50232,0
HYZNW.US,D,20231102,000000,0.028,0.056,0.0198,0.0556,109357,0
HYZNW.US,D,20231103,000000,0.054,0.054,0.0495,0.05,1625,0
HYZNW.US,D,20231106,000000,0.04,0.04,0.029572,0.0301,57824,0
HYZNW.US,D,20231107,000000,0.0264,0.0264,0.0247,0.026,21011,0
HYZNW.US,D,20231108,000000,0.03,0.0301,0.024,0.024,22667,0
HYZNW.US,D,20231109,000000,0.03,0.030101,0.024,0.024,14822,0
HYZNW.US,D,20231110,000000,0.03085,0.03085,0.0215,0.0216,34801,0
HYZNW.US,D,20231113,000000,0.0217,0.0217,0.0205,0.0205,9587,0
HYZNW.US,D,20231114,000000,0.03,0.036,0.0231,0.025,56278,0
HYZNW.US,D,20231115,000000,0.036,0.045,0.023,0.023,50975,0
HYZNW.US,D,20231116,000000,0.0549,0.0549,0.028,0.028,8220,0
HYZNW.US,D,20231117,000000,0.028,0.037866,0.0252,0.0275,40222,0
HYZNW.US,D,20231120,000000,0.0275,0.055,0.026661,0.0324,29131,0
HYZNW.US,D,20231121,000000,0.0324,0.055,0.0324,0.0324,9509,0
HYZNW.US,D,20231122,000000,0.0327,0.038,0.0206,0.0206,5966,0
HYZNW.US,D,20231124,000000,0.0206,0.0206,0.02,0.0202,26001,0
HYZNW.US,D,20231127,000000,0.0476,0.048,0.0205,0.0215,6108,0
HYZNW.US,D,20231128,000000,0.0221,0.0277,0.0219,0.0275,10816,0
HYZNW.US,D,20231129,000000,0.055,0.055,0.021,0.042,78748,0
HYZNW.US,D,20231130,000000,0.0262,0.0545,0.0211,0.0545,68404,0
HYZNW.US,D,20231204,000000,0.0471,0.0481,0.04,0.0445,5521,0
HYZNW.US,D,20231205,000000,0.0443,0.0445,0.025,0.0386,24478,0
HYZNW.US,D,20231206,000000,0.0375,0.0375,0.0365,0.0365,2372,0
HYZNW.US,D,20231207,000000,0.0268,0.0346,0.0268,0.0272,27997,0
HYZNW.US,D,20231208,000000,0.0324,0.0544,0.0269,0.0544,22304,0
HYZNW.US,D,20231211,000000,0.0395,0.0396,0.0311,0.0322,9673,0
HYZNW.US,D,20231212,000000,0.0311,0.0311,0.030101,0.030101,5453,0
HYZNW.US,D,20231213,000000,0.0384,0.0384,0.0384,0.0384,200,0
HYZNW.US,D,20231214,000000,0.0256,0.04,0.025,0.0257,60199,0
HYZNW.US,D,20231215,000000,0.0257,0.0279,0.0257,0.0259,3816,0
HYZNW.US,D,20231218,000000,0.038,0.038,0.0254,0.03,5306,0
HYZNW.US,D,20231219,000000,0.0285,0.0338,0.0285,0.0332,6302,0
HYZNW.US,D,20231222,000000,0.0332,0.0332,0.025,0.0313,3085,0
HYZNW.US,D,20231226,000000,0.025,0.027101,0.025,0.027,6943,0
HYZNW.US,D,20231227,000000,0.025,0.0261,0.0201,0.0212,101871,0
HYZNW.US,D,20231228,000000,0.022,0.0275,0.022,0.0273,6821,0
HYZNW.US,D,20231229,000000,0.028,0.03,0.022,0.0224,71638,0
HYZNW.US,D,20240102,000000,0.0297,0.035,0.0297,0.035,18290,0
HYZNW.US,D,20240103,000000,0.035,0.035,0.0221,0.0221,1866,0
HYZNW.US,D,20240104,000000,0.022,0.022,0.022,0.022,386,0
HYZNW.US,D,20240105,000000,0.0301,0.0301,0.0301,0.0301,102,0
HYZNW.US,D,20240108,000000,0.0339,0.0339,0.0339,0.0339,122,0
HYZNW.US,D,20240109,000000,0.0299,0.0299,0.02745,0.0299,3318,0
HYZNW.US,D,20240110,000000,0.02501,0.0304,0.02501,0.028,15482,0
HYZNW.US,D,20240111,000000,0.035,0.035,0.035,0.035,27665,0
HYZNW.US,D,20240112,000000,0.025,0.03,0.025,0.03,13247,0
HYZNW.US,D,20240116,000000,0.05,0.05,0.03,0.03,3129,0
HYZNW.US,D,20240117,000000,0.0302,0.0302,0.0302,0.0302,2082,0
HYZNW.US,D,20240118,000000,0.0302,0.0302,0.03,0.03,2000,0
HYZNW.US,D,20240119,000000,0.03,0.045,0.03,0.045,25042,0
HYZNW.US,D,20240122,000000,0.045,0.045,0.03,0.0399,2787,0
HYZNW.US,D,20240123,000000,0.031,0.031,0.03,0.03,2002,0
HYZNW.US,D,20240124,000000,0.03,0.030101,0.03,0.03,5825,0
HYZNW.US,D,20240125,000000,0.03,0.04,0.03,0.039899,2091,0
HYZNW.US,D,20240126,000000,0.0399,0.04,0.0399,0.04,54088,0
HYZNW.US,D,20240129,000000,0.03,0.0351,0.03,0.035,2840,0
HYZNW.US,D,20240131,000000,0.04,0.04,0.0351,0.0351,760,0
HYZNW.US,D,20240201,000000,0.035201,0.036101,0.0351,0.036101,8678,0
HYZNW.US,D,20240202,000000,0.04,0.04,0.0351,0.0352,3807,0
HYZNW.US,D,20240205,000000,0.03,0.04,0.03,0.04,26000,0
HYZNW.US,D,20240206,000000,0.03,0.04,0.03,0.0301,31618,0
HYZNW.US,D,20240207,000000,0.03,0.03,0.03,0.03,1000,0
HYZNW.US,D,20240208,000000,0.04,0.04,0.03,0.04,9400,0
HYZNW.US,D,20240209,000000,0.03,0.04,0.03,0.04,617,0
HYZNW.US,D,20240212,000000,0.03,0.04,0.023,0.04,48588,0
HYZNW.US,D,20240213,000000,0.04,0.04,0.04,0.04,100,0
HYZNW.US,D,20240214,000000,0.03,0.04,0.03,0.04,1392,0
HYZNW.US,D,20240215,000000,0.0377,0.04,0.0377,0.0377,8897,0
HYZNW.US,D,20240216,000000,0.0211,0.0211,0.0211,0.0211,175,0
HYZNW.US,D,20240220,000000,0.03,0.05,0.0229,0.0359,15662,0
HYZNW.US,D,20240221,000000,0.035,0.0404,0.03,0.0404,30490,0
HYZNW.US,D,20240222,000000,0.03,0.05,0.026,0.028,114395,0
HYZNW.US,D,20240223,000000,0.0265,0.0358,0.0261,0.0262,4381,0
HYZNW.US,D,20240227,000000,0.0261,0.0299,0.0261,0.0299,1544,0
HYZNW.US,D,20240228,000000,0.0346,0.0346,0.022,0.025,11389,0
HYZNW.US,D,20240229,000000,0.0221,0.03,0.0221,0.023,983,0
HYZNW.US,D,20240301,000000,0.0297,0.0297,0.022,0.022201,2781,0
HYZNW.US,D,20240304,000000,0.0221,0.0288,0.0221,0.0288,2596,0
HYZNW.US,D,20240305,000000,0.0283,0.0283,0.02598,0.02598,950,0
HYZNW.US,D,20240306,000000,0.0283,0.04,0.025,0.025,31001,0
HYZNW.US,D,20240307,000000,0.0275,0.0276,0.0275,0.0275,3263,0
HYZNW.US,D,20240308,000000,0.028249,0.029,0.0275,0.0275,3395,0
HYZNW.US,D,20240311,000000,0.029,0.029,0.025,0.025,1429,0
HYZNW.US,D,20240312,000000,0.03,0.04,0.029,0.03,64918,0
HYZNW.US,D,20240313,000000,0.037,0.038,0.025,0.038,6283,0
HYZNW.US,D,20240314,000000,0.038,0.0398,0.038,0.0398,13471,0
HYZNW.US,D,20240315,000000,0.02755,0.03,0.02755,0.03,1100,0
HYZNW.US,D,20240318,000000,0.03,0.03,0.03,0.03,1000,0
HYZNW.US,D,20240319,000000,0.028101,0.028101,0.028,0.028,2200,0
HYZNW.US,D,20240320,000000,0.0336,0.0336,0.0219,0.0286,62224,0
HYZNW.US,D,20240321,000000,0.03,0.0313,0.023,0.03,33033,0
HYZNW.US,D,20240322,000000,0.0231,0.0325,0.0231,0.0311,54549,0
HYZNW.US,D,20240325,000000,0.05,0.0775,0.031,0.05,113348,0
HYZNW.US,D,20240326,000000,0.031,0.069,0.031,0.05,128142,0
HYZNW.US,D,20240327,000000,0.05,0.075,0.05,0.05,29005,0
HYZNW.US,D,20240328,000000,0.0549,0.082,0.0501,0.08,12340,0
HYZNW.US,D,20240401,000000,0.053501,0.069,0.053501,0.061299,6119,0
HYZNW.US,D,20240402,000000,0.0534,0.0536,0.0534,0.0536,12430,0
HYZNW.US,D,20240403,000000,0.0534,0.0613,0.05,0.0599,18732,0
HYZNW.US,D,20240404,000000,0.0536,0.06,0.05,0.0501,6737,0
HYZNW.US,D,20240405,000000,0.06,0.06,0.05,0.05,62879,0
HYZNW.US,D,20240408,000000,0.0595,0.0595,0.0506,0.0506,1367,0
HYZNW.US,D,20240409,000000,0.0588,0.0679,0.0507,0.0679,655,0
HYZNW.US,D,20240410,000000,0.075,0.075,0.075,0.075,4680,0
HYZNW.US,D,20240411,000000,0.0747,0.075,0.05,0.0506,13531,0
HYZNW.US,D,20240412,000000,0.05,0.05936,0.05,0.05936,25704,0
HYZNW.US,D,20240415,000000,0.0501,0.0552,0.05,0.052649,4006,0
HYZNW.US,D,20240416,000000,0.05,0.05,0.0427,0.0428,13636,0
HYZNW.US,D,20240417,000000,0.0409,0.0476,0.0409,0.0476,2543,0
HYZNW.US,D,20240418,000000,0.0475,0.0648,0.0451,0.0451,4809,0
HYZNW.US,D,20240419,000000,0.033,0.0588,0.033,0.0588,4129,0
HYZNW.US,D,20240422,000000,0.041,0.047,0.04,0.0401,4200,0
HYZNW.US,D,20240423,000000,0.041,0.0501,0.04,0.04,8695,0
HYZNW.US,D,20240424,000000,0.041,0.041,0.0407,0.0407,1008,0
HYZNW.US,D,20240425,000000,0.045499,0.049899,0.041,0.041,5190,0
HYZNW.US,D,20240426,000000,0.0402,0.049,0.04,0.049,3017,0
HYZNW.US,D,20240429,000000,0.0401,0.06,0.04,0.04,10603,0
HYZNW.US,D,20240430,000000,0.04,0.0454,0.029,0.029,25105,0
HYZNW.US,D,20240501,000000,0.03,0.04,0.03,0.03,13274,0
HYZNW.US,D,20240502,000000,0.035499,0.0356,0.030099,0.032108,36927,0
HYZNW.US,D,20240503,000000,0.0356,0.040699,0.025,0.0251,31914,0
HYZNW.US,D,20240506,000000,0.0264,0.039,0.025291,0.026309,21336,0
HYZNW.US,D,20240507,000000,0.0264,0.0358,0.0235,0.0237,25275,0
HYZNW.US,D,20240508,000000,0.024,0.0349,0.022,0.0221,46938,0
HYZNW.US,D,20240509,000000,0.0349,0.0349,0.023,0.0305,129929,0
HYZNW.US,D,20240510,000000,0.0307,0.0307,0.0223,0.02545,88531,0
HYZNW.US,D,20240513,000000,0.0348,0.0348,0.0225,0.0268,152885,0
HYZNW.US,D,20240514,000000,0.027,0.030999,0.0225,0.026249,47041,0
HYZNW.US,D,20240515,000000,0.025,0.03,0.023,0.023,27225,0
HYZNW.US,D,20240516,000000,0.0299,0.04,0.023,0.04,86675,0
HYZNW.US,D,20240517,000000,0.0589,0.0589,0.027,0.033499,142470,0
HYZNW.US,D,20240520,000000,0.05,0.0589,0.0275,0.0511,78404,0
HYZNW.US,D,20240521,000000,0.0511,0.0512,0.0276,0.0489,29348,0
HYZNW.US,D,20240522,000000,0.0322,0.0488,0.0281,0.048299,46215,0
HYZNW.US,D,20240523,000000,0.0303,0.044,0.028,0.0293,74678,0
HYZNW.US,D,20240524,000000,0.034,0.034,0.023,0.033899,37460,0
HYZNW.US,D,20240529,000000,0.034,0.034,0.0279,0.0279,16702,0
HYZNW.US,D,20240530,000000,0.034,0.034,0.03,0.0333,12395,0
HYZNW.US,D,20240531,000000,0.0334,0.0334,0.0299,0.0334,19267,0
HYZNW.US,D,20240603,000000,0.030799,0.0393,0.030799,0.0393,11421,0
HYZNW.US,D,20240604,000000,0.0388,0.0388,0.0283,0.0353,26583,0
HYZNW.US,D,20240605,000000,0.0399,0.0399,0.03,0.03,8100,0
HYZNW.US,D,20240606,000000,0.0313,0.0313,0.0252,0.027,4250,0
HYZNW.US,D,20240607,000000,0.0276,0.03,0.0249,0.025,35799,0
HYZNW.US,D,20240610,000000,0.0277,0.0288,0.024,0.0288,22284,0
HYZNW.US,D,20240611,000000,0.0288,0.0328,0.0288,0.0314,9918,0
HYZNW.US,D,20240612,000000,0.0288,0.0315,0.0281,0.0288,13470,0
HYZNW.US,D,20240613,000000,0.03,0.0305,0.0254,0.0277,18276,0
HYZNW.US,D,20240614,000000,0.0278,0.0286,0.0232,0.0279,30463,0
HYZNW.US,D,20240617,000000,0.0232,0.026,0.0211,0.0216,192453,0
HYZNW.US,D,20240618,000000,0.022,0.022799,0.018,0.019,135441,0
HYZNW.US,D,20240620,000000,0.02,0.0395,0.02,0.029,41296,0
HYZNW.US,D,20240621,000000,0.021,0.0221,0.0197,0.021696,29450,0
HYZNW.US,D,20240624,000000,0.0183,0.0285,0.0183,0.0285,37109,0
HYZNW.US,D,20240625,000000,0.02,0.024,0.018,0.0194,28610,0
HYZNW.US,D,20240626,000000,0.0282,0.0283,0.0205,0.023,46236,0
HYZNW.US,D,20240627,000000,0.0205,0.022301,0.0199,0.02,30467,0
HYZNW.US,D,20240628,000000,0.0185,0.0205,0.0184,0.0199,15399,0
HYZNW.US,D,20240701,000000,0.0158,0.0205,0.0151,0.0183,24831,0
HYZNW.US,D,20240702,000000,0.0185,0.0185,0.0147,0.016,93922,0
HYZNW.US,D,20240703,000000,0.0124,0.0155,0.0124,0.0141,12606,0
HYZNW.US,D,20240705,000000,0.0156,0.0168,0.0145,0.0159,73082,0
HYZNW.US,D,20240708,000000,0.014,0.016499,0.0124,0.016499,30900,0
HYZNW.US,D,20240709,000000,0.015,0.0167,0.015,0.015,76840,0
HYZNW.US,D,20240710,000000,0.0168,0.021,0.0168,0.021,141087,0
HYZNW.US,D,20240711,000000,0.021,0.0295,0.021,0.0288,28053,0
HYZNW.US,D,20240712,000000,0.0202,0.0289,0.012,0.0289,9276,0
HYZNW.US,D,20240716,000000,0.0182,0.0183,0.0182,0.0183,1013,0
HYZNW.US,D,20240717,000000,0.0131,0.0279,0.0131,0.0279,412,0
HYZNW.US,D,20240718,000000,0.0137,0.0278,0.0137,0.02,2365,0
HYZNW.US,D,20240719,000000,0.015,0.02,0.015,0.0163,54674,0
HYZNW.US,D,20240722,000000,0.0195,0.0219,0.0183,0.0204,72587,0
HYZNW.US,D,20240723,000000,0.0203,0.0289,0.0145,0.0191,75837,0
HYZNW.US,D,20240724,000000,0.014,0.02,0.014,0.01913,27156,0
HYZNW.US,D,20240725,000000,0.026,0.026,0.0141,0.0143,10505,0
HYZNW.US,D,20240726,000000,0.015,0.018,0.014,0.0165,60123,0
HYZNW.US,D,20240729,000000,0.0165,0.0195,0.0165,0.0195,8114,0
HYZNW.US,D,20240730,000000,0.017,0.0193,0.0124,0.0187,111906,0
HYZNW.US,D,20240731,000000,0.0148,0.017,0.0124,0.017,14460,0
HYZNW.US,D,20240801,000000,0.0126,0.0177,0.0126,0.0177,3636,0
HYZNW.US,D,20240802,000000,0.0195,0.0195,0.0121,0.0121,41446,0
HYZNW.US,D,20240805,000000,0.012,0.0122,0.0113,0.0113,31900,0
HYZNW.US,D,20240806,000000,0.0106,0.015,0.0106,0.0106,14040,0
HYZNW.US,D,20240807,000000,0.0105,0.0107,0.0105,0.0105,15052,0
HYZNW.US,D,20240808,000000,0.0195,0.0195,0.0102,0.0135,99638,0
HYZNW.US,D,20240809,000000,0.0135,0.019,0.0101,0.0105,128536,0
HYZNW.US,D,20240812,000000,0.016,0.0161,0.0105,0.0106,18500,0
HYZNW.US,D,20240813,000000,0.0106,0.0165,0.0106,0.0107,20743,0
HYZNW.US,D,20240814,000000,0.012,0.0144,0.0101,0.010167,147284,0
HYZNW.US,D,20240815,000000,0.0102,0.0165,0.0101,0.0104,256266,0
HYZNW.US,D,20240816,000000,0.013251,0.016,0.0103,0.0108,58154,0
HYZNW.US,D,20240819,000000,0.016,0.016,0.013,0.013,9282,0
HYZNW.US,D,20240820,000000,0.0149,0.015,0.011,0.0112,16454,0
HYZNW.US,D,20240821,000000,0.0137,0.0137,0.0101,0.0101,29592,0
HYZNW.US,D,20240822,000000,0.0103,0.0111,0.0103,0.0104,32848,0
HYZNW.US,D,20240823,000000,0.0108,0.0108,0.0108,0.0108,26930,0
HYZNW.US,D,20240826,000000,0.0142,0.026,0.0142,0.0258,113582,0
HYZNW.US,D,20240827,000000,0.0258,0.0258,0.025,0.025,1082,0
HYZNW.US,D,20240828,000000,0.0222,0.025,0.0222,0.025,2104,0
HYZNW.US,D,20240830,000000,0.025,0.025,0.012699,0.012699,22281,0
HYZNW.US,D,20240904,000000,0.0111,0.0112,0.0111,0.0112,1498,0
HYZNW.US,D,20240905,000000,0.02,0.02,0.0179,0.0179,1000,0
HYZNW.US,D,20240906,000000,0.0112,0.0258,0.0112,0.0258,23469,0
HYZNW.US,D,20240909,000000,0.0258,0.0259,0.013,0.0131,12406,0
HYZNW.US,D,20240910,000000,0.02,0.02,0.013101,0.013101,2801,0
HYZNW.US,D,20240911,000000,0.0135,0.014,0.0135,0.014,4518,0
HYZNW.US,D,20240912,000000,0.0135,0.016749,0.0133,0.0145,7935,0
HYZNW.US,D,20240913,000000,0.0137,0.0138,0.0125,0.013,13271,0
HYZNW.US,D,20240916,000000,0.015,0.02,0.015,0.0166,2677,0
HYZNW.US,D,20240917,000000,0.019,0.019,0.0125,0.0128,35890,0
HYZNW.US,D,20240918,000000,0.0125,0.0139,0.0125,0.013,16588,0
HYZNW.US,D,20240919,000000,0.015899,0.016,0.013,0.013,15358,0
HYZNW.US,D,20240920,000000,0.015,0.0196,0.015,0.0196,7718,0
HYZNW.US,D,20240923,000000,0.015,0.015101,0.0126,0.015,12222,0
HYZNW.US,D,20240924,000000,0.015,0.019,0.013,0.013,62831,0
HYZNW.US,D,20240925,000000,0.0126,0.0126,0.0126,0.0126,10593,0
HYZNW.US,D,20240926,000000,0.0126,0.0142,0.0126,0.0142,810,0
HYZNW.US,D,20240927,000000,0.018,0.0195,0.0153,0.0194,14502,0
HYZNW.US,D,20240930,000000,0.0194,0.0195,0.01765,0.0195,1419,0
HYZNW.US,D,20241001,000000,0.02,0.02,0.0138,0.015001,9500,0
HYZNW.US,D,20241003,000000,0.0198,0.0198,0.0196,0.0197,2780,0
HYZNW.US,D,20241004,000000,0.0198,0.02,0.0151,0.0152,3703,0
HYZNW.US,D,20241007,000000,0.015,0.015,0.015,0.015,150,0
HYZNW.US,D,20241008,000000,0.0199,0.0199,0.0151,0.0152,3020,0
HYZNW.US,D,20241009,000000,0.0198,0.0198,0.0151,0.0151,1400,0
HYZNW.US,D,20241010,000000,0.0188,0.0198,0.0125,0.0126,47889,0
HYZNW.US,D,20241011,000000,0.0125,0.0145,0.0125,0.0125,35490,0
HYZNW.US,D,20241014,000000,0.0156,0.0156,0.0127,0.0127,1400,0
HYZNW.US,D,20241015,000000,0.0168,0.0168,0.0127,0.0127,875,0
HYZNW.US,D,20241016,000000,0.0125,0.0168,0.0125,0.0126,13824,0
HYZNW.US,D,20241017,000000,0.0125,0.0125,0.0125,0.0125,881,0
HYZNW.US,D,20241018,000000,0.0125,0.0149,0.0125,0.0149,22500,0
HYZNW.US,D,20241021,000000,0.012601,0.012601,0.0125,0.0125,896,0
HYZNW.US,D,20241022,000000,0.02,0.05,0.0175,0.0235,228793,0
HYZNW.US,D,20241023,000000,0.03,0.041,0.02,0.02,116369,0
HYZNW.US,D,20241024,000000,0.02,0.026,0.015,0.0259,31580,0
HYZNW.US,D,20241025,000000,0.026,0.0314,0.0248,0.0248,7310,0
HYZNW.US,D,20241028,000000,0.0242,0.025,0.0153,0.0224,4279,0
HYZNW.US,D,20241029,000000,0.0224,0.0299,0.0157,0.0275,18613,0
HYZNW.US,D,20241030,000000,0.02,0.0285,0.0152,0.02294,45426,0
HYZNW.US,D,20241031,000000,0.0225,0.0225,0.019144,0.0192,2412,0
HYZNW.US,D,20241101,000000,0.0193,0.0205,0.016601,0.018,10482,0
HYZNW.US,D,20241104,000000,0.017,0.0195,0.017,0.0195,23009,0
HYZNW.US,D,20241105,000000,0.0195,0.0195,0.0175,0.0194,1921,0
HYZNW.US,D,20241106,000000,0.0187,0.0189,0.0187,0.0188,3137,0
HYZNW.US,D,20241107,000000,0.0189,0.0189,0.017,0.0185,8730,0
HYZNW.US,D,20241108,000000,0.017,0.0185,0.017,0.0185,6736,0
HYZNW.US,D,20241111,000000,0.018,0.0189,0.017,0.017,5292,0
HYZNW.US,D,20241112,000000,0.0183,0.0183,0.017,0.0173,8185,0
HYZNW.US,D,20241113,000000,0.0152,0.0299,0.0126,0.0135,84130,0
HYZNW.US,D,20241114,000000,0.017,0.0171,0.0136,0.015,2500,0
HYZNW.US,D,20241115,000000,0.015,0.015,0.0132,0.0133,1862,0
HYZNW.US,D,20241118,000000,0.0141,0.015,0.0129,0.0149,4752,0
HYZNW.US,D,20241119,000000,0.0147,0.0147,0.014,0.0141,9119,0
HYZNW.US,D,20241120,000000,0.013,0.0138,0.013,0.0131,1687,0
HYZNW.US,D,20241121,000000,0.0131,0.014151,0.013,0.0138,16618,0
HYZNW.US,D,20241122,000000,0.0145,0.016651,0.01375,0.014,6774,0
HYZNW.US,D,20241125,000000,0.014,0.0168,0.014,0.014,39514,0
HYZNW.US,D,20241126,000000,0.014,0.014,0.014,0.014,382,0
HYZNW.US,D,20241127,000000,0.015,0.01695,0.0145,0.0151,48025,0
HYZNW.US,D,20241129,000000,0.0193,0.0193,0.0155,0.0156,2170,0
HYZNW.US,D,20241202,000000,0.0156,0.025,0.015,0.022,11444,0
HYZNW.US,D,20241203,000000,0.025,0.025,0.02,0.02,2732,0
HYZNW.US,D,20241204,000000,0.016,0.03,0.016,0.0243,28459,0
HYZNW.US,D,20241205,000000,0.0261,0.0265,0.0261,0.0262,32661,0
HYZNW.US,D,20241206,000000,0.0175,0.0176,0.0175,0.0176,500,0
HYZNW.US,D,20241209,000000,0.0245,0.0245,0.0245,0.0245,1050,0
HYZNW.US,D,20241210,000000,0.020432,0.020432,0.020432,0.020432,400,0
HYZNW.US,D,20241211,000000,0.0288,0.0288,0.0175,0.0177,34118,0
HYZNW.US,D,20241212,000000,0.0176,0.02,0.0176,0.0176,4625,0
HYZNW.US,D,20241213,000000,0.0175,0.02,0.0175,0.0186,8531,0
HYZNW.US,D,20241216,000000,0.0175,0.02,0.0175,0.0176,6732,0
HYZNW.US,D,20241217,000000,0.02,0.02,0.0194,0.0194,528,0
HYZNW.US,D,20241218,000000,0.0172,0.0194,0.0172,0.0194,2334,0
HYZNW.US,D,20241219,000000,0.015,0.02,0.015,0.02,20517,0
HYZNW.US,D,20241220,000000,0.02,0.02,0.014,0.015,31451,0
HYZNW.US,D,20241223,000000,0.0175,0.02,0.0174,0.0176,15734,0
HYZNW.US,D,20241224,000000,0.015,0.0155,0.014,0.014,70724,0
HYZNW.US,D,20241226,000000,0.015,0.015,0.014,0.0141,104835,0
HYZNW.US,D,20241227,000000,0.014,0.015283,0.014,0.0143,17601,0
HYZNW.US,D,20241230,000000,0.014,0.02,0.005,0.0081,1383425,0
HYZNW.US,D,20241231,000000,0.0052,0.0062,0.0033,0.005,919746,0
HYZNW.US,D,20250102,000000,0.006,0.0064,0.0049,0.006,222175,0
HYZNW.US,D,20250103,000000,0.006,0.006,0.0051,0.0057,243385,0
HYZNW.US,D,20250106,000000,0.006,0.0088,0.0059,0.0081,813921,0
HYZNW.US,D,20250107,000000,0.0082,0.0096,0.0068,0.0087,63488,0
HYZNW.US,D,20250108,000000,0.0083,0.0093,0.006,0.006,28300,0
HYZNW.US,D,20250110,000000,0.0056,0.006,0.0055,0.0057,343832,0
HYZNW.US,D,20250113,000000,0.0052,0.0067,0.005,0.005,240852,0
HYZNW.US,D,20250114,000000,0.005,0.0093,0.005,0.0052,69973,0
HYZNW.US,D,20250115,000000,0.0052,0.0065,0.0052,0.006,118786,0
HYZNW.US,D,20250116,000000,0.0052,0.006,0.0052,0.0059,1389,0
HYZNW.US,D,20250117,000000,0.006,0.01,0.00532,0.00532,34089,0
HYZNW.US,D,20250121,000000,0.0051,0.01,0.004,0.0048,789029,0
HYZNW.US,D,20250122,000000,0.006,0.006,0.0046,0.0049,59760,0
HYZNW.US,D,20250123,000000,0.0054,0.0054,0.0047,0.0047,25579,0
HYZNW.US,D,20250124,000000,0.0048,0.005,0.0031,0.0033,359050,0
HYZNW.US,D,20250127,000000,0.004,0.005,0.0034,0.0036,211965,0
HYZNW.US,D,20250128,000000,0.0025,0.005,0.0019,0.0032,410287,0
HYZNW.US,D,20250129,000000,0.0039,0.0039,0.0013,0.0018,430612,0
HYZNW.US,D,20250130,000000,0.0021,0.0046,0.0021,0.003,63007,0
