<TICKER>,<PER>,<DATE>,<TIME>,<OPEN>,<HIGH>,<LOW>,<CLOSE>,<VOL>,<OPENINT>
IMAQ.US,D,20210819,000000,9.655,9.67,9.655,9.66,7003,0
IMAQ.US,D,20210820,000000,9.67,9.72,9.66,9.72,44715,0
IMAQ.US,D,20210823,000000,9.69,9.83,9.67,9.67,538,0
IMAQ.US,D,20210825,000000,9.81,9.81,9.68,9.69,221520,0
IMAQ.US,D,20210826,000000,9.7,9.7,9.68,9.69,184930,0
IMAQ.US,D,20210827,000000,9.69,9.81,9.68,9.72,483300,0
IMAQ.US,D,20210830,000000,9.7,9.75,9.69,9.7,277000,0
IMAQ.US,D,20210831,000000,9.745,9.75,9.69,9.69,40457,0
IMAQ.US,D,20210901,000000,9.75,9.75,9.7,9.73,257978,0
IMAQ.US,D,20210902,000000,9.75,9.81,9.72,9.72,195192,0
IMAQ.US,D,20210903,000000,9.75,9.81,9.71,9.74,218184,0
IMAQ.US,D,20210907,000000,9.73,9.765,9.72,9.74,220021,0
IMAQ.US,D,20210908,000000,9.74,9.74,9.74,9.74,431418,0
IMAQ.US,D,20210909,000000,9.75,9.78,9.74,9.74,358605,0
IMAQ.US,D,20210910,000000,9.74,9.77,9.73,9.75,194500,0
IMAQ.US,D,20210913,000000,10,10,9.79,9.84,545152,0
IMAQ.US,D,20210914,000000,9.94,9.95,9.81,9.85,1762544,0
IMAQ.US,D,20210915,000000,9.85,9.9,9.8,9.85,1182159,0
IMAQ.US,D,20210916,000000,9.83,9.9,9.83,9.85,629523,0
IMAQ.US,D,20210917,000000,9.9,9.9,9.84,9.85,278479,0
IMAQ.US,D,20210920,000000,9.87,9.91,9.82,9.84,183191,0
IMAQ.US,D,20210921,000000,9.83,9.84,9.78,9.81,89679,0
IMAQ.US,D,20210922,000000,9.85,9.85,9.7811,9.83,104402,0
IMAQ.US,D,20210923,000000,9.83,9.83,9.78,9.82,127004,0
IMAQ.US,D,20210924,000000,9.86,9.86,9.77,9.81,58782,0
IMAQ.US,D,20210927,000000,9.91,9.91,9.83,9.85,149490,0
IMAQ.US,D,20210928,000000,9.89,9.89,9.78,9.83,84451,0
IMAQ.US,D,20210929,000000,9.88,9.88,9.8,9.85,52133,0
IMAQ.US,D,20210930,000000,9.87,9.87,9.79,9.8,67170,0
IMAQ.US,D,20211001,000000,9.8,9.85,9.79,9.79,19518,0
IMAQ.US,D,20211004,000000,9.85,9.92,9.8,9.88,243267,0
IMAQ.US,D,20211005,000000,9.88,9.88,9.82,9.85,84774,0
IMAQ.US,D,20211006,000000,9.85,9.85,9.8,9.815,84643,0
IMAQ.US,D,20211007,000000,9.82,9.9066,9.8,9.85,67373,0
IMAQ.US,D,20211008,000000,9.9,9.94,9.81,9.85,83954,0
IMAQ.US,D,20211011,000000,9.94,9.94,9.81,9.85,58652,0
IMAQ.US,D,20211012,000000,9.86,9.87,9.82,9.86,65631,0
IMAQ.US,D,20211013,000000,9.86,9.86,9.82,9.83,43652,0
IMAQ.US,D,20211014,000000,9.82,9.83,9.8,9.83,37975,0
IMAQ.US,D,20211015,000000,9.81,9.8317,9.8,9.81,40480,0
IMAQ.US,D,20211018,000000,9.81,9.83,9.79,9.83,456057,0
IMAQ.US,D,20211019,000000,9.8,9.82,9.8,9.82,537732,0
IMAQ.US,D,20211020,000000,9.78,9.81,9.78,9.81,27597,0
IMAQ.US,D,20211021,000000,9.79,9.8243,9.79,9.81,55515,0
IMAQ.US,D,20211022,000000,9.78,9.84,9.78,9.83,137415,0
IMAQ.US,D,20211025,000000,9.8,9.86,9.8,9.83,377556,0
IMAQ.US,D,20211026,000000,9.82,9.845,9.81,9.83,72071,0
IMAQ.US,D,20211027,000000,9.81,9.84,9.81,9.82,34146,0
IMAQ.US,D,20211028,000000,9.875,9.9,9.83,9.86,138378,0
IMAQ.US,D,20211029,000000,9.86,9.86,9.82,9.85,47425,0
IMAQ.US,D,20211101,000000,9.82,9.85,9.8101,9.83,68309,0
IMAQ.US,D,20211102,000000,9.85,9.85,9.83,9.83,21473,0
IMAQ.US,D,20211103,000000,9.83,9.85,9.83,9.84,32711,0
IMAQ.US,D,20211104,000000,9.84,9.85,9.84,9.84,41453,0
IMAQ.US,D,20211105,000000,9.82,9.8499,9.81,9.83,46844,0
IMAQ.US,D,20211108,000000,9.81,9.8499,9.81,9.83,63600,0
IMAQ.US,D,20211109,000000,9.81,9.84,9.8,9.82,983429,0
IMAQ.US,D,20211110,000000,9.81,9.85,9.81,9.83,1339206,0
IMAQ.US,D,20211111,000000,9.84,9.85,9.84,9.84,22838,0
IMAQ.US,D,20211112,000000,9.84,9.86,9.83,9.83,60783,0
IMAQ.US,D,20211115,000000,9.84,9.86,9.84,9.85,36887,0
IMAQ.US,D,20211116,000000,9.83,9.85,9.83,9.83,183758,0
IMAQ.US,D,20211117,000000,9.83,9.86,9.82,9.84,24925,0
IMAQ.US,D,20211118,000000,9.82,9.8489,9.8147,9.8301,45070,0
IMAQ.US,D,20211119,000000,9.83,9.85,9.8201,9.84,15360,0
IMAQ.US,D,20211122,000000,9.81,9.8599,9.81,9.84,18173,0
IMAQ.US,D,20211123,000000,9.81,9.85,9.81,9.8401,22582,0
IMAQ.US,D,20211124,000000,9.8,9.89,9.8,9.86,75457,0
IMAQ.US,D,20211126,000000,9.8,9.86,9.7954,9.83,14520,0
IMAQ.US,D,20211129,000000,9.85,9.86,9.83,9.85,25100,0
IMAQ.US,D,20211130,000000,9.82,9.86,9.82,9.85,27091,0
IMAQ.US,D,20211201,000000,9.83,9.86,9.83,9.84,33199,0
IMAQ.US,D,20211202,000000,9.83,9.86,9.82,9.85,30636,0
IMAQ.US,D,20211203,000000,9.84,9.85,9.8255,9.84,17437,0
IMAQ.US,D,20211206,000000,9.8,9.85,9.8,9.84,19980,0
IMAQ.US,D,20211207,000000,9.85,9.85,9.82,9.83,11184,0
IMAQ.US,D,20211208,000000,9.81,9.855,9.81,9.82,40349,0
IMAQ.US,D,20211209,000000,9.84,9.87,9.82,9.87,44185,0
IMAQ.US,D,20211210,000000,9.88,9.88,9.83,9.85,12961,0
IMAQ.US,D,20211213,000000,9.83,9.86,9.83,9.85,17765,0
IMAQ.US,D,20211214,000000,9.83,9.845,9.82,9.82,8147,0
IMAQ.US,D,20211215,000000,9.81,9.82,9.81,9.82,9892,0
IMAQ.US,D,20211216,000000,9.79,9.8272,9.79,9.81,67126,0
IMAQ.US,D,20211217,000000,9.81,9.83,9.81,9.82,20104,0
IMAQ.US,D,20211220,000000,9.8,9.8149,9.8,9.8,15428,0
IMAQ.US,D,20211221,000000,9.81,9.82,9.8,9.82,12844,0
IMAQ.US,D,20211222,000000,9.8,9.83,9.8,9.82,16010,0
IMAQ.US,D,20211223,000000,9.8,9.85,9.8,9.82,8956,0
IMAQ.US,D,20211227,000000,9.8,9.84,9.8,9.82,21418,0
IMAQ.US,D,20211228,000000,9.81,9.841,9.81,9.82,12964,0
IMAQ.US,D,20211229,000000,9.8,9.8446,9.8,9.82,21768,0
IMAQ.US,D,20211230,000000,9.82,9.83,9.82,9.82,28697,0
IMAQ.US,D,20211231,000000,9.78,9.8206,9.78,9.82,6232,0
IMAQ.US,D,20220103,000000,9.82,9.838,9.82,9.82,35975,0
IMAQ.US,D,20220104,000000,9.82,9.84,9.82,9.835,8186,0
IMAQ.US,D,20220105,000000,9.82,9.85,9.82,9.83,11124,0
IMAQ.US,D,20220106,000000,9.82,9.84,9.82,9.83,6575,0
IMAQ.US,D,20220107,000000,9.82,9.8393,9.82,9.83,7939,0
IMAQ.US,D,20220110,000000,9.82,9.86,9.82,9.85,28959,0
IMAQ.US,D,20220111,000000,9.82,9.86,9.82,9.83,7774,0
IMAQ.US,D,20220112,000000,9.83,9.85,9.83,9.84,8445,0
IMAQ.US,D,20220113,000000,9.84,9.86,9.84,9.84,6744,0
IMAQ.US,D,20220114,000000,9.83,9.85,9.83,9.84,11140,0
IMAQ.US,D,20220118,000000,9.83,9.845,9.83,9.84,17057,0
IMAQ.US,D,20220119,000000,9.84,9.87,9.84,9.84,7393,0
IMAQ.US,D,20220120,000000,9.84,9.86,9.84,9.84,13027,0
IMAQ.US,D,20220121,000000,9.84,9.87,9.84,9.85,12749,0
IMAQ.US,D,20220124,000000,9.84,9.8502,9.84,9.84,22044,0
IMAQ.US,D,20220125,000000,9.84,9.85,9.84,9.84,28239,0
IMAQ.US,D,20220126,000000,9.84,9.86,9.84,9.85,18601,0
IMAQ.US,D,20220127,000000,9.84,9.86,9.84,9.845,29564,0
IMAQ.US,D,20220128,000000,9.84,9.85,9.84,9.845,27840,0
IMAQ.US,D,20220131,000000,9.84,9.86,9.84,9.85,34974,0
IMAQ.US,D,20220201,000000,9.84,9.86,9.84,9.855,23557,0
IMAQ.US,D,20220202,000000,9.85,9.86,9.84,9.8501,22993,0
IMAQ.US,D,20220203,000000,9.85,9.86,9.85,9.85,14759,0
IMAQ.US,D,20220204,000000,9.85,9.87,9.85,9.865,20809,0
IMAQ.US,D,20220207,000000,9.85,9.86,9.85,9.855,26007,0
IMAQ.US,D,20220208,000000,9.86,9.87,9.85,9.865,23179,0
IMAQ.US,D,20220209,000000,9.85,9.87,9.85,9.87,36371,0
IMAQ.US,D,20220210,000000,9.86,9.87,9.845,9.86,237960,0
IMAQ.US,D,20220211,000000,9.83,9.88,9.68,9.87,10674,0
IMAQ.US,D,20220214,000000,9.86,9.88,9.86,9.86,35255,0
IMAQ.US,D,20220215,000000,9.87,9.88,9.86,9.872,23191,0
IMAQ.US,D,20220216,000000,9.86,9.88,9.86,9.88,22991,0
IMAQ.US,D,20220217,000000,9.87,9.87,9.86,9.87,27769,0
IMAQ.US,D,20220218,000000,9.87,9.88,9.87,9.87,29779,0
IMAQ.US,D,20220222,000000,9.86,9.88,9.86,9.88,34599,0
IMAQ.US,D,20220223,000000,9.86,9.875,9.86,9.87,13177,0
IMAQ.US,D,20220224,000000,9.86,9.88,9.86,9.88,35135,0
IMAQ.US,D,20220225,000000,9.88,9.88,9.875,9.875,93746,0
IMAQ.US,D,20220228,000000,9.87,9.88,9.87,9.88,11685,0
IMAQ.US,D,20220301,000000,9.88,9.89,9.875,9.89,3450,0
IMAQ.US,D,20220302,000000,9.89,9.89,9.87,9.87,36104,0
IMAQ.US,D,20220303,000000,9.87,9.89,9.87,9.87,16008,0
IMAQ.US,D,20220304,000000,9.88,9.89,9.88,9.89,56904,0
IMAQ.US,D,20220307,000000,9.89,9.89,9.87,9.89,84371,0
IMAQ.US,D,20220308,000000,9.88,9.9,9.88,9.89,119522,0
IMAQ.US,D,20220309,000000,9.9,9.9,9.88,9.89,120434,0
IMAQ.US,D,20220310,000000,9.89,9.9099,9.88,9.89,48655,0
IMAQ.US,D,20220311,000000,9.9,9.9,9.89,9.89,25866,0
IMAQ.US,D,20220314,000000,9.89,9.9,9.89,9.89,25926,0
IMAQ.US,D,20220315,000000,9.88,9.93,9.88,9.89,21499,0
IMAQ.US,D,20220316,000000,9.88,9.9,9.88,9.9,21521,0
IMAQ.US,D,20220317,000000,9.89,9.9,9.89,9.89,28396,0
IMAQ.US,D,20220318,000000,9.88,9.9,9.88,9.9,28221,0
IMAQ.US,D,20220321,000000,9.88,9.9,9.88,9.89,24572,0
IMAQ.US,D,20220322,000000,9.89,9.9015,9.89,9.89,22726,0
IMAQ.US,D,20220323,000000,9.89,9.9,9.89,9.9,5415,0
IMAQ.US,D,20220324,000000,9.89,9.91,9.89,9.9005,11921,0
IMAQ.US,D,20220325,000000,9.9,9.9099,9.9,9.9,7055,0
IMAQ.US,D,20220328,000000,9.89,9.9042,9.89,9.9,3660,0
IMAQ.US,D,20220329,000000,9.89,9.91,9.89,9.91,15868,0
IMAQ.US,D,20220330,000000,9.89,9.91,9.89,9.91,18196,0
IMAQ.US,D,20220331,000000,9.89,9.9142,9.89,9.9101,103970,0
IMAQ.US,D,20220401,000000,9.91,9.9175,9.9,9.905,244456,0
IMAQ.US,D,20220404,000000,9.9,9.915,9.9,9.91,7541,0
IMAQ.US,D,20220405,000000,9.9,9.92,9.9,9.9,5924,0
IMAQ.US,D,20220406,000000,9.9,9.92,9.9,9.9175,444762,0
IMAQ.US,D,20220407,000000,9.92,9.92,9.91,9.91,328123,0
IMAQ.US,D,20220408,000000,9.9101,9.925,9.9101,9.925,100640,0
IMAQ.US,D,20220411,000000,9.91,9.94,9.91,9.93,4283,0
IMAQ.US,D,20220412,000000,9.93,9.93,9.92,9.92,3218,0
IMAQ.US,D,20220413,000000,9.92,9.93,9.92,9.92,4874,0
IMAQ.US,D,20220414,000000,9.92,9.93,9.92,9.93,1918,0
IMAQ.US,D,20220418,000000,9.92,9.935,9.92,9.93,5374,0
IMAQ.US,D,20220419,000000,9.92,9.93,9.92,9.93,2427,0
IMAQ.US,D,20220420,000000,9.93,9.94,9.93,9.93,9304,0
IMAQ.US,D,20220421,000000,9.93,9.95,9.93,9.95,6148,0
IMAQ.US,D,20220422,000000,9.93,9.9336,9.93,9.93,849,0
IMAQ.US,D,20220425,000000,9.93,9.94,9.93,9.94,3030,0
IMAQ.US,D,20220426,000000,9.93,9.9301,9.93,9.93,6407,0
IMAQ.US,D,20220427,000000,9.93,9.94,9.93,9.9301,2964,0
IMAQ.US,D,20220428,000000,9.94,9.94,9.93,9.93,8215,0
IMAQ.US,D,20220429,000000,9.93,9.94,9.93,9.94,3736,0
IMAQ.US,D,20220502,000000,9.93,9.951,9.93,9.94,9958,0
IMAQ.US,D,20220503,000000,9.93,9.96,9.93,9.93,5485,0
IMAQ.US,D,20220504,000000,9.93,9.95,9.925,9.935,324684,0
IMAQ.US,D,20220505,000000,9.9408,9.945,9.93,9.94,2617,0
IMAQ.US,D,20220506,000000,9.94,9.95,9.94,9.94,2182,0
IMAQ.US,D,20220509,000000,9.93,9.9326,9.92,9.92,10365,0
IMAQ.US,D,20220510,000000,9.93,9.93,9.92,9.9204,6269,0
IMAQ.US,D,20220511,000000,9.93,9.9325,9.93,9.93,9737,0
IMAQ.US,D,20220512,000000,9.92,9.935,9.92,9.935,864044,0
IMAQ.US,D,20220513,000000,9.93,9.93,9.92,9.93,13763,0
IMAQ.US,D,20220516,000000,9.92,9.922,9.92,9.922,3273,0
IMAQ.US,D,20220517,000000,9.94,9.94,9.92,9.92,7488,0
IMAQ.US,D,20220518,000000,9.94,9.96,9.92,9.936,4526,0
IMAQ.US,D,20220519,000000,9.92,9.94,9.92,9.92,3693,0
IMAQ.US,D,20220520,000000,9.92,9.9201,9.92,9.92,2160,0
IMAQ.US,D,20220523,000000,9.92,9.96,9.92,9.9246,1896,0
IMAQ.US,D,20220524,000000,9.945,9.945,9.92,9.92,12578,0
IMAQ.US,D,20220525,000000,9.93,9.93,9.93,9.93,507,0
IMAQ.US,D,20220526,000000,9.9301,9.94,9.93,9.94,2521,0
IMAQ.US,D,20220527,000000,9.95,9.95,9.93,9.95,221115,0
IMAQ.US,D,20220531,000000,9.93,9.94,9.93,9.94,18925,0
IMAQ.US,D,20220601,000000,9.95,9.96,9.95,9.95,11595,0
IMAQ.US,D,20220602,000000,9.95,9.95,9.95,9.95,2972,0
IMAQ.US,D,20220603,000000,9.95,9.9501,9.95,9.95,5550,0
IMAQ.US,D,20220606,000000,9.95,9.9501,9.95,9.95,24575,0
IMAQ.US,D,20220607,000000,9.95,9.975,9.95,9.95,4457,0
IMAQ.US,D,20220608,000000,9.95,9.955,9.95,9.95,3912,0
IMAQ.US,D,20220609,000000,9.96,9.965,9.96,9.96,25201,0
IMAQ.US,D,20220610,000000,9.95,9.9583,9.95,9.95,1733,0
IMAQ.US,D,20220613,000000,9.95,9.9567,9.95,9.9567,1724,0
IMAQ.US,D,20220614,000000,10,10,9.9501,9.96,306627,0
IMAQ.US,D,20220615,000000,9.95,9.9677,9.95,9.95,17252,0
IMAQ.US,D,20220616,000000,9.96,9.969,9.95,9.95,2778,0
IMAQ.US,D,20220617,000000,9.9501,9.9501,9.9501,9.9501,245,0
IMAQ.US,D,20220621,000000,9.95,9.9585,9.95,9.95,6053,0
IMAQ.US,D,20220622,000000,9.95,9.97,9.95,9.9614,9452,0
IMAQ.US,D,20220623,000000,9.96,9.96,9.96,9.96,5547,0
IMAQ.US,D,20220624,000000,9.95,9.975,9.95,9.975,7170,0
IMAQ.US,D,20220627,000000,9.96,9.98,9.96,9.975,295658,0
IMAQ.US,D,20220628,000000,9.97,9.9701,9.97,9.9701,400,0
IMAQ.US,D,20220629,000000,9.97,9.9801,9.97,9.98,8127,0
IMAQ.US,D,20220705,000000,9.98,9.98,9.97,9.97,1524,0
IMAQ.US,D,20220706,000000,9.9701,9.9701,9.97,9.97,1603,0
IMAQ.US,D,20220707,000000,9.97,9.985,9.97,9.9833,8204,0
IMAQ.US,D,20220708,000000,9.98,9.99,9.98,9.985,68928,0
IMAQ.US,D,20220711,000000,9.98,9.994,9.98,9.994,9287,0
IMAQ.US,D,20220712,000000,10,10,9.99,9.99,15282,0
IMAQ.US,D,20220713,000000,10,10,9.99,9.9931,34190,0
IMAQ.US,D,20220714,000000,10,10,10,10,5705,0
IMAQ.US,D,20220715,000000,9.99,10,9.99,10,1718,0
IMAQ.US,D,20220718,000000,9.99,10,9.99,9.99,13732,0
IMAQ.US,D,20220719,000000,9.99,10.0086,9.99,9.99,3968,0
IMAQ.US,D,20220720,000000,10.01,10.01,10,10,6701,0
IMAQ.US,D,20220721,000000,10.005,10.01,10,10.01,6364,0
IMAQ.US,D,20220722,000000,9.9905,10.02,9.9905,10.02,9283,0
IMAQ.US,D,20220725,000000,10,10.03,10,10.01,4038,0
IMAQ.US,D,20220726,000000,9.99,10.11,9.99,10.1,36812,0
IMAQ.US,D,20220727,000000,10.1,10.11,10.06,10.09,95755,0
IMAQ.US,D,20220728,000000,10.09,10.13,10.09,10.11,109113,0
IMAQ.US,D,20220729,000000,10.11,10.13,10.11,10.13,1575,0
IMAQ.US,D,20220801,000000,10.12,10.13,10.11,10.13,10092,0
IMAQ.US,D,20220802,000000,10.13,10.14,10.11,10.11,74624,0
IMAQ.US,D,20220803,000000,10.11,10.128,10.1,10.1,14599,0
IMAQ.US,D,20220804,000000,10.1,10.12,10.1,10.11,115623,0
IMAQ.US,D,20220805,000000,10.125,10.125,10.1,10.11,53192,0
IMAQ.US,D,20220808,000000,10.1,10.11,10.1,10.1,7470,0
IMAQ.US,D,20220809,000000,10.11,10.1105,10.11,10.11,767,0
IMAQ.US,D,20220810,000000,10.14,10.14,10.1,10.1,9493,0
IMAQ.US,D,20220811,000000,10.13,10.2,10.13,10.19,14959,0
IMAQ.US,D,20220812,000000,10.18,10.19,10.11,10.11,1443,0
IMAQ.US,D,20220815,000000,10.11,10.15,10.11,10.11,6982,0
IMAQ.US,D,20220816,000000,10.1101,10.12,10.11,10.11,3432,0
IMAQ.US,D,20220817,000000,10.11,10.13,10.11,10.13,4062,0
IMAQ.US,D,20220818,000000,10.135,10.135,10.11,10.11,762,0
IMAQ.US,D,20220819,000000,10.1,10.135,10.1,10.135,442,0
IMAQ.US,D,20220823,000000,10.1,10.17,10.1,10.135,13383,0
IMAQ.US,D,20220824,000000,10.09,10.16,10.09,10.14,4668,0
IMAQ.US,D,20220825,000000,10.11,10.11,10.11,10.11,761,0
IMAQ.US,D,20220826,000000,10.17,10.17,10.14,10.14,5273,0
IMAQ.US,D,20220829,000000,10.11,10.17,10.11,10.17,5060,0
IMAQ.US,D,20220830,000000,10.11,10.14,10.05,10.105,24385,0
IMAQ.US,D,20220831,000000,10.08,10.1066,10.06,10.1066,1985,0
IMAQ.US,D,20220901,000000,10.1,10.16,10.06,10.08,36247,0
IMAQ.US,D,20220902,000000,10.06,10.12,10.06,10.12,716,0
IMAQ.US,D,20220906,000000,10.07,10.12,10.07,10.095,2969,0
IMAQ.US,D,20220907,000000,10.07,10.11,10.07,10.1,5441,0
IMAQ.US,D,20220908,000000,10.08,10.105,10.07,10.0703,1239,0
IMAQ.US,D,20220909,000000,10.0707,10.14,10.0707,10.14,718,0
IMAQ.US,D,20220912,000000,10.07,10.1,10.07,10.1,2500,0
IMAQ.US,D,20220913,000000,10.08,10.1,10.08,10.1,493,0
IMAQ.US,D,20220914,000000,10.07,10.11,10.07,10.11,3061,0
IMAQ.US,D,20220915,000000,10.09,10.09,10.07,10.07,4740,0
IMAQ.US,D,20220916,000000,10.07,10.07,10.07,10.07,398,0
IMAQ.US,D,20220919,000000,10.0701,10.0701,10.07,10.07,634,0
IMAQ.US,D,20220920,000000,10.07,10.14,10.07,10.14,13923,0
IMAQ.US,D,20220922,000000,10.14,10.16,10.0701,10.15,13018,0
IMAQ.US,D,20220923,000000,10.0701,10.17,10.07,10.105,16481,0
IMAQ.US,D,20220926,000000,10.06,10.14,10.06,10.14,1183,0
IMAQ.US,D,20220927,000000,10.1214,10.13,10.11,10.13,877,0
IMAQ.US,D,20220928,000000,10.11,10.15,10.11,10.11,3415,0
IMAQ.US,D,20220929,000000,10.11,10.11,10.11,10.11,681,0
IMAQ.US,D,20220930,000000,10.1101,10.1499,10.11,10.1499,19335,0
IMAQ.US,D,20221003,000000,10.1499,10.15,10.11,10.1492,13572,0
IMAQ.US,D,20221004,000000,10.12,10.15,10.11,10.15,26446,0
IMAQ.US,D,20221005,000000,10.13,10.17,10.1,10.17,206900,0
IMAQ.US,D,20221006,000000,10.12,10.121,10.11,10.12,25825,0
IMAQ.US,D,20221007,000000,10.12,10.1201,10.12,10.12,16379,0
IMAQ.US,D,20221010,000000,10.12,10.139,10.12,10.13,3911,0
IMAQ.US,D,20221011,000000,10.14,10.17,10.13,10.17,17870,0
IMAQ.US,D,20221012,000000,10.155,10.17,10.13,10.16,20498,0
IMAQ.US,D,20221013,000000,10.13,10.17,10.13,10.15,4963,0
IMAQ.US,D,20221014,000000,10.145,10.17,10.145,10.17,5128,0
IMAQ.US,D,20221017,000000,10.17,10.175,10.16,10.17,51179,0
IMAQ.US,D,20221018,000000,10.17,10.2,10.17,10.1935,9355,0
IMAQ.US,D,20221019,000000,10.2,10.2,10.17,10.185,7617,0
IMAQ.US,D,20221020,000000,10.185,10.185,10.185,10.185,360,0
IMAQ.US,D,20221021,000000,10.18,10.1801,10.16,10.16,11371,0
IMAQ.US,D,20221024,000000,10.17,10.17,10.15,10.1593,64192,0
IMAQ.US,D,20221025,000000,10.17,10.17,10.15,10.15,458,0
IMAQ.US,D,20221026,000000,10.15,10.165,10.15,10.165,694,0
IMAQ.US,D,20221027,000000,10.15,10.16,10.15,10.1505,7594,0
IMAQ.US,D,20221028,000000,10.15,10.15,10.15,10.15,6291,0
IMAQ.US,D,20221031,000000,10.15,10.225,10.15,10.225,10491,0
IMAQ.US,D,20221101,000000,10.16,10.16,10.15,10.15,1056,0
IMAQ.US,D,20221102,000000,10.15,10.2,10.15,10.2,494,0
IMAQ.US,D,20221103,000000,10.2,10.23,10.17,10.17,4158,0
IMAQ.US,D,20221104,000000,10.16,10.28,10.16,10.23,4875,0
IMAQ.US,D,20221107,000000,10.16,10.23,10.16,10.23,602,0
IMAQ.US,D,20221108,000000,10.222,10.222,10.222,10.222,331,0
IMAQ.US,D,20221109,000000,10.2116,10.235,10.18,10.18,1314,0
IMAQ.US,D,20221110,000000,10.15,10.24,10.15,10.2,1024,0
IMAQ.US,D,20221111,000000,10.2001,10.26,10.2,10.25,8567,0
IMAQ.US,D,20221114,000000,10.19,10.26,10.15,10.15,12366,0
IMAQ.US,D,20221115,000000,10.15,10.15,10.15,10.15,522,0
IMAQ.US,D,20221116,000000,10.15,10.17,10.15,10.17,804,0
IMAQ.US,D,20221117,000000,10.16,10.17,10.15,10.15,1627,0
IMAQ.US,D,20221118,000000,10.18,10.2,10.16,10.17,6087,0
IMAQ.US,D,20221121,000000,10.16,10.2,10.16,10.2,14142,0
IMAQ.US,D,20221122,000000,10.202,10.21,10.2,10.21,72533,0
IMAQ.US,D,20221123,000000,10.21,10.29,10.21,10.29,23066,0
IMAQ.US,D,20221125,000000,10.27,10.27,10.15,10.15,544,0
IMAQ.US,D,20221128,000000,10.16,10.21,10.16,10.21,936,0
IMAQ.US,D,20221130,000000,10.23,10.23,10.23,10.23,331,0
IMAQ.US,D,20221201,000000,10.2784,10.2784,10.2784,10.2784,1336,0
IMAQ.US,D,20221202,000000,10.28,10.28,10.28,10.28,5531,0
IMAQ.US,D,20221205,000000,10.28,10.29,10.28,10.2801,3322,0
IMAQ.US,D,20221206,000000,10.28,10.285,10.28,10.28,1442,0
IMAQ.US,D,20221207,000000,10.29,10.29,10.266,10.266,1640,0
IMAQ.US,D,20221209,000000,10.25,10.275,10.25,10.275,2279,0
IMAQ.US,D,20221213,000000,10.18,10.225,10.18,10.225,608,0
IMAQ.US,D,20221214,000000,10.22,10.25,10.22,10.25,1077,0
IMAQ.US,D,20221215,000000,10.25,10.25,10.19,10.19,9528,0
IMAQ.US,D,20221216,000000,10.15,10.155,10.15,10.155,391,0
IMAQ.US,D,20221219,000000,10.15,10.2098,10.15,10.18,2155,0
IMAQ.US,D,20221220,000000,10.18,10.2,10.18,10.19,2428,0
IMAQ.US,D,20221221,000000,10.18,10.1801,10.18,10.1801,407,0
IMAQ.US,D,20221222,000000,10.225,10.225,10.18,10.18,489,0
IMAQ.US,D,20221223,000000,10.15,10.1605,10.15,10.1605,1712,0
IMAQ.US,D,20221227,000000,10.15,10.2,10.15,10.15,3374,0
IMAQ.US,D,20221228,000000,10.15,10.2,10.15,10.15,2727,0
IMAQ.US,D,20221229,000000,10.15,10.2,10.15,10.2,2254,0
IMAQ.US,D,20221230,000000,10.175,10.2,10.15,10.2,3385,0
IMAQ.US,D,20230103,000000,10.18,10.2,10.18,10.19,3354,0
IMAQ.US,D,20230104,000000,10.18,10.22,10.18,10.2197,5701,0
IMAQ.US,D,20230105,000000,10.2201,10.2201,10.22,10.22,875,0
IMAQ.US,D,20230106,000000,10.25,10.25,10.24,10.24,1742,0
IMAQ.US,D,20230109,000000,10.24,10.2425,10.24,10.24,1958,0
IMAQ.US,D,20230110,000000,10.28,10.2801,10.28,10.28,1800,0
IMAQ.US,D,20230111,000000,10.27,10.285,10.27,10.285,1913,0
IMAQ.US,D,20230112,000000,10.28,10.28,10.26,10.27,30017,0
IMAQ.US,D,20230113,000000,10.27,10.28,10.27,10.28,2430,0
IMAQ.US,D,20230117,000000,10.27,10.2783,10.27,10.2783,652,0
IMAQ.US,D,20230118,000000,10.26,10.28,10.26,10.28,3835,0
IMAQ.US,D,20230119,000000,10.29,10.29,10.2899,10.2899,2243,0
IMAQ.US,D,20230120,000000,10.3,10.3,10.28,10.28,2789,0
IMAQ.US,D,20230123,000000,10.24,10.24,10.24,10.24,852,0
IMAQ.US,D,20230124,000000,10.15,10.64,10.15,10.41,29692,0
IMAQ.US,D,20230125,000000,10.24,10.65,10.24,10.42,5606,0
IMAQ.US,D,20230126,000000,10.3501,10.6782,10.3501,10.5,9189,0
IMAQ.US,D,20230127,000000,10.37,10.51,10.36,10.51,5744,0
IMAQ.US,D,20230130,000000,10.38,10.49,10.38,10.38,921,0
IMAQ.US,D,20230131,000000,10.3801,10.4,10.38,10.4,2196,0
IMAQ.US,D,20230201,000000,10.38,10.4001,10.38,10.38,1069,0
IMAQ.US,D,20230202,000000,10.38,10.46,10.38,10.41,29634,0
IMAQ.US,D,20230203,000000,10.445,10.46,10.44,10.44,2542,0
IMAQ.US,D,20230206,000000,10.4403,10.4403,10.44,10.4401,5278,0
IMAQ.US,D,20230207,000000,10.44,10.47,10.44,10.46,12875,0
IMAQ.US,D,20230208,000000,10.45,10.47,10.45,10.47,1677,0
IMAQ.US,D,20230209,000000,10.46,10.47,10.4401,10.47,2886,0
IMAQ.US,D,20230210,000000,10.45,10.47,10.45,10.47,7309,0
IMAQ.US,D,20230213,000000,10.45,10.47,10.45,10.47,7922,0
IMAQ.US,D,20230214,000000,10.45,10.47,10.45,10.465,12525,0
IMAQ.US,D,20230215,000000,10.45,10.47,10.45,10.465,1446,0
IMAQ.US,D,20230216,000000,10.45,10.47,10.45,10.47,700,0
IMAQ.US,D,20230217,000000,10.47,10.47,10.47,10.47,393,0
IMAQ.US,D,20230221,000000,10.46,10.47,10.46,10.47,2646,0
IMAQ.US,D,20230222,000000,10.46,10.465,10.46,10.465,4902,0
IMAQ.US,D,20230223,000000,10.46,10.46,10.45,10.45,30512,0
IMAQ.US,D,20230224,000000,10.45,10.46,10.45,10.46,5267,0
IMAQ.US,D,20230227,000000,10.46,10.46,10.46,10.46,14573,0
IMAQ.US,D,20230228,000000,10.46,10.465,10.45,10.465,9121,0
IMAQ.US,D,20230301,000000,10.4682,10.47,10.4682,10.47,50579,0
IMAQ.US,D,20230302,000000,10.47,10.47,10.4666,10.4666,8560,0
IMAQ.US,D,20230303,000000,10.47,10.47,10.465,10.4688,972,0
IMAQ.US,D,20230306,000000,10.465,10.465,10.465,10.465,2307,0
IMAQ.US,D,20230307,000000,10.46,10.465,10.46,10.46,911,0
IMAQ.US,D,20230308,000000,10.46,10.47,10.46,10.47,1554,0
IMAQ.US,D,20230309,000000,10.47,10.47,10.46,10.46,7432,0
IMAQ.US,D,20230310,000000,10.46,10.47,10.46,10.465,13452,0
IMAQ.US,D,20230313,000000,10.38,10.465,10.38,10.46,15172,0
IMAQ.US,D,20230314,000000,10.46,10.47,10.46,10.46,20616,0
IMAQ.US,D,20230315,000000,10.465,10.465,10.4601,10.4601,1279,0
IMAQ.US,D,20230316,000000,10.465,10.465,10.46,10.46,574,0
IMAQ.US,D,20230317,000000,10.46,10.46,10.46,10.46,218,0
IMAQ.US,D,20230320,000000,10.38,10.46,10.38,10.46,3020,0
IMAQ.US,D,20230321,000000,10.44,10.4629,10.44,10.45,2439,0
IMAQ.US,D,20230322,000000,10.44,10.4636,10.44,10.4636,3062,0
IMAQ.US,D,20230323,000000,10.46,10.49,10.46,10.49,24196,0
IMAQ.US,D,20230324,000000,10.47,10.49,10.47,10.4884,3471,0
IMAQ.US,D,20230327,000000,10.46,10.49,10.46,10.49,5303,0
IMAQ.US,D,20230328,000000,10.47,10.5,10.466,10.5,4994,0
IMAQ.US,D,20230329,000000,10.5,10.5,10.4683,10.5,1460,0
IMAQ.US,D,20230330,000000,10.49,10.49,10.48,10.48,2511,0
IMAQ.US,D,20230331,000000,10.4731,10.51,10.4731,10.51,16570,0
IMAQ.US,D,20230403,000000,10.46,10.5199,10.46,10.5091,647,0
IMAQ.US,D,20230404,000000,10.5,10.5,10.5,10.5,305,0
IMAQ.US,D,20230405,000000,10.5,10.5,10.5,10.5,295,0
IMAQ.US,D,20230406,000000,10.5,10.5101,10.5,10.51,958,0
IMAQ.US,D,20230410,000000,10.48,10.505,10.48,10.505,1681,0
IMAQ.US,D,20230411,000000,10.51,10.5216,10.51,10.52,77721,0
IMAQ.US,D,20230412,000000,10.52,10.55,10.52,10.55,2400,0
IMAQ.US,D,20230413,000000,10.545,10.545,10.545,10.545,802,0
IMAQ.US,D,20230414,000000,10.51,10.53,10.51,10.52,935,0
IMAQ.US,D,20230417,000000,10.47,10.545,10.47,10.535,2208,0
IMAQ.US,D,20230418,000000,10.555,10.555,10.555,10.555,183,0
IMAQ.US,D,20230419,000000,10.56,10.56,10.55,10.56,1172,0
IMAQ.US,D,20230420,000000,10.57,10.5729,10.57,10.5729,1262,0
IMAQ.US,D,20230424,000000,10.56,10.5601,10.56,10.56,832,0
IMAQ.US,D,20230425,000000,10.64,10.74,10.5813,10.62,11015,0
IMAQ.US,D,20230426,000000,10.5,10.56,10.5,10.56,665,0
IMAQ.US,D,20230427,000000,10.565,10.59,10.565,10.59,8674,0
IMAQ.US,D,20230428,000000,10.66,10.66,10.66,10.66,239,0
IMAQ.US,D,20230501,000000,10.635,10.635,10.635,10.635,549,0
IMAQ.US,D,20230502,000000,10.62,10.62,10.615,10.615,3258,0
IMAQ.US,D,20230503,000000,10.6309,10.64,10.63,10.64,881,0
IMAQ.US,D,20230504,000000,10.61,10.64,10.61,10.64,4063,0
IMAQ.US,D,20230505,000000,10.6,10.64,10.6,10.62,7270,0
IMAQ.US,D,20230508,000000,10.625,10.625,10.625,10.625,482,0
IMAQ.US,D,20230509,000000,10.57,10.6075,10.57,10.595,976,0
IMAQ.US,D,20230510,000000,10.57,10.65,10.57,10.635,29973,0
IMAQ.US,D,20230511,000000,10.635,10.64,10.635,10.635,414,0
IMAQ.US,D,20230512,000000,10.57,10.615,10.57,10.615,360,0
IMAQ.US,D,20230515,000000,10.615,10.615,10.61,10.615,839,0
IMAQ.US,D,20230516,000000,10.65,10.65,10.63,10.63,10229,0
IMAQ.US,D,20230517,000000,10.6301,10.65,10.63,10.63,687,0
IMAQ.US,D,20230518,000000,10.63,10.648,10.63,10.648,1533,0
IMAQ.US,D,20230519,000000,10.55,10.6,10.55,10.59,766,0
IMAQ.US,D,20230522,000000,10.6001,10.635,10.6001,10.63,558,0
IMAQ.US,D,20230523,000000,10.62,10.62,10.6171,10.6171,537,0
IMAQ.US,D,20230524,000000,10.59,10.64,10.59,10.62,451,0
IMAQ.US,D,20230525,000000,10.64,10.66,10.62,10.66,1871,0
IMAQ.US,D,20230526,000000,10.68,10.68,10.68,10.68,55588,0
IMAQ.US,D,20230530,000000,10.65,10.7,10.65,10.7,501,0
IMAQ.US,D,20230531,000000,10.67,10.6701,10.67,10.6701,273,0
IMAQ.US,D,20230601,000000,10.67,10.69,10.67,10.69,2745,0
IMAQ.US,D,20230602,000000,10.66,10.66,10.66,10.66,395,0
IMAQ.US,D,20230605,000000,10.58,10.65,10.58,10.625,4212,0
IMAQ.US,D,20230606,000000,10.62,10.6217,10.62,10.6217,472,0
IMAQ.US,D,20230608,000000,10.62,10.63,10.62,10.63,21491,0
IMAQ.US,D,20230609,000000,10.62,10.66,10.62,10.66,1636,0
IMAQ.US,D,20230612,000000,10.7,10.7,10.695,10.695,755,0
IMAQ.US,D,20230613,000000,10.67,10.69,10.67,10.69,818,0
IMAQ.US,D,20230614,000000,10.67,10.67,10.67,10.67,425,0
IMAQ.US,D,20230615,000000,10.69,10.7,10.69,10.69,639,0
IMAQ.US,D,20230616,000000,10.6968,10.7099,10.67,10.69,2770,0
IMAQ.US,D,20230620,000000,10.67,10.715,10.67,10.695,2320,0
IMAQ.US,D,20230621,000000,10.72,10.8,10.72,10.76,2400,0
IMAQ.US,D,20230622,000000,10.78,10.83,10.77,10.77,925,0
IMAQ.US,D,20230623,000000,10.72,10.9,10.72,10.9,530,0
IMAQ.US,D,20230626,000000,10.72,10.81,10.71,10.81,922,0
IMAQ.US,D,20230627,000000,10.81,10.81,10.81,10.81,371,0
IMAQ.US,D,20230628,000000,10.81,10.815,10.8,10.8,1506,0
IMAQ.US,D,20230629,000000,10.76,10.76,10.76,10.76,569,0
IMAQ.US,D,20230703,000000,10.8,10.8,10.8,10.8,271,0
IMAQ.US,D,20230705,000000,10.8,10.8,10.8,10.8,1236,0
IMAQ.US,D,20230706,000000,10.8,10.8,10.8,10.8,342,0
IMAQ.US,D,20230707,000000,10.8,10.8001,10.8,10.8001,1911,0
IMAQ.US,D,20230710,000000,10.8001,10.83,10.8,10.8006,2259,0
IMAQ.US,D,20230711,000000,10.8,10.8001,10.8,10.8001,1164,0
IMAQ.US,D,20230712,000000,10.8,10.8,10.8,10.8,278,0
IMAQ.US,D,20230713,000000,10.805,10.805,10.805,10.805,361,0
IMAQ.US,D,20230714,000000,10.8,10.96,10.8,10.87,15529,0
IMAQ.US,D,20230717,000000,10.83,10.88,10.83,10.88,454,0
IMAQ.US,D,20230718,000000,10.83,10.93,10.83,10.919,2030,0
IMAQ.US,D,20230719,000000,10.9201,10.9201,10.9201,10.9201,548,0
IMAQ.US,D,20230720,000000,10.92,10.97,10.92,10.94,2664,0
IMAQ.US,D,20230721,000000,10.92,11,10.92,10.94,10075,0
IMAQ.US,D,20230724,000000,10.94,11.125,10.94,10.97,99501,0
IMAQ.US,D,20230725,000000,10.96,10.99,10.96,10.99,12322,0
IMAQ.US,D,20230726,000000,10.96,10.991,10.95,10.99,10781,0
IMAQ.US,D,20230727,000000,11.02,11.07,10.95,10.99,4820,0
IMAQ.US,D,20230728,000000,11.1,11.1,11,11.1,1416,0
IMAQ.US,D,20230731,000000,11.09,11.17,11.09,11.17,848,0
IMAQ.US,D,20230801,000000,10.95,11.1,10.95,11.095,1816,0
IMAQ.US,D,20230802,000000,10.95,11.01,10.95,11.01,528,0
IMAQ.US,D,20230803,000000,10.93,11.05,10.93,10.99,47198,0
IMAQ.US,D,20230804,000000,10.97,11.07,10.97,11.066,795,0
IMAQ.US,D,20230807,000000,11.03,11.04,10.99,10.995,2151,0
IMAQ.US,D,20230808,000000,10.97,11.02,10.97,11.02,2832,0
IMAQ.US,D,20230809,000000,11.01,11.02,10.97,11,14848,0
IMAQ.US,D,20230810,000000,11,11,11,11,701,0
IMAQ.US,D,20230811,000000,10.97,11.07,10.97,11.07,1832,0
IMAQ.US,D,20230814,000000,11.04,11.05,10.98,10.98,1327,0
IMAQ.US,D,20230816,000000,11.055,11.1399,10.97,11.05,4243,0
IMAQ.US,D,20230817,000000,10.98,11.14,10.98,11.01,1063,0
IMAQ.US,D,20230818,000000,11.0662,11.075,11.0662,11.075,476,0
IMAQ.US,D,20230821,000000,11.036,11.045,11.036,11.045,729,0
IMAQ.US,D,20230822,000000,11.02,11.07,11.02,11.045,889,0
IMAQ.US,D,20230823,000000,11.07,11.08,11.07,11.08,1674,0
IMAQ.US,D,20230824,000000,11.07,11.11,11.07,11.11,2393,0
IMAQ.US,D,20230825,000000,11.1294,11.14,11.0914,11.13,2351,0
IMAQ.US,D,20230828,000000,11.09,11.28,11.09,11.28,1627,0
IMAQ.US,D,20230829,000000,11.34,11.34,11.34,11.34,403,0
IMAQ.US,D,20230830,000000,11.22,11.52,11.04,11.4599,1949,0
IMAQ.US,D,20230831,000000,11.32,11.37,11.32,11.37,396,0
IMAQ.US,D,20230905,000000,11.37,11.4,11.37,11.3701,2203,0
IMAQ.US,D,20230906,000000,11.38,11.46,11.38,11.46,2392,0
IMAQ.US,D,20230911,000000,11.49,11.49,11.25,11.35,1151,0
IMAQ.US,D,20230912,000000,11.25,11.362,11.25,11.362,450,0
IMAQ.US,D,20230913,000000,11.2978,11.37,11.2978,11.37,663,0
IMAQ.US,D,20230914,000000,11.27,11.27,11.27,11.27,811,0
IMAQ.US,D,20230915,000000,11.36,11.36,11.2315,11.24,1003,0
IMAQ.US,D,20230918,000000,11.358,11.358,11.25,11.25,5538,0
IMAQ.US,D,20230919,000000,11.24,11.27,11.24,11.25,6803,0
IMAQ.US,D,20230920,000000,11.04,11.2505,11.02,11.25,3603,0
IMAQ.US,D,20230921,000000,11.25,11.2701,11.25,11.2701,7806,0
IMAQ.US,D,20230922,000000,11.03,11.215,11.03,11.215,605,0
IMAQ.US,D,20230925,000000,11.5,11.5,11.42,11.42,1247,0
IMAQ.US,D,20230926,000000,11.255,11.3125,11.2,11.275,4781,0
IMAQ.US,D,20230927,000000,11.3,11.4,11.3,11.3,4255,0
IMAQ.US,D,20230928,000000,11.25,11.25,11.25,11.25,729,0
IMAQ.US,D,20230929,000000,11.36,11.361,11.36,11.36,812,0
IMAQ.US,D,20231002,000000,11.32,11.32,11.22,11.285,702,0
IMAQ.US,D,20231006,000000,11.15,11.44,11.1201,11.25,2130,0
IMAQ.US,D,20231009,000000,11.11,11.3435,11.11,11.255,1657,0
IMAQ.US,D,20231010,000000,11.27,11.27,11.27,11.27,267,0
IMAQ.US,D,20231011,000000,11.25,11.28,11.25,11.26,771,0
IMAQ.US,D,20231012,000000,11.27,11.27,11.14,11.14,10278,0
IMAQ.US,D,20231013,000000,11.332,11.332,11.332,11.332,461,0
IMAQ.US,D,20231016,000000,11.13,11.2712,11.13,11.27,1113,0
IMAQ.US,D,20231018,000000,11.26,11.28,11.26,11.27,21289,0
IMAQ.US,D,20231019,000000,11.27,11.27,11.27,11.27,125,0
IMAQ.US,D,20231020,000000,11.274,11.274,11.27,11.27,312,0
IMAQ.US,D,20231024,000000,11.26,11.3,11.26,11.26,1096,0
IMAQ.US,D,20231025,000000,11.28,11.28,11.27,11.27,412,0
IMAQ.US,D,20231026,000000,11.404,11.404,11.26,11.26,1377,0
IMAQ.US,D,20231027,000000,11.225,11.3817,11.22,11.3817,8945,0
IMAQ.US,D,20231030,000000,11.28,11.28,11.28,11.28,495,0
IMAQ.US,D,20231031,000000,11.23,11.31,11.23,11.29,2792,0
IMAQ.US,D,20231101,000000,11.3,11.3,11.3,11.3,385,0
IMAQ.US,D,20231102,000000,11.22,11.37,11.22,11.26,792,0
IMAQ.US,D,20231103,000000,11.13,11.26,11.13,11.22,10819,0
IMAQ.US,D,20231106,000000,11.41,11.46,11.305,11.34,1222,0
IMAQ.US,D,20231108,000000,11.02,11.28,11.02,11.28,644,0
IMAQ.US,D,20231109,000000,11.3,11.3,11.13,11.27,1302,0
IMAQ.US,D,20231113,000000,11.04,11.38,11.04,11.3395,1071,0
IMAQ.US,D,20231114,000000,11.242,11.242,11.242,11.242,1023,0
IMAQ.US,D,20231116,000000,11.27,11.27,11.27,11.27,429,0
IMAQ.US,D,20231120,000000,11.03,11.405,11.03,11.365,2144,0
IMAQ.US,D,20231121,000000,11.33,11.33,11.33,11.33,635,0
IMAQ.US,D,20231122,000000,11.3,11.3,11.26,11.26,598,0
IMAQ.US,D,20231127,000000,11.25,11.25,11.25,11.25,638,0
IMAQ.US,D,20231128,000000,11.27,11.28,11.25,11.26,24170,0
IMAQ.US,D,20231129,000000,11.33,11.33,11.33,11.33,199,0
IMAQ.US,D,20231201,000000,11.11,11.14,11.11,11.14,1222,0
IMAQ.US,D,20231204,000000,11.26,11.26,11.26,11.26,563,0
IMAQ.US,D,20231205,000000,11.23,11.23,11.23,11.23,217,0
IMAQ.US,D,20231207,000000,11.2203,11.2203,11.2203,11.2203,243,0
IMAQ.US,D,20231208,000000,11.2,11.2001,11.2,11.2001,1542,0
IMAQ.US,D,20231212,000000,11.02,11.22,11.02,11.15,2585,0
IMAQ.US,D,20231213,000000,11.24,11.24,11.16,11.16,1118,0
IMAQ.US,D,20231215,000000,11.14,11.21,11.1,11.2,2520,0
IMAQ.US,D,20231218,000000,11.2,11.2,11.2,11.2,1115,0
IMAQ.US,D,20231219,000000,11.2,11.2,11.1,11.1001,1186,0
IMAQ.US,D,20231220,000000,11.1501,11.2501,11.1501,11.225,10246,0
IMAQ.US,D,20231221,000000,11.2,11.25,11.2,11.25,351,0
IMAQ.US,D,20231222,000000,11.33,11.35,11.23,11.27,10765,0
IMAQ.US,D,20231226,000000,11.28,11.28,11.28,11.28,507,0
IMAQ.US,D,20231227,000000,11.3,11.3,11.3,11.3,1140,0
IMAQ.US,D,20231228,000000,11.32,11.4,11.32,11.32,5207,0
IMAQ.US,D,20240102,000000,11.31,11.32,11.31,11.32,953,0
IMAQ.US,D,20240103,000000,11.31,11.32,11.31,11.32,857,0
IMAQ.US,D,20240104,000000,11.4,11.4,11.31,11.3101,1530,0
IMAQ.US,D,20240105,000000,11.31,11.35,11.3,11.35,3873,0
IMAQ.US,D,20240108,000000,11.31,11.31,11.31,11.31,467,0
IMAQ.US,D,20240110,000000,11.345,11.345,11.345,11.345,193,0
IMAQ.US,D,20240116,000000,11.31,11.3999,11.31,11.35,2253,0
IMAQ.US,D,20240117,000000,11.39,11.39,11.39,11.39,398,0
IMAQ.US,D,20240118,000000,11.31,11.3201,11.31,11.32,1468,0
IMAQ.US,D,20240119,000000,11.31,11.32,11.31,11.32,1114,0
IMAQ.US,D,20240122,000000,11.4,11.4,11.36,11.4,7643,0
IMAQ.US,D,20240123,000000,11.33,11.33,11.33,11.33,393,0
IMAQ.US,D,20240126,000000,11.31,11.33,11.31,11.33,1986,0
IMAQ.US,D,20240129,000000,11.3,11.36,11.3,11.36,1150,0
IMAQ.US,D,20240130,000000,11.32,11.32,11.32,11.32,392,0
IMAQ.US,D,20240131,000000,11.3,11.3101,11.3,11.3101,1664,0
IMAQ.US,D,20240201,000000,11.34,11.34,11.34,11.34,1762,0
IMAQ.US,D,20240202,000000,11.36,11.36,11.31,11.31,1550,0
IMAQ.US,D,20240205,000000,11.3,11.3001,11.3,11.3001,551,0
IMAQ.US,D,20240207,000000,11.3,11.4076,11.3,11.36,2988,0
IMAQ.US,D,20240209,000000,11.3001,11.3001,11.3001,11.3001,277,0
IMAQ.US,D,20240212,000000,11.3,11.3,11.3,11.3,285,0
IMAQ.US,D,20240213,000000,11.35,11.35,11.35,11.35,1417,0
IMAQ.US,D,20240214,000000,11.36,11.36,11.36,11.36,1099,0
IMAQ.US,D,20240216,000000,11.3,11.43,11.3,11.43,419,0
IMAQ.US,D,20240220,000000,11.334,11.4,11.334,11.4,1704,0
IMAQ.US,D,20240222,000000,11.3135,11.3139,11.3135,11.3139,603,0
IMAQ.US,D,20240226,000000,11.39,11.39,11.36,11.36,1749,0
IMAQ.US,D,20240227,000000,11.32,11.32,11.32,11.32,370,0
IMAQ.US,D,20240229,000000,11.32,11.3664,11.32,11.3664,948,0
IMAQ.US,D,20240301,000000,11.32,11.32,11.32,11.32,570,0
IMAQ.US,D,20240304,000000,11.32,11.37,11.32,11.34,2439,0
IMAQ.US,D,20240305,000000,11.32,11.32,11.32,11.32,583,0
IMAQ.US,D,20240306,000000,11.34,11.34,11.34,11.34,371,0
IMAQ.US,D,20240308,000000,11.32,11.3201,11.32,11.3201,618,0
IMAQ.US,D,20240311,000000,11.3,11.3,11.3,11.3,802,0
IMAQ.US,D,20240312,000000,11.3116,11.342,11.3001,11.31,2724,0
IMAQ.US,D,20240313,000000,11.31,11.31,11.31,11.31,183,0
IMAQ.US,D,20240314,000000,11.3,11.3,11.3,11.3,928,0
IMAQ.US,D,20240318,000000,11.3,11.31,11.3,11.31,1756,0
IMAQ.US,D,20240321,000000,11.31,11.3442,11.3,11.3,572,0
IMAQ.US,D,20240322,000000,11.3,11.37,11.3,11.37,314,0
IMAQ.US,D,20240325,000000,11.31,11.37,11.31,11.37,998,0
IMAQ.US,D,20240326,000000,11.3,11.3,11.3,11.3,804,0
IMAQ.US,D,20240327,000000,11.37,11.37,11.37,11.37,496,0
IMAQ.US,D,20240328,000000,11.3,11.3,11.3,11.3,304,0
IMAQ.US,D,20240401,000000,11.3,11.32,11.3,11.32,856,0
IMAQ.US,D,20240403,000000,11.3705,11.3705,11.37,11.37,917,0
IMAQ.US,D,20240408,000000,11.38,11.42,11.38,11.42,791,0
IMAQ.US,D,20240409,000000,11.39,11.39,11.38,11.3819,496,0
IMAQ.US,D,20240410,000000,11.42,11.42,11.42,11.42,4002,0
IMAQ.US,D,20240411,000000,11.4,11.4001,11.4,11.4,1352,0
IMAQ.US,D,20240412,000000,11.36,11.36,11.36,11.36,2444,0
IMAQ.US,D,20240415,000000,11.4,11.4,11.4,11.4,1163,0
IMAQ.US,D,20240416,000000,11.4,11.4,11.4,11.4,1388,0
IMAQ.US,D,20240417,000000,11.41,11.42,11.4,11.42,2064,0
IMAQ.US,D,20240418,000000,11.4,11.4,11.4,11.4,579,0
IMAQ.US,D,20240422,000000,11.45,11.49,11.45,11.49,527,0
IMAQ.US,D,20240424,000000,11.4,11.4,11.4,11.4,572,0
IMAQ.US,D,20240425,000000,11.4,11.41,11.4,11.41,363,0
IMAQ.US,D,20240429,000000,11.4,11.405,11.4,11.405,6345,0
IMAQ.US,D,20240430,000000,11.45,11.45,11.41,11.41,282,0
IMAQ.US,D,20240501,000000,11.41,11.45,11.41,11.45,337,0
IMAQ.US,D,20240503,000000,11.4,11.4,11.4,11.4,253,0
IMAQ.US,D,20240506,000000,11.42,11.4701,11.42,11.47,1296,0
IMAQ.US,D,20240507,000000,11.5,12.51,11.5,12,5295,0
IMAQ.US,D,20240508,000000,12.5,12.5,11.42,11.71,2322,0
IMAQ.US,D,20240509,000000,11.91,11.91,11.47,11.51,2348,0
IMAQ.US,D,20240513,000000,11.48,11.48,11.47,11.47,563,0
IMAQ.US,D,20240514,000000,11.455,11.6697,11.455,11.66,2756,0
IMAQ.US,D,20240515,000000,11.5,11.5,11.5,11.5,1131,0
IMAQ.US,D,20240516,000000,11.59,11.6,11.5,11.6,1225,0
IMAQ.US,D,20240517,000000,11.52,11.52,11.52,11.52,656,0
IMAQ.US,D,20240520,000000,11.5,11.5,11.5,11.5,477,0
IMAQ.US,D,20240523,000000,11.45,11.5,11.45,11.5,1209,0
IMAQ.US,D,20240524,000000,11.54,11.55,11.54,11.55,262,0
IMAQ.US,D,20240528,000000,11.46,11.46,11.46,11.46,723,0
IMAQ.US,D,20240529,000000,11.47,11.47,11.47,11.47,418,0
IMAQ.US,D,20240603,000000,11.46,11.501,11.45,11.5,4058,0
IMAQ.US,D,20240604,000000,11.45,11.59,11.45,11.55,3248,0
IMAQ.US,D,20240605,000000,11.58,11.6,11.46,11.6,868,0
IMAQ.US,D,20240606,000000,11.49,11.5674,11.49,11.5674,1273,0
IMAQ.US,D,20240607,000000,11.46,11.46,11.46,11.46,259,0
IMAQ.US,D,20240610,000000,11.46,11.7,11.46,11.6999,2846,0
IMAQ.US,D,20240611,000000,11.57,11.57,11.57,11.57,502,0
IMAQ.US,D,20240613,000000,11.46,11.55,11.46,11.55,1056,0
IMAQ.US,D,20240614,000000,11.75,11.75,11.75,11.75,254,0
IMAQ.US,D,20240617,000000,11.75,11.75,11.75,11.75,380,0
IMAQ.US,D,20240618,000000,11.49,11.49,11.49,11.49,212,0
IMAQ.US,D,20240620,000000,11.46,11.73,11.46,11.67,1284,0
IMAQ.US,D,20240621,000000,11.5,11.5,11.5,11.5,331,0
IMAQ.US,D,20240624,000000,11.5,11.5001,11.5,11.5001,426,0
IMAQ.US,D,20240625,000000,11.51,11.6633,11.51,11.51,908,0
IMAQ.US,D,20240627,000000,11.5,11.5,11.5,11.5,200,0
IMAQ.US,D,20240702,000000,11.5,11.5,11.5,11.5,1244,0
IMAQ.US,D,20240708,000000,11.5,11.5,11.5,11.5,747,0
IMAQ.US,D,20240709,000000,11.6,11.66,11.5,11.51,2255,0
IMAQ.US,D,20240710,000000,11.51,11.51,11.5,11.5,454,0
IMAQ.US,D,20240711,000000,11.5325,11.5325,11.5325,11.5325,268,0
IMAQ.US,D,20240715,000000,11.5,11.51,11.5,11.5,1024,0
IMAQ.US,D,20240717,000000,11.5086,11.5086,11.5086,11.5086,195,0
IMAQ.US,D,20240718,000000,11.5,11.5115,11.5,11.5,1164,0
IMAQ.US,D,20240719,000000,11.5,11.5076,11.5,11.5076,845,0
IMAQ.US,D,20240722,000000,11.5,11.5,11.45,11.45,8460,0
IMAQ.US,D,20240723,000000,11.61,11.8,11.5,11.5,9463,0
IMAQ.US,D,20240725,000000,11.49,11.49,11.49,11.49,360,0
IMAQ.US,D,20240729,000000,11.42,11.51,11.42,11.51,716,0
IMAQ.US,D,20240730,000000,11.8899,11.8899,11.8899,11.8899,258,0
IMAQ.US,D,20240731,000000,11.47,11.47,11.45,11.46,3074,0
IMAQ.US,D,20240802,000000,11.47,11.47,11.46,11.46,1261,0
IMAQ.US,D,20240805,000000,11.21,11.5,11.21,11.5,1535,0
IMAQ.US,D,20240806,000000,11.46,11.46,11.46,11.46,762,0
IMAQ.US,D,20240807,000000,11.45,11.45,11.42,11.42,1188,0
