<TICKER>,<PER>,<DATE>,<TIME>,<OPEN>,<HIGH>,<LOW>,<CLOSE>,<VOL>,<OPENINT>
INTE.US,D,20211229,000000,9.76,9.76,9.72,9.72,391275,0
INTE.US,D,20211230,000000,10.77,10.77,9.72,10.2,1139,0
INTE.US,D,20211231,000000,9.76,10.01,9.7495,9.82,8964,0
INTE.US,D,20220105,000000,9.8,9.84,9.8,9.84,1971,0
INTE.US,D,20220106,000000,9.84,9.84,9.71,9.71,860,0
INTE.US,D,20220107,000000,9.83,10.49,9.83,10.49,2963,0
INTE.US,D,20220110,000000,9.85,9.85,9.85,9.85,71191,0
INTE.US,D,20220111,000000,9.85,9.85,9.85,9.85,200,0
INTE.US,D,20220112,000000,9.85,9.87,9.85,9.87,14352,0
INTE.US,D,20220113,000000,9.87,9.87,9.87,9.87,375,0
INTE.US,D,20220118,000000,9.89,9.89,9.72,9.72,1125,0
INTE.US,D,20220119,000000,10.49,10.49,9.76,9.77,24658,0
INTE.US,D,20220120,000000,9.86,9.86,9.86,9.86,100,0
INTE.US,D,20220121,000000,9.92,9.92,9.92,9.92,473,0
INTE.US,D,20220124,000000,9.92,9.92,9.92,9.92,530,0
INTE.US,D,20220125,000000,9.87,9.92,9.87,9.87,618,0
INTE.US,D,20220126,000000,9.92,9.92,9.92,9.92,238,0
INTE.US,D,20220127,000000,9.8399,9.8399,9.81,9.81,1105,0
INTE.US,D,20220128,000000,9.78,9.78,9.78,9.78,344,0
INTE.US,D,20220201,000000,9.8,9.84,9.8,9.84,2701,0
INTE.US,D,20220202,000000,9.85,9.86,9.8,9.82,13546,0
INTE.US,D,20220203,000000,9.81,9.82,9.81,9.82,1114,0
INTE.US,D,20220207,000000,9.81,9.81,9.8,9.8,16980,0
INTE.US,D,20220208,000000,9.81,9.82,9.8,9.8,5454,0
INTE.US,D,20220209,000000,9.81,9.82,9.81,9.82,400,0
INTE.US,D,20220210,000000,9.81,9.81,9.8,9.8,14971,0
INTE.US,D,20220211,000000,9.87,9.87,9.81,9.81,700,0
INTE.US,D,20220214,000000,9.8,9.8,9.75,9.75,5208,0
INTE.US,D,20220215,000000,9.8,9.8,9.8,9.8,254,0
INTE.US,D,20220216,000000,9.79,9.79,9.79,9.79,862,0
INTE.US,D,20220223,000000,9.79,9.79,9.79,9.79,3901,0
INTE.US,D,20220224,000000,9.78,9.81,9.77,9.81,35646,0
INTE.US,D,20220225,000000,9.81,9.81,9.8,9.8,1057,0
INTE.US,D,20220301,000000,9.82,9.8603,9.82,9.85,36485,0
INTE.US,D,20220302,000000,9.845,9.85,9.845,9.85,718,0
INTE.US,D,20220303,000000,9.8501,9.8612,9.845,9.8501,3045,0
INTE.US,D,20220304,000000,9.87,9.87,9.85,9.8501,500,0
INTE.US,D,20220307,000000,9.9,9.9,9.84,9.85,8775,0
INTE.US,D,20220308,000000,9.85,9.8501,9.85,9.85,2039,0
INTE.US,D,20220310,000000,9.8601,9.875,9.845,9.845,13156,0
INTE.US,D,20220311,000000,9.81,9.87,9.81,9.855,1520,0
INTE.US,D,20220317,000000,9.9,9.9,9.9,9.9,4831,0
INTE.US,D,20220321,000000,9.87,9.87,9.87,9.87,5936,0
INTE.US,D,20220323,000000,9.87,9.88,9.82,9.88,2502,0
INTE.US,D,20220324,000000,9.87,9.87,9.87,9.87,128,0
INTE.US,D,20220325,000000,9.82,9.87,9.82,9.86,12749,0
INTE.US,D,20220328,000000,9.88,9.88,9.865,9.865,3266,0
INTE.US,D,20220329,000000,9.84,9.89,9.84,9.87,1255,0
INTE.US,D,20220330,000000,9.88,9.88,9.88,9.88,1263,0
INTE.US,D,20220331,000000,9.9,9.9,9.9,9.9,2998,0
INTE.US,D,20220401,000000,9.9,9.9,9.9,9.9,7477,0
INTE.US,D,20220404,000000,9.9097,9.92,9.9097,9.92,502,0
INTE.US,D,20220408,000000,9.88,9.88,9.88,9.88,2302,0
INTE.US,D,20220411,000000,9.8608,9.91,9.8608,9.89,1312,0
INTE.US,D,20220412,000000,9.91,9.91,9.86,9.86,447918,0
INTE.US,D,20220414,000000,9.88,9.88,9.88,9.88,300,0
INTE.US,D,20220418,000000,9.9,9.93,9.88,9.9108,524054,0
INTE.US,D,20220425,000000,9.915,9.95,9.8901,9.95,3093,0
INTE.US,D,20220427,000000,9.94,9.94,9.94,9.94,108,0
INTE.US,D,20220428,000000,9.89,9.89,9.88,9.88,23282,0
INTE.US,D,20220429,000000,9.89,9.89,9.885,9.885,2701,0
INTE.US,D,20220502,000000,9.87,9.88,9.87,9.88,50470,0
INTE.US,D,20220504,000000,9.88,9.88,9.88,9.88,735,0
INTE.US,D,20220506,000000,9.88,9.88,9.88,9.88,3000,0
INTE.US,D,20220509,000000,9.88,9.91,9.88,9.89,11294,0
INTE.US,D,20220510,000000,9.88,9.88,9.88,9.88,9023,0
INTE.US,D,20220513,000000,9.88,9.88,9.88,9.88,12299,0
INTE.US,D,20220516,000000,9.84,9.84,9.79,9.79,10000,0
INTE.US,D,20220518,000000,9.85,9.85,9.83,9.83,12504,0
INTE.US,D,20220519,000000,9.83,9.83,9.83,9.83,346,0
INTE.US,D,20220523,000000,9.83,9.85,9.83,9.85,2400,0
INTE.US,D,20220527,000000,9.89,9.89,9.88,9.88,6125,0
INTE.US,D,20220531,000000,9.88,9.91,9.88,9.91,867,0
INTE.US,D,20220602,000000,9.85,9.85,9.85,9.85,75005,0
INTE.US,D,20220603,000000,9.84,9.85,9.84,9.85,3485,0
INTE.US,D,20220609,000000,9.87,9.87,9.87,9.87,129,0
INTE.US,D,20220614,000000,9.86,9.86,9.85,9.85,2170,0
INTE.US,D,20220617,000000,9.87,9.87,9.86,9.87,28446,0
INTE.US,D,20220624,000000,9.91,9.91,9.91,9.91,200,0
INTE.US,D,20220627,000000,9.88,9.88,9.88,9.88,302,0
INTE.US,D,20220706,000000,9.89,9.905,9.89,9.89,187615,0
INTE.US,D,20220711,000000,9.91,9.92,9.91,9.92,469,0
INTE.US,D,20220712,000000,9.9,9.9,9.89,9.89,491,0
INTE.US,D,20220713,000000,9.88,9.88,9.88,9.88,7230,0
INTE.US,D,20220714,000000,9.88,9.8946,9.88,9.88,214,0
INTE.US,D,20220718,000000,9.94,9.94,9.9016,9.9016,2006,0
INTE.US,D,20220719,000000,9.92,9.92,9.92,9.92,103,0
INTE.US,D,20220721,000000,9.915,9.915,9.915,9.915,100,0
INTE.US,D,20220722,000000,9.9,9.915,9.9,9.91,5750,0
INTE.US,D,20220725,000000,9.92,9.92,9.9,9.91,10524,0
INTE.US,D,20220726,000000,9.93,9.93,9.9,9.91,9673,0
INTE.US,D,20220727,000000,9.91,9.92,9.91,9.92,199354,0
INTE.US,D,20220729,000000,9.91,9.91,9.91,9.91,3000,0
INTE.US,D,20220801,000000,9.93,9.93,9.93,9.93,50324,0
INTE.US,D,20220802,000000,9.95,9.95,9.95,9.95,111,0
INTE.US,D,20220803,000000,9.95,9.95,9.93,9.93,604,0
INTE.US,D,20220808,000000,9.93,9.93,9.93,9.93,5658,0
INTE.US,D,20220809,000000,9.93,9.94,9.93,9.93,3870,0
INTE.US,D,20220810,000000,9.96,9.96,9.93,9.94,27325,0
INTE.US,D,20220812,000000,9.95,9.95,9.94,9.95,1305,0
INTE.US,D,20220815,000000,9.95,9.95,9.95,9.95,212,0
INTE.US,D,20220816,000000,9.94,9.95,9.94,9.95,3500,0
INTE.US,D,20220819,000000,9.9,9.9,9.9,9.9,107,0
INTE.US,D,20220822,000000,9.89,9.93,9.89,9.93,3103,0
INTE.US,D,20220823,000000,9.93,9.93,9.91,9.93,13805,0
INTE.US,D,20220824,000000,9.93,9.93,9.92,9.93,8200,0
INTE.US,D,20220826,000000,9.91,9.91,9.9,9.9,900,0
INTE.US,D,20220829,000000,9.9,9.9,9.9,9.9,1510,0
INTE.US,D,20220901,000000,9.93,9.94,9.9,9.9,1152,0
INTE.US,D,20220902,000000,9.9334,9.9334,9.9334,9.9334,305,0
INTE.US,D,20220909,000000,9.93,9.93,9.92,9.92,258,0
INTE.US,D,20220914,000000,9.93,9.93,9.93,9.93,5000,0
INTE.US,D,20220916,000000,9.92,9.92,9.92,9.92,424,0
INTE.US,D,20220919,000000,9.92,9.93,9.9,9.92,23965,0
INTE.US,D,20220921,000000,9.95,9.95,9.92,9.92,9000,0
INTE.US,D,20220922,000000,9.93,9.93,9.93,9.93,91967,0
INTE.US,D,20220926,000000,9.91,9.91,9.89,9.91,51614,0
INTE.US,D,20220927,000000,9.93,9.93,9.93,9.93,188,0
INTE.US,D,20220928,000000,9.93,9.93,9.93,9.93,104,0
INTE.US,D,20220929,000000,9.9,9.9,9.9,9.9,174,0
INTE.US,D,20221003,000000,9.9,9.93,9.9,9.93,1302,0
INTE.US,D,20221006,000000,9.92,9.92,9.92,9.92,6899,0
INTE.US,D,20221012,000000,9.93,9.93,9.92,9.93,2084,0
INTE.US,D,20221013,000000,9.93,9.93,9.93,9.93,3465,0
INTE.US,D,20221017,000000,10.01,10.01,10.01,10.01,168,0
INTE.US,D,20221018,000000,10.01,10.01,10.01,10.01,168,0
INTE.US,D,20221019,000000,9.96,9.96,9.95,9.95,3537,0
INTE.US,D,20221025,000000,9.95,9.95,9.95,9.95,917,0
INTE.US,D,20221026,000000,9.97,9.97,9.97,9.97,1907,0
INTE.US,D,20221027,000000,9.97,9.97,9.97,9.97,4801,0
INTE.US,D,20221028,000000,9.97,9.97,9.97,9.97,5580,0
INTE.US,D,20221101,000000,10,10,9.99,10,18399,0
INTE.US,D,20221102,000000,10,10,10,10,71817,0
INTE.US,D,20221103,000000,10,10,10,10,100320,0
INTE.US,D,20221108,000000,10,10,10,10,2680,0
INTE.US,D,20221110,000000,10,10.02,10,10.02,8270,0
INTE.US,D,20221111,000000,9.99,9.99,9.99,9.99,1731,0
INTE.US,D,20221114,000000,10.0199,10.0199,9.99,9.9901,1078,0
INTE.US,D,20221115,000000,9.99,10.02,9.99,10,5294,0
INTE.US,D,20221116,000000,10,10,10,10,501448,0
INTE.US,D,20221125,000000,10.02,10.02,10.02,10.02,103,0
INTE.US,D,20221128,000000,10.03,10.05,10.03,10.05,5850,0
INTE.US,D,20221129,000000,10.04,10.055,10.035,10.055,25638,0
INTE.US,D,20221130,000000,10.05,10.05,10.05,10.05,300,0
INTE.US,D,20221201,000000,10.05,10.06,10.04,10.04,16112,0
INTE.US,D,20221202,000000,10.06,10.06,10.04,10.05,93658,0
INTE.US,D,20221205,000000,10.05,10.05,10.04,10.045,10486,0
INTE.US,D,20221206,000000,10.05,10.0504,10.04,10.04,196067,0
INTE.US,D,20221207,000000,10.04,10.04,10.04,10.04,500,0
INTE.US,D,20221208,000000,10.04,10.04,10.04,10.04,990,0
INTE.US,D,20221212,000000,10.04,10.04,10.04,10.04,159542,0
INTE.US,D,20221215,000000,10.04,10.04,10.04,10.04,102,0
INTE.US,D,20221216,000000,10.04,10.04,10.04,10.04,32905,0
INTE.US,D,20221219,000000,10.13,10.13,10.13,10.13,201,0
INTE.US,D,20221222,000000,10.03,10.03,10.03,10.03,600,0
INTE.US,D,20221223,000000,10.07,10.07,10.07,10.07,242,0
INTE.US,D,20221227,000000,10.06,10.09,10.06,10.09,47500,0
INTE.US,D,20221228,000000,10.1,10.11,10.1,10.11,6328,0
INTE.US,D,20221229,000000,10.12,10.12,10.11,10.1101,9423,0
INTE.US,D,20230104,000000,10.12,10.1302,10.12,10.13,6579,0
INTE.US,D,20230105,000000,10.14,10.1401,10.14,10.14,1137,0
INTE.US,D,20230106,000000,10.12,10.12,10.12,10.12,774,0
INTE.US,D,20230109,000000,10.16,10.16,10.13,10.13,410,0
INTE.US,D,20230110,000000,10.16,10.16,10.13,10.13,4277,0
INTE.US,D,20230111,000000,10.145,10.145,10.13,10.14,9674,0
INTE.US,D,20230112,000000,10.15,10.16,10.15,10.16,21085,0
INTE.US,D,20230113,000000,10.17,10.17,10.17,10.17,560,0
INTE.US,D,20230117,000000,10.16,10.165,10.16,10.165,2919,0
INTE.US,D,20230118,000000,10.65,10.65,10.16,10.17,10721,0
INTE.US,D,20230119,000000,10.17,10.17,10.17,10.17,7500,0
INTE.US,D,20230123,000000,10.17,10.17,10.17,10.17,369,0
INTE.US,D,20230125,000000,10.17,10.17,10.17,10.17,12007,0
INTE.US,D,20230126,000000,10.18,10.19,10.18,10.18,3079,0
INTE.US,D,20230127,000000,10.19,10.19,10.19,10.19,1010,0
INTE.US,D,20230130,000000,10.185,10.19,10.18,10.19,8167,0
INTE.US,D,20230131,000000,10.19,10.19,10.19,10.19,3780,0
INTE.US,D,20230201,000000,10.19,10.1997,10.19,10.1997,800,0
INTE.US,D,20230202,000000,10.19,10.2,10.19,10.2,234,0
INTE.US,D,20230203,000000,10.19,10.19,10.19,10.19,273,0
INTE.US,D,20230206,000000,10.19,10.19,10.19,10.19,122,0
INTE.US,D,20230207,000000,10.19,10.2,10.19,10.2,29439,0
INTE.US,D,20230208,000000,10.2096,10.21,10.2,10.2099,1091,0
INTE.US,D,20230209,000000,10.1801,10.1801,10.1801,10.1801,688,0
INTE.US,D,20230210,000000,10.18,10.18,10.18,10.18,25556,0
INTE.US,D,20230213,000000,10.18,10.18,10.18,10.18,1753,0
INTE.US,D,20230215,000000,10.18,10.18,10.18,10.18,27989,0
INTE.US,D,20230217,000000,10.18,10.18,10.18,10.18,809,0
INTE.US,D,20230223,000000,10.18,10.2,10.18,10.2,2147,0
INTE.US,D,20230227,000000,10.22,10.23,10.2,10.2,7818,0
INTE.US,D,20230228,000000,10.23,10.23,10.2,10.21,900,0
INTE.US,D,20230301,000000,10.2307,10.25,10.23,10.25,6111,0
INTE.US,D,20230302,000000,10.2201,10.2201,10.21,10.21,3700,0
INTE.US,D,20230307,000000,10.25,10.25,10.25,10.25,400,0
INTE.US,D,20230309,000000,10.21,10.21,10.21,10.21,400,0
INTE.US,D,20230310,000000,10.2001,10.23,10.2001,10.23,200,0
INTE.US,D,20230314,000000,10.24,10.24,10.24,10.24,230,0
INTE.US,D,20230316,000000,10.25,10.25,10.2418,10.25,1219,0
INTE.US,D,20230321,000000,10.27,10.28,10.26,10.27,8902,0
INTE.US,D,20230322,000000,10.75,11.12,10.25,10.27,13331,0
INTE.US,D,20230323,000000,10.27,10.27,10.27,10.27,377,0
INTE.US,D,20230324,000000,10.26,10.28,10.26,10.26,2542,0
INTE.US,D,20230327,000000,10.275,10.28,10.27,10.28,7152,0
INTE.US,D,20230329,000000,10.26,10.27,10.26,10.27,521223,0
INTE.US,D,20230331,000000,10.27,10.27,10.27,10.27,689,0
INTE.US,D,20230403,000000,10.37,10.37,10.27,10.27,2704,0
INTE.US,D,20230404,000000,10.31,10.31,10.265,10.27,183238,0
INTE.US,D,20230405,000000,10.3199,10.3199,10.28,10.28,2631,0
INTE.US,D,20230406,000000,10.2804,10.3,10.28,10.3,2166,0
INTE.US,D,20230410,000000,10.3,10.3,10.29,10.29,306,0
INTE.US,D,20230411,000000,10.29,10.29,10.29,10.29,860,0
INTE.US,D,20230412,000000,10.32,10.32,10.32,10.32,104,0
INTE.US,D,20230413,000000,10.32,10.32,10.32,10.32,554854,0
INTE.US,D,20230417,000000,10.325,10.3292,10.32,10.3292,1604,0
INTE.US,D,20230418,000000,10.32,10.325,10.32,10.32,453,0
INTE.US,D,20230420,000000,10.325,10.325,10.32,10.32,2604,0
INTE.US,D,20230421,000000,10.325,10.33,10.325,10.33,7110,0
INTE.US,D,20230425,000000,10.33,10.33,10.33,10.33,2314,0
INTE.US,D,20230427,000000,10.33,10.37,10.33,10.37,15513,0
INTE.US,D,20230428,000000,10.35,10.35,10.33,10.34,1133399,0
INTE.US,D,20230501,000000,10.37,10.535,10.37,10.4,5046,0
INTE.US,D,20230503,000000,10.535,10.535,10.535,10.535,100,0
INTE.US,D,20230505,000000,10.7,11.04,10.37,10.37,26786,0
INTE.US,D,20230508,000000,10.7,10.948,10.42,10.4799,23787,0
INTE.US,D,20230509,000000,10.7,11.053,10.41,10.51,28423,0
INTE.US,D,20230510,000000,10.47,10.5,10.42,10.43,422236,0
INTE.US,D,20230511,000000,10.42,10.49,10.3601,10.3605,36219,0
INTE.US,D,20230512,000000,10.39,10.4,10.38,10.39,710,0
INTE.US,D,20230515,000000,10.39,10.39,10.39,10.39,700,0
INTE.US,D,20230516,000000,10.41,10.41,10.39,10.39,5064,0
INTE.US,D,20230517,000000,10.41,10.41,10.39,10.4,3877,0
INTE.US,D,20230518,000000,10.38,10.39,10.38,10.39,1100,0
INTE.US,D,20230522,000000,10.53,10.63,10.4,10.425,15923,0
INTE.US,D,20230523,000000,10.52,10.54,10.42,10.42,2193,0
INTE.US,D,20230524,000000,10.43,10.43,10.43,10.43,1186,0
INTE.US,D,20230526,000000,10.7,10.7,10.39,10.39,22179,0
INTE.US,D,20230530,000000,10.42,10.42,10.4,10.41,10457,0
INTE.US,D,20230531,000000,10.42,10.42,10.42,10.42,1209,0
INTE.US,D,20230601,000000,10.86,11.05,10.455,10.4919,8415,0
INTE.US,D,20230602,000000,10.72,10.72,10.52,10.55,3219,0
INTE.US,D,20230605,000000,10.6,10.6,10.41,10.41,1345,0
INTE.US,D,20230606,000000,10.56,10.56,10.41,10.41,5625,0
INTE.US,D,20230608,000000,10.46,10.46,10.41,10.41,672,0
INTE.US,D,20230612,000000,10.41,10.41,10.41,10.41,129,0
INTE.US,D,20230615,000000,10.42,10.42,10.42,10.42,3918,0
INTE.US,D,20230620,000000,10.49,10.49,10.49,10.49,164,0
INTE.US,D,20230623,000000,10.49,10.5,10.49,10.5,664,0
INTE.US,D,20230703,000000,10.51,10.51,10.51,10.51,101,0
INTE.US,D,20230705,000000,10.51,10.51,10.51,10.51,129,0
INTE.US,D,20230707,000000,10.51,10.5199,10.51,10.5199,5504,0
INTE.US,D,20230711,000000,10.6,10.6,10.6,10.6,500,0
INTE.US,D,20230712,000000,10.52,10.52,10.52,10.52,500,0
INTE.US,D,20230713,000000,10.51,10.51,10.51,10.51,5319,0
INTE.US,D,20230714,000000,10.51,10.51,10.51,10.51,731,0
INTE.US,D,20230720,000000,10.535,10.54,10.535,10.54,3616,0
INTE.US,D,20230724,000000,10.54,10.54,10.54,10.54,160,0
INTE.US,D,20230725,000000,10.54,10.54,10.54,10.54,1210,0
INTE.US,D,20230726,000000,10.54,10.55,10.54,10.55,7269,0
INTE.US,D,20230727,000000,10.6,10.6,10.6,10.6,116,0
INTE.US,D,20230728,000000,10.6,10.6,10.6,10.6,101,0
INTE.US,D,20230801,000000,10.56,10.56,10.55,10.55,587,0
INTE.US,D,20230807,000000,10.55,10.7065,10.55,10.59,11221,0
INTE.US,D,20230808,000000,10.6,11.59,10.59,10.63,11044,0
INTE.US,D,20230809,000000,11.1741,11.19,10.59,10.69,6336,0
INTE.US,D,20230810,000000,10.68,10.68,10.68,10.68,406,0
INTE.US,D,20230811,000000,10.68,10.68,10.68,10.68,216,0
INTE.US,D,20230814,000000,10.59,10.5909,10.59,10.5909,1006,0
INTE.US,D,20230816,000000,10.59,10.65,10.55,10.65,3371,0
INTE.US,D,20230817,000000,10.59,10.59,10.59,10.59,764,0
INTE.US,D,20230821,000000,10.65,10.65,10.65,10.65,2227,0
INTE.US,D,20230823,000000,10.65,10.65,10.65,10.65,7358,0
INTE.US,D,20230828,000000,10.675,10.675,10.65,10.65,7856,0
INTE.US,D,20230829,000000,10.65,10.65,10.65,10.65,364,0
INTE.US,D,20230830,000000,10.74,10.74,10.65,10.65,504,0
INTE.US,D,20230831,000000,10.65,10.65,10.65,10.65,364,0
INTE.US,D,20230908,000000,10.7,10.74,10.7,10.74,4763,0
INTE.US,D,20230912,000000,10.7,10.7,10.7,10.7,4889,0
INTE.US,D,20230913,000000,10.7,10.75,10.7,10.71,8441,0
INTE.US,D,20230914,000000,10.79,10.79,10.7,10.75,8975,0
INTE.US,D,20230915,000000,10.72,11.1882,10.7,10.75,10549,0
INTE.US,D,20230918,000000,10.7,10.86,10.7,10.72,12046,0
INTE.US,D,20230919,000000,10.7,11.01,10.7,10.7999,4681,0
INTE.US,D,20230920,000000,10.8,10.8,10.7,10.74,1477,0
INTE.US,D,20230921,000000,10.8,10.8,10.7,10.7,204,0
INTE.US,D,20230922,000000,10.7,10.72,10.7,10.7,196837,0
INTE.US,D,20230925,000000,10.71,10.72,10.7,10.7,71671,0
INTE.US,D,20230926,000000,10.7,10.7,10.7,10.7,66252,0
INTE.US,D,20230927,000000,10.7,10.7,10.7,10.7,46009,0
INTE.US,D,20230928,000000,10.73,10.73,10.7,10.7,56928,0
INTE.US,D,20230929,000000,10.75,10.75,10.75,10.75,151,0
INTE.US,D,20231003,000000,10.72,10.72,10.72,10.72,6022,0
INTE.US,D,20231006,000000,10.72,10.72,10.72,10.72,4053,0
INTE.US,D,20231009,000000,10.72,10.72,10.72,10.72,50007,0
INTE.US,D,20231010,000000,10.72,10.72,10.72,10.72,17500,0
INTE.US,D,20231011,000000,10.715,10.715,10.71,10.715,1606,0
INTE.US,D,20231012,000000,10.72,10.72,10.72,10.72,1006,0
INTE.US,D,20231013,000000,10.72,10.72,10.72,10.72,2005,0
INTE.US,D,20231016,000000,10.72,10.72,10.72,10.72,2011,0
INTE.US,D,20231017,000000,10.72,10.74,10.72,10.73,26106,0
INTE.US,D,20231019,000000,10.73,10.73,10.72,10.72,11232,0
INTE.US,D,20231020,000000,10.73,10.73,10.72,10.73,141370,0
INTE.US,D,20231023,000000,10.73,10.74,10.7299,10.73,24559,0
INTE.US,D,20231024,000000,10.74,10.74,10.735,10.74,246988,0
INTE.US,D,20231025,000000,10.73,10.73,10.71,10.71,57719,0
INTE.US,D,20231026,000000,10.73,10.73,10.72,10.72,134100,0
INTE.US,D,20231027,000000,10.735,10.735,10.72,10.72,1754,0
INTE.US,D,20231031,000000,10.7499,10.75,10.7499,10.7499,1568,0
INTE.US,D,20231101,000000,10.75,10.75,10.75,10.75,133,0
INTE.US,D,20231102,000000,10.76,10.85,10.72,10.72,10800,0
INTE.US,D,20231110,000000,10.7906,10.8,10.73,10.76,13242,0
INTE.US,D,20231113,000000,10.76,10.76,10.76,10.76,31008,0
INTE.US,D,20231116,000000,10.7755,10.8,10.75,10.75,5000,0
INTE.US,D,20231121,000000,10.76,10.76,10.76,10.76,5102,0
INTE.US,D,20231122,000000,10.76,10.76,10.76,10.76,109,0
INTE.US,D,20231124,000000,10.76,10.76,10.76,10.76,102,0
INTE.US,D,20231127,000000,10.76,10.76,10.755,10.76,6242,0
INTE.US,D,20231201,000000,10.75,10.7501,10.75,10.75,15797,0
INTE.US,D,20231205,000000,10.77,10.77,10.765,10.77,3125,0
INTE.US,D,20231206,000000,10.765,10.77,10.765,10.77,5107,0
INTE.US,D,20231207,000000,10.8,10.82,10.8,10.82,9394,0
INTE.US,D,20231208,000000,10.82,10.85,10.8,10.8001,4700,0
INTE.US,D,20231214,000000,10.843,10.843,10.8,10.8,5090,0
INTE.US,D,20231218,000000,10.8,10.8,10.8,10.8,3004,0
INTE.US,D,20240103,000000,10.8,10.8,10.8,10.8,153,0
INTE.US,D,20240104,000000,10.83,10.84,10.83,10.84,5500,0
INTE.US,D,20240108,000000,10.835,10.85,10.8,10.82,11062,0
INTE.US,D,20240110,000000,10.85,10.87,10.85,10.87,2266,0
INTE.US,D,20240118,000000,10.87,10.87,10.845,10.8636,304,0
INTE.US,D,20240119,000000,10.8201,10.827,10.82,10.82,8807,0
INTE.US,D,20240123,000000,10.82,10.84,10.82,10.84,325,0
INTE.US,D,20240124,000000,10.84,10.84,10.84,10.84,1116,0
INTE.US,D,20240125,000000,10.8375,10.8375,10.8375,10.8375,104,0
INTE.US,D,20240129,000000,10.85,10.85,10.85,10.85,836,0
INTE.US,D,20240130,000000,10.84,10.84,10.83,10.83,522605,0
INTE.US,D,20240205,000000,10.8812,10.8871,10.84,10.84,4016,0
INTE.US,D,20240207,000000,10.84,10.84,10.84,10.84,704,0
INTE.US,D,20240212,000000,10.852,10.852,10.84,10.84,3056,0
INTE.US,D,20240215,000000,10.84,10.84,10.84,10.84,13912,0
INTE.US,D,20240216,000000,10.84,10.84,10.84,10.84,7501,0
INTE.US,D,20240222,000000,10.83,10.84,10.83,10.84,1802,0
INTE.US,D,20240223,000000,10.84,10.84,10.84,10.84,83288,0
INTE.US,D,20240226,000000,10.84,10.84,10.84,10.84,22590,0
INTE.US,D,20240227,000000,10.84,10.84,10.84,10.84,1399,0
INTE.US,D,20240228,000000,10.83,10.835,10.82,10.835,19109,0
INTE.US,D,20240229,000000,10.83,10.83,10.82,10.83,1874,0
INTE.US,D,20240301,000000,10.821,10.821,10.82,10.8201,5458,0
INTE.US,D,20240304,000000,10.78,10.83,10.78,10.82,1804,0
INTE.US,D,20240307,000000,10.82,10.8297,10.82,10.8297,368,0
INTE.US,D,20240311,000000,10.84,10.84,10.8201,10.8201,2222,0
INTE.US,D,20240313,000000,10.7905,10.7905,10.7905,10.7905,220,0
INTE.US,D,20240321,000000,10.8436,10.8436,10.81,10.81,1365,0
INTE.US,D,20240326,000000,10.812,10.812,10.812,10.812,2085,0
INTE.US,D,20240401,000000,10.86,10.86,10.855,10.86,7582,0
INTE.US,D,20240409,000000,10.83,10.83,10.83,10.83,101,0
INTE.US,D,20240410,000000,10.81,10.81,10.81,10.81,100,0
INTE.US,D,20240411,000000,10.8,10.8,10.8,10.8,105,0
INTE.US,D,20240412,000000,10.82,10.82,10.82,10.82,116,0
INTE.US,D,20240415,000000,10.82,10.82,10.82,10.82,210,0
INTE.US,D,20240416,000000,10.82,10.82,10.82,10.82,258,0
INTE.US,D,20240417,000000,10.85,10.85,10.85,10.85,153,0
INTE.US,D,20240418,000000,10.87,10.88,10.87,10.88,11388,0
INTE.US,D,20240419,000000,10.89,10.9,10.89,10.89,8767,0
INTE.US,D,20240422,000000,10.89,10.89,10.89,10.89,100,0
INTE.US,D,20240430,000000,10.87,10.87,10.87,10.87,117,0
INTE.US,D,20240501,000000,10.89,10.9,10.89,10.89,2509,0
INTE.US,D,20240502,000000,10.89,10.89,10.89,10.89,3699,0
INTE.US,D,20240503,000000,10.89,10.92,10.89,10.92,4124,0
INTE.US,D,20240506,000000,10.9,10.9,10.9,10.9,121,0
INTE.US,D,20240507,000000,10.9,10.9,10.9,10.9,4960,0
INTE.US,D,20240508,000000,10.93,10.93,10.93,10.93,2222,0
INTE.US,D,20240509,000000,10.9,10.9,10.9,10.9,55000,0
INTE.US,D,20240510,000000,10.94,10.95,10.94,10.95,4535,0
INTE.US,D,20240513,000000,10.97,10.97,10.97,10.97,206,0
INTE.US,D,20240514,000000,10.9379,10.9379,10.9379,10.9379,200,0
INTE.US,D,20240516,000000,10.94,10.94,10.94,10.94,2625,0
INTE.US,D,20240517,000000,10.94,10.94,10.94,10.94,195,0
INTE.US,D,20240522,000000,10.98,10.98,10.94,10.94,13299,0
INTE.US,D,20240604,000000,10.94,10.94,10.94,10.94,129,0
INTE.US,D,20240605,000000,10.94,10.94,10.94,10.94,5174,0
INTE.US,D,20240606,000000,10.94,10.94,10.94,10.94,102,0
INTE.US,D,20240610,000000,10.94,10.94,10.94,10.94,107,0
INTE.US,D,20240611,000000,10.95,10.95,10.95,10.95,2199,0
INTE.US,D,20240614,000000,10.95,10.965,10.95,10.965,280,0
INTE.US,D,20240617,000000,10.96,10.96,10.96,10.96,2103,0
INTE.US,D,20240624,000000,10.96,10.96,10.96,10.96,1131,0
INTE.US,D,20240626,000000,10.96,10.96,10.96,10.96,223,0
INTE.US,D,20240628,000000,10.97,10.98,10.97,10.98,1230,0
INTE.US,D,20240709,000000,11,11,10.98,10.99,4021,0
INTE.US,D,20240710,000000,10.99,10.99,10.99,10.99,1675,0
INTE.US,D,20240711,000000,11,11.01,11,11.01,5300,0
INTE.US,D,20240715,000000,11.01,11.01,11.01,11.01,10000,0
INTE.US,D,20240716,000000,11.02,11.02,11.02,11.02,3027,0
INTE.US,D,20240718,000000,11.0298,11.03,11.0298,11.03,1090,0
INTE.US,D,20240719,000000,11.02,11.03,11.01,11.01,712,0
INTE.US,D,20240725,000000,11.03,11.04,11.03,11.04,4947,0
INTE.US,D,20240726,000000,11.05,11.05,11.05,11.05,2017,0
INTE.US,D,20240729,000000,11.04,11.05,11.04,11.05,2872,0
INTE.US,D,20240731,000000,11.05,11.05,11.05,11.05,5168,0
INTE.US,D,20240801,000000,11.06,11.06,11.06,11.06,1706,0
INTE.US,D,20240802,000000,11.06,11.07,11.06,11.07,2150,0
INTE.US,D,20240805,000000,11.08,11.09,11.045,11.09,2547,0
INTE.US,D,20240806,000000,11.09,11.11,11.08,11.08,7814,0
INTE.US,D,20240807,000000,11.06,11.14,11.06,11.14,2010,0
INTE.US,D,20240808,000000,11.06,11.0716,11.0599,11.0599,487,0
INTE.US,D,20240809,000000,11.1906,11.1906,11.1906,11.1906,2519,0
INTE.US,D,20240812,000000,11.07,11.08,11.05,11.05,3418,0
INTE.US,D,20240813,000000,11.1,11.12,11.1,11.12,4415,0
INTE.US,D,20240819,000000,11.1124,11.1124,11.1124,11.1124,519,0
INTE.US,D,20240820,000000,11.08,11.08,11.08,11.08,500,0
INTE.US,D,20240822,000000,11.12,11.12,11.1199,11.1199,1000,0
INTE.US,D,20240823,000000,11.09,11.12,11.08,11.12,11175,0
INTE.US,D,20240826,000000,11.1,11.1,11.1,11.1,118,0
INTE.US,D,20240829,000000,11.05,11.1,11.05,11.1,3116,0
INTE.US,D,20240904,000000,11.1,11.13,11.1,11.13,15760,0
INTE.US,D,20240911,000000,11.11,11.11,11.11,11.11,3230,0
INTE.US,D,20240913,000000,11.15,11.15,11.05,11.0999,75779,0
INTE.US,D,20240916,000000,11.0657,11.07,11.0657,11.07,383,0
INTE.US,D,20240918,000000,11.13,11.13,11.13,11.13,2398,0
INTE.US,D,20240919,000000,11.14,11.15,11.14,11.15,15303,0
INTE.US,D,20240923,000000,11.1697,11.17,11.11,11.1699,924,0
INTE.US,D,20240924,000000,11.15,11.19,11.1346,11.16,1513,0
INTE.US,D,20240926,000000,11.18,11.18,11.18,11.18,471,0
INTE.US,D,20240927,000000,11.16,11.17,11.16,11.17,8132,0
INTE.US,D,20241002,000000,11.12,11.19,11.12,11.19,1434,0
INTE.US,D,20241003,000000,11.17,11.655,11.12,11.19,3292,0
INTE.US,D,20241004,000000,11.19,11.19,11.19,11.19,200,0
INTE.US,D,20241007,000000,11.2,11.2899,11.2,11.2899,9233,0
INTE.US,D,20241008,000000,11.22,11.25,11.21,11.25,8023,0
INTE.US,D,20241009,000000,11.21,11.28,11.21,11.25,8834,0
INTE.US,D,20241010,000000,11.28,11.29,11.28,11.29,4881,0
INTE.US,D,20241011,000000,11.26,11.28,11.25,11.25,100241,0
INTE.US,D,20241014,000000,11.253,11.253,11.253,11.253,600,0
INTE.US,D,20241016,000000,11.26,11.27,11.26,11.27,93600,0
INTE.US,D,20241017,000000,11.28,11.2879,11.28,11.2879,40160,0
INTE.US,D,20241021,000000,11.295,11.3,11.295,11.3,8801,0
INTE.US,D,20241022,000000,11.33,11.33,11.33,11.33,5105,0
INTE.US,D,20241023,000000,11.33,11.33,11.3299,11.33,6804,0
INTE.US,D,20241024,000000,11.3,11.875,11.28,11.33,10322,0
INTE.US,D,20241028,000000,11.28,11.44,11.25,11.425,5627,0
INTE.US,D,20241029,000000,11.34,11.35,11.33,11.34,107539,0
INTE.US,D,20241101,000000,11.3,11.32,11.3,11.3,1235,0
