<TICKER>,<PER>,<DATE>,<TIME>,<OPEN>,<HIGH>,<LOW>,<CLOSE>,<VOL>,<OPENINT>
IPDN.US,D,20200624,000000,4.66,5.36,2.7456,3.04,4457281,0
IPDN.US,D,20200625,000000,2.84,7.38,2.8,7.38,1833423,0
IPDN.US,D,20200626,000000,5.36,7.08,4.66,6.4,1223804,0
IPDN.US,D,20200629,000000,5.6,7.96,5.44,6.72,1145793,0
IPDN.US,D,20200630,000000,7,7.2,5.64,5.72,380757,0
IPDN.US,D,20200701,000000,5.62,6.4,5.3,5.94,121071,0
IPDN.US,D,20200702,000000,6.12,6.3598,5.6,5.76,209261,0
IPDN.US,D,20200706,000000,5.74,5.76,4.66,4.66,152420.5,0
IPDN.US,D,20200707,000000,4.64,5.1798,4.64,4.6834,45241.5,0
IPDN.US,D,20200708,000000,4.58,4.66,4.1,4.12,115379,0
IPDN.US,D,20200709,000000,4.16,4.3936,3.96,4.04,45086,0
IPDN.US,D,20200710,000000,3.96,4.54,3.96,4.42,84265,0
IPDN.US,D,20200713,000000,4.36,4.8,3.86,3.88,135349,0
IPDN.US,D,20200714,000000,4.06,4.12,3.56,3.72,30337,0
IPDN.US,D,20200715,000000,3.74,4.18,3.74,3.9,34408,0
IPDN.US,D,20200716,000000,3.8,4.28,3.58,3.92,108947.5,0
IPDN.US,D,20200717,000000,4.3,4.3,3.76,3.76,18261.5,0
IPDN.US,D,20200720,000000,3.76,4.24,3.7002,3.84,36730.5,0
IPDN.US,D,20200721,000000,3.82,4.06,3.76,3.76,13579,0
IPDN.US,D,20200722,000000,3.74,4.14,3.6,3.62,43209,0
IPDN.US,D,20200723,000000,3.782,3.81,3.6,3.62,12865,0
IPDN.US,D,20200724,000000,3.7,4.18,3.6206,3.86,68268,0
IPDN.US,D,20200727,000000,3.7,3.7,2.36,2.66,680977,0
IPDN.US,D,20200728,000000,2.76,2.9,2.563,2.74,612721.5,0
IPDN.US,D,20200729,000000,2.68,2.72,2.46,2.62,393328.5,0
IPDN.US,D,20200730,000000,2.36,2.46,2.24,2.3,264497.5,0
IPDN.US,D,20200731,000000,2.3,2.34,2.02,2.08,205262,0
IPDN.US,D,20200803,000000,2.1,2.44,1.94,2.26,584130,0
IPDN.US,D,20200804,000000,2.4,2.5,2.26,2.3178,221471,0
IPDN.US,D,20200805,000000,2.5,4.4,2.32,2.98,15264778,0
IPDN.US,D,20200806,000000,2.68,3.26,2.66,3.1,911479,0
IPDN.US,D,20200807,000000,3.1,3.26,2.82,3,454529.5,0
IPDN.US,D,20200810,000000,2.88,2.98,2.6,2.72,609711,0
IPDN.US,D,20200811,000000,2.68,2.68,2.46,2.56,265222.5,0
IPDN.US,D,20200812,000000,2.74,2.76,2.56,2.62,274554,0
IPDN.US,D,20200813,000000,2.46,2.58,2.44,2.54,128378,0
IPDN.US,D,20200814,000000,2.44,2.576,2.3998,2.42,77081.5,0
IPDN.US,D,20200817,000000,2.42,2.4922,2.22,2.26,85882,0
IPDN.US,D,20200818,000000,2.26,2.28,2.2,2.26,85160.5,0
IPDN.US,D,20200819,000000,2.2,2.32,2.16,2.3,51900.5,0
IPDN.US,D,20200820,000000,2.28,2.3064,2.04,2.14,123703,0
IPDN.US,D,20200821,000000,2.16,2.31,2.1,2.14,167333,0
IPDN.US,D,20200824,000000,2.14,2.21,2.03,2.1,99031.5,0
IPDN.US,D,20200825,000000,2.2,2.26,2.08,2.16,75382,0
IPDN.US,D,20200826,000000,2.18,2.5,2.14,2.36,619790,0
IPDN.US,D,20200827,000000,2.32,2.54,2.22,2.52,616594,0
IPDN.US,D,20200828,000000,2.5,2.72,2.32,2.42,316888.5,0
IPDN.US,D,20200831,000000,2.38,2.4,2.2,2.23,150733,0
IPDN.US,D,20200901,000000,2.26,2.3,2.18,2.2,94876,0
IPDN.US,D,20200902,000000,2.18,2.24,2.12,2.2,134341,0
IPDN.US,D,20200903,000000,2.18,2.2798,2.0208,2.1598,78193.5,0
IPDN.US,D,20200904,000000,2.16,2.16,1.8102,1.88,716214.5,0
IPDN.US,D,20200908,000000,1.8,1.84,1.7,1.76,91997.5,0
IPDN.US,D,20200909,000000,1.7984,1.98,1.7,1.896,238655.5,0
IPDN.US,D,20200910,000000,1.88,1.88,1.7802,1.8398,26077.5,0
IPDN.US,D,20200911,000000,1.82,1.8396,1.7,1.8396,34836,0
IPDN.US,D,20200914,000000,1.8322,1.916,1.8,1.916,45857,0
IPDN.US,D,20200915,000000,1.8804,1.916,1.8268,1.8648,31258,0
IPDN.US,D,20200916,000000,1.8936,1.9,1.8,1.9,27940,0
IPDN.US,D,20200917,000000,1.84,1.8918,1.83,1.8918,18021.5,0
IPDN.US,D,20200918,000000,1.84,1.98,1.84,1.8524,38452.5,0
IPDN.US,D,20200921,000000,1.888,1.93809,1.84,1.8422,28621.5,0
IPDN.US,D,20200922,000000,1.85,1.8798,1.7,1.8144,54187.5,0
IPDN.US,D,20200923,000000,1.8354,1.8354,1.625,1.6354,67263,0
IPDN.US,D,20200924,000000,1.6282,1.7,1.56,1.64,34268,0
IPDN.US,D,20200925,000000,1.5614,2.8,1.5202,2.48,1497677.5,0
IPDN.US,D,20200928,000000,2.38,2.5,1.9022,2.18,1226100.5,0
IPDN.US,D,20200929,000000,1.901,2.3598,1.7936,2.12,872808,0
IPDN.US,D,20200930,000000,2.02,2.12,1.8822,1.9226,113393.5,0
IPDN.US,D,20201001,000000,1.926,2.0796,1.9021,1.91366,59686,0
IPDN.US,D,20201002,000000,1.84,2,1.84,1.9542,78798.5,0
IPDN.US,D,20201005,000000,1.9,1.94,1.8202,1.88,99479.5,0
IPDN.US,D,20201006,000000,1.86,2.08,1.8202,1.8834,148987,0
IPDN.US,D,20201007,000000,1.898,2.93,1.8602,2.82,2145750,0
IPDN.US,D,20201008,000000,2.48,2.62,2.16,2.32,2549131.5,0
IPDN.US,D,20201009,000000,2.2,2.3244,2.1,2.22,414056,0
IPDN.US,D,20201012,000000,2.16,2.26,2.16,2.22,140692,0
IPDN.US,D,20201013,000000,2.12,2.46,2.12,2.26,424706.5,0
IPDN.US,D,20201014,000000,2.22,2.32,2.16,2.22,353573,0
IPDN.US,D,20201015,000000,2.56,2.88,2.16,2.26,2845156,0
IPDN.US,D,20201016,000000,2.16,2.3,2.12,2.22,377619.5,0
IPDN.US,D,20201019,000000,2.24,2.28,2.1602,2.18,131294.5,0
IPDN.US,D,20201020,000000,2.2,2.32,2.19,2.2,220681,0
IPDN.US,D,20201021,000000,2.26,2.48,2.22,2.38,300545,0
IPDN.US,D,20201022,000000,2.4,2.7198,2.34,2.52,1026847.5,0
IPDN.US,D,20201023,000000,2.46,2.46,2.3,2.32,370824.5,0
IPDN.US,D,20201026,000000,2.26,2.26,2.16,2.16,121371.5,0
IPDN.US,D,20201027,000000,2.2,2.24,2.04,2.1,124925,0
IPDN.US,D,20201028,000000,2.04,2.12,2.04,2.08,110266.5,0
IPDN.US,D,20201029,000000,2.06,2.12,2,2.08,77430.5,0
IPDN.US,D,20201030,000000,2.0596,2.14,1.94,1.94,59568,0
IPDN.US,D,20201102,000000,1.96,2.0908,1.96,2.051,43580,0
IPDN.US,D,20201103,000000,2.1,2.18,2,2.07,78802,0
IPDN.US,D,20201104,000000,2.0642,2.12,2.02,2.04,56408,0
IPDN.US,D,20201105,000000,2.08,2.0946,2.02,2.06,24091,0
IPDN.US,D,20201106,000000,2.06,2.22,2,2.06,159184,0
IPDN.US,D,20201109,000000,2.12,2.15,1.96,2.08,117783,0
IPDN.US,D,20201110,000000,2.0002,2.12,2,2.08,34793.5,0
IPDN.US,D,20201111,000000,2.02,2.12,2.02,2.1,39681.5,0
IPDN.US,D,20201112,000000,2.06,2.18,2.02,2.112,133992.5,0
IPDN.US,D,20201113,000000,2,2.12,2,2.05,113570.5,0
IPDN.US,D,20201116,000000,2.08,2.1,2,2.06,66918.5,0
IPDN.US,D,20201117,000000,2.06,2.14,2,2.14,151571,0
IPDN.US,D,20201118,000000,2.08,2.34,2.0604,2.18,421894,0
IPDN.US,D,20201119,000000,2.18,2.4,2.06,2.36,321537,0
IPDN.US,D,20201120,000000,2.4,2.56,2.26,2.48,345554.5,0
IPDN.US,D,20201123,000000,2.36,2.3956,2.26,2.26,129641,0
IPDN.US,D,20201124,000000,2.44,2.54,2.34,2.52,193948,0
IPDN.US,D,20201125,000000,2.52,2.76,2.5,2.66,413471,0
IPDN.US,D,20201127,000000,3.2,3.25,2.76,2.94,1145646.5,0
IPDN.US,D,20201130,000000,2.88,3.14,2.86,2.94,322719.5,0
IPDN.US,D,20201201,000000,3.08,3.68,3.06,3.3,1067257,0
IPDN.US,D,20201202,000000,3.1,3.28,3.1,3.26,175561,0
IPDN.US,D,20201203,000000,3.2,3.28,3.12,3.2,68831.5,0
IPDN.US,D,20201204,000000,3.16,3.22,3.06,3.06,64445.5,0
IPDN.US,D,20201207,000000,3.04,3.22,3,3.14,34927,0
IPDN.US,D,20201208,000000,3.1,3.24,3,3.18,223434,0
IPDN.US,D,20201209,000000,3.16,3.22,3,3,83129.5,0
IPDN.US,D,20201210,000000,2.98,4.14,2.73,4.08,1868613.5,0
IPDN.US,D,20201211,000000,3.18,3.257,2.92,3,811483.5,0
IPDN.US,D,20201214,000000,2.9528,2.98,2.7,2.74,242696,0
IPDN.US,D,20201215,000000,2.6,2.7066,2.52,2.52,191904.5,0
IPDN.US,D,20201216,000000,2.54,2.6,2.24,2.32,629234,0
IPDN.US,D,20201217,000000,2.32,2.46,2.32,2.42,101089,0
IPDN.US,D,20201218,000000,2.36,2.54,2.36,2.4,115412,0
IPDN.US,D,20201221,000000,2.3,2.5,2.3,2.44,64674,0
IPDN.US,D,20201222,000000,2.44,2.48,2.38,2.382,104504.5,0
IPDN.US,D,20201223,000000,2.38,2.6,2.38,2.54,298492.5,0
IPDN.US,D,20201224,000000,2.44,2.5,2.42,2.44,56824.5,0
IPDN.US,D,20201228,000000,2.44,2.72,2.44,2.58,244633,0
IPDN.US,D,20201229,000000,2.62,2.76,2.5002,2.74,317017,0
IPDN.US,D,20201230,000000,3.84,11.12,3.68,5.48,59758162,0
IPDN.US,D,20201231,000000,4.7,5.2,4.14,5.18,2760299,0
IPDN.US,D,20210104,000000,4.8,4.88,3.92,4.16,741275,0
IPDN.US,D,20210105,000000,4,5.14,3.92,4.26,1698633.5,0
IPDN.US,D,20210106,000000,4.18,4.3,3.88,4.22,1282039.5,0
IPDN.US,D,20210107,000000,4.24,5.12,3.92,4.54,2177034,0
IPDN.US,D,20210108,000000,4.5,6.638,4.18,5.7,5738241.5,0
IPDN.US,D,20210111,000000,4.62,4.98,4.44,4.74,776244.5,0
IPDN.US,D,20210112,000000,4.6,4.94,4.58,4.68,292815,0
IPDN.US,D,20210113,000000,4.6,4.88,4.5,4.66,272128,0
IPDN.US,D,20210114,000000,4.68,5.44,4.68,5.32,561777.5,0
IPDN.US,D,20210115,000000,5.01,5.22,4.64,4.66,326606,0
IPDN.US,D,20210119,000000,4.84,5.28,4.79,4.9,464992.5,0
IPDN.US,D,20210120,000000,5,5.2,4.76,4.88,350471,0
IPDN.US,D,20210121,000000,4.82,4.98,4.64,4.92,219767.5,0
IPDN.US,D,20210122,000000,4.94,5.4566,4.82,5.18,619497.5,0
IPDN.US,D,20210125,000000,5.06,5.48,4.9244,5.08,264040.5,0
IPDN.US,D,20210126,000000,5.4,5.52,5.1,5.22,407721.5,0
IPDN.US,D,20210127,000000,4.9,5.2,4.7,4.74,387589.5,0
IPDN.US,D,20210128,000000,4.7,4.9798,4.52,4.54,245701,0
IPDN.US,D,20210129,000000,4.64,4.78,4.32,4.46,154764,0
IPDN.US,D,20210201,000000,4.52,4.6398,4.24,4.3,100318,0
IPDN.US,D,20210202,000000,4.36,4.86,4.22,4.44,342888,0
IPDN.US,D,20210203,000000,4.56,6.14,4.48,5.42,1845552.5,0
IPDN.US,D,20210204,000000,5.5,5.5,4.9534,5.1,222644.5,0
IPDN.US,D,20210205,000000,5.2,6,5.04,5.48,1307797.5,0
IPDN.US,D,20210208,000000,5.88,6.02,5.54,5.68,632868,0
IPDN.US,D,20210209,000000,5.8,6.32,5.62,6.04,351794.5,0
IPDN.US,D,20210210,000000,6.32,6.36,5.48,5.68,430930.5,0
IPDN.US,D,20210211,000000,5.7,6.702,5.58,6.14,903976.5,0
IPDN.US,D,20210212,000000,6.1,6.26,5.84,5.96,134265,0
IPDN.US,D,20210216,000000,6.08,6.7,6.06,6.64,442817.5,0
IPDN.US,D,20210217,000000,6.7,8.76,6.3,8.42,2233267.5,0
IPDN.US,D,20210218,000000,7.66,9.6,7.42,8.24,929451.5,0
IPDN.US,D,20210219,000000,8.08,8.92,8.06,8.6,493881.5,0
IPDN.US,D,20210222,000000,7.24,9.2,7.12,7.3,1083435.5,0
IPDN.US,D,20210223,000000,6.56,6.9,5.66,5.8,901718,0
IPDN.US,D,20210224,000000,5.96,6.48,5.78,5.98,315643.5,0
IPDN.US,D,20210225,000000,6,6.28,5.44,5.44,132843,0
IPDN.US,D,20210226,000000,5.48,5.74,5.2,5.54,84056.5,0
IPDN.US,D,20210301,000000,7.24,7.64,6.1284,6.3,499977.5,0
IPDN.US,D,20210302,000000,6.18,6.58,5.92,6.26,366043.5,0
IPDN.US,D,20210303,000000,6.14,6.3,5.46,5.64,91438,0
IPDN.US,D,20210304,000000,5.42,5.58,4.9,5.08,60363,0
IPDN.US,D,20210305,000000,5.2544,5.32,4.4406,5.06,82918,0
IPDN.US,D,20210308,000000,5,5.1798,4.8,4.86,37652,0
IPDN.US,D,20210309,000000,5.02,5.58,4.82,5.42,484362,0
IPDN.US,D,20210310,000000,5.56,5.88,5.26,5.5,76459,0
IPDN.US,D,20210311,000000,5.62,6.08,5.56,6.06,288565.5,0
IPDN.US,D,20210312,000000,5.8,6.298,5.66,6.12,99366,0
IPDN.US,D,20210315,000000,6.16,6.94,6.02,6.7,568649,0
IPDN.US,D,20210316,000000,6.6,6.66,5.9,6,540974,0
IPDN.US,D,20210317,000000,5.82,6.96,5.74,6.58,3897002.5,0
IPDN.US,D,20210318,000000,6.28,8.8,6.18,6.36,3899306.5,0
IPDN.US,D,20210319,000000,6.4,6.98,6.06,6.42,558216.5,0
IPDN.US,D,20210322,000000,6.32,6.96,6.32,6.64,600241.5,0
IPDN.US,D,20210323,000000,6.893,7.1,6.06,6.08,364457,0
IPDN.US,D,20210324,000000,6.12,6.24,5.46,5.46,244648,0
IPDN.US,D,20210325,000000,4.94,5.36,4.8,5.08,198454,0
IPDN.US,D,20210326,000000,5.12,5.44,4.66,4.86,581741,0
IPDN.US,D,20210329,000000,4.84,5.14,4.48,4.54,348006.5,0
IPDN.US,D,20210330,000000,4.76,5.1,4.36,4.64,1015685.5,0
IPDN.US,D,20210331,000000,4.6,4.78,4.46,4.7,159588.5,0
IPDN.US,D,20210401,000000,4.7,4.9,4.54,4.62,108113,0
IPDN.US,D,20210405,000000,4.72,4.88,4.62,4.66,96142.5,0
IPDN.US,D,20210406,000000,4.7,4.94,4.56,4.62,267565,0
IPDN.US,D,20210407,000000,4.6,4.66,4.3,4.4,126898.5,0
IPDN.US,D,20210408,000000,4.38,4.38,4.06,4.1,86975,0
IPDN.US,D,20210409,000000,4.04,4.1426,3.74,3.84,211332,0
IPDN.US,D,20210412,000000,3.8,3.8,3.42,3.48,134253.5,0
IPDN.US,D,20210413,000000,3.4,3.6,3.34,3.52,59247.5,0
IPDN.US,D,20210414,000000,3.52,3.72,3.36,3.417,121963,0
IPDN.US,D,20210415,000000,3.4,3.4,3.16,3.22,110997,0
IPDN.US,D,20210416,000000,3.22,3.24,3.0484,3.18,53451.5,0
IPDN.US,D,20210419,000000,3.1,3.18,2.9,3.02,831503.5,0
IPDN.US,D,20210420,000000,2.88,3.26,2.82,3.14,457260,0
IPDN.US,D,20210421,000000,3.14,3.4,3.08,3.28,322526,0
IPDN.US,D,20210422,000000,3.24,3.42,3.1,3.16,169040.5,0
IPDN.US,D,20210423,000000,3.16,3.64,3.16,3.42,291469.5,0
IPDN.US,D,20210426,000000,3.4,3.72,3.28,3.56,391388,0
IPDN.US,D,20210427,000000,3.64,3.74,3.5,3.66,203718.5,0
IPDN.US,D,20210428,000000,3.64,3.86,3.54,3.76,184410,0
IPDN.US,D,20210429,000000,3.8,3.8,3.42,3.5,72555.5,0
IPDN.US,D,20210430,000000,3.5,3.8,3.4202,3.5,36103.5,0
IPDN.US,D,20210503,000000,3.42,3.4398,3.3,3.34,50369,0
IPDN.US,D,20210504,000000,3.24,3.28,3.14,3.22,49488.5,0
IPDN.US,D,20210505,000000,3.18,3.34,3.18,3.24,25316,0
IPDN.US,D,20210506,000000,3.16,3.22,3.1,3.18,26770,0
IPDN.US,D,20210507,000000,3.2,3.58,3.12,3.2,173625.5,0
IPDN.US,D,20210510,000000,3.12,3.54,2.98,3.2,790355,0
IPDN.US,D,20210511,000000,2.98,3.18,2.96,3.12,46467,0
IPDN.US,D,20210512,000000,3.04,3.26,2.9,2.94,147812.5,0
IPDN.US,D,20210513,000000,2.94,2.9802,2.64,2.78,97258,0
IPDN.US,D,20210514,000000,2.88,3.0904,2.76,3,38858,0
IPDN.US,D,20210517,000000,2.92,3.14,2.88,3,19845,0
IPDN.US,D,20210518,000000,2.96,3.12,2.9124,3.02,16679.5,0
IPDN.US,D,20210519,000000,2.98,3.14,2.92,3.1,53451.5,0
IPDN.US,D,20210520,000000,3.06,3.64,3.06,3.32,684400,0
IPDN.US,D,20210521,000000,3.32,3.56,3,3.28,463849,0
IPDN.US,D,20210524,000000,3.22,3.44,3.0802,3.12,179342.5,0
IPDN.US,D,20210525,000000,3.06,3.0824,2.76,2.96,643912.5,0
IPDN.US,D,20210526,000000,2.7,3.08,2.7,2.86,153234,0
IPDN.US,D,20210527,000000,2.94,2.94,2.76,2.84,67745.5,0
IPDN.US,D,20210528,000000,2.82,2.8946,2.76,2.84,80079,0
IPDN.US,D,20210601,000000,2.84,3.12,2.8,2.96,183990,0
IPDN.US,D,20210602,000000,2.98,3.48,2.862,3.12,720102,0
IPDN.US,D,20210603,000000,3.08,3.5,2.96,3.28,772881.5,0
IPDN.US,D,20210604,000000,3.32,3.46,3.18,3.3,256000,0
IPDN.US,D,20210607,000000,3.26,3.56,3.22,3.42,459942,0
IPDN.US,D,20210608,000000,3.44,3.74,3.44,3.58,285892.5,0
IPDN.US,D,20210609,000000,3.52,3.6,3.46,3.46,88846.5,0
IPDN.US,D,20210610,000000,3.46,3.68,3.36,3.48,113141,0
IPDN.US,D,20210611,000000,3.44,4.4,3.4308,3.9,1867248,0
IPDN.US,D,20210614,000000,3.888,4.26,3.84,4.2,716142.5,0
IPDN.US,D,20210615,000000,4.14,4.14,3.66,3.66,255610.5,0
IPDN.US,D,20210616,000000,3.62,3.88,3.6,3.8,123326,0
IPDN.US,D,20210617,000000,3.78,3.82,3.5,3.66,255726.5,0
IPDN.US,D,20210618,000000,3.52,3.66,3.18,3.18,174441,0
IPDN.US,D,20210621,000000,3.18,3.18,3.04,3.1,56007,0
IPDN.US,D,20210622,000000,3.14,3.2,3.1,3.18,36479,0
IPDN.US,D,20210623,000000,3.14,3.34,3.14,3.18,36376,0
IPDN.US,D,20210624,000000,3.28,3.56,3.28,3.48,398871.5,0
IPDN.US,D,20210625,000000,3.44,3.44,3.26,3.26,56378,0
IPDN.US,D,20210628,000000,3.26,3.44,3.2,3.32,209663,0
IPDN.US,D,20210629,000000,3.3,3.3998,3.28,3.34,55889.5,0
IPDN.US,D,20210630,000000,3.36,3.36,3.2,3.22,39402.5,0
IPDN.US,D,20210701,000000,3.22,3.58,3.22,3.3,323956,0
IPDN.US,D,20210702,000000,3.46,4.0974,3.34,3.84,1843235.5,0
IPDN.US,D,20210706,000000,3.8,5.5,3.8,4.24,5054702,0
IPDN.US,D,20210707,000000,3.86,3.9294,3.3,3.36,1461233,0
IPDN.US,D,20210708,000000,3.42,4.1,3.36,3.54,2686956.5,0
IPDN.US,D,20210709,000000,3.4,3.5314,3.18,3.22,1116205,0
IPDN.US,D,20210712,000000,3.24,3.36,3,3.24,966038.5,0
IPDN.US,D,20210713,000000,3.2,3.22,3,3.01,304229.5,0
IPDN.US,D,20210714,000000,3.1,3.16,2.98,3.06,225478.5,0
IPDN.US,D,20210715,000000,2.98,3.26,2.92,2.94,353745.5,0
IPDN.US,D,20210716,000000,3.04,3.08,2.94,2.96,169959.5,0
IPDN.US,D,20210719,000000,2.9,2.9,2.74,2.86,278808.5,0
IPDN.US,D,20210720,000000,2.9,3.08,2.8,2.96,872884,0
IPDN.US,D,20210721,000000,3.04,3.24,2.96,3,123947.5,0
IPDN.US,D,20210722,000000,3.04,3.1,2.9,3.06,94968,0
IPDN.US,D,20210723,000000,3.04,3.12,2.92,3.02,101121,0
IPDN.US,D,20210726,000000,2.98,3.08,2.92,3,105112.5,0
IPDN.US,D,20210727,000000,3,3.04,2.78,2.86,97254.5,0
IPDN.US,D,20210728,000000,2.84,2.96,2.84,2.88,38497.5,0
IPDN.US,D,20210729,000000,2.86,2.96,2.8,2.8,53621,0
IPDN.US,D,20210730,000000,2.8,2.86,2.74,2.78,91643,0
IPDN.US,D,20210802,000000,2.88,2.94,2.8,2.84,56033,0
IPDN.US,D,20210803,000000,2.88,2.9174,2.76,2.76,41048,0
IPDN.US,D,20210804,000000,2.8,2.86,2.76,2.84,32160.5,0
IPDN.US,D,20210805,000000,2.86,3.02,2.8,2.92,145102,0
IPDN.US,D,20210806,000000,2.96,2.96,2.84,2.9,28202,0
IPDN.US,D,20210809,000000,2.92,3.18,2.88,3.1,334566.5,0
IPDN.US,D,20210810,000000,3.04,3.1,2.92,3.02,97341,0
IPDN.US,D,20210811,000000,2.98,3.0198,2.86,2.94,78752.5,0
IPDN.US,D,20210812,000000,2.9,2.91,2.7,2.74,94836,0
IPDN.US,D,20210813,000000,2.74,2.76,2.5,2.52,133595.5,0
IPDN.US,D,20210816,000000,2.46,2.68,2.4,2.4,264255,0
IPDN.US,D,20210817,000000,2.44,2.44,2.18,2.24,55222.5,0
IPDN.US,D,20210818,000000,2.18,2.4,2.18,2.24,53133.5,0
IPDN.US,D,20210819,000000,2.22,2.36,2.16,2.24,46656.5,0
IPDN.US,D,20210820,000000,2.2202,2.7,2.2202,2.4,290582.5,0
IPDN.US,D,20210823,000000,2.4,2.62,2.36,2.52,35487.5,0
IPDN.US,D,20210824,000000,2.46,2.64,2.44,2.56,29511.5,0
IPDN.US,D,20210825,000000,2.5,2.7,2.5,2.62,16229,0
IPDN.US,D,20210826,000000,2.58,2.82,2.5686,2.68,247610,0
IPDN.US,D,20210827,000000,2.62,2.76,2.6,2.6,65854,0
IPDN.US,D,20210830,000000,2.58,2.5828,2.42,2.54,59970.5,0
IPDN.US,D,20210831,000000,2.54,2.64,2.54,2.54,37586,0
IPDN.US,D,20210901,000000,2.56,2.76,2.52,2.66,83389,0
IPDN.US,D,20210902,000000,2.62,2.74,2.58,2.68,28147,0
IPDN.US,D,20210903,000000,2.64,2.76,2.64,2.66,22235,0
IPDN.US,D,20210907,000000,2.76,2.78,2.6,2.78,50847,0
IPDN.US,D,20210908,000000,2.78,2.78,2.56,2.7,24863.5,0
IPDN.US,D,20210909,000000,2.64,2.7,2.58,2.64,14545,0
IPDN.US,D,20210910,000000,2.6,3.18,2.5676,3.08,841264,0
IPDN.US,D,20210913,000000,3.16,3.18,2.7802,3.08,575835.5,0
IPDN.US,D,20210914,000000,3.08,3.08,2.82,2.86,103770.5,0
IPDN.US,D,20210915,000000,2.9,2.98,2.62,2.76,111096.5,0
IPDN.US,D,20210916,000000,2.72,2.78,2.62,2.68,54486,0
IPDN.US,D,20210917,000000,2.7,2.82,2.66,2.74,36723.5,0
IPDN.US,D,20210920,000000,2.56,2.76,2.56,2.56,54247.5,0
IPDN.US,D,20210921,000000,2.58,2.66,2.46,2.48,56136.5,0
IPDN.US,D,20210922,000000,2.519,2.7,2.4796,2.64,60141.5,0
IPDN.US,D,20210923,000000,2.62,2.7,2.6,2.7,42231,0
IPDN.US,D,20210924,000000,2.7,2.9,2.6796,2.84,112077.5,0
IPDN.US,D,20210927,000000,2.8,2.88,2.76,2.84,76414.5,0
IPDN.US,D,20210928,000000,2.8,2.8,2.68,2.7,33847.5,0
IPDN.US,D,20210929,000000,2.76,2.76,2.52,2.58,44329,0
IPDN.US,D,20210930,000000,2.54,2.58,2.4402,2.52,41299.5,0
IPDN.US,D,20211001,000000,2.52,2.76,2.46,2.68,133992.5,0
IPDN.US,D,20211004,000000,2.64,2.68,2.54,2.54,51010.5,0
IPDN.US,D,20211005,000000,2.54,2.78,2.54,2.76,642341.5,0
IPDN.US,D,20211006,000000,2.98,3.3,2.72,2.84,2412786,0
IPDN.US,D,20211007,000000,2.74,3.34,2.7,3.1,1104401,0
IPDN.US,D,20211008,000000,3.06,3.1,2.82,2.86,211847.5,0
IPDN.US,D,20211011,000000,2.88,2.9,2.8,2.86,51629,0
IPDN.US,D,20211012,000000,2.82,3.04,2.82,2.86,620565,0
IPDN.US,D,20211013,000000,2.84,2.9398,2.72,2.86,470055.5,0
IPDN.US,D,20211014,000000,2.86,2.88,2.72,2.72,112629,0
IPDN.US,D,20211015,000000,2.76,2.78,2.6,2.7,150747.5,0
IPDN.US,D,20211018,000000,2.68,2.76,2.44,2.5,259520,0
IPDN.US,D,20211019,000000,2.5,2.6776,2.46,2.65,156882.5,0
IPDN.US,D,20211020,000000,2.62,2.64,2.56,2.6,31858.5,0
IPDN.US,D,20211021,000000,2.6,2.74,2.54,2.58,182677,0
IPDN.US,D,20211022,000000,2.6,2.74,2.54,2.68,263064.5,0
IPDN.US,D,20211025,000000,2.72,2.8,2.6,2.74,343871,0
IPDN.US,D,20211026,000000,2.8,2.84,2.66,2.72,170459.5,0
IPDN.US,D,20211027,000000,2.72,2.82,2.64,2.68,172285.5,0
IPDN.US,D,20211028,000000,2.7,2.76,2.64,2.74,56187.5,0
IPDN.US,D,20211029,000000,2.68,2.74,2.64,2.7,53573,0
IPDN.US,D,20211101,000000,2.7,2.7756,2.68,2.76,105325,0
IPDN.US,D,20211102,000000,2.74,2.75,2.6,2.66,102651.5,0
IPDN.US,D,20211103,000000,2.66,2.76,2.66,2.74,28127.5,0
IPDN.US,D,20211104,000000,2.78,2.86,2.74,2.78,62575,0
IPDN.US,D,20211105,000000,2.76,2.7976,2.68,2.72,29152.5,0
IPDN.US,D,20211108,000000,2.8,2.84,2.76,2.84,61143.5,0
IPDN.US,D,20211109,000000,2.86,2.86,2.7,2.72,52407,0
IPDN.US,D,20211110,000000,2.72,2.749,2.62,2.7,64252,0
IPDN.US,D,20211111,000000,2.68,2.7,2.54,2.6,64865,0
IPDN.US,D,20211112,000000,2.6,2.7398,2.58,2.66,69951,0
IPDN.US,D,20211115,000000,2.64,2.7598,2.6,2.64,137091,0
IPDN.US,D,20211116,000000,2.62,2.63,2.56,2.6,57525,0
IPDN.US,D,20211117,000000,2.58,2.652,2.52,2.56,66814.5,0
IPDN.US,D,20211118,000000,2.54,2.56,2.4,2.42,75674.5,0
IPDN.US,D,20211119,000000,2.48,2.58,2.42,2.58,49541,0
IPDN.US,D,20211122,000000,2.56,2.6198,2.26,2.36,112058.5,0
IPDN.US,D,20211123,000000,2.3,2.36,2.28,2.3,36881.5,0
IPDN.US,D,20211124,000000,2.26,2.5,2.26,2.42,65397.5,0
IPDN.US,D,20211126,000000,2.28,2.36,2.26,2.32,11425.5,0
IPDN.US,D,20211129,000000,2.3,2.34,2.1182,2.14,126803.5,0
IPDN.US,D,20211130,000000,2.12,2.16,2.02,2.06,75296.5,0
IPDN.US,D,20211201,000000,2.04,2.1,1.86,1.886,70131,0
IPDN.US,D,20211202,000000,1.8598,1.9166,1.8402,1.8504,29739.5,0
IPDN.US,D,20211203,000000,1.85,1.9806,1.85,1.899,65389.5,0
IPDN.US,D,20211206,000000,2.02,2.02,1.94,2.02,56740.5,0
IPDN.US,D,20211207,000000,2.04,2.08,1.943,2.02,54797,0
IPDN.US,D,20211208,000000,2,2.14,2,2.1,74659,0
IPDN.US,D,20211209,000000,2.1,2.14,2.08,2.08,22121,0
IPDN.US,D,20211210,000000,2.12,2.1446,2.04,2.05,15006.5,0
IPDN.US,D,20211213,000000,2.12,2.14,2,2,31300,0
IPDN.US,D,20211214,000000,2,2.055,1.9202,1.9576,33361,0
IPDN.US,D,20211215,000000,1.922,2.0094,1.802,1.9,40833,0
IPDN.US,D,20211216,000000,1.8804,1.978,1.8602,1.9,30643,0
IPDN.US,D,20211217,000000,1.8974,2.02,1.8602,1.9012,65442,0
IPDN.US,D,20211220,000000,1.9692,2.02,1.914,1.992,19514.5,0
IPDN.US,D,20211221,000000,1.994,2.06,1.9804,2.06,25988.5,0
IPDN.US,D,20211222,000000,2.06,2.16,2.04,2.14,18689.5,0
IPDN.US,D,20211223,000000,2.1,2.16,2.1,2.12,9688,0
IPDN.US,D,20211227,000000,2.08,2.12,2.04,2.1,19356,0
IPDN.US,D,20211228,000000,2.08,2.22,1.9224,1.9404,173042,0
IPDN.US,D,20211229,000000,1.9318,2.16,1.76665,2.06,340684.5,0
IPDN.US,D,20211230,000000,1.86,2.16,1.86,1.9802,171712.5,0
IPDN.US,D,20211231,000000,1.9802,2.0372,1.9402,1.9528,47027.5,0
IPDN.US,D,20220103,000000,1.94,2.06,1.94,2.04,29786,0
IPDN.US,D,20220104,000000,2,2.04,1.9622,1.9762,19370.5,0
IPDN.US,D,20220105,000000,1.976,1.9804,1.86,1.9,52410.5,0
IPDN.US,D,20220106,000000,1.931,1.948,1.84,1.843,14858,0
IPDN.US,D,20220107,000000,1.9376,1.9376,1.7,1.7398,46242,0
IPDN.US,D,20220110,000000,1.862,1.862,1.5114,1.6,88851,0
IPDN.US,D,20220111,000000,1.5806,1.66,1.543,1.6398,8606.5,0
IPDN.US,D,20220112,000000,1.6322,1.7898,1.57,1.634,249532.5,0
IPDN.US,D,20220113,000000,1.64,1.64,1.4724,1.482,106756,0
IPDN.US,D,20220114,000000,1.472,1.674,1.4238,1.6216,342669.5,0
IPDN.US,D,20220118,000000,1.544,1.76,1.544,1.7,79014,0
IPDN.US,D,20220119,000000,1.716,1.7356,1.6002,1.6998,53793.5,0
IPDN.US,D,20220120,000000,1.74,1.74,1.6026,1.6052,17027,0
IPDN.US,D,20220121,000000,1.64,1.7,1.63,1.6601,48162.5,0
IPDN.US,D,20220124,000000,1.66,1.8732,1.64,1.7842,58755,0
IPDN.US,D,20220125,000000,1.78,1.88,1.77002,1.86,59072.5,0
IPDN.US,D,20220126,000000,1.92,1.92,1.82,1.826,23512,0
IPDN.US,D,20220127,000000,1.82796,1.8749,1.79868,1.79868,48418.5,0
IPDN.US,D,20220128,000000,1.8,1.9192,1.77,1.9192,17242,0
IPDN.US,D,20220131,000000,2,2.08,1.9194,2.08,283419,0
IPDN.US,D,20220201,000000,2.12,2.26,2.04,2.16,125711,0
IPDN.US,D,20220202,000000,2.26,2.28,2.02,2.04,80171,0
IPDN.US,D,20220203,000000,1.98,2.08,1.9216,2.04,22395,0
IPDN.US,D,20220204,000000,2.04,2.08,2.02,2.04,9190.5,0
IPDN.US,D,20220207,000000,2,2.06,1.9998,2.037,12090.5,0
IPDN.US,D,20220208,000000,2.03,2.08,1.98,2.04,45000,0
IPDN.US,D,20220209,000000,1.9802,2.08,1.98,1.98,9034.5,0
IPDN.US,D,20220210,000000,2,2.02,1.959,1.9798,17359.5,0
IPDN.US,D,20220211,000000,1.98,2.0074,1.92,1.9994,31602.5,0
IPDN.US,D,20220214,000000,2,2.1266,1.9666,2.06,9027.5,0
IPDN.US,D,20220215,000000,2.06,2.06,2.018,2.037,5445.5,0
IPDN.US,D,20220216,000000,1.96,2.08,1.96,1.9902,8562,0
IPDN.US,D,20220217,000000,2.02,2.02,1.95,1.9502,19899,0
IPDN.US,D,20220218,000000,2.02,2.1,1.9298,2.04,27284.5,0
IPDN.US,D,20220222,000000,2.06,2.06,1.8844,1.8844,14838.5,0
IPDN.US,D,20220223,000000,1.9796,1.9796,1.8462,1.8462,16484,0
IPDN.US,D,20220224,000000,1.8,1.9534,1.622,1.9088,12305,0
IPDN.US,D,20220225,000000,1.82,1.949,1.802,1.852,5142.5,0
IPDN.US,D,20220228,000000,1.88,2,1.836,1.86,8643.5,0
IPDN.US,D,20220301,000000,1.8659,1.926,1.804,1.804,9249,0
IPDN.US,D,20220302,000000,1.8044,1.89281,1.8028,1.8478,7085.5,0
IPDN.US,D,20220303,000000,1.8402,1.876,1.84,1.84,8985.5,0
IPDN.US,D,20220304,000000,1.7538,1.8558,1.7538,1.8558,7435,0
IPDN.US,D,20220307,000000,1.8602,1.8802,1.7044,1.71,14632,0
IPDN.US,D,20220308,000000,1.72,1.88,1.705,1.88,11557,0
IPDN.US,D,20220309,000000,1.9,1.9,1.8068,1.8682,7771.5,0
IPDN.US,D,20220310,000000,1.87,1.87,1.8,1.8306,6257,0
IPDN.US,D,20220311,000000,1.8574,1.8736,1.8012,1.8012,8321.5,0
IPDN.US,D,20220314,000000,1.875,1.875,1.8,1.8044,14167,0
IPDN.US,D,20220315,000000,1.84,1.88,1.802,1.86,9460,0
IPDN.US,D,20220316,000000,1.88,1.9764,1.8542,1.88,20039,0
IPDN.US,D,20220317,000000,1.904,1.9684,1.875,1.9236,2089.5,0
IPDN.US,D,20220318,000000,1.92,2.04,1.92,1.96,9748.5,0
IPDN.US,D,20220321,000000,1.9,2.06,1.9,1.9616,4384,0
IPDN.US,D,20220322,000000,2.04,2.2,1.92,2.16,38415,0
IPDN.US,D,20220323,000000,1.9402,2.18,1.9402,2.06,16371.5,0
IPDN.US,D,20220324,000000,2.0716,2.14,2.001,2.0946,6406,0
IPDN.US,D,20220325,000000,2.12,2.16,2.08,2.14,14003.5,0
IPDN.US,D,20220328,000000,2.18,2.18,1.9518,2.08,18344.5,0
IPDN.US,D,20220329,000000,2.08,2.18,2.08,2.12,10977,0
IPDN.US,D,20220330,000000,2.1002,2.18,2.06,2.16,9216,0
IPDN.US,D,20220331,000000,2.18,2.2,1.9156,2.02,86113.5,0
IPDN.US,D,20220401,000000,2.06,2.24,1.94,2,54028,0
IPDN.US,D,20220404,000000,2.04,2.06,1.9244,2,5178.5,0
IPDN.US,D,20220405,000000,1.8748,2.1284,1.8748,2.12,18134.5,0
IPDN.US,D,20220406,000000,2.14,2.14,1.944,1.96,34730,0
IPDN.US,D,20220407,000000,2.02,2.0244,1.944,1.948,8983,0
IPDN.US,D,20220408,000000,1.948,2.04,1.948,2.0084,6196,0
IPDN.US,D,20220411,000000,2,2.0198,1.88,1.905,21297,0
IPDN.US,D,20220412,000000,1.8748,2,1.6424,1.7229,30799.5,0
IPDN.US,D,20220413,000000,1.76134,1.859,1.7568,1.8402,8429.5,0
IPDN.US,D,20220414,000000,1.854,1.98,1.8538,1.88,10714,0
IPDN.US,D,20220418,000000,1.96,1.984,1.82,1.984,6278.5,0
IPDN.US,D,20220419,000000,2.04,2.0596,1.86,2,8246.5,0
IPDN.US,D,20220420,000000,1.9642,1.9642,1.9642,1.9642,231,0
IPDN.US,D,20220421,000000,1.885,1.96,1.8506,1.927,4243,0
IPDN.US,D,20220422,000000,2.08,2.08,1.9002,1.9204,6275.5,0
IPDN.US,D,20220425,000000,1.9,1.995,1.822,1.844,11329.5,0
IPDN.US,D,20220426,000000,1.86,1.9,1.84,1.8802,5531.5,0
IPDN.US,D,20220427,000000,1.84,1.9896,1.76,1.76,14876,0
IPDN.US,D,20220428,000000,1.74,1.7878,1.68,1.6848,8594.5,0
IPDN.US,D,20220429,000000,1.7202,1.916,1.72,1.8058,4105,0
IPDN.US,D,20220502,000000,1.74,1.791,1.73,1.7424,8754,0
IPDN.US,D,20220503,000000,1.7402,1.88,1.74,1.88,11703.5,0
IPDN.US,D,20220504,000000,1.7722,1.84,1.74,1.84,4326,0
IPDN.US,D,20220505,000000,1.7495,1.8476,1.711,1.711,8228.5,0
IPDN.US,D,20220506,000000,1.7198,1.8794,1.7198,1.75,5816.5,0
IPDN.US,D,20220509,000000,1.711,1.711,1.5,1.58,19103.5,0
IPDN.US,D,20220510,000000,1.5036,1.6,1.5036,1.555,3701,0
IPDN.US,D,20220511,000000,1.5,1.9,1.5,1.5982,31668.5,0
IPDN.US,D,20220512,000000,1.6758,1.6758,1.44,1.5,23855,0
IPDN.US,D,20220513,000000,1.6398,1.6398,1.4506,1.5614,11000,0
IPDN.US,D,20220516,000000,1.618,1.6644,1.52,1.6,22255.5,0
IPDN.US,D,20220517,000000,1.6798,1.6899,1.62,1.66,5688.5,0
IPDN.US,D,20220518,000000,1.66,1.6701,1.5744,1.58,6423,0
IPDN.US,D,20220519,000000,1.72,1.72,1.63,1.7,2084,0
IPDN.US,D,20220520,000000,1.7396,1.7396,1.5724,1.62,3691,0
IPDN.US,D,20220523,000000,1.5826,1.655,1.5826,1.655,856.5,0
IPDN.US,D,20220524,000000,1.7176,1.72,1.6416,1.72,5532.5,0
IPDN.US,D,20220525,000000,1.7158,1.72,1.659,1.71995,1556,0
IPDN.US,D,20220526,000000,1.7,1.8,1.7,1.7,4549.5,0
IPDN.US,D,20220527,000000,1.84,1.84,1.7018,1.84,5518.5,0
IPDN.US,D,20220531,000000,1.9,2.1,1.7018,1.7234,65377.5,0
IPDN.US,D,20220601,000000,1.7444,1.9398,1.74,1.7798,11976.5,0
IPDN.US,D,20220602,000000,1.78,1.96,1.7018,1.8086,30626,0
IPDN.US,D,20220603,000000,1.7574,1.86,1.7574,1.7574,7100.5,0
IPDN.US,D,20220606,000000,1.7,1.8892,1.6016,1.7202,18960,0
IPDN.US,D,20220607,000000,1.68,1.836,1.68,1.71,6697,0
IPDN.US,D,20220608,000000,1.68,1.9332,1.536,1.6406,70346.5,0
IPDN.US,D,20220609,000000,1.5802,1.6998,1.58,1.6796,10109,0
IPDN.US,D,20220610,000000,1.67,1.7774,1.56,1.66,50149,0
IPDN.US,D,20220613,000000,1.6198,1.6636,1.54,1.5938,17965.5,0
IPDN.US,D,20220614,000000,1.5088,1.6806,1.438,1.438,39564,0
IPDN.US,D,20220615,000000,1.438,1.5398,1.438,1.44,6966,0
IPDN.US,D,20220616,000000,1.464,1.5454,1.44,1.5,8365,0
IPDN.US,D,20220617,000000,1.66,1.66,1.5,1.5,9212.5,0
IPDN.US,D,20220621,000000,1.5,1.58,1.469,1.469,9954,0
IPDN.US,D,20220622,000000,1.42,1.4898,1.3206,1.3904,6218.5,0
IPDN.US,D,20220623,000000,1.4392,1.4392,1.3638,1.3902,3131.5,0
IPDN.US,D,20220624,000000,1.32,1.5244,1.32,1.471,6263,0
IPDN.US,D,20220627,000000,1.4204,1.463,1.4204,1.463,697.5,0
IPDN.US,D,20220628,000000,1.4308,1.46,1.4308,1.4458,857,0
IPDN.US,D,20220629,000000,1.36,1.5,1.36,1.4426,1385,0
IPDN.US,D,20220630,000000,1.42,1.46,1.4158,1.42,5393,0
IPDN.US,D,20220701,000000,1.4452,1.4854,1.4452,1.4854,790,0
IPDN.US,D,20220705,000000,1.48,1.48,1.48,1.48,1656,0
IPDN.US,D,20220706,000000,1.48,1.48,1.48,1.48,244,0
IPDN.US,D,20220707,000000,1.5998,1.6,1.52,1.6,3103.5,0
IPDN.US,D,20220708,000000,1.56,1.64,1.4842,1.6196,5525.5,0
IPDN.US,D,20220711,000000,1.498,1.58,1.498,1.58,777.5,0
IPDN.US,D,20220712,000000,1.48,1.5836,1.48,1.5836,356.5,0
IPDN.US,D,20220713,000000,1.5836,1.64,1.5836,1.6,1669.5,0
IPDN.US,D,20220714,000000,1.5,1.6,1.5,1.6,859.5,0
IPDN.US,D,20220715,000000,1.5008,1.64,1.5006,1.6336,974.5,0
IPDN.US,D,20220718,000000,1.5,1.63,1.5,1.58386,694.5,0
IPDN.US,D,20220719,000000,1.6,1.6,1.5316,1.536,2673.5,0
IPDN.US,D,20220720,000000,1.44,1.6398,1.44,1.5714,2032,0
IPDN.US,D,20220721,000000,1.5998,1.6,1.502,1.6,1003,0
IPDN.US,D,20220722,000000,1.65,1.6564,1.5402,1.6564,1075,0
IPDN.US,D,20220725,000000,1.74,1.74,1.5404,1.7048,3077.5,0
IPDN.US,D,20220726,000000,1.493,1.679,1.493,1.6762,841.5,0
IPDN.US,D,20220727,000000,1.6762,1.7174,1.551,1.6,4954.5,0
IPDN.US,D,20220728,000000,1.6672,1.7544,1.6128,1.6128,1852,0
IPDN.US,D,20220729,000000,1.6118,1.6118,1.58,1.5962,2204,0
IPDN.US,D,20220801,000000,1.7256,1.7256,1.58,1.6704,2955,0
IPDN.US,D,20220802,000000,1.7,1.7,1.59,1.59,1813,0
IPDN.US,D,20220803,000000,1.68,1.68,1.6,1.62,3271.5,0
IPDN.US,D,20220804,000000,1.62,1.71,1.6004,1.71,3981.5,0
IPDN.US,D,20220805,000000,1.7,2.12,1.5568,1.6874,333732.5,0
IPDN.US,D,20220808,000000,1.6368,1.6998,1.56,1.56,14835,0
IPDN.US,D,20220809,000000,1.563,1.62,1.56,1.5636,8919,0
IPDN.US,D,20220810,000000,1.66,1.66,1.562,1.6342,2491.5,0
IPDN.US,D,20220811,000000,1.68,1.68,1.5622,1.5802,8830.5,0
IPDN.US,D,20220812,000000,1.582,1.6444,1.582,1.6,9988.5,0
IPDN.US,D,20220815,000000,1.6076,1.7,1.6,1.6,10559.5,0
IPDN.US,D,20220816,000000,1.602,1.64059,1.6,1.6018,13331,0
IPDN.US,D,20220817,000000,1.5724,1.64,1.544,1.56,4296,0
IPDN.US,D,20220818,000000,1.4624,1.56,1.4624,1.5,5504.5,0
IPDN.US,D,20220819,000000,1.5004,1.56,1.4886,1.5,10984,0
IPDN.US,D,20220822,000000,1.535,1.535,1.5174,1.5348,258.5,0
IPDN.US,D,20220823,000000,1.5346,1.5498,1.48,1.5498,2814,0
IPDN.US,D,20220824,000000,1.639,1.639,1.54,1.54,3187.5,0
IPDN.US,D,20220825,000000,1.5402,1.56,1.5402,1.55,1342.5,0
IPDN.US,D,20220826,000000,1.54,1.542,1.54,1.5402,5682.5,0
IPDN.US,D,20220829,000000,1.6,1.6,1.52,1.5202,4693.5,0
IPDN.US,D,20220830,000000,1.5164,1.6,1.5164,1.6,1365,0
IPDN.US,D,20220831,000000,1.6356,1.6356,1.48,1.48,25593,0
IPDN.US,D,20220901,000000,1.54,1.64,1.46,1.6,25547,0
IPDN.US,D,20220902,000000,1.48,1.63,1.48,1.5246,7258,0
IPDN.US,D,20220906,000000,1.46,1.64,1.46,1.64,1518.5,0
IPDN.US,D,20220907,000000,1.64,1.64,1.528,1.545,13969.5,0
IPDN.US,D,20220908,000000,1.464,1.62,1.464,1.4998,14162,0
IPDN.US,D,20220909,000000,1.4998,1.56,1.48,1.505,3256,0
IPDN.US,D,20220912,000000,1.64,1.64,1.52,1.52,5957.5,0
IPDN.US,D,20220913,000000,1.5726,1.5728,1.52,1.5728,19815,0
IPDN.US,D,20220914,000000,1.5408,1.64,1.5334,1.5792,3213,0
IPDN.US,D,20220915,000000,1.616,1.6198,1.52,1.6198,2210,0
IPDN.US,D,20220916,000000,1.5064,1.663,1.4002,1.663,10639,0
IPDN.US,D,20220919,000000,1.5032,1.614,1.5,1.6138,2049,0
IPDN.US,D,20220920,000000,1.6,1.614,1.6,1.614,1153,0
IPDN.US,D,20220921,000000,1.5625,1.68,1.5416,1.5416,2564,0
IPDN.US,D,20220922,000000,1.54,1.54,1.52,1.5202,1793.5,0
IPDN.US,D,20220923,000000,1.596,1.596,1.52,1.5238,2235,0
IPDN.US,D,20220926,000000,1.44,1.54,1.44,1.46,3504.5,0
IPDN.US,D,20220927,000000,1.48,1.618,1.48,1.54,4817,0
IPDN.US,D,20220928,000000,1.6,1.6,1.5,1.5222,14545.5,0
IPDN.US,D,20220929,000000,1.56,1.62,1.5,1.5306,42176,0
IPDN.US,D,20220930,000000,1.5286,1.6,1.5286,1.55,69770.5,0
IPDN.US,D,20221003,000000,1.6254,1.64,1.5002,1.64,87120.5,0
IPDN.US,D,20221004,000000,1.7,1.84,1.6278,1.7,92967,0
IPDN.US,D,20221005,000000,1.76,1.8452,1.758,1.8,112523,0
IPDN.US,D,20221006,000000,1.8,1.84,1.8,1.82,117006,0
IPDN.US,D,20221007,000000,1.81,1.84,1.74,1.74,123481,0
IPDN.US,D,20221010,000000,1.81,1.88,1.7402,1.7402,38432.5,0
IPDN.US,D,20221011,000000,1.84,1.8798,1.765,1.7816,24016.5,0
IPDN.US,D,20221012,000000,1.759,1.759,1.74,1.74,1270.5,0
IPDN.US,D,20221013,000000,1.7,1.7,1.6442,1.7,8106,0
IPDN.US,D,20221014,000000,1.6798,1.7,1.6778,1.68188,6180,0
IPDN.US,D,20221017,000000,1.76,1.82,1.75,1.82,3192,0
IPDN.US,D,20221018,000000,1.86,1.86,1.7676,1.7676,8236,0
IPDN.US,D,20221019,000000,1.8596,1.8596,1.7184,1.7184,10233.5,0
IPDN.US,D,20221020,000000,1.7,1.78,1.7,1.78,2168,0
IPDN.US,D,20221021,000000,1.7,1.7598,1.671,1.671,1537.5,0
IPDN.US,D,20221024,000000,1.69,1.86,1.602,1.6022,16075.5,0
IPDN.US,D,20221025,000000,1.62,1.6242,1.62,1.6242,1615,0
IPDN.US,D,20221026,000000,1.68,1.6802,1.62,1.62,12644,0
IPDN.US,D,20221027,000000,1.6244,1.632,1.6022,1.6244,11327.5,0
IPDN.US,D,20221028,000000,1.78,1.78,1.66,1.66,6365.5,0
IPDN.US,D,20221031,000000,1.61,1.78,1.61,1.69,11839.5,0
IPDN.US,D,20221101,000000,1.6624,1.6624,1.6624,1.6624,571.5,0
IPDN.US,D,20221102,000000,1.7442,1.7442,1.7442,1.7442,204,0
IPDN.US,D,20221103,000000,1.67,1.73,1.67,1.7128,4550.5,0
IPDN.US,D,20221104,000000,1.6628,1.6628,1.6628,1.6628,1056,0
IPDN.US,D,20221107,000000,1.783,1.783,1.67,1.69,606.5,0
IPDN.US,D,20221108,000000,1.7774,1.7774,1.7474,1.76,2170.5,0
IPDN.US,D,20221109,000000,1.6802,1.76,1.6802,1.7104,305,0
IPDN.US,D,20221110,000000,1.6622,1.7,1.66,1.66,3037,0
IPDN.US,D,20221111,000000,1.66,1.7,1.66,1.66,1310.5,0
IPDN.US,D,20221114,000000,1.64,1.74,1.64,1.74,892.5,0
IPDN.US,D,20221115,000000,1.7,1.71,1.66,1.66,1459,0
IPDN.US,D,20221116,000000,1.7158,1.7158,1.665,1.665,297,0
IPDN.US,D,20221117,000000,1.72,1.72,1.64,1.64,1547,0
IPDN.US,D,20221118,000000,1.7,1.996,1.64,1.996,144169.5,0
IPDN.US,D,20221121,000000,1.996,1.996,1.92,1.92,9903.5,0
IPDN.US,D,20221122,000000,1.825,1.94,1.824,1.94,1701.5,0
IPDN.US,D,20221123,000000,1.978,1.98,1.85716,1.92,2757,0
IPDN.US,D,20221125,000000,1.97,1.97,1.939,1.939,157.5,0
IPDN.US,D,20221128,000000,1.88,1.94,1.7,1.76,6844,0
IPDN.US,D,20221130,000000,1.8752,1.8752,1.6912,1.82,987,0
IPDN.US,D,20221201,000000,1.6712,1.76,1.6712,1.76,317,0
IPDN.US,D,20221202,000000,1.6902,1.8,1.6712,1.75,1607,0
IPDN.US,D,20221205,000000,1.666,1.7,1.6,1.6202,1525.5,0
IPDN.US,D,20221206,000000,1.6222,1.8,1.3616,1.3616,26603.5,0
IPDN.US,D,20221207,000000,1.6402,1.7484,1.37,1.53,8035,0
IPDN.US,D,20221208,000000,1.6106,1.6106,1.362,1.362,33735,0
IPDN.US,D,20221209,000000,1.362,1.56,1.02,1.1746,193522.5,0
IPDN.US,D,20221212,000000,1.2,1.2216,1.109,1.2008,12032.5,0
IPDN.US,D,20221213,000000,1.2368,1.2368,0.9952,1.0052,24141.5,0
IPDN.US,D,20221214,000000,1.0276,1.13,0.976,0.9802,6938.5,0
IPDN.US,D,20221215,000000,1.1272,1.1736,1.0048,1.005,1967,0
IPDN.US,D,20221216,000000,0.9202,1.7556,0.9202,1.322,238076.5,0
IPDN.US,D,20221219,000000,1.5454,1.5598,1.4,1.4,11042.5,0
IPDN.US,D,20221220,000000,1.2798,1.574,1.2798,1.3376,28171,0
IPDN.US,D,20221221,000000,1.32,1.68,1.32,1.6222,67127,0
IPDN.US,D,20221222,000000,1.6,1.754,1.56,1.754,12667.5,0
IPDN.US,D,20221223,000000,1.71,1.9,1.7,1.892,78723,0
IPDN.US,D,20221227,000000,1.8352,1.96,1.8,1.96,101566.5,0
IPDN.US,D,20221228,000000,1.97,2.08,1.92,2.0402,119957.5,0
IPDN.US,D,20221229,000000,1.979,2.08,1.8404,2.08,13037.5,0
IPDN.US,D,20221230,000000,1.9596,2.1,1.9596,2.07,88998.5,0
IPDN.US,D,20230103,000000,2.04,2.06,1.94,2.05,164880.5,0
IPDN.US,D,20230104,000000,1.9884,2.04,1.9,1.998,70362,0
IPDN.US,D,20230105,000000,1.7337,2.15,1.6037,2.14,84091,0
IPDN.US,D,20230106,000000,2.16,2.16,1.83,2.14,882966,0
IPDN.US,D,20230109,000000,2.11,2.2899,2.07,2.23,20051,0
IPDN.US,D,20230110,000000,2.24,2.31,2.07,2.31,73292,0
IPDN.US,D,20230111,000000,2.4,2.55,2.125,2.55,425022,0
IPDN.US,D,20230112,000000,2.56,2.69,2.5,2.64,153322,0
IPDN.US,D,20230113,000000,2.68,3.08,2.5501,3.07,120818,0
IPDN.US,D,20230117,000000,3.26,3.53,3.12,3.5,112594,0
IPDN.US,D,20230118,000000,3.54,3.54,3.07,3.52,99339,0
IPDN.US,D,20230119,000000,3.36,3.78,3.21,3.7309,279585,0
IPDN.US,D,20230120,000000,3.8,4.6,3.6001,4.32,407842,0
IPDN.US,D,20230123,000000,4.4,4.48,4.11,4.46,89440,0
IPDN.US,D,20230124,000000,4.34,4.73,4.11,4.68,56793,0
IPDN.US,D,20230125,000000,4.54,4.75,4.44,4.74,61210,0
IPDN.US,D,20230126,000000,4.69,4.69,4.47,4.62,49559,0
IPDN.US,D,20230127,000000,4.8,4.8127,4.56,4.8,56575,0
IPDN.US,D,20230130,000000,4.76,4.9,4.6,4.8987,91933,0
IPDN.US,D,20230131,000000,4.95,5.05,4.77,5.05,112933,0
IPDN.US,D,20230201,000000,5.05,5.3,4.91,5.29,147665,0
IPDN.US,D,20230202,000000,5.29,5.55,5.2,5.39,158459,0
IPDN.US,D,20230203,000000,5.39,5.48,5.16,5.45,34932,0
IPDN.US,D,20230206,000000,5.33,5.4699,5.3,5.45,19298,0
IPDN.US,D,20230207,000000,5.45,5.5,5,5.5,103937,0
IPDN.US,D,20230208,000000,5.19,5.4579,5.18,5.35,27069,0
IPDN.US,D,20230209,000000,5.47,5.48,5.2,5.48,37100,0
IPDN.US,D,20230210,000000,5.46,5.59,5.2701,5.59,54965,0
IPDN.US,D,20230213,000000,5.58,5.66,5.4321,5.54,36120,0
IPDN.US,D,20230214,000000,5.5,5.6,5.2,5.595,83305,0
IPDN.US,D,20230215,000000,5.41,5.65,5.4,5.63,33267,0
IPDN.US,D,20230216,000000,5.69,5.8724,5.4608,5.85,25248,0
IPDN.US,D,20230217,000000,5.85,6.09,5.68,6.09,61663,0
IPDN.US,D,20230221,000000,6.11,6.212,5.95,6.212,47179,0
IPDN.US,D,20230222,000000,6.33,6.6,6.21,6.58,150234,0
IPDN.US,D,20230223,000000,6.7,7.7714,6.6001,7.635,142370,0
IPDN.US,D,20230224,000000,7.38,7.6455,6.3,6.94,166557,0
IPDN.US,D,20230227,000000,6.91,7.13,5.02,5.02,315153,0
IPDN.US,D,20230228,000000,4.75,4.9049,2.35,2.45,954199,0
IPDN.US,D,20230301,000000,2.48,2.65,2.3301,2.47,295844,0
IPDN.US,D,20230302,000000,2.53,2.77,2.36,2.6,165444,0
IPDN.US,D,20230303,000000,2.54,2.7701,2.54,2.7,93954,0
IPDN.US,D,20230306,000000,2.64,2.7,2.57,2.63,69947,0
IPDN.US,D,20230307,000000,2.51,2.6,2.5001,2.59,21780,0
IPDN.US,D,20230308,000000,2.5,2.74,2.5,2.74,22010,0
IPDN.US,D,20230309,000000,2.73,2.85,2.66,2.73,21017,0
IPDN.US,D,20230310,000000,2.65,2.6707,2.57,2.6,11457,0
IPDN.US,D,20230313,000000,2.53,2.59,2.38,2.5,36403,0
IPDN.US,D,20230314,000000,2.4254,2.69,2.4254,2.5,12941,0
IPDN.US,D,20230315,000000,2.41,2.44,2.26,2.31,40761,0
IPDN.US,D,20230316,000000,2.33,2.33,2.1501,2.31,20258,0
IPDN.US,D,20230317,000000,2.39,2.48,2.16,2.17,21722,0
IPDN.US,D,20230320,000000,2.13,2.14,1.93,2.12,53600,0
IPDN.US,D,20230321,000000,2.06,2.5923,2.06,2.42,18901,0
IPDN.US,D,20230322,000000,2.36,2.7315,2.36,2.6,26943,0
IPDN.US,D,20230323,000000,2.6,2.7843,2.6,2.75,10150,0
IPDN.US,D,20230324,000000,2.7,2.82,2.63,2.82,6233,0
IPDN.US,D,20230327,000000,2.74,3.0734,2.74,2.99,22450,0
IPDN.US,D,20230328,000000,2.9713,3.36,2.97,3.28,43544,0
IPDN.US,D,20230329,000000,3.28,3.41,3.07,3.39,21966,0
IPDN.US,D,20230330,000000,3.45,4.2618,3.3102,4.2618,69049,0
IPDN.US,D,20230331,000000,4.46,4.77,3,4.44,398649,0
IPDN.US,D,20230403,000000,4.15,4.72,4,4.66,84486,0
IPDN.US,D,20230404,000000,4.75,4.88,4.32,4.87,52688,0
IPDN.US,D,20230405,000000,4.7,4.98,4.42,4.979,37044,0
IPDN.US,D,20230406,000000,4.97,5.43,4.83,5.4,64627,0
IPDN.US,D,20230410,000000,5.4,6.61,5.265,6.61,473986,0
IPDN.US,D,20230411,000000,6.61,6.91,2.41,2.9,2963695,0
IPDN.US,D,20230412,000000,2.98,3.03,2.62,2.87,250652,0
IPDN.US,D,20230413,000000,2.71,2.87,2.41,2.72,199438,0
IPDN.US,D,20230414,000000,2.65,2.8199,2.63,2.67,62549,0
IPDN.US,D,20230417,000000,2.82,2.82,2.5,2.69,110433,0
IPDN.US,D,20230418,000000,2.61,3.05,2.61,3.03,103497,0
IPDN.US,D,20230419,000000,3.04,3.2315,2.97,3.17,147208,0
IPDN.US,D,20230420,000000,3.17,3.71,3.09,3.61,396941,0
IPDN.US,D,20230421,000000,3.63,3.85,3.38,3.73,265726,0
IPDN.US,D,20230424,000000,3.79,3.9098,3.58,3.9,130032,0
IPDN.US,D,20230425,000000,3.8,4.16,3.75,4.03,98111,0
IPDN.US,D,20230426,000000,4.06,4.0831,3.88,4.02,88178,0
IPDN.US,D,20230427,000000,4,4.2,3.9,4.14,86293,0
IPDN.US,D,20230428,000000,4.15,4.53,4.01,4.51,64345,0
IPDN.US,D,20230501,000000,4.51,4.7993,4.32,4.79,40391,0
IPDN.US,D,20230502,000000,5.07,5.18,4.59,4.9,182635,0
IPDN.US,D,20230503,000000,4.85,5.5,4.8,5.49,78232,0
IPDN.US,D,20230504,000000,5.34,5.45,4.7949,4.86,116067,0
IPDN.US,D,20230505,000000,4.87,5.09,4.56,4.9989,88344,0
IPDN.US,D,20230508,000000,4.89,4.99,4.58,4.76,54245,0
IPDN.US,D,20230509,000000,4.99,5,3.33,4.72,1216284,0
IPDN.US,D,20230510,000000,4.74,5.13,4.51,4.915,160342,0
IPDN.US,D,20230511,000000,4.92,4.96,4.5662,4.74,47837,0
IPDN.US,D,20230512,000000,4.92,4.92,3.9501,4.48,229974,0
IPDN.US,D,20230515,000000,4.39,4.52,4.14,4.51,80379,0
IPDN.US,D,20230516,000000,4.2601,4.3169,4,4.21,236728,0
IPDN.US,D,20230517,000000,4.18,4.4799,4.16,4.45,34896,0
IPDN.US,D,20230518,000000,4.42,4.4701,4.22,4.3868,49556,0
IPDN.US,D,20230519,000000,5,5,4.25,4.4,84440,0
IPDN.US,D,20230522,000000,4.45,4.5499,4.34,4.415,33497,0
IPDN.US,D,20230523,000000,4.42,4.5,4.175,4.28,19081,0
IPDN.US,D,20230524,000000,4.16,4.43,4.095,4.41,141324,0
IPDN.US,D,20230525,000000,4.5,4.6891,3.13,4,1621916,0
IPDN.US,D,20230526,000000,4.17,4.17,3.85,3.95,14774,0
IPDN.US,D,20230530,000000,3.965,4.07,3.68,3.75,85609,0
IPDN.US,D,20230531,000000,3.7,3.93,3.52,3.82,36394,0
IPDN.US,D,20230601,000000,3.655,3.8106,2.57,2.9,837853,0
IPDN.US,D,20230602,000000,2.9,3.145,2.89,3.139,84768,0
IPDN.US,D,20230605,000000,3.07,3.56,3.01,3.56,89623,0
IPDN.US,D,20230606,000000,3.63,4.35,3.4581,4.3,265246,0
IPDN.US,D,20230607,000000,4.3,4.4,4.22,4.39,212591,0
IPDN.US,D,20230608,000000,4.35,4.35,3.94,4.13,49748,0
IPDN.US,D,20230609,000000,4.08,4.25,4,4.12,26435,0
IPDN.US,D,20230612,000000,4.01,4.36,3.96,3.98,57318,0
IPDN.US,D,20230613,000000,4.09,4.09,3.72,3.92,40991,0
IPDN.US,D,20230614,000000,3.94,4.03,3.91,4.02,20866,0
IPDN.US,D,20230615,000000,4.08,4.12,3.98,4.1,14218,0
IPDN.US,D,20230616,000000,4.015,4.04,3.802,3.97,35321,0
IPDN.US,D,20230620,000000,3.91,4.06,3.91,4.01,16740,0
IPDN.US,D,20230621,000000,3.965,4,3.95,3.99,373989,0
IPDN.US,D,20230622,000000,3.81,4.03,3.72,4.03,74032,0
IPDN.US,D,20230623,000000,4.02,4.02,3.82,3.98,25964,0
IPDN.US,D,20230626,000000,3.95,4.14,3.94,3.96,24685,0
IPDN.US,D,20230627,000000,3.89,4.235,3.89,4.235,37898,0
IPDN.US,D,20230628,000000,4.26,4.5,4.06,4.5,33990,0
IPDN.US,D,20230629,000000,4.39,4.48,4.08,4.47,147978,0
IPDN.US,D,20230630,000000,4.45,4.45,4.19,4.45,46725,0
IPDN.US,D,20230703,000000,4.38,4.38,4.07,4.22,11173,0
IPDN.US,D,20230705,000000,4.09,4.26,4.03,4.07,40124,0
IPDN.US,D,20230706,000000,4.12,4.12,3.6401,3.7,49648,0
IPDN.US,D,20230707,000000,3.59,3.7752,3.57,3.6,26184,0
IPDN.US,D,20230710,000000,3.56,3.63,3.37,3.46,73817,0
IPDN.US,D,20230711,000000,3.46,3.46,3.2701,3.32,33278,0
IPDN.US,D,20230712,000000,3.22,3.29,3.16,3.21,29516,0
IPDN.US,D,20230713,000000,3.21,3.22,3.13,3.14,19408,0
IPDN.US,D,20230714,000000,3.16,3.245,3.16,3.18,10544,0
IPDN.US,D,20230717,000000,3.25,3.325,3.2209,3.25,15443,0
IPDN.US,D,20230718,000000,3.35,3.35,3.18,3.26,18271,0
IPDN.US,D,20230719,000000,3.11,3.19,3.01,3.01,13489,0
IPDN.US,D,20230720,000000,3.02,3.02,2.9308,2.97,7354,0
IPDN.US,D,20230721,000000,2.9,3.08,2.89,3,24052,0
IPDN.US,D,20230724,000000,3.1,3.24,3.043,3.17,14406,0
IPDN.US,D,20230725,000000,3.17,3.18,3.16,3.175,1763,0
IPDN.US,D,20230726,000000,3.22,3.22,3.15,3.21,1957,0
IPDN.US,D,20230727,000000,3.29,3.29,3.07,3.1,25698,0
IPDN.US,D,20230728,000000,3.18,3.18,2.9,3.06,155122,0
IPDN.US,D,20230731,000000,3.12,3.245,3.05,3.05,18309,0
IPDN.US,D,20230801,000000,3.05,3.16,2.93,3.05,49729,0
IPDN.US,D,20230802,000000,3.16,3.16,3.05,3.09,4891,0
IPDN.US,D,20230803,000000,3.02,3.12,2.99,3,8951,0
IPDN.US,D,20230804,000000,3,3,2.9201,2.97,4001,0
IPDN.US,D,20230807,000000,2.97,3.18,2.9,2.9,18953,0
IPDN.US,D,20230808,000000,2.91,3.08,2.91,2.97,3642,0
IPDN.US,D,20230809,000000,2.92,2.92,2.735,2.77,13751,0
IPDN.US,D,20230810,000000,2.7745,2.78,2.71,2.74,10525,0
IPDN.US,D,20230811,000000,2.79,2.87,2.79,2.87,118185,0
IPDN.US,D,20230814,000000,2.82,2.94,2.82,2.92,2688,0
IPDN.US,D,20230815,000000,2.92,2.99,2.84,2.91,5360,0
IPDN.US,D,20230816,000000,2.78,2.9376,2.67,2.9,22126,0
IPDN.US,D,20230818,000000,2.779,2.85,2.77,2.78,5367,0
IPDN.US,D,20230821,000000,2.82,2.88,2.76,2.78,6273,0
IPDN.US,D,20230822,000000,2.77,2.95,2.75,2.88,8393,0
IPDN.US,D,20230823,000000,2.9067,3.0092,2.6701,2.69,30434,0
IPDN.US,D,20230824,000000,2.73,2.83,2.7056,2.83,3800,0
IPDN.US,D,20230825,000000,2.67,2.81,2.66,2.66,1782,0
IPDN.US,D,20230828,000000,2.79,2.8,2.66,2.66,2741,0
IPDN.US,D,20230829,000000,2.6997,2.73,2.67,2.69,1974,0
IPDN.US,D,20230830,000000,2.69,2.72,2.69,2.72,2751,0
IPDN.US,D,20230831,000000,2.72,2.72,2.61,2.61,4393,0
IPDN.US,D,20230901,000000,2.57,2.7247,2.57,2.63,4520,0
IPDN.US,D,20230905,000000,2.69,2.73,2.65,2.73,2750,0
IPDN.US,D,20230906,000000,2.78,2.79,2.61,2.62,7811,0
IPDN.US,D,20230907,000000,2.66,2.73,2.61,2.61,3390,0
IPDN.US,D,20230908,000000,2.72,2.73,2.62,2.69,7879,0
IPDN.US,D,20230911,000000,2.6,2.71,2.58,2.675,10401,0
IPDN.US,D,20230912,000000,2.61,2.63,2.49,2.5,10297,0
IPDN.US,D,20230913,000000,2.51,2.5789,2.35,2.35,10283,0
IPDN.US,D,20230914,000000,2.42,2.5,2.37,2.37,2615,0
IPDN.US,D,20230915,000000,2.32,2.5029,1.98,1.98,32546,0
IPDN.US,D,20230918,000000,2.33,2.3301,2.23,2.23,6658,0
IPDN.US,D,20230919,000000,2.27,2.42,2.24,2.24,9772,0
IPDN.US,D,20230920,000000,2.16,2.47,2.16,2.4,2295,0
IPDN.US,D,20230921,000000,2.45,2.47,2.39,2.39,4948,0
IPDN.US,D,20230922,000000,2.46,2.6,2.2051,2.42,4208,0
IPDN.US,D,20230925,000000,2.5,2.65,2.4645,2.56,10110,0
IPDN.US,D,20230926,000000,2.5504,2.635,2.5504,2.63,2237,0
IPDN.US,D,20230927,000000,2.54,2.75,2.54,2.61,7670,0
IPDN.US,D,20230928,000000,2.62,2.68,2.6,2.6,4988,0
IPDN.US,D,20230929,000000,2.56,2.73,2.55,2.56,3462,0
IPDN.US,D,20231002,000000,2.28,2.71,2.28,2.6,1211,0
IPDN.US,D,20231003,000000,2.66,2.66,2.41,2.56,3442,0
IPDN.US,D,20231004,000000,2.228,2.6482,2.228,2.46,2416,0
IPDN.US,D,20231005,000000,2.4318,2.4588,1.9135,1.92,108591,0
IPDN.US,D,20231006,000000,1.92,1.9642,1.9,1.95,3189,0
IPDN.US,D,20231009,000000,1.8498,1.99,1.84,1.97,5238,0
IPDN.US,D,20231010,000000,1.8985,1.99,1.87,1.99,7333,0
IPDN.US,D,20231011,000000,1.88,1.88,1.86,1.88,1088,0
IPDN.US,D,20231012,000000,1.88,1.97,1.88,1.9125,7011,0
IPDN.US,D,20231013,000000,1.95,1.97,1.95,1.97,657,0
IPDN.US,D,20231016,000000,1.968,2.04,1.87,1.87,10684,0
IPDN.US,D,20231017,000000,1.99,2.13,1.92,2.01,9761,0
IPDN.US,D,20231018,000000,1.93,2.01,1.92,2.01,1734,0
IPDN.US,D,20231020,000000,1.9601,1.9601,1.9601,1.9601,391,0
IPDN.US,D,20231023,000000,2.08,2.08,1.97,1.98,4738,0
IPDN.US,D,20231024,000000,1.97,2,1.9,1.99,3587,0
IPDN.US,D,20231025,000000,1.91,1.94,1.82,1.94,5885,0
IPDN.US,D,20231026,000000,1.94,1.94,1.71,1.8,5338,0
IPDN.US,D,20231027,000000,1.81,1.84,1.7,1.7,2604,0
IPDN.US,D,20231030,000000,1.7,1.7,1.53,1.68,5567,0
IPDN.US,D,20231031,000000,1.61,1.62,1.61,1.62,4042,0
IPDN.US,D,20231101,000000,1.61,1.79,1.61,1.65,8215,0
IPDN.US,D,20231102,000000,1.61,1.8,1.51,1.55,14674,0
IPDN.US,D,20231103,000000,1.62,1.62,1.56,1.56,966,0
IPDN.US,D,20231106,000000,1.65,1.67,1.65,1.67,686,0
IPDN.US,D,20231107,000000,1.56,1.6,1.35,1.35,14961,0
IPDN.US,D,20231108,000000,1.36,1.3669,1.26,1.33,5947,0
IPDN.US,D,20231110,000000,1.39,1.4543,1.16,1.25,5923,0
IPDN.US,D,20231113,000000,1.29,1.43,1.29,1.43,3662,0
IPDN.US,D,20231114,000000,1.261,1.41,1.261,1.41,1971,0
IPDN.US,D,20231115,000000,1.241,1.33,1.23,1.3241,4557,0
IPDN.US,D,20231116,000000,1.23,1.3756,1.22,1.22,1801,0
IPDN.US,D,20231117,000000,1.28,1.29,1.23,1.29,1087,0
IPDN.US,D,20231120,000000,1.38,1.39,1.28,1.28,2349,0
IPDN.US,D,20231122,000000,1.29,1.29,1.2401,1.25,1014,0
IPDN.US,D,20231127,000000,1.22,1.65,1.15,1.56,1320351,0
IPDN.US,D,20231128,000000,1.7,1.93,1.6501,1.88,248769,0
IPDN.US,D,20231129,000000,1.96,1.96,1.76,1.9,421547,0
IPDN.US,D,20231130,000000,1.85,2.03,1.84,1.88,35613,0
IPDN.US,D,20231201,000000,1.9369,2.15,1.92,2.15,143005,0
IPDN.US,D,20231204,000000,2.08,2.08,1.98,2.02,90085,0
IPDN.US,D,20231205,000000,1.97,2.06,1.91,1.93,49265,0
IPDN.US,D,20231206,000000,1.8101,2.05,1.73,2.02,65942,0
IPDN.US,D,20231207,000000,2.01,2.0799,1.81,2.06,20519,0
IPDN.US,D,20231208,000000,2,2.16,1.8501,2.14,24751,0
IPDN.US,D,20231211,000000,2.2,2.66,2.2,2.5,210889,0
IPDN.US,D,20231212,000000,2.5419,2.579,2.25,2.49,28827,0
IPDN.US,D,20231213,000000,2.68,2.96,2.56,2.67,89837,0
IPDN.US,D,20231214,000000,2.71,2.71,2.5,2.64,91445,0
IPDN.US,D,20231215,000000,2.605,2.61,2.31,2.45,29577,0
IPDN.US,D,20231218,000000,2.45,2.5259,2.2233,2.5,67583,0
IPDN.US,D,20231219,000000,2.33,2.4,2.18,2.18,111907,0
IPDN.US,D,20231220,000000,2.2125,2.28,2.12,2.2,24966,0
IPDN.US,D,20231221,000000,2.31,2.31,1.92,2,918285,0
IPDN.US,D,20231222,000000,2.05,2.15,1.93,2.08,106460,0
IPDN.US,D,20231226,000000,2.2,2.2,1.91,2.02,113399,0
IPDN.US,D,20231227,000000,1.93,2.0378,1.73,1.91,101077,0
IPDN.US,D,20231228,000000,1.7201,1.88,1.63,1.86,95997,0
IPDN.US,D,20231229,000000,1.82,2.11,1.55,2.03,230047,0
IPDN.US,D,20240102,000000,1.95,2.06,1.95,1.96,15652,0
IPDN.US,D,20240103,000000,1.85,1.97,1.79,1.86,16485,0
IPDN.US,D,20240104,000000,1.8126,1.91,1.81,1.9,6288,0
IPDN.US,D,20240105,000000,1.76,1.9196,1.71,1.88,8718,0
IPDN.US,D,20240108,000000,1.84,1.9,1.7689,1.84,23390,0
IPDN.US,D,20240109,000000,1.78,1.9,1.779,1.79,16390,0
IPDN.US,D,20240110,000000,1.73,1.81,1.72,1.74,4588,0
IPDN.US,D,20240111,000000,1.73,1.8,1.73,1.76,3631,0
IPDN.US,D,20240112,000000,1.76,1.875,1.76,1.84,4421,0
IPDN.US,D,20240116,000000,1.84,1.9074,1.82,1.9069,10198,0
IPDN.US,D,20240117,000000,1.86,2.09,1.85,2.09,18306,0
IPDN.US,D,20240118,000000,2.09,2.14,1.9,2.05,121682,0
IPDN.US,D,20240119,000000,2.0501,2.28,2.0501,2.25,150676,0
IPDN.US,D,20240122,000000,2.17,2.57,2.17,2.57,242397,0
IPDN.US,D,20240123,000000,2.5683,2.78,2.36,2.76,468024,0
IPDN.US,D,20240124,000000,2.79,2.79,2.45,2.74,273198,0
IPDN.US,D,20240125,000000,2.605,3,2.55,3,300179,0
IPDN.US,D,20240126,000000,2.88,2.88,2.2501,2.7,557192,0
IPDN.US,D,20240129,000000,2.65,3.01,2.6005,3.01,122853,0
IPDN.US,D,20240130,000000,2.93,2.95,2.75,2.92,23299,0
IPDN.US,D,20240131,000000,2.8,2.8,2.6,2.6,29345,0
IPDN.US,D,20240201,000000,2.6,2.6098,2.3,2.3,35001,0
IPDN.US,D,20240202,000000,2.3,2.34,2.252,2.32,29687,0
IPDN.US,D,20240205,000000,2.26,2.3008,2.18,2.2,19392,0
IPDN.US,D,20240206,000000,2.17,2.29,2.16,2.258,8150,0
IPDN.US,D,20240207,000000,2.3568,2.3568,2.18,2.24,8517,0
IPDN.US,D,20240208,000000,2.33,2.33,2.2435,2.25,799,0
IPDN.US,D,20240212,000000,2.32,2.32,2.19,2.26,9025,0
IPDN.US,D,20240213,000000,2.261,2.28,2.25,2.265,3291,0
IPDN.US,D,20240214,000000,2.3384,2.3384,2.23,2.28,2301,0
IPDN.US,D,20240215,000000,2.196,2.3,2.196,2.21,2305,0
IPDN.US,D,20240216,000000,2.38,2.38,2.1,2.1417,11974,0
IPDN.US,D,20240220,000000,2.07,2.1391,2.03,2.133,4425,0
IPDN.US,D,20240221,000000,2.085,2.1093,2.06,2.1,1604,0
IPDN.US,D,20240222,000000,2.05,2.1,1.99,2.02,20790,0
IPDN.US,D,20240226,000000,2.02,2.2544,2.02,2.08,6580,0
IPDN.US,D,20240227,000000,2.03,2.122,2.03,2.11,2793,0
IPDN.US,D,20240228,000000,2.07,2.1,2.06,2.06,2345,0
IPDN.US,D,20240229,000000,2.175,2.175,2.08,2.08,2049,0
IPDN.US,D,20240301,000000,2.088,2.088,2,2.07,3212,0
IPDN.US,D,20240304,000000,1.71,2.06,1.71,1.88,24532,0
IPDN.US,D,20240305,000000,1.8552,2.1342,1.8552,1.99,3613,0
IPDN.US,D,20240306,000000,2,2,1.825,1.85,9021,0
IPDN.US,D,20240307,000000,1.85,1.8961,1.8306,1.8931,3169,0
IPDN.US,D,20240308,000000,1.77,1.87,1.76,1.8621,2960,0
IPDN.US,D,20240311,000000,1.82,1.82,1.72,1.73,15396,0
IPDN.US,D,20240312,000000,1.7,1.73,1.61,1.61,16836,0
IPDN.US,D,20240313,000000,1.59,1.67,1.47,1.48,25510,0
IPDN.US,D,20240314,000000,1.48,1.55,1.4699,1.54,7331,0
IPDN.US,D,20240315,000000,1.59,1.59,1.5,1.53,5501,0
IPDN.US,D,20240318,000000,1.58,1.59,1.5124,1.59,15475,0
IPDN.US,D,20240319,000000,1.574,1.9,1.56,1.76,17886,0
IPDN.US,D,20240320,000000,1.86,2.06,1.77,2.06,20188,0
IPDN.US,D,20240321,000000,2.08,2.2475,2.08,2.23,9512,0
IPDN.US,D,20240322,000000,2.08,2.37,2.0074,2.22,7542,0
IPDN.US,D,20240325,000000,2.17,2.5,2.0152,2.5,41875,0
IPDN.US,D,20240326,000000,2.1,2.3,1.75,2.17,342995,0
IPDN.US,D,20240327,000000,2.17,2.17,1.61,1.66,83247,0
IPDN.US,D,20240328,000000,1.68,1.93,1.68,1.78,20133,0
IPDN.US,D,20240401,000000,1.83,1.87,1.75,1.8,8491,0
IPDN.US,D,20240402,000000,1.87,1.9,1.75,1.8,24692,0
IPDN.US,D,20240403,000000,1.78,1.806,1.68,1.72,5250,0
IPDN.US,D,20240404,000000,1.77,1.79,1.63,1.7,5838,0
IPDN.US,D,20240405,000000,1.81,1.8337,1.6505,1.745,5006,0
IPDN.US,D,20240408,000000,1.68,1.7363,1.68,1.715,1828,0
IPDN.US,D,20240409,000000,1.77,1.77,1.74,1.74,798,0
IPDN.US,D,20240410,000000,1.81,1.81,1.661,1.76,4731,0
IPDN.US,D,20240411,000000,1.77,1.81,1.7423,1.81,1618,0
IPDN.US,D,20240412,000000,1.78,1.81,1.765,1.81,1456,0
IPDN.US,D,20240415,000000,1.78,1.81,1.6988,1.81,940,0
IPDN.US,D,20240416,000000,1.86,1.86,1.67,1.75,2509,0
IPDN.US,D,20240417,000000,1.7162,1.7162,1.71,1.71,665,0
IPDN.US,D,20240418,000000,1.66,1.7,1.66,1.68,2212,0
IPDN.US,D,20240419,000000,1.6,1.602,1.0656,1.19,214609,0
IPDN.US,D,20240422,000000,1.13,1.42,1.081,1.415,172777,0
IPDN.US,D,20240423,000000,1.39,1.63,1.32,1.63,126112,0
IPDN.US,D,20240424,000000,1.49,1.8,1.45,1.71,97607,0
IPDN.US,D,20240425,000000,1.8,1.85,1.28,1.74,310033,0
IPDN.US,D,20240426,000000,1.55,1.89,1.55,1.83,191594,0
IPDN.US,D,20240429,000000,1.74,1.8899,1.71,1.7895,65085,0
IPDN.US,D,20240430,000000,1.79,1.83,1.51,1.83,101832,0
IPDN.US,D,20240501,000000,1.66,1.755,1.6501,1.75,784247,0
IPDN.US,D,20240502,000000,1.6,1.71,1.45,1.7,221792,0
IPDN.US,D,20240503,000000,1.67,1.67,1.28,1.28,662592,0
IPDN.US,D,20240506,000000,1.25,1.33,1.21,1.21,174029,0
IPDN.US,D,20240507,000000,1.26,1.26,1.21,1.21,23688,0
IPDN.US,D,20240508,000000,1.21,1.21,1.1,1.13,184111,0
IPDN.US,D,20240509,000000,1.155,1.17,1,1.02,87849,0
IPDN.US,D,20240510,000000,1.03,1.11,1.03,1.05,61727,0
IPDN.US,D,20240513,000000,1.04,1.095,0.9126,1.02,94943,0
IPDN.US,D,20240514,000000,0.9886,1.0205,0.9203,0.9885,80680,0
IPDN.US,D,20240515,000000,0.99,1.01,0.97,0.97,37884,0
IPDN.US,D,20240516,000000,0.97,1.0203,0.97,0.9705,55063,0
IPDN.US,D,20240517,000000,1.01,1.01,0.8642,0.9444,80666,0
IPDN.US,D,20240520,000000,1,1.0099,0.7,0.753,276652,0
IPDN.US,D,20240521,000000,0.78,0.8338,0.7501,0.7556,53583,0
IPDN.US,D,20240522,000000,0.7538,0.7828,0.6806,0.7498,62841,0
IPDN.US,D,20240523,000000,0.72,0.72,0.66,0.6731,64337,0
IPDN.US,D,20240524,000000,0.661,0.7666,0.661,0.69,68699,0
IPDN.US,D,20240528,000000,0.7245,0.7245,0.6683,0.6865,46617,0
IPDN.US,D,20240529,000000,0.74,0.74,0.62,0.6701,35787,0
IPDN.US,D,20240530,000000,0.669,0.74,0.6541,0.6541,35898,0
IPDN.US,D,20240531,000000,0.65,0.67,0.4701,0.506,201395,0
IPDN.US,D,20240603,000000,0.5511,0.675,0.5286,0.5805,93683,0
IPDN.US,D,20240604,000000,0.59,0.6297,0.55,0.551,40269,0
IPDN.US,D,20240605,000000,0.5785,0.6431,0.55,0.56,28714,0
IPDN.US,D,20240606,000000,0.614,0.614,0.53,0.5503,64414,0
IPDN.US,D,20240607,000000,0.530101,0.57505,0.53,0.5368,27288,0
IPDN.US,D,20240610,000000,0.5999,0.5999,0.5005,0.536,57947,0
IPDN.US,D,20240611,000000,0.536,0.57,0.5044,0.5351,13363,0
IPDN.US,D,20240612,000000,0.5351,0.5599,0.5118,0.5118,31028,0
IPDN.US,D,20240613,000000,0.5075,0.598,0.5075,0.5491,38713,0
IPDN.US,D,20240614,000000,0.5492,0.61,0.5132,0.55,112051,0
IPDN.US,D,20240617,000000,0.599,0.61,0.56,0.59,36823,0
IPDN.US,D,20240618,000000,0.6176,0.7849,0.6176,0.75,237321,0
IPDN.US,D,20240620,000000,0.7395,0.7438,0.5537,0.6459,77092,0
IPDN.US,D,20240621,000000,0.52,0.57,0.4623,0.5479,3000659,0
IPDN.US,D,20240624,000000,0.4802,0.54,0.453,0.5356,201359,0
IPDN.US,D,20240625,000000,0.4978,0.4978,0.4401,0.4851,158472,0
IPDN.US,D,20240626,000000,0.4705,0.5572,0.4705,0.5,446180,0
IPDN.US,D,20240627,000000,0.517,0.517,0.46,0.49,148147,0
IPDN.US,D,20240628,000000,0.5099,0.5099,0.46,0.46,115525,0
IPDN.US,D,20240701,000000,0.443,0.4899,0.443,0.4768,34981,0
IPDN.US,D,20240702,000000,0.47,0.4899,0.4476,0.463,24046,0
IPDN.US,D,20240703,000000,0.4599,0.483,0.4478,0.47,59288,0
IPDN.US,D,20240705,000000,0.4855,0.49,0.46,0.46,56741,0
IPDN.US,D,20240708,000000,0.4903,0.4999,0.4633,0.4845,17767,0
IPDN.US,D,20240709,000000,0.48,0.52,0.48,0.4802,26505,0
IPDN.US,D,20240710,000000,0.5152,0.5152,0.48151,0.5,17997,0
IPDN.US,D,20240711,000000,0.482201,0.5191,0.4822,0.4911,43469,0
IPDN.US,D,20240712,000000,0.516476,0.518999,0.492901,0.515,10678,0
IPDN.US,D,20240715,000000,0.502,0.5509,0.48,0.481,77304,0
IPDN.US,D,20240716,000000,0.4809,0.5199,0.48,0.49,22800,0
IPDN.US,D,20240717,000000,0.5145,0.589,0.495,0.5159,163621,0
IPDN.US,D,20240718,000000,0.5272,0.5687,0.515,0.525,77278,0
IPDN.US,D,20240719,000000,0.5395,0.5395,0.5082,0.51,7416,0
IPDN.US,D,20240722,000000,0.559,0.559,0.49,0.51,9769,0
IPDN.US,D,20240723,000000,0.520051,0.54805,0.4902,0.502,8950,0
IPDN.US,D,20240724,000000,0.500299,0.55,0.5001,0.5335,29036,0
IPDN.US,D,20240725,000000,0.535001,0.549,0.48,0.5246,30783,0
IPDN.US,D,20240726,000000,0.5246,0.535,0.51,0.511,8713,0
IPDN.US,D,20240729,000000,0.5175,0.54,0.5001,0.523,6541,0
IPDN.US,D,20240730,000000,0.5399,0.5399,0.486,0.49,43200,0
IPDN.US,D,20240731,000000,0.4875,0.5136,0.46,0.479,26034,0
IPDN.US,D,20240801,000000,0.4899,0.5269,0.4811,0.4957,3862,0
IPDN.US,D,20240802,000000,0.4949,0.525,0.48,0.525,6911,0
IPDN.US,D,20240805,000000,0.461,0.4905,0.461,0.4708,10219,0
IPDN.US,D,20240806,000000,0.46,0.4748,0.4551,0.461,16571,0
IPDN.US,D,20240807,000000,0.472,0.4794,0.46,0.4644,4113,0
IPDN.US,D,20240808,000000,0.4644,0.47,0.455,0.47,3765,0
IPDN.US,D,20240809,000000,0.461,0.4887,0.455,0.455376,9533,0
IPDN.US,D,20240812,000000,0.4736,0.492,0.46,0.4677,9306,0
IPDN.US,D,20240813,000000,0.4903,0.492,0.4621,0.492,2291,0
IPDN.US,D,20240814,000000,0.45,0.478,0.45,0.47605,2596,0
IPDN.US,D,20240815,000000,0.47,0.492,0.46,0.492,1814,0
IPDN.US,D,20240816,000000,0.4551,0.49,0.455,0.455,5711,0
IPDN.US,D,20240819,000000,0.46,0.4793,0.456,0.4793,1491,0
IPDN.US,D,20240820,000000,0.45501,0.463351,0.4401,0.463351,14461,0
IPDN.US,D,20240821,000000,0.45,0.48,0.45,0.48,8489,0
IPDN.US,D,20240822,000000,0.456,0.4651,0.45,0.455,11863,0
IPDN.US,D,20240823,000000,0.472,0.4892,0.4625,0.47725,8227,0
IPDN.US,D,20240826,000000,0.4509,0.488,0.44,0.451,9241,0
IPDN.US,D,20240827,000000,0.4674,0.47,0.4674,0.47,1948,0
IPDN.US,D,20240828,000000,0.45,0.4894,0.45,0.4679,11410,0
IPDN.US,D,20240829,000000,0.4683,0.4683,0.45,0.45,3119,0
IPDN.US,D,20240830,000000,0.4555,0.456,0.4555,0.4555,1846,0
IPDN.US,D,20240903,000000,0.46,0.489,0.4555,0.47,3063,0
IPDN.US,D,20240904,000000,0.4551,0.485,0.4551,0.4773,3751,0
IPDN.US,D,20240905,000000,0.4551,0.4855,0.4504,0.4855,2956,0
IPDN.US,D,20240906,000000,0.4855,0.4895,0.4455,0.46,12262,0
IPDN.US,D,20240909,000000,0.4416,0.47,0.4202,0.4603,11817,0
IPDN.US,D,20240910,000000,0.453,0.453,0.4253,0.432,17623,0
IPDN.US,D,20240911,000000,0.4311,0.45,0.43,0.446,6923,0
IPDN.US,D,20240912,000000,0.446,0.45,0.44,0.445,9195,0
IPDN.US,D,20240913,000000,0.4451,0.4601,0.4301,0.4301,6810,0
IPDN.US,D,20240916,000000,0.431,0.46,0.4301,0.45,13895,0
IPDN.US,D,20240917,000000,0.44,0.4585,0.4307,0.4499,15825,0
IPDN.US,D,20240918,000000,0.45,0.46,0.44,0.4501,5922,0
IPDN.US,D,20240919,000000,0.436,0.45,0.4206,0.4272,10840,0
IPDN.US,D,20240920,000000,0.4265,0.4612,0.4259,0.44,26245,0
IPDN.US,D,20240923,000000,0.44,0.44,0.42,0.4349,6859,0
IPDN.US,D,20240924,000000,0.43,0.44,0.4201,0.44,3281,0
IPDN.US,D,20240925,000000,0.43,0.43,0.42,0.43,3295,0
IPDN.US,D,20240926,000000,0.4201,0.4462,0.42,0.4371,6021,0
IPDN.US,D,20240927,000000,0.43,0.44,0.42,0.44,6909,0
IPDN.US,D,20240930,000000,0.43,0.44,0.4299,0.44,4923,0
IPDN.US,D,20241001,000000,0.451,0.451,0.4209,0.4488,12139,0
IPDN.US,D,20241002,000000,0.45,0.8397,0.4308,0.73,2037599,0
IPDN.US,D,20241003,000000,0.76,1.0692,0.7,0.996,1569269,0
IPDN.US,D,20241004,000000,0.9503,1.01,0.8899,0.99,154580,0
IPDN.US,D,20241007,000000,0.97,0.9701,0.7702,0.87,220125,0
IPDN.US,D,20241008,000000,0.8261,1.03,0.75,0.9702,207855,0
IPDN.US,D,20241009,000000,0.9411,0.95376,0.811,0.875,51941,0
IPDN.US,D,20241010,000000,0.75,0.875,0.7035,0.83,177093,0
IPDN.US,D,20241011,000000,0.8,0.9,0.77,0.8499,20870,0
IPDN.US,D,20241014,000000,0.837,0.853401,0.78,0.8291,14080,0
IPDN.US,D,20241015,000000,0.84,0.844948,0.79,0.821,1210,0
IPDN.US,D,20241016,000000,0.8,0.8449,0.7723,0.82,10721,0
IPDN.US,D,20241017,000000,0.8794,0.9691,0.837,0.841,185486,0
IPDN.US,D,20241018,000000,0.82,0.92,0.77,0.9,28457,0
IPDN.US,D,20241021,000000,0.91,0.91,0.86,0.89,9609,0
IPDN.US,D,20241022,000000,0.885,0.92225,0.833,0.8855,8226,0
IPDN.US,D,20241023,000000,0.895,0.9081,0.88,0.890001,13484,0
IPDN.US,D,20241024,000000,0.9,0.9584,0.771,0.949399,69823,0
IPDN.US,D,20241025,000000,0.9195,1.05,0.9195,0.97,86208,0
IPDN.US,D,20241028,000000,0.9509,0.99,0.87,0.9388,35051,0
IPDN.US,D,20241029,000000,0.9499,0.9499,0.8746,0.9083,9527,0
IPDN.US,D,20241030,000000,0.94,0.94,0.848,0.849,30981,0
IPDN.US,D,20241031,000000,0.82,0.868,0.7556,0.82,7761,0
IPDN.US,D,20241101,000000,0.85,0.87,0.835,0.85,7046,0
IPDN.US,D,20241104,000000,0.822,0.835,0.822,0.835,2846,0
IPDN.US,D,20241105,000000,0.838,0.85,0.8301,0.8301,10001,0
IPDN.US,D,20241106,000000,0.8717,0.8717,0.78,0.78,22637,0
IPDN.US,D,20241107,000000,0.78,0.814,0.6563,0.743999,23059,0
IPDN.US,D,20241108,000000,0.76,0.76,0.685,0.7,7300,0
IPDN.US,D,20241111,000000,0.691,0.768,0.691,0.7255,8223,0
IPDN.US,D,20241112,000000,0.73,0.749001,0.725,0.725,14471,0
IPDN.US,D,20241113,000000,0.69,0.71,0.68,0.705,10193,0
IPDN.US,D,20241114,000000,0.67,0.9045,0.67,0.9,73800,0
IPDN.US,D,20241115,000000,0.665,1.1,0.665,0.9502,796596,0
IPDN.US,D,20241118,000000,1.06,1.12,0.8502,1.02,1610369,0
IPDN.US,D,20241119,000000,0.93,0.98,0.74,0.8,290575,0
IPDN.US,D,20241120,000000,0.7998,0.8,0.7,0.73,68639,0
IPDN.US,D,20241121,000000,0.73,0.77,0.5937,0.748,85969,0
IPDN.US,D,20241122,000000,0.746,0.847,0.7459,0.8001,43822,0
IPDN.US,D,20241125,000000,0.838,0.838,0.6921,0.741,31887,0
IPDN.US,D,20241126,000000,0.75,0.8,0.73,0.769,30368,0
IPDN.US,D,20241127,000000,0.77,0.77,0.73,0.73,11240,0
IPDN.US,D,20241129,000000,0.75,0.75,0.73,0.747,4557,0
IPDN.US,D,20241202,000000,0.744,0.744,0.7,0.7,4459,0
IPDN.US,D,20241203,000000,0.735,0.738,0.695,0.7,15119,0
IPDN.US,D,20241204,000000,0.69,0.6999,0.65,0.67,43496,0
IPDN.US,D,20241205,000000,0.69,0.69,0.62,0.62,52709,0
IPDN.US,D,20241206,000000,0.655,0.655001,0.57,0.62,24859,0
IPDN.US,D,20241209,000000,0.62,0.6799,0.59,0.6042,66767,0
IPDN.US,D,20241210,000000,0.62,0.65999,0.5505,0.5625,19583,0
IPDN.US,D,20241211,000000,0.5543,0.62,0.54,0.56,18535,0
IPDN.US,D,20241212,000000,0.579,0.6047,0.5558,0.5558,5526,0
IPDN.US,D,20241213,000000,0.545,0.6179,0.545,0.56,12755,0
IPDN.US,D,20241216,000000,0.59,0.59,0.48,0.4817,33192,0
IPDN.US,D,20241217,000000,0.485,0.485,0.4405,0.4828,15648,0
IPDN.US,D,20241218,000000,0.459,0.4998,0.459,0.4782,21739,0
IPDN.US,D,20241219,000000,0.528,0.6,0.4487,0.486,399985,0
IPDN.US,D,20241220,000000,0.4487,0.5449,0.44,0.4405,21218,0
IPDN.US,D,20241223,000000,0.4174,0.4827,0.4,0.41,58752,0
IPDN.US,D,20241224,000000,0.435,0.435,0.4,0.4082,12460,0
IPDN.US,D,20241226,000000,0.41,0.49,0.4005,0.4789,280353,0
IPDN.US,D,20241227,000000,0.48,0.4892,0.45,0.452,45167,0
IPDN.US,D,20241230,000000,0.452,0.589,0.4268,0.4848,258238,0
IPDN.US,D,20241231,000000,0.48,0.5565,0.48,0.5,170814,0
IPDN.US,D,20250102,000000,0.54,0.7,0.5001,0.5773,4874844,0
IPDN.US,D,20250103,000000,0.517,0.5233,0.47,0.4878,552227,0
IPDN.US,D,20250106,000000,0.47,0.5864,0.45,0.4824,374813,0
IPDN.US,D,20250107,000000,0.5046,0.516,0.4649,0.48,103173,0
IPDN.US,D,20250108,000000,0.47,0.4999,0.4204,0.4303,129047,0
IPDN.US,D,20250110,000000,0.4537,0.4684,0.43,0.4648,53570,0
IPDN.US,D,20250113,000000,0.4467,0.4498,0.4111,0.439899,80584,0
IPDN.US,D,20250114,000000,0.42,0.45,0.4103,0.449899,48161,0
IPDN.US,D,20250115,000000,0.4154,0.45,0.412,0.45,29141,0
IPDN.US,D,20250116,000000,0.4293,0.45,0.412,0.437499,75883,0
IPDN.US,D,20250117,000000,0.4193,0.45,0.38,0.4186,235674,0
IPDN.US,D,20250121,000000,0.42,0.42,0.39,0.4115,90368,0
IPDN.US,D,20250122,000000,0.3931,0.4199,0.39,0.3929,41283,0
IPDN.US,D,20250123,000000,0.39,0.393,0.365,0.383999,47795,0
IPDN.US,D,20250124,000000,0.388,0.388,0.363,0.3825,63567,0
IPDN.US,D,20250127,000000,0.363,0.37,0.36,0.37,26211,0
IPDN.US,D,20250128,000000,0.36,0.386,0.36,0.3778,45209,0
IPDN.US,D,20250129,000000,0.36,0.39,0.36,0.3792,25908,0
IPDN.US,D,20250130,000000,0.3844,0.39,0.37,0.388,24863,0
IPDN.US,D,20250131,000000,0.3899,0.4,0.371,0.39,109247,0
IPDN.US,D,20250203,000000,0.4,0.4,0.3432,0.3729,123409,0
IPDN.US,D,20250204,000000,0.37,0.37,0.33,0.354099,45741,0
IPDN.US,D,20250205,000000,0.3398,0.3399,0.3203,0.33,8851,0
IPDN.US,D,20250206,000000,0.35,0.36,0.335,0.3454,16185,0
IPDN.US,D,20250207,000000,0.35,0.35,0.3201,0.3411,44827,0
IPDN.US,D,20250210,000000,0.333,0.3599,0.333,0.3433,39740,0
IPDN.US,D,20250211,000000,0.3433,0.3724,0.3433,0.3602,106408,0
IPDN.US,D,20250212,000000,0.398,0.41,0.3701,0.3775,240769,0
IPDN.US,D,20250213,000000,0.3662,0.3946,0.355,0.3946,33658,0
