<TICKER>,<PER>,<DATE>,<TIME>,<OPEN>,<HIGH>,<LOW>,<CLOSE>,<VOL>,<OPENINT>
IVCP.US,D,20220223,000000,10.83,11.37,9.85,9.87,1612,0
IVCP.US,D,20220224,000000,9.71,9.75,9.7,9.7,201439,0
IVCP.US,D,20220228,000000,9.8,9.84,9.7327,9.84,603,0
IVCP.US,D,20220301,000000,9.87,9.87,9.76,9.87,12718,0
IVCP.US,D,20220302,000000,9.87,9.87,9.86,9.86,845,0
IVCP.US,D,20220303,000000,9.73,9.85,9.73,9.84,1567,0
IVCP.US,D,20220304,000000,9.805,9.87,9.805,9.87,207,0
IVCP.US,D,20220307,000000,9.74,9.85,9.74,9.85,799,0
IVCP.US,D,20220308,000000,9.76,9.84,9.76,9.84,2077,0
IVCP.US,D,20220311,000000,9.77,9.85,9.76,9.85,4368,0
IVCP.US,D,20220316,000000,9.7604,9.82,9.76,9.82,3601,0
IVCP.US,D,20220321,000000,9.77,9.77,9.76,9.7637,2471,0
IVCP.US,D,20220322,000000,9.76,9.76,9.75,9.76,2654,0
IVCP.US,D,20220323,000000,9.79,9.79,9.79,9.79,4011,0
IVCP.US,D,20220324,000000,9.79,9.79,9.79,9.79,2872,0
IVCP.US,D,20220325,000000,9.79,9.79,9.79,9.79,4105,0
IVCP.US,D,20220329,000000,9.79,9.79,9.79,9.79,5294,0
IVCP.US,D,20220330,000000,9.78,9.78,9.78,9.78,2185,0
IVCP.US,D,20220331,000000,9.82,9.8201,9.82,9.82,1877,0
IVCP.US,D,20220404,000000,9.81,9.82,9.81,9.82,22886,0
IVCP.US,D,20220406,000000,9.81,9.81,9.81,9.81,125035,0
IVCP.US,D,20220407,000000,9.81,9.82,9.81,9.82,1960016,0
IVCP.US,D,20220408,000000,9.82,9.82,9.82,9.82,6303,0
IVCP.US,D,20220411,000000,9.84,9.84,9.81,9.81,314,0
IVCP.US,D,20220413,000000,9.83,9.83,9.825,9.83,335150,0
IVCP.US,D,20220414,000000,9.83,9.83,9.83,9.83,30109,0
IVCP.US,D,20220418,000000,9.83,9.83,9.82,9.82,508,0
IVCP.US,D,20220420,000000,9.82,9.87,9.82,9.83,22070,0
IVCP.US,D,20220421,000000,9.83,9.83,9.82,9.82,2010,0
IVCP.US,D,20220422,000000,9.83,9.83,9.83,9.83,17927,0
IVCP.US,D,20220426,000000,9.83,9.83,9.83,9.83,701,0
IVCP.US,D,20220427,000000,9.83,9.84,9.83,9.83,1881100,0
IVCP.US,D,20220428,000000,9.84,9.84,9.835,9.84,290800,0
IVCP.US,D,20220506,000000,9.85,9.85,9.85,9.85,455,0
IVCP.US,D,20220512,000000,9.8,9.85,9.8,9.8,10287,0
IVCP.US,D,20220518,000000,9.79,9.79,9.79,9.79,1756,0
IVCP.US,D,20220519,000000,9.78,9.78,9.78,9.78,601,0
IVCP.US,D,20220520,000000,9.78,9.78,9.78,9.78,6301,0
IVCP.US,D,20220524,000000,9.79,9.79,9.79,9.79,847,0
IVCP.US,D,20220526,000000,9.79,9.79,9.77,9.77,3619,0
IVCP.US,D,20220531,000000,9.86,9.86,9.815,9.815,32419,0
IVCP.US,D,20220607,000000,9.8,9.8,9.8,9.8,620,0
IVCP.US,D,20220610,000000,9.82,9.82,9.82,9.82,128,0
IVCP.US,D,20220613,000000,9.87,9.87,9.87,9.87,253,0
IVCP.US,D,20220617,000000,9.84,9.84,9.82,9.84,284673,0
IVCP.US,D,20220621,000000,9.84,9.85,9.84,9.85,400128,0
IVCP.US,D,20220622,000000,9.84,9.84,9.84,9.84,200124,0
IVCP.US,D,20220623,000000,9.84,9.84,9.84,9.84,100,0
IVCP.US,D,20220629,000000,9.85,9.85,9.85,9.85,135,0
IVCP.US,D,20220630,000000,9.82,9.82,9.82,9.82,8964,0
IVCP.US,D,20220701,000000,9.82,9.82,9.82,9.82,430,0
IVCP.US,D,20220705,000000,9.825,9.825,9.82,9.82,81832,0
IVCP.US,D,20220706,000000,9.84,9.84,9.82,9.82,135864,0
IVCP.US,D,20220708,000000,9.82,9.82,9.82,9.82,192,0
IVCP.US,D,20220713,000000,9.81,9.81,9.81,9.81,199,0
IVCP.US,D,20220722,000000,9.84,9.85,9.84,9.85,506,0
IVCP.US,D,20220725,000000,9.87,9.9,9.87,9.9,17020,0
IVCP.US,D,20220726,000000,9.87,9.89,9.87,9.88,200352,0
IVCP.US,D,20220727,000000,9.87,9.87,9.86,9.87,255917,0
IVCP.US,D,20220728,000000,9.89,9.89,9.87,9.87,408,0
IVCP.US,D,20220801,000000,9.885,9.885,9.87,9.87,1153,0
IVCP.US,D,20220802,000000,9.9,9.91,9.9,9.91,6879,0
IVCP.US,D,20220804,000000,9.9,9.9,9.9,9.9,159,0
IVCP.US,D,20220808,000000,9.91,9.91,9.9,9.9,10205,0
IVCP.US,D,20220809,000000,9.9,9.9,9.89,9.89,31203,0
IVCP.US,D,20220810,000000,9.865,9.89,9.865,9.89,45433,0
IVCP.US,D,20220817,000000,9.89,9.89,9.88,9.88,1194,0
IVCP.US,D,20220818,000000,9.88,9.88,9.88,9.88,271732,0
IVCP.US,D,20220819,000000,9.9,9.9,9.9,9.9,13497,0
IVCP.US,D,20220823,000000,9.91,9.91,9.9,9.91,2673,0
IVCP.US,D,20220824,000000,9.91,9.92,9.91,9.91,167043,0
IVCP.US,D,20220830,000000,9.91,9.91,9.91,9.91,839,0
IVCP.US,D,20220831,000000,9.91,9.91,9.91,9.91,746,0
IVCP.US,D,20220901,000000,9.91,9.91,9.91,9.91,429,0
IVCP.US,D,20220902,000000,9.91,9.91,9.91,9.91,100,0
IVCP.US,D,20220907,000000,9.93,9.955,9.92,9.93,84244,0
IVCP.US,D,20220908,000000,9.9385,9.9385,9.93,9.93,3675,0
IVCP.US,D,20220909,000000,9.945,9.945,9.93,9.93,14177,0
IVCP.US,D,20220912,000000,9.93,9.93,9.93,9.93,475051,0
IVCP.US,D,20220913,000000,9.88,9.88,9.88,9.88,158,0
IVCP.US,D,20220914,000000,9.91,9.915,9.9,9.9,6555,0
IVCP.US,D,20220915,000000,9.92,9.95,9.92,9.93,6550,0
IVCP.US,D,20220916,000000,9.89,9.89,9.89,9.89,158,0
IVCP.US,D,20220919,000000,9.89,9.91,9.89,9.9,1412,0
IVCP.US,D,20220920,000000,9.89,9.89,9.89,9.89,155,0
IVCP.US,D,20220926,000000,9.91,9.9101,9.91,9.91,17513,0
IVCP.US,D,20220928,000000,9.94,9.94,9.915,9.92,4127,0
IVCP.US,D,20220930,000000,9.92,9.92,9.92,9.92,1159,0
IVCP.US,D,20221003,000000,9.93,9.93,9.93,9.93,104092,0
IVCP.US,D,20221011,000000,9.94,9.94,9.94,9.94,600,0
IVCP.US,D,20221012,000000,9.94,9.94,9.94,9.94,105,0
IVCP.US,D,20221014,000000,9.95,9.95,9.95,9.95,101,0
IVCP.US,D,20221017,000000,9.95,9.96,9.95,9.96,43191,0
IVCP.US,D,20221020,000000,9.98,9.98,9.98,9.98,38788,0
IVCP.US,D,20221021,000000,9.99,9.99,9.99,9.99,1022,0
IVCP.US,D,20221024,000000,9.99,9.99,9.99,9.99,171460,0
IVCP.US,D,20221027,000000,10.01,10.01,10.01,10.01,203354,0
IVCP.US,D,20221031,000000,10.01,10.01,10.005,10.01,207358,0
IVCP.US,D,20221101,000000,10.02,10.04,10.02,10.04,74615,0
IVCP.US,D,20221102,000000,10.04,10.04,10.04,10.04,3016,0
IVCP.US,D,20221103,000000,10.04,10.06,10.04,10.05,755612,0
IVCP.US,D,20221104,000000,10.04,10.045,10.03,10.03,1308,0
IVCP.US,D,20221107,000000,10.02,10.06,10.02,10.06,10857,0
IVCP.US,D,20221109,000000,10.05,10.05,10.05,10.05,627,0
IVCP.US,D,20221110,000000,10.04,10.04,10.04,10.04,517,0
IVCP.US,D,20221114,000000,10.04,10.07,10.04,10.04,13302,0
IVCP.US,D,20221115,000000,10.04,10.04,10.03,10.04,109891,0
IVCP.US,D,20221117,000000,10.05,10.05,10.05,10.05,7881,0
IVCP.US,D,20221118,000000,10.05,10.1,10.05,10.06,8014,0
IVCP.US,D,20221122,000000,10.075,10.075,10.075,10.075,100,0
IVCP.US,D,20221129,000000,10.08,10.09,10.07,10.08,89025,0
IVCP.US,D,20221130,000000,10.08,10.08,10.08,10.08,207788,0
IVCP.US,D,20221201,000000,10.08,10.085,10.08,10.085,5920,0
IVCP.US,D,20221202,000000,10.09,10.09,10.09,10.09,1008,0
IVCP.US,D,20221205,000000,10.08,10.085,10.08,10.08,6530,0
IVCP.US,D,20221207,000000,10.09,10.0954,10.09,10.09,38000,0
IVCP.US,D,20221209,000000,10.1,10.1,10.09,10.09,27700,0
IVCP.US,D,20221213,000000,10.11,10.11,10.11,10.11,2611,0
IVCP.US,D,20221214,000000,10.11,10.115,10.11,10.115,12716,0
IVCP.US,D,20221215,000000,10.12,10.12,10.12,10.12,57839,0
IVCP.US,D,20221216,000000,10.11,10.11,10.11,10.11,508,0
IVCP.US,D,20221219,000000,10.11,10.11,10.11,10.11,4004,0
IVCP.US,D,20221220,000000,10.11,10.1101,10.11,10.11,6187,0
IVCP.US,D,20221222,000000,10.12,10.12,10.12,10.12,105,0
IVCP.US,D,20221229,000000,10.15,10.15,10.13,10.13,2200,0
IVCP.US,D,20221230,000000,10.13,10.13,10.13,10.13,506,0
IVCP.US,D,20230103,000000,10.13,10.13,10.13,10.13,20545,0
IVCP.US,D,20230104,000000,9.835,10.13,9.835,10.13,4374,0
IVCP.US,D,20230105,000000,10.135,10.14,10.135,10.14,13386,0
IVCP.US,D,20230106,000000,10.14,10.14,10.14,10.14,306,0
IVCP.US,D,20230109,000000,10.14,10.15,10.14,10.15,10302,0
IVCP.US,D,20230112,000000,10.15,10.1719,10.145,10.15,2102,0
IVCP.US,D,20230113,000000,10.19,10.19,10.18,10.18,675,0
IVCP.US,D,20230118,000000,10.18,10.18,10.18,10.18,106,0
IVCP.US,D,20230120,000000,10.19,10.19,10.19,10.19,15378,0
IVCP.US,D,20230123,000000,10.19,10.195,10.19,10.19,225670,0
IVCP.US,D,20230124,000000,10.1927,10.2,10.19,10.2,118389,0
IVCP.US,D,20230125,000000,10.19,10.19,10.19,10.19,74606,0
IVCP.US,D,20230126,000000,10.2,10.2,10.195,10.2,115636,0
IVCP.US,D,20230127,000000,10.2,10.205,10.2,10.2,276338,0
IVCP.US,D,20230130,000000,10.205,10.205,10.2,10.2,147829,0
IVCP.US,D,20230131,000000,10.2,10.21,10.2,10.21,271905,0
IVCP.US,D,20230202,000000,10.21,10.22,10.21,10.22,373,0
IVCP.US,D,20230203,000000,10.215,10.215,10.21,10.21,661,0
IVCP.US,D,20230206,000000,10.22,10.22,10.22,10.22,3346844,0
IVCP.US,D,20230207,000000,10.22,10.22,10.22,10.22,131,0
IVCP.US,D,20230209,000000,10.22,10.225,10.22,10.225,7615,0
IVCP.US,D,20230210,000000,10.23,10.235,10.23,10.235,1911,0
IVCP.US,D,20230213,000000,10.21,10.21,10.21,10.21,453,0
IVCP.US,D,20230214,000000,10.23,10.23,10.23,10.23,5016,0
IVCP.US,D,20230215,000000,10.23,10.24,10.23,10.24,7549,0
IVCP.US,D,20230216,000000,10.25,10.25,10.25,10.25,201,0
IVCP.US,D,20230217,000000,10.24,10.245,10.24,10.245,1834,0
IVCP.US,D,20230221,000000,10.25,10.25,10.25,10.25,161,0
IVCP.US,D,20230223,000000,10.245,10.25,10.245,10.25,2087,0
IVCP.US,D,20230224,000000,10.25,10.25,10.25,10.25,2262,0
IVCP.US,D,20230227,000000,10.255,10.26,10.255,10.255,701608,0
IVCP.US,D,20230228,000000,10.265,10.27,10.265,10.27,18597,0
IVCP.US,D,20230301,000000,10.27,10.27,10.27,10.27,7999,0
IVCP.US,D,20230302,000000,10.79,10.79,10.27,10.275,24946,0
IVCP.US,D,20230303,000000,10.275,10.275,10.275,10.275,100,0
IVCP.US,D,20230306,000000,10.26,10.28,10.26,10.28,48429,0
IVCP.US,D,20230307,000000,10.28,10.65,10.28,10.2999,35231,0
IVCP.US,D,20230308,000000,10.29,10.295,10.29,10.295,6112,0
IVCP.US,D,20230309,000000,10.29,10.3,10.28,10.28,105112,0
IVCP.US,D,20230310,000000,10.29,10.295,10.28,10.28,6863,0
IVCP.US,D,20230313,000000,10.29,10.3,10.29,10.29,71705,0
IVCP.US,D,20230314,000000,10.29,10.29,10.29,10.29,55961,0
IVCP.US,D,20230315,000000,10.27,10.29,10.27,10.29,6251,0
IVCP.US,D,20230316,000000,10.27,10.27,10.27,10.27,107,0
IVCP.US,D,20230320,000000,10.29,10.29,10.29,10.29,137,0
IVCP.US,D,20230321,000000,10.29,10.31,10.29,10.31,5689,0
IVCP.US,D,20230322,000000,10.31,10.31,10.31,10.31,317235,0
IVCP.US,D,20230324,000000,10.3,10.3,10.3,10.3,194278,0
IVCP.US,D,20230327,000000,10.3,10.3,10.3,10.3,208,0
IVCP.US,D,20230328,000000,10.31,10.31,10.305,10.31,11406,0
IVCP.US,D,20230329,000000,10.31,10.31,10.31,10.31,1201,0
IVCP.US,D,20230330,000000,10.31,10.31,10.31,10.31,1510,0
IVCP.US,D,20230403,000000,10.31,10.3299,10.31,10.32,14621,0
IVCP.US,D,20230404,000000,10.32,10.32,10.29,10.29,1353,0
IVCP.US,D,20230405,000000,10.31,10.33,10.31,10.33,3633,0
IVCP.US,D,20230406,000000,10.31,10.32,10.31,10.32,1284,0
IVCP.US,D,20230410,000000,10.3,10.32,10.3,10.3073,3193,0
IVCP.US,D,20230411,000000,10.31,10.325,10.31,10.32,19812,0
IVCP.US,D,20230412,000000,10.33,10.33,10.32,10.32,11001,0
IVCP.US,D,20230413,000000,10.32,10.33,10.32,10.32,7534,0
IVCP.US,D,20230414,000000,10.325,10.33,10.325,10.33,11117,0
IVCP.US,D,20230417,000000,10.325,10.33,10.32,10.32,8406,0
IVCP.US,D,20230418,000000,10.32,10.35,10.32,10.35,109936,0
IVCP.US,D,20230419,000000,10.35,10.35,10.34,10.34,13532,0
IVCP.US,D,20230424,000000,10.34,10.3513,10.34,10.35,44079,0
IVCP.US,D,20230425,000000,10.35,10.355,10.35,10.355,1303545,0
IVCP.US,D,20230426,000000,11.08,11.08,10.35,10.37,9884,0
IVCP.US,D,20230427,000000,10.365,10.365,10.35,10.35,751409,0
IVCP.US,D,20230428,000000,10.47,10.47,10.35,10.36,99373,0
IVCP.US,D,20230501,000000,10.3618,10.3622,10.36,10.36,1199,0
IVCP.US,D,20230502,000000,10.36,10.37,10.36,10.37,495900,0
IVCP.US,D,20230503,000000,10.39,10.39,10.36,10.38,4525,0
IVCP.US,D,20230504,000000,10.39,10.39,10.39,10.39,399,0
IVCP.US,D,20230508,000000,10.39,10.39,10.38,10.38,26547,0
IVCP.US,D,20230510,000000,10.39,10.39,10.39,10.39,105,0
IVCP.US,D,20230512,000000,10.36,10.39,10.36,10.38,3769,0
IVCP.US,D,20230515,000000,10.38,10.38,10.38,10.38,413,0
IVCP.US,D,20230516,000000,10.39,10.4,10.39,10.39,9478,0
IVCP.US,D,20230517,000000,10.39,10.4,10.39,10.39,574266,0
IVCP.US,D,20230518,000000,10.39,10.39,10.39,10.39,25002,0
IVCP.US,D,20230519,000000,10.4,10.4,10.395,10.395,321491,0
IVCP.US,D,20230522,000000,10.39,10.42,10.39,10.42,8018,0
IVCP.US,D,20230523,000000,10.4,10.4,10.4,10.4,498,0
IVCP.US,D,20230526,000000,10.41,10.41,10.41,10.41,300,0
IVCP.US,D,20230530,000000,10.41,10.41,10.4,10.41,507,0
IVCP.US,D,20230531,000000,10.42,10.42,10.42,10.42,495506,0
IVCP.US,D,20230605,000000,10.39,10.42,10.38,10.38,12959,0
IVCP.US,D,20230606,000000,10.38,10.39,10.37,10.37,13124,0
IVCP.US,D,20230607,000000,10.21,10.47,10,10.47,14438,0
IVCP.US,D,20230608,000000,10.44,10.48,10.2,10.22,16700,0
IVCP.US,D,20230609,000000,10.44,11.8525,10.38,10.45,15282,0
IVCP.US,D,20230612,000000,10.31,10.45,10.31,10.33,463620,0
IVCP.US,D,20230613,000000,10.39,10.4,10.29,10.31,23423,0
IVCP.US,D,20230614,000000,10.4,10.418,10.3,10.32,4741,0
IVCP.US,D,20230615,000000,10.44,10.4983,10.31,10.32,2716,0
IVCP.US,D,20230616,000000,10.4589,10.4713,10.3,10.31,2433,0
IVCP.US,D,20230620,000000,10.33,10.54,10.31,10.37,12666,0
IVCP.US,D,20230621,000000,10.48,11.095,10.31,10.31,12341,0
IVCP.US,D,20230622,000000,10.41,10.767,10.32,10.32,10802,0
IVCP.US,D,20230623,000000,10.394,10.45,10.31,10.32,13358,0
IVCP.US,D,20230626,000000,10.42,10.42,10.33,10.355,5444,0
IVCP.US,D,20230627,000000,10.33,10.33,10.33,10.33,602,0
IVCP.US,D,20230628,000000,10.3534,10.3534,10.33,10.33,509,0
IVCP.US,D,20230629,000000,10.33,10.33,10.33,10.33,347,0
IVCP.US,D,20230630,000000,10.33,10.33,10.33,10.33,1106,0
IVCP.US,D,20230711,000000,10.34,10.45,10.34,10.45,3595,0
IVCP.US,D,20230712,000000,10.36,10.36,10.36,10.36,113,0
IVCP.US,D,20230717,000000,10.36,10.44,10.35,10.44,6357,0
IVCP.US,D,20230719,000000,10.36,10.36,10.36,10.36,102,0
IVCP.US,D,20230720,000000,10.4324,10.4324,10.4324,10.4324,100,0
IVCP.US,D,20230721,000000,10.36,10.4,10.36,10.36,485,0
IVCP.US,D,20230724,000000,10.36,10.36,10.36,10.36,600,0
IVCP.US,D,20230725,000000,10.36,10.36,10.36,10.36,115,0
IVCP.US,D,20230727,000000,10.36,10.36,10.36,10.36,202,0
IVCP.US,D,20230801,000000,10.36,10.36,10.36,10.36,464,0
IVCP.US,D,20230802,000000,10.45,10.45,10.44,10.45,1003,0
IVCP.US,D,20230803,000000,10.44,10.44,10.44,10.44,744,0
IVCP.US,D,20230808,000000,10.38,10.38,10.37,10.37,1117,0
IVCP.US,D,20230809,000000,10.36,10.36,10.36,10.36,8665,0
IVCP.US,D,20230810,000000,10.37,10.495,10.37,10.495,3452,0
IVCP.US,D,20230811,000000,10.7,10.7,10.41,10.43,16933,0
IVCP.US,D,20230814,000000,10.54,10.54,10.54,10.54,1070,0
IVCP.US,D,20230817,000000,10.64,10.64,10.62,10.64,5100,0
IVCP.US,D,20230818,000000,10.61,10.64,10.61,10.64,5661,0
IVCP.US,D,20230821,000000,10.64,10.64,10.64,10.64,897,0
IVCP.US,D,20230823,000000,10.613,10.64,10.6,10.6,2865,0
IVCP.US,D,20230824,000000,10.64,10.64,10.64,10.64,1540,0
IVCP.US,D,20230831,000000,10.64,10.64,10.64,10.64,166,0
IVCP.US,D,20230901,000000,10.64,10.64,10.64,10.64,2054,0
IVCP.US,D,20230912,000000,10.64,10.64,10.64,10.64,102,0
IVCP.US,D,20230913,000000,10.64,10.64,10.64,10.64,228,0
IVCP.US,D,20230914,000000,10.64,10.64,10.64,10.64,100,0
IVCP.US,D,20230915,000000,10.64,10.64,10.64,10.64,100,0
IVCP.US,D,20230918,000000,10.64,10.64,10.64,10.64,100,0
IVCP.US,D,20230919,000000,10.64,10.64,10.64,10.64,107,0
IVCP.US,D,20230920,000000,10.64,10.64,10.64,10.64,100,0
IVCP.US,D,20231006,000000,10.6198,10.62,10.6198,10.62,1005,0
IVCP.US,D,20231009,000000,10.62,10.62,10.62,10.62,584,0
IVCP.US,D,20231012,000000,10.5,10.5,10.5,10.5,1689,0
IVCP.US,D,20231017,000000,10.55,10.55,10.54,10.54,5923,0
IVCP.US,D,20231019,000000,10.55,10.55,10.55,10.55,100000,0
IVCP.US,D,20231020,000000,10.54,10.54,10.54,10.54,202003,0
IVCP.US,D,20231023,000000,10.59,10.59,10.54,10.54,2922,0
IVCP.US,D,20231024,000000,10.54,10.54,10.54,10.54,102,0
IVCP.US,D,20231027,000000,10.6,10.6,10.52,10.53,670,0
IVCP.US,D,20231031,000000,10.51,10.51,10.51,10.51,209,0
IVCP.US,D,20231101,000000,10.57,10.57,10.52,10.52,200,0
IVCP.US,D,20231107,000000,10.4,10.4,10.4,10.4,623,0
IVCP.US,D,20231108,000000,10.5,10.5,10.45,10.5,6443,0
IVCP.US,D,20231115,000000,10.5,10.53,10.5,10.53,83202,0
IVCP.US,D,20231117,000000,10.53,10.53,10.53,10.53,1407,0
IVCP.US,D,20231120,000000,10.53,10.53,10.53,10.53,100000,0
IVCP.US,D,20231122,000000,10.57,10.57,10.57,10.57,100000,0
IVCP.US,D,20231127,000000,10.45,10.55,10.45,10.52,31016,0
IVCP.US,D,20231204,000000,10.58,10.59,10.58,10.59,175729,0
IVCP.US,D,20231205,000000,10.63,10.63,10.6,10.6,27190,0
IVCP.US,D,20231206,000000,10.64,10.64,10.64,10.64,40545,0
IVCP.US,D,20231212,000000,10.65,10.7,10.65,10.7,2609,0
IVCP.US,D,20231214,000000,10.65,10.7,10.65,10.7,66262,0
IVCP.US,D,20231218,000000,10.67,10.75,10.67,10.74,4075,0
IVCP.US,D,20231219,000000,10.71,10.75,10.71,10.75,2018,0
IVCP.US,D,20231222,000000,10.71,10.71,10.71,10.71,3650,0
IVCP.US,D,20231227,000000,10.75,10.75,10.75,10.75,444,0
IVCP.US,D,20231228,000000,10.75,10.87,10.75,10.87,493,0
IVCP.US,D,20240105,000000,10.75,10.85,10.75,10.85,407,0
IVCP.US,D,20240108,000000,10.84,10.84,10.84,10.84,60997,0
IVCP.US,D,20240112,000000,10.78,10.86,10.78,10.86,491,0
IVCP.US,D,20240117,000000,10.81,10.83,10.8,10.83,34376,0
IVCP.US,D,20240118,000000,10.9,10.9,10.83,10.83,467,0
IVCP.US,D,20240119,000000,10.835,10.85,10.835,10.85,71193,0
IVCP.US,D,20240124,000000,10.86,10.86,10.84,10.86,75643,0
IVCP.US,D,20240126,000000,10.97,10.97,10.97,10.97,187,0
IVCP.US,D,20240216,000000,10.85,10.9,10.85,10.9,1303,0
IVCP.US,D,20240220,000000,10.9,10.9,10.9,10.9,209,0
IVCP.US,D,20240221,000000,10.9,10.99,10.875,10.95,18957,0
IVCP.US,D,20240222,000000,10.99,10.99,10.99,10.99,412,0
IVCP.US,D,20240223,000000,11,11,10.94,10.94,302,0
IVCP.US,D,20240227,000000,10.95,10.95,10.95,10.95,1069,0
IVCP.US,D,20240304,000000,10.95,10.95,10.95,10.95,102,0
IVCP.US,D,20240306,000000,10.95,10.95,10.9,10.95,4800,0
IVCP.US,D,20240311,000000,10.85,10.85,10.85,10.85,271,0
IVCP.US,D,20240313,000000,11.93,12.2,11.93,12.2,1207,0
IVCP.US,D,20240314,000000,10.96,10.96,10.85,10.94,501658,0
IVCP.US,D,20240315,000000,10.96,10.96,10.85,10.95,747,0
IVCP.US,D,20240318,000000,10.85,10.88,10.8,10.8,8984,0
IVCP.US,D,20240320,000000,10.8,10.8,10.8,10.8,223,0
IVCP.US,D,20240321,000000,10.8,10.83,10.8,10.805,11714,0
IVCP.US,D,20240322,000000,10.8,10.8,10.79,10.8,265141,0
IVCP.US,D,20240325,000000,10.79,10.8,10.79,10.8,8823,0
IVCP.US,D,20240326,000000,10.8,10.8,10.8,10.8,3145,0
IVCP.US,D,20240327,000000,10.82,10.82,10.79,10.79,388,0
IVCP.US,D,20240328,000000,10.79,10.79,10.79,10.79,222,0
IVCP.US,D,20240401,000000,10.8163,10.82,10.79,10.81,15237,0
IVCP.US,D,20240402,000000,10.8,10.82,10.8,10.8,24156,0
IVCP.US,D,20240403,000000,10.79,10.8,10.79,10.8,10753,0
IVCP.US,D,20240404,000000,10.8,10.8,10.8,10.8,8824,0
IVCP.US,D,20240405,000000,10.875,10.96,10.8,10.8,6772,0
IVCP.US,D,20240409,000000,10.8,10.8,10.8,10.8,1982,0
IVCP.US,D,20240410,000000,10.795,10.83,10.79,10.83,42029,0
IVCP.US,D,20240411,000000,10.81,10.81,10.8,10.8,2302,0
IVCP.US,D,20240412,000000,10.81,10.81,10.81,10.81,191,0
IVCP.US,D,20240418,000000,10.81,10.81,10.805,10.805,1238,0
IVCP.US,D,20240422,000000,10.8,10.825,10.8,10.8,15299,0
IVCP.US,D,20240423,000000,10.81,10.83,10.81,10.81,26505,0
IVCP.US,D,20240424,000000,10.81,10.81,10.8,10.8,61268,0
IVCP.US,D,20240429,000000,10.85,10.85,10.7,10.79,7532,0
IVCP.US,D,20240502,000000,10.77,10.77,10.77,10.77,174,0
IVCP.US,D,20240507,000000,10.8,10.8,10.8,10.8,373,0
IVCP.US,D,20240514,000000,10.83,10.83,10.83,10.83,203,0
IVCP.US,D,20240516,000000,10.85,10.85,10.85,10.85,1754,0
IVCP.US,D,20240517,000000,10.84,10.84,10.84,10.84,178,0
IVCP.US,D,20240520,000000,10.83,10.83,10.83,10.83,328,0
IVCP.US,D,20240522,000000,10.84,10.85,10.84,10.85,10945,0
IVCP.US,D,20240529,000000,10.86,10.87,10.85,10.86,46424,0
IVCP.US,D,20240531,000000,10.86,10.86,10.86,10.86,1000,0
IVCP.US,D,20240603,000000,10.86,10.86,10.72,10.72,2833,0
IVCP.US,D,20240604,000000,10.77,10.88,10.77,10.87,144213,0
IVCP.US,D,20240606,000000,10.87,10.87,10.87,10.87,100,0
IVCP.US,D,20240607,000000,10.9025,10.9025,10.9025,10.9025,211,0
IVCP.US,D,20240610,000000,10.91,10.91,10.88,10.88,3515,0
IVCP.US,D,20240612,000000,10.89,10.89,10.89,10.89,5830,0
IVCP.US,D,20240613,000000,10.89,10.89,10.89,10.89,4756,0
IVCP.US,D,20240614,000000,10.9,10.9,10.9,10.9,2725,0
IVCP.US,D,20240618,000000,10.9,10.9,10.9,10.9,3095,0
IVCP.US,D,20240620,000000,10.95,10.95,10.94,10.94,3001,0
IVCP.US,D,20240702,000000,10.945,10.95,10.94,10.95,8546,0
IVCP.US,D,20240705,000000,10.96,10.96,10.96,10.96,323,0
IVCP.US,D,20240708,000000,10.98,10.98,10.97,10.97,1301,0
IVCP.US,D,20240709,000000,10.98,10.98,10.98,10.98,1001,0
IVCP.US,D,20240710,000000,10.99,10.99,10.99,10.99,2500,0
IVCP.US,D,20240717,000000,11,11,11,11,309,0
IVCP.US,D,20240718,000000,11,11,11,11,13033,0
IVCP.US,D,20240722,000000,11,11,10.95,10.95,1728,0
IVCP.US,D,20240723,000000,10.95,11,10.945,11,4711,0
IVCP.US,D,20240725,000000,10.98,10.98,10.96,10.97,16167,0
IVCP.US,D,20240729,000000,10.95,10.95,10.95,10.95,162,0
IVCP.US,D,20240802,000000,10.99,10.99,10.99,10.99,1336,0
IVCP.US,D,20240805,000000,11,11.03,11,11.03,2007,0
IVCP.US,D,20240809,000000,11.03,11.04,11.03,11.04,620,0
IVCP.US,D,20240812,000000,11.05,11.05,11.01,11.01,500,0
IVCP.US,D,20240814,000000,11.05,11.05,11.01,11.01,1004,0
IVCP.US,D,20240816,000000,11.01,11.01,11.01,11.01,315,0
IVCP.US,D,20240822,000000,11.25,11.25,11.11,11.11,1592,0
IVCP.US,D,20240823,000000,11.05,11.05,11.02,11.03,2349,0
IVCP.US,D,20240826,000000,11.03,11.03,11.03,11.03,1072,0
IVCP.US,D,20240827,000000,11.03,11.03,11.03,11.03,608,0
IVCP.US,D,20240828,000000,11.03,11.03,11.03,11.03,2013,0
IVCP.US,D,20240829,000000,11.04,11.04,11.04,11.04,1010,0
IVCP.US,D,20240905,000000,11.04,11.04,11.04,11.04,103,0
IVCP.US,D,20240912,000000,11.04,11.045,11.02,11.045,165270,0
IVCP.US,D,20240913,000000,11.04,11.04,11.04,11.04,169,0
IVCP.US,D,20240916,000000,11.05,11.05,11.05,11.05,4640,0
IVCP.US,D,20240925,000000,11.11,11.11,11.11,11.11,277,0
IVCP.US,D,20241009,000000,11.1,11.1,11.1,11.1,426,0
IVCP.US,D,20241010,000000,11.035,11.035,11.02,11.02,127375,0
IVCP.US,D,20241011,000000,11.05,11.05,11.02,11.02,3476,0
IVCP.US,D,20241017,000000,11.06,11.06,11.06,11.06,1131,0
IVCP.US,D,20241023,000000,11.06,11.06,11.06,11.06,428,0
IVCP.US,D,20241107,000000,11.08,11.09,11.06,11.06,635,0
IVCP.US,D,20241112,000000,11.07,11.07,11.07,11.07,435,0
IVCP.US,D,20241113,000000,11.07,11.07,11.07,11.07,600,0
IVCP.US,D,20241114,000000,11.07,11.07,11.07,11.07,114,0
IVCP.US,D,20241119,000000,11.07,11.07,11.07,11.07,115,0
IVCP.US,D,20241121,000000,11.08,11.08,11.08,11.08,1251,0
IVCP.US,D,20241122,000000,11.11,11.17,11.11,11.16,5673,0
IVCP.US,D,20241125,000000,11.15,11.26,11.15,11.25,20865,0
IVCP.US,D,20241126,000000,11.17,11.2,11.15,11.2,1728,0
IVCP.US,D,20241127,000000,11.23,11.28,11.23,11.28,28080,0
IVCP.US,D,20241202,000000,11.25,11.34,11.21,11.3,137763,0
IVCP.US,D,20241203,000000,11.3,11.31,11.25,11.25,3345,0
IVCP.US,D,20241204,000000,11.3,11.31,11.28,11.28,25164,0
IVCP.US,D,20241205,000000,11.26,11.3,11.19,11.25,150512,0
IVCP.US,D,20241206,000000,11.255,11.2575,11.23,11.245,67282,0
IVCP.US,D,20241209,000000,11.27,12.0099,11.21,11.9,15189,0
IVCP.US,D,20241210,000000,11.49,12.17,11.08,11.2,13324,0
IVCP.US,D,20241211,000000,11.3,13.39,10.52,10.52,7510,0
IVCP.US,D,20241212,000000,11.5,11.63,9.51,9.51,8979,0
IVCP.US,D,20241213,000000,12.7,13.31,8.8,10.5,43168,0
