<TICKER>,<PER>,<DATE>,<TIME>,<OPEN>,<HIGH>,<LOW>,<CLOSE>,<VOL>,<OPENINT>
JEWL.US,D,20221209,000000,8.6,11.94,4.0601,4.74,1444116,0
JEWL.US,D,20221212,000000,5.11,5.6,4.6,4.75,550781,0
JEWL.US,D,20221213,000000,4.18,4.72,3.62,3.75,517686,0
JEWL.US,D,20221214,000000,3.65,3.7779,3.1,3.32,630336,0
JEWL.US,D,20221215,000000,3.75,4.1999,3.5,3.94,319671,0
JEWL.US,D,20221216,000000,3.9,4.24,3.74,3.9,226902,0
JEWL.US,D,20221219,000000,3.86,4,3.64,3.65,123773,0
JEWL.US,D,20221220,000000,3.95,4.14,3.7,3.95,140059,0
JEWL.US,D,20221221,000000,3.89,4.18,3.6,3.73,124456,0
JEWL.US,D,20221222,000000,3.6,3.82,3.15,3.6,115249,0
JEWL.US,D,20221223,000000,3.57,3.69,3.4,3.59,58520,0
JEWL.US,D,20221227,000000,3.7,3.7,3.25,3.5,65959,0
JEWL.US,D,20221228,000000,3.43,3.62,2.8102,3.07,62672,0
JEWL.US,D,20221229,000000,2.84,3.4,2.75,3.11,78357,0
JEWL.US,D,20221230,000000,2.92,3.14,2.8,3.1012,47657,0
JEWL.US,D,20230103,000000,3.12,3.24,2.6,2.84,117754,0
JEWL.US,D,20230104,000000,2.75,2.9,2.25,2.64,51852,0
JEWL.US,D,20230105,000000,2.63,2.7923,2.4,2.63,135847,0
JEWL.US,D,20230106,000000,2.67,2.7425,2.3101,2.48,64743,0
JEWL.US,D,20230109,000000,2.74,3.13,2.4599,2.75,91858,0
JEWL.US,D,20230110,000000,2.79,3.1,2.78,3.06,70127,0
JEWL.US,D,20230111,000000,3.05,3.74,3,3.51,281041,0
JEWL.US,D,20230112,000000,3.65,3.72,3.15,3.2,261279,0
JEWL.US,D,20230113,000000,3.25,3.525,2.68,3,98583,0
JEWL.US,D,20230117,000000,2.95,2.95,2.75,2.83,32941,0
JEWL.US,D,20230118,000000,3.25,3.375,2.7,2.84,106440,0
JEWL.US,D,20230119,000000,3,3,2.5,2.5,137187,0
JEWL.US,D,20230120,000000,2.69,2.69,2.31,2.42,166009,0
JEWL.US,D,20230123,000000,2.65,2.77,2.55,2.7001,93955,0
JEWL.US,D,20230124,000000,2.77,2.84,2.5,2.55,51204,0
JEWL.US,D,20230125,000000,2.59,2.65,2.4,2.5609,103000,0
JEWL.US,D,20230126,000000,2.74,2.74,2.45,2.5299,101905,0
JEWL.US,D,20230127,000000,2.56,2.59,2.42,2.49,65751,0
JEWL.US,D,20230130,000000,2.68,2.9399,2.51,2.63,219686,0
JEWL.US,D,20230131,000000,2.64,2.64,2.2,2.2,273342,0
JEWL.US,D,20230201,000000,2.1501,2.3,2.08,2.12,141404,0
JEWL.US,D,20230202,000000,2.24,2.2508,2.03,2.11,163567,0
JEWL.US,D,20230203,000000,2.05,2.22,2.05,2.13,113654,0
JEWL.US,D,20230206,000000,2.17,2.17,2.05,2.13,80805,0
JEWL.US,D,20230207,000000,2.13,2.3099,1.53,1.67,357235,0
JEWL.US,D,20230208,000000,1.7999,1.86,1.5501,1.7,358264,0
JEWL.US,D,20230209,000000,1.72,1.7457,1.5,1.54,137060,0
JEWL.US,D,20230210,000000,1.56,1.6,1.4501,1.58,167929,0
JEWL.US,D,20230213,000000,1.71,1.71,1.5,1.56,113388,0
JEWL.US,D,20230214,000000,1.6,1.61,1.5,1.5,106742,0
JEWL.US,D,20230215,000000,1.53,1.55,1.46,1.495,68372,0
JEWL.US,D,20230216,000000,1.5,1.57,1.4872,1.5,99505,0
JEWL.US,D,20230217,000000,1.4551,1.53,1.45,1.5199,25390,0
JEWL.US,D,20230221,000000,1.53,1.6,1.47,1.52,221508,0
JEWL.US,D,20230222,000000,1.76,2.16,1.42,1.54,4714426,0
JEWL.US,D,20230223,000000,1.52,1.6194,1.45,1.56,614834,0
JEWL.US,D,20230224,000000,1.51,1.59,1.5,1.5,280414,0
JEWL.US,D,20230227,000000,1.49,1.55,1.46,1.49,102178,0
JEWL.US,D,20230228,000000,1.5114,1.55,1.45,1.4634,267782,0
JEWL.US,D,20230301,000000,1.46,1.4909,1.42,1.49,163348,0
JEWL.US,D,20230302,000000,1.49,1.49,1.43,1.49,43966,0
JEWL.US,D,20230303,000000,1.47,1.4999,1.4185,1.48,142874,0
JEWL.US,D,20230306,000000,1.48,1.48,1.43,1.45,61126,0
JEWL.US,D,20230307,000000,1.48,1.48,1.43,1.47,42778,0
JEWL.US,D,20230308,000000,1.46,1.46,1.27,1.28,271506,0
JEWL.US,D,20230309,000000,1.27,1.3,1.12,1.2968,350308,0
JEWL.US,D,20230310,000000,1.19,1.3,1.11,1.2899,210235,0
JEWL.US,D,20230313,000000,1.25,1.25,1.13,1.1301,92164,0
JEWL.US,D,20230314,000000,1.11,1.22,1.1,1.14,380762,0
JEWL.US,D,20230315,000000,1.12,1.17,1.03,1.03,164461,0
JEWL.US,D,20230316,000000,1.01,1.0399,0.8785,0.8832,229620,0
JEWL.US,D,20230317,000000,0.98,0.98,0.86,0.86,243942,0
JEWL.US,D,20230320,000000,0.86,0.92,0.6901,0.722,368649,0
JEWL.US,D,20230321,000000,0.72,0.857399,0.72,0.82,212354,0
JEWL.US,D,20230322,000000,0.81,0.96,0.81,0.86,132830,0
JEWL.US,D,20230323,000000,0.8511,1.15,0.8511,0.96,383400,0
JEWL.US,D,20230324,000000,0.95,1.03,0.945,1,64435,0
JEWL.US,D,20230327,000000,1,1.02,0.9501,1,99014,0
JEWL.US,D,20230328,000000,1.0252,1.0374,0.7801,0.88,254669,0
JEWL.US,D,20230329,000000,0.87,0.909999,0.77,0.79,255390,0
JEWL.US,D,20230330,000000,0.87,0.9799,0.781,0.84,185779,0
JEWL.US,D,20230331,000000,0.8148,0.919899,0.79,0.83,83056,0
JEWL.US,D,20230403,000000,0.836,0.87,0.7901,0.84,35713,0
JEWL.US,D,20230404,000000,0.849899,0.97,0.8,0.8407,117211,0
JEWL.US,D,20230405,000000,0.895001,0.9388,0.81,0.87,76259,0
JEWL.US,D,20230406,000000,0.85,0.95,0.85,0.95,26682,0
JEWL.US,D,20230410,000000,0.95,0.98,0.79,0.9,67036,0
JEWL.US,D,20230411,000000,0.88,0.91,0.8202,0.8999,45612,0
JEWL.US,D,20230412,000000,0.8979,0.8999,0.83,0.8887,82826,0
JEWL.US,D,20230413,000000,0.95,0.95,0.8455,0.8763,47828,0
JEWL.US,D,20230414,000000,0.8763,0.9082,0.8144,0.87,51937,0
JEWL.US,D,20230417,000000,0.9,0.9,0.8202,0.85,79599,0
JEWL.US,D,20230418,000000,0.98,0.99,0.8227,0.875,92705,0
JEWL.US,D,20230419,000000,0.875,0.9899,0.845,0.8999,47675,0
JEWL.US,D,20230420,000000,0.94,0.94,0.8013,0.85,87192,0
JEWL.US,D,20230421,000000,0.84,0.98,0.8105,0.899999,512673,0
JEWL.US,D,20230424,000000,0.91,1.0899,0.84,0.9306,929870,0
JEWL.US,D,20230425,000000,0.8502,0.9,0.8,0.8264,133301,0
JEWL.US,D,20230426,000000,0.858199,0.8582,0.7284,0.7999,159390,0
JEWL.US,D,20230427,000000,0.79,0.79,0.715201,0.7709,159285,0
JEWL.US,D,20230428,000000,0.779,0.85,0.7,0.82,388155,0
JEWL.US,D,20230501,000000,0.79,0.8159,0.74,0.771,136409,0
JEWL.US,D,20230502,000000,0.7702,0.819299,0.715,0.78,61456,0
JEWL.US,D,20230503,000000,0.775001,0.777,0.7315,0.74,27425,0
JEWL.US,D,20230504,000000,0.7351,0.77,0.7153,0.7584,44496,0
JEWL.US,D,20230505,000000,0.74,0.79,0.74,0.79,76487,0
JEWL.US,D,20230508,000000,0.788,0.82,0.76,0.81475,39841,0
JEWL.US,D,20230509,000000,0.8143,0.8443,0.768,0.8,81880,0
JEWL.US,D,20230510,000000,0.8788,0.8788,0.7502,0.79,48788,0
JEWL.US,D,20230511,000000,0.7711,0.842699,0.7603,0.8151,63831,0
JEWL.US,D,20230512,000000,0.82,0.8259,0.78,0.8,41455,0
JEWL.US,D,20230515,000000,0.79,0.825,0.7616,0.825,35022,0
JEWL.US,D,20230516,000000,0.771,0.8086,0.77,0.770603,75788,0
JEWL.US,D,20230517,000000,0.75,0.79,0.7303,0.756,37904,0
JEWL.US,D,20230518,000000,0.779,0.779,0.7354,0.7475,59083,0
JEWL.US,D,20230519,000000,0.7301,0.7824,0.7301,0.735,203345,0
JEWL.US,D,20230522,000000,0.75,0.79,0.75,0.78,116986,0
JEWL.US,D,20230523,000000,0.788435,0.805801,0.7512,0.7888,89000,0
JEWL.US,D,20230524,000000,0.8,0.88,0.78,0.88,72145,0
JEWL.US,D,20230525,000000,0.86,0.945,0.85,0.916,63971,0
JEWL.US,D,20230526,000000,0.95,0.9871,0.8714,0.96,111472,0
JEWL.US,D,20230530,000000,0.98,0.98,0.8505,0.94,69648,0
JEWL.US,D,20230531,000000,0.99,1.03,0.7525,0.8,2337663,0
JEWL.US,D,20230601,000000,0.8,0.815499,0.7612,0.800101,107789,0
JEWL.US,D,20230602,000000,0.86,0.8744,0.770001,0.8526,78716,0
JEWL.US,D,20230605,000000,0.827,0.839,0.7848,0.7967,42572,0
JEWL.US,D,20230606,000000,0.7967,0.84,0.76,0.8377,61266,0
JEWL.US,D,20230607,000000,0.8364,0.948,0.8199,0.9423,129829,0
JEWL.US,D,20230608,000000,0.9,1.1,0.9,1.08,267618,0
JEWL.US,D,20230609,000000,1.1,1.17,1.04,1.0967,230545,0
JEWL.US,D,20230612,000000,1.14,1.16,1.09,1.1101,119472,0
JEWL.US,D,20230613,000000,1.13,1.1397,1.0801,1.12,48074,0
JEWL.US,D,20230614,000000,1.16,1.2982,1.11,1.18,196246,0
JEWL.US,D,20230615,000000,1.24,1.2791,1.1801,1.26,131394,0
JEWL.US,D,20230616,000000,1.25,1.25,1.17,1.24,75648,0
JEWL.US,D,20230620,000000,1.25,1.25,1.1404,1.21,57455,0
JEWL.US,D,20230621,000000,1.2,1.24,1.13,1.24,41377,0
JEWL.US,D,20230622,000000,1.27,1.27,1.15,1.173,45655,0
JEWL.US,D,20230623,000000,1.2,1.2,1.02,1.06,76991,0
JEWL.US,D,20230626,000000,1.09,1.09,0.969,1.05,71452,0
JEWL.US,D,20230627,000000,1.05,1.1,1.04,1.08,46531,0
JEWL.US,D,20230628,000000,1.08,1.14,1.07,1.1,49856,0
JEWL.US,D,20230629,000000,1.14,1.165,1,1.04,78385,0
JEWL.US,D,20230630,000000,1.05,1.14,1.05,1.094,84110,0
JEWL.US,D,20230703,000000,1.07,1.09,1.0601,1.08,25968,0
JEWL.US,D,20230705,000000,1.08,1.085,1.04,1.04,43887,0
JEWL.US,D,20230706,000000,1.03,1.03,0.9549,0.955601,55554,0
JEWL.US,D,20230707,000000,0.9638,1.04,0.96,1.04,29489,0
JEWL.US,D,20230710,000000,1.08,1.09,1.02,1.06,33579,0
JEWL.US,D,20230711,000000,1.0958,1.11,1.04,1.1,14863,0
JEWL.US,D,20230712,000000,1.12,1.25,1.07,1.19,218537,0
JEWL.US,D,20230713,000000,1.153,1.22,1.06,1.15,65729,0
JEWL.US,D,20230714,000000,1.16,1.2,1.1161,1.175,36472,0
JEWL.US,D,20230717,000000,1.1999,1.3,1.19,1.3,112504,0
JEWL.US,D,20230718,000000,1.34,1.37,1.27,1.27,127390,0
JEWL.US,D,20230719,000000,1.31,1.31,1.18,1.29,44619,0
JEWL.US,D,20230720,000000,1.29,1.35,1.24,1.2901,101006,0
JEWL.US,D,20230721,000000,1.34,1.36,1.293,1.3,75515,0
JEWL.US,D,20230724,000000,1.37,1.37,1.25,1.2801,51353,0
JEWL.US,D,20230725,000000,1.3,1.34,1.2401,1.31,106305,0
JEWL.US,D,20230726,000000,1.28,1.32,1.26,1.31,73871,0
JEWL.US,D,20230727,000000,1.3,1.35,1.24,1.34,103374,0
JEWL.US,D,20230728,000000,1.35,1.4,1.27,1.32,59095,0
JEWL.US,D,20230731,000000,1.35,1.3697,1.25,1.28,49568,0
JEWL.US,D,20230801,000000,1.3,1.33,1.2201,1.32,68722,0
JEWL.US,D,20230802,000000,1.31,1.57,1.3099,1.51,534654,0
JEWL.US,D,20230803,000000,1.55,1.9099,1.2918,1.7,1309347,0
JEWL.US,D,20230804,000000,1.96,2.01,1.5001,1.61,1338543,0
JEWL.US,D,20230807,000000,1.51,1.62,1.35,1.42,388455,0
JEWL.US,D,20230808,000000,1.42,1.455,1.37,1.395,152276,0
JEWL.US,D,20230809,000000,1.43,1.4316,1.32,1.32,135586,0
JEWL.US,D,20230810,000000,1.31,1.49,1.14,1.2999,407976,0
JEWL.US,D,20230811,000000,1.25,1.285,1.1101,1.18,198321,0
JEWL.US,D,20230814,000000,1.19,1.28,0.97,0.9812,187800,0
JEWL.US,D,20230815,000000,1,1.0899,0.98,1.01,136058,0
JEWL.US,D,20230816,000000,1.01,1.07,0.9806,0.992,113655,0
JEWL.US,D,20230817,000000,0.99,1.09,0.99,1.04,56480,0
JEWL.US,D,20230818,000000,1,1.14,0.93,1.03,96544,0
JEWL.US,D,20230821,000000,1.05,1.18,1,1.17,74110,0
JEWL.US,D,20230822,000000,1.18,1.19,1.06,1.11,57687,0
JEWL.US,D,20230823,000000,1.12,1.13,1.0406,1.08,20543,0
JEWL.US,D,20230824,000000,1.07,1.09,1.03,1.06,34672,0
JEWL.US,D,20230825,000000,1.07,1.07,1.0001,1.05,28637,0
JEWL.US,D,20230828,000000,1.01,1.08,0.9727,1.05,55727,0
JEWL.US,D,20230829,000000,1.01,1.0701,0.9972,1.03,17830,0
JEWL.US,D,20230830,000000,1.02,1.03,0.98,1,62232,0
JEWL.US,D,20230831,000000,0.9702,1.01,0.93,0.95,89462,0
JEWL.US,D,20230901,000000,0.9311,0.98,0.8401,0.97,207685,0
JEWL.US,D,20230905,000000,1.14,1.14,0.75,0.7699,278353,0
JEWL.US,D,20230906,000000,0.79,1.05,0.75,0.779,206775,0
JEWL.US,D,20230907,000000,0.83,0.8715,0.78,0.807,67113,0
JEWL.US,D,20230908,000000,0.791,0.8512,0.7688,0.8,19694,0
JEWL.US,D,20230911,000000,0.85,0.909,0.8,0.82,35725,0
JEWL.US,D,20230912,000000,0.85,0.85,0.7259,0.78,38446,0
JEWL.US,D,20230913,000000,0.85,0.89,0.75,0.8056,255793,0
JEWL.US,D,20230914,000000,0.836,0.8682,0.79,0.81,36545,0
JEWL.US,D,20230915,000000,0.8499,0.98,0.77,0.98,156027,0
JEWL.US,D,20230918,000000,0.924,0.924,0.8029,0.8512,12554,0
JEWL.US,D,20230919,000000,0.8341,0.932,0.829,0.8413,38411,0
JEWL.US,D,20230920,000000,0.84,0.88,0.77,0.79,56655,0
JEWL.US,D,20230921,000000,0.86,0.86,0.7945,0.824,18998,0
JEWL.US,D,20230922,000000,0.8324,0.8324,0.77,0.77,19828,0
JEWL.US,D,20230925,000000,0.8324,0.8324,0.77,0.78,34091,0
JEWL.US,D,20230926,000000,0.819,0.8299,0.77,0.78122,26171,0
JEWL.US,D,20230927,000000,0.81,0.8299,0.78,0.78,70089,0
JEWL.US,D,20230928,000000,0.829,0.99,0.82,0.8352,2632049,0
JEWL.US,D,20230929,000000,0.8922,0.9566,0.7,0.7,800571,0
JEWL.US,D,20231002,000000,0.7,0.72,0.5496,0.595,489424,0
JEWL.US,D,20231003,000000,0.5771,0.7099,0.5771,0.667,156901,0
JEWL.US,D,20231004,000000,0.7,0.7,0.600101,0.62,87292,0
JEWL.US,D,20231005,000000,0.6101,0.645,0.5722,0.6308,78609,0
JEWL.US,D,20231006,000000,0.69,0.74,0.6301,0.6801,149954,0
JEWL.US,D,20231009,000000,0.6597,0.72,0.6597,0.6907,60955,0
JEWL.US,D,20231010,000000,0.71,0.71,0.648,0.6675,91988,0
JEWL.US,D,20231011,000000,0.65,0.699,0.64,0.656,52725,0
JEWL.US,D,20231012,000000,0.64,0.673783,0.6,0.669,121609,0
JEWL.US,D,20231013,000000,0.6489,0.6665,0.61,0.61,31647,0
JEWL.US,D,20231016,000000,0.6,0.640001,0.5956,0.6111,64815,0
JEWL.US,D,20231017,000000,0.64,0.65,0.609,0.624,23708,0
JEWL.US,D,20231018,000000,0.6011,0.66,0.6011,0.638,71443,0
JEWL.US,D,20231019,000000,0.645051,0.649,0.6078,0.61,43011,0
JEWL.US,D,20231020,000000,0.61,0.66,0.5903,0.636,69145,0
JEWL.US,D,20231023,000000,0.62,0.68,0.59,0.631,155863,0
JEWL.US,D,20231024,000000,0.66,0.6906,0.5929,0.66,108372,0
JEWL.US,D,20231025,000000,0.659899,0.659899,0.58,0.595,85133,0
JEWL.US,D,20231026,000000,0.628,0.628,0.58,0.6,13698,0
JEWL.US,D,20231027,000000,0.6093,0.6093,0.55,0.5701,85245,0
JEWL.US,D,20231030,000000,0.5802,0.6291,0.549,0.5551,19165,0
JEWL.US,D,20231031,000000,0.5334,0.62,0.52,0.576,48103,0
JEWL.US,D,20231101,000000,0.553,0.6,0.545,0.5715,14806,0
JEWL.US,D,20231102,000000,0.56,0.63,0.56,0.63,33836,0
JEWL.US,D,20231103,000000,0.65,0.74,0.648,0.72,167054,0
JEWL.US,D,20231106,000000,0.75,0.75,0.6301,0.6616,19262,0
JEWL.US,D,20231107,000000,0.6311,0.7,0.6311,0.6626,11422,0
JEWL.US,D,20231108,000000,0.6401,0.655,0.59,0.629,139231,0
JEWL.US,D,20231109,000000,0.6301,0.65,0.56,0.5675,154252,0
JEWL.US,D,20231110,000000,0.59,0.61265,0.551,0.5999,77276,0
JEWL.US,D,20231113,000000,0.62,0.62,0.3888,0.51,233132,0
JEWL.US,D,20231114,000000,0.5203,0.5799,0.46,0.480001,113758,0
JEWL.US,D,20231115,000000,0.48,0.56,0.48,0.5013,73424,0
JEWL.US,D,20231116,000000,0.526,0.549999,0.4505,0.4872,49148,0
JEWL.US,D,20231117,000000,0.475,0.5,0.4511,0.5,52768,0
JEWL.US,D,20231120,000000,0.4901,0.549899,0.4901,0.52,67831,0
JEWL.US,D,20231121,000000,0.546,0.57,0.52,0.535,45197,0
JEWL.US,D,20231122,000000,0.5475,0.5999,0.525,0.531,131047,0
JEWL.US,D,20231124,000000,0.532,0.568,0.532,0.559,30016,0
JEWL.US,D,20231127,000000,0.59,0.59,0.5424,0.5424,38190,0
JEWL.US,D,20231128,000000,0.56,0.5999,0.51,0.52,233875,0
JEWL.US,D,20231129,000000,0.52,0.5599,0.52,0.54,62507,0
JEWL.US,D,20231130,000000,0.536825,0.55999,0.4901,0.5249,71111,0
JEWL.US,D,20231201,000000,0.5398,0.5398,0.511,0.5398,58720,0
JEWL.US,D,20231204,000000,0.54,0.559899,0.51,0.5112,66141,0
JEWL.US,D,20231205,000000,0.5211,0.5301,0.492,0.493,60690,0
JEWL.US,D,20231206,000000,0.539,0.54,0.493,0.495,51388,0
JEWL.US,D,20231207,000000,0.504399,0.5088,0.485,0.485,45067,0
JEWL.US,D,20231208,000000,0.5,0.5,0.486,0.5,19520,0
JEWL.US,D,20231211,000000,0.49,0.5306,0.464059,0.4825,62242,0
JEWL.US,D,20231212,000000,0.48,0.51,0.461,0.462,15340,0
JEWL.US,D,20231213,000000,0.462,0.4999,0.44,0.45,41344,0
JEWL.US,D,20231214,000000,0.4725,0.4725,0.442,0.451,27037,0
JEWL.US,D,20231215,000000,0.46,0.54,0.46,0.4842,77017,0
JEWL.US,D,20231218,000000,0.5084,0.55,0.47001,0.515,146500,0
JEWL.US,D,20231219,000000,0.515,0.53,0.4935,0.51,38412,0
JEWL.US,D,20231220,000000,0.53,0.619,0.51,0.57,618075,0
JEWL.US,D,20231221,000000,0.59,0.5985,0.5501,0.5985,55400,0
JEWL.US,D,20231222,000000,0.62,0.6499,0.57,0.61,122266,0
JEWL.US,D,20231226,000000,0.65,0.69,0.6,0.6395,93085,0
JEWL.US,D,20231227,000000,0.635001,0.65,0.56,0.579,128481,0
JEWL.US,D,20231228,000000,0.59,0.68,0.5821,0.6351,172949,0
JEWL.US,D,20231229,000000,0.636,0.65,0.49,0.61,245651,0
JEWL.US,D,20240102,000000,0.6,0.6018,0.5475,0.595,10000,0
JEWL.US,D,20240103,000000,0.5951,0.5951,0.54,0.5786,16491,0
JEWL.US,D,20240104,000000,0.6,0.6,0.5205,0.54,24005,0
JEWL.US,D,20240105,000000,0.567,0.57,0.520001,0.55,37660,0
JEWL.US,D,20240108,000000,0.59,0.59,0.520001,0.579899,112562,0
JEWL.US,D,20240109,000000,0.5625,0.6,0.54,0.57,44313,0
JEWL.US,D,20240110,000000,0.6,0.6,0.55,0.5875,71462,0
JEWL.US,D,20240111,000000,0.5701,0.6,0.57,0.599,14017,0
JEWL.US,D,20240112,000000,0.63,0.6599,0.59001,0.65,106443,0
JEWL.US,D,20240116,000000,0.66,0.68,0.600001,0.67,142171,0
JEWL.US,D,20240117,000000,0.67,0.67,0.64,0.64,23320,0
JEWL.US,D,20240118,000000,0.65,0.67,0.6168,0.649,106002,0
JEWL.US,D,20240119,000000,0.65,0.65,0.5927,0.6224,52629,0
JEWL.US,D,20240122,000000,0.62,0.62,0.55,0.58,134347,0
JEWL.US,D,20240123,000000,0.5855,0.61,0.580001,0.5856,7229,0
JEWL.US,D,20240124,000000,0.61,0.61,0.57,0.572,46183,0
JEWL.US,D,20240125,000000,0.6096,0.61,0.57,0.571,19840,0
JEWL.US,D,20240126,000000,0.6,0.600499,0.56,0.5942,163145,0
JEWL.US,D,20240129,000000,0.598,0.598,0.5205,0.5288,126407,0
JEWL.US,D,20240130,000000,0.52,0.555,0.5,0.55,124897,0
JEWL.US,D,20240131,000000,0.56,0.57,0.5,0.5011,70518,0
JEWL.US,D,20240201,000000,0.5015,0.57,0.49,0.549,61719,0
JEWL.US,D,20240202,000000,0.54,0.54,0.4304,0.49,178644,0
JEWL.US,D,20240205,000000,0.49,0.49,0.43,0.45,76997,0
JEWL.US,D,20240206,000000,0.4556,0.51,0.4555,0.4872,9443,0
JEWL.US,D,20240207,000000,0.5263,0.5263,0.4701,0.5099,44799,0
JEWL.US,D,20240208,000000,0.5,0.5,0.4511,0.4735,19860,0
JEWL.US,D,20240209,000000,0.47,0.49,0.4551,0.49,15434,0
JEWL.US,D,20240212,000000,0.468,0.496789,0.46,0.461,57206,0
JEWL.US,D,20240213,000000,0.462,0.476,0.457,0.4649,51971,0
JEWL.US,D,20240214,000000,0.46,0.5,0.46,0.493,95042,0
JEWL.US,D,20240215,000000,0.493,0.5486,0.493,0.54,80368,0
JEWL.US,D,20240216,000000,0.51,0.55,0.51,0.549,50640,0
JEWL.US,D,20240220,000000,0.55,0.55,0.52,0.55,63284,0
JEWL.US,D,20240221,000000,0.5599,0.5599,0.484,0.5177,94361,0
JEWL.US,D,20240222,000000,0.52,0.55,0.4918,0.5,38269,0
JEWL.US,D,20240223,000000,0.5,0.5249,0.441,0.449876,146239,0
JEWL.US,D,20240226,000000,0.497,0.528,0.4589,0.469,166909,0
JEWL.US,D,20240227,000000,0.46,0.4795,0.4505,0.461,27128,0
JEWL.US,D,20240228,000000,0.461,0.52,0.461,0.5199,92958,0
JEWL.US,D,20240229,000000,0.54,0.547,0.48,0.481,72736,0
JEWL.US,D,20240301,000000,0.504,0.5399,0.504,0.539,12671,0
JEWL.US,D,20240304,000000,0.52,0.598,0.52,0.5665,115648,0
JEWL.US,D,20240305,000000,0.581,0.591,0.5113,0.54,90733,0
JEWL.US,D,20240306,000000,0.54,0.591,0.5175,0.591,96555,0
JEWL.US,D,20240307,000000,0.687,0.74,0.56,0.5922,500525,0
JEWL.US,D,20240308,000000,0.63,0.63,0.511,0.565,177877,0
JEWL.US,D,20240311,000000,0.56,0.565,0.53,0.53,76656,0
JEWL.US,D,20240312,000000,0.5203,0.546,0.45,0.45,129986,0
JEWL.US,D,20240313,000000,0.47,0.5,0.44,0.4551,99289,0
JEWL.US,D,20240314,000000,0.48,0.4999,0.356,0.3804,373461,0
JEWL.US,D,20240315,000000,0.4,0.481899,0.36,0.36,301203,0
JEWL.US,D,20240318,000000,0.38,0.398,0.3312,0.3351,387113,0
JEWL.US,D,20240319,000000,0.349,0.455,0.33,0.3303,234302,0
JEWL.US,D,20240320,000000,0.33,0.3464,0.319,0.3464,110546,0
JEWL.US,D,20240321,000000,0.358,0.3618,0.32,0.327,127571,0
JEWL.US,D,20240322,000000,0.3248,0.34,0.3,0.33,158381,0
JEWL.US,D,20240325,000000,0.3201,0.34,0.32,0.326,97593,0
JEWL.US,D,20240326,000000,0.416,0.49,0.3451,0.43,1515300,0
JEWL.US,D,20240327,000000,0.42,0.43,0.3765,0.43,240738,0
JEWL.US,D,20240328,000000,0.43,0.45,0.4201,0.4365,97391,0
JEWL.US,D,20240401,000000,0.44,0.44,0.4,0.42,54076,0
JEWL.US,D,20240402,000000,0.4,0.41,0.3411,0.354,157435,0
JEWL.US,D,20240403,000000,0.3434,0.4199,0.315,0.375,174404,0
JEWL.US,D,20240404,000000,0.3871,0.3871,0.341,0.374,36749,0
JEWL.US,D,20240405,000000,0.375,0.3927,0.3601,0.3651,30513,0
JEWL.US,D,20240408,000000,0.39,0.42,0.38,0.395,43606,0
JEWL.US,D,20240409,000000,0.38,0.4,0.3553,0.3899,31988,0
JEWL.US,D,20240410,000000,0.3753,0.3977,0.3753,0.38,12691,0
JEWL.US,D,20240411,000000,0.375,0.4,0.3601,0.399,16878,0
JEWL.US,D,20240412,000000,0.3764,0.399,0.3602,0.3832,26034,0
JEWL.US,D,20240415,000000,0.399,0.399,0.3602,0.3602,23679,0
JEWL.US,D,20240416,000000,0.361,0.39,0.361,0.3649,17784,0
JEWL.US,D,20240417,000000,0.3831,0.39,0.362,0.362,5048,0
JEWL.US,D,20240418,000000,0.37,0.37,0.331,0.3499,50068,0
JEWL.US,D,20240419,000000,0.353,0.36,0.332,0.3413,15471,0
JEWL.US,D,20240422,000000,0.362,0.39,0.3445,0.3505,32477,0
JEWL.US,D,20240423,000000,0.3601,0.3781,0.3507,0.354,24419,0
JEWL.US,D,20240424,000000,0.379,0.379,0.305,0.3075,155257,0
JEWL.US,D,20240425,000000,0.301,0.31,0.3,0.306,68551,0
JEWL.US,D,20240426,000000,0.3059,0.3099,0.29,0.3051,62020,0
JEWL.US,D,20240429,000000,0.305,0.35,0.2711,0.2802,61417,0
JEWL.US,D,20240430,000000,0.3192,0.34,0.28,0.3,240332,0
JEWL.US,D,20240501,000000,0.29,0.2901,0.278,0.2833,62967,0
JEWL.US,D,20240502,000000,0.291,0.318,0.2803,0.28555,41916,0
JEWL.US,D,20240503,000000,0.3184,0.3184,0.29,0.2901,9947,0
JEWL.US,D,20240506,000000,0.3,0.305,0.2817,0.2851,37437,0
JEWL.US,D,20240507,000000,0.291,0.339,0.29,0.305,173984,0
JEWL.US,D,20240508,000000,0.305,0.3399,0.29,0.293,35942,0
JEWL.US,D,20240509,000000,0.3,0.31,0.2988,0.3,20871,0
JEWL.US,D,20240510,000000,0.301,0.301,0.2902,0.3,28580,0
JEWL.US,D,20240513,000000,0.2875,0.3306,0.2875,0.3306,39668,0
JEWL.US,D,20240514,000000,0.2875,0.32,0.28,0.29,51748,0
JEWL.US,D,20240515,000000,0.298,0.32,0.275,0.2898,17820,0
JEWL.US,D,20240516,000000,0.29,0.290001,0.285,0.2869,18546,0
JEWL.US,D,20240517,000000,0.285,0.32,0.285,0.289,85458,0
JEWL.US,D,20240520,000000,0.3,0.301,0.2811,0.2855,20290,0
JEWL.US,D,20240521,000000,0.2855,0.31,0.28,0.285,98865,0
JEWL.US,D,20240522,000000,0.307,0.307,0.2825,0.291251,25639,0
JEWL.US,D,20240523,000000,0.282501,0.305,0.282501,0.2826,18584,0
JEWL.US,D,20240524,000000,0.2899,0.31,0.28,0.2997,81341,0
JEWL.US,D,20240528,000000,0.2971,0.2971,0.2852,0.2852,7634,0
JEWL.US,D,20240529,000000,0.285,0.2999,0.2727,0.2992,45473,0
JEWL.US,D,20240530,000000,0.2993,0.4,0.296,0.35,190332,0
JEWL.US,D,20240531,000000,0.3395,0.45,0.3395,0.4059,277632,0
JEWL.US,D,20240603,000000,0.4057,0.4473,0.405,0.4077,30885,0
JEWL.US,D,20240604,000000,0.4,0.4057,0.3618,0.3971,15268,0
JEWL.US,D,20240605,000000,0.3955,0.3971,0.2713,0.2977,227468,0
JEWL.US,D,20240606,000000,0.2888,0.3328,0.2888,0.3033,36501,0
JEWL.US,D,20240607,000000,0.3,0.318501,0.28,0.2801,141933,0
JEWL.US,D,20240610,000000,0.28,0.3137,0.2649,0.284,157114,0
JEWL.US,D,20240611,000000,0.2982,0.3,0.284,0.288,14647,0
JEWL.US,D,20240612,000000,0.29,0.31,0.27,0.2924,189267,0
JEWL.US,D,20240613,000000,0.2943,0.299899,0.2303,0.2451,161110,0
JEWL.US,D,20240614,000000,0.2595,0.39,0.24,0.2551,1258602,0
JEWL.US,D,20240617,000000,0.2576,0.2576,0.2428,0.255,77454,0
JEWL.US,D,20240618,000000,0.259,0.2787,0.2575,0.2652,63056,0
JEWL.US,D,20240620,000000,0.2843,0.298,0.2538,0.2631,55304,0
JEWL.US,D,20240621,000000,0.2547,0.275,0.2315,0.2557,263866,0
JEWL.US,D,20240624,000000,0.2551,0.3,0.2551,0.270101,17253,0
JEWL.US,D,20240625,000000,0.287,0.3,0.2448,0.264,22542,0
JEWL.US,D,20240626,000000,0.2896,0.2896,0.255,0.269,26943,0
JEWL.US,D,20240627,000000,0.266,0.266,0.235,0.251,45793,0
JEWL.US,D,20240628,000000,0.252,0.28,0.17,0.257,61200,0
JEWL.US,D,20240701,000000,0.2698,0.2698,0.2467,0.2467,38221,0
JEWL.US,D,20240702,000000,0.2466,0.26,0.2401,0.244,20082,0
JEWL.US,D,20240703,000000,0.236,0.55,0.236,0.4615,6584101,0
JEWL.US,D,20240705,000000,0.4032,0.4032,0.35,0.3651,832868,0
JEWL.US,D,20240708,000000,0.365,0.5111,0.332,0.3809,821202,0
JEWL.US,D,20240709,000000,0.38,0.399,0.3601,0.372,119558,0
JEWL.US,D,20240710,000000,0.4,0.5344,0.3717,0.476,1004425,0
JEWL.US,D,20240711,000000,0.4617,0.4865,0.43,0.43,185376,0
JEWL.US,D,20240712,000000,0.4299,0.44,0.4205,0.439,84430,0
JEWL.US,D,20240715,000000,0.4389,0.469999,0.4215,0.4452,101574,0
JEWL.US,D,20240716,000000,0.46,0.4695,0.33,0.33,275379,0
JEWL.US,D,20240717,000000,0.3299,0.33,0.295199,0.33,283119,0
JEWL.US,D,20240718,000000,0.3299,0.3467,0.3207,0.321,112792,0
JEWL.US,D,20240719,000000,0.3248,0.334332,0.313,0.313,54378,0
JEWL.US,D,20240722,000000,0.328,0.3465,0.2919,0.33,44519,0
JEWL.US,D,20240723,000000,0.335,0.3995,0.3201,0.3814,125232,0
JEWL.US,D,20240724,000000,0.38,0.3995,0.3661,0.3985,248726,0
JEWL.US,D,20240725,000000,0.3995,0.44,0.375,0.411,167547,0
JEWL.US,D,20240726,000000,0.4087,0.439,0.38,0.438,109391,0
JEWL.US,D,20240729,000000,0.4256,0.438,0.375,0.4148,80753,0
JEWL.US,D,20240730,000000,0.4101,0.4241,0.381,0.42,89149,0
JEWL.US,D,20240731,000000,0.408,0.46,0.375,0.46,118380,0
JEWL.US,D,20240801,000000,0.46,0.47,0.4411,0.449,58559,0
JEWL.US,D,20240802,000000,0.449,0.47,0.407,0.431,88989,0
JEWL.US,D,20240805,000000,0.39,0.483,0.3515,0.465,193218,0
JEWL.US,D,20240806,000000,0.4611,0.4836,0.4,0.4836,73121,0
JEWL.US,D,20240807,000000,0.497,0.5,0.4014,0.4391,106939,0
JEWL.US,D,20240808,000000,0.4566,0.4566,0.39,0.4475,42468,0
JEWL.US,D,20240809,000000,0.4241,0.437,0.3598,0.4228,50488,0
JEWL.US,D,20240812,000000,0.4,0.402,0.32,0.3457,125026,0
JEWL.US,D,20240813,000000,0.338,0.3595,0.3221,0.3595,108678,0
JEWL.US,D,20240814,000000,0.369,0.369,0.3523,0.36,2757,0
JEWL.US,D,20240815,000000,0.3301,0.3725,0.3301,0.3653,88398,0
JEWL.US,D,20240816,000000,0.36,0.366,0.34,0.35,10290,0
JEWL.US,D,20240819,000000,0.35,0.3695,0.330201,0.3695,29984,0
JEWL.US,D,20240820,000000,0.389,0.43,0.389,0.4245,54351,0
JEWL.US,D,20240821,000000,0.4,0.43,0.39,0.4127,14305,0
JEWL.US,D,20240822,000000,0.38,0.4499,0.38,0.4489,92067,0
JEWL.US,D,20240823,000000,0.4489,0.4489,0.3912,0.4477,69734,0
JEWL.US,D,20240826,000000,0.41,0.45,0.4013,0.4485,15206,0
JEWL.US,D,20240827,000000,0.433,0.4485,0.4,0.4485,18194,0
JEWL.US,D,20240828,000000,0.45,0.45,0.413,0.4346,5204,0
JEWL.US,D,20240829,000000,0.426099,0.45,0.4022,0.4476,29668,0
JEWL.US,D,20240830,000000,0.41,0.42,0.391,0.4028,27722,0
JEWL.US,D,20240903,000000,0.391,0.42,0.3801,0.3801,16009,0
JEWL.US,D,20240904,000000,0.43,0.43,0.2917,0.2917,256275,0
