<TICKER>,<PER>,<DATE>,<TIME>,<OPEN>,<HIGH>,<LOW>,<CLOSE>,<VOL>,<OPENINT>
JTAIW.US,D,20211005,000000,0.4,0.4,0.32,0.37,539360,0
JTAIW.US,D,20211006,000000,0.38,0.38,0.38,0.38,217,0
JTAIW.US,D,20211008,000000,0.3799,0.3799,0.3799,0.3799,202,0
JTAIW.US,D,20211011,000000,0.37,0.3775,0.3676,0.375,76600,0
JTAIW.US,D,20211012,000000,0.3799,0.3799,0.3401,0.3401,135140,0
JTAIW.US,D,20211013,000000,0.34,0.3501,0.339899,0.3501,59300,0
JTAIW.US,D,20211014,000000,0.35,0.3511,0.34505,0.3499,175434,0
JTAIW.US,D,20211015,000000,0.35,0.3502,0.3421,0.35,184725,0
JTAIW.US,D,20211018,000000,0.352,0.3601,0.3495,0.3599,105800,0
JTAIW.US,D,20211019,000000,0.36,0.363317,0.352,0.355,206714,0
JTAIW.US,D,20211020,000000,0.355,0.36,0.355,0.36,24986,0
JTAIW.US,D,20211021,000000,0.36,0.43,0.358,0.4097,284124,0
JTAIW.US,D,20211022,000000,0.37,0.44,0.36,0.43,119701,0
JTAIW.US,D,20211025,000000,0.43,0.4301,0.43,0.4301,85168,0
JTAIW.US,D,20211026,000000,0.43,0.43,0.39,0.427399,77100,0
JTAIW.US,D,20211027,000000,0.4311,0.4311,0.43,0.43,31500,0
JTAIW.US,D,20211028,000000,0.4395,0.45,0.4395,0.45,148100,0
JTAIW.US,D,20211029,000000,0.45,0.455,0.44,0.44,266690,0
JTAIW.US,D,20211101,000000,0.44,0.46,0.426049,0.4592,123427,0
JTAIW.US,D,20211102,000000,0.4596,0.4799,0.4596,0.479,233751,0
JTAIW.US,D,20211103,000000,0.479799,0.4892,0.479799,0.4869,36706,0
JTAIW.US,D,20211104,000000,0.49,0.5,0.4501,0.46,132221,0
JTAIW.US,D,20211105,000000,0.461,0.51,0.45,0.4721,280609,0
JTAIW.US,D,20211108,000000,0.4751,0.5064,0.4751,0.48,144172,0
JTAIW.US,D,20211109,000000,0.4999,0.51,0.47,0.47,244328,0
JTAIW.US,D,20211110,000000,0.47,0.4874,0.47,0.484,26232,0
JTAIW.US,D,20211111,000000,0.49,0.49,0.476,0.48,32515,0
JTAIW.US,D,20211112,000000,0.48,0.4895,0.459935,0.479651,59159,0
JTAIW.US,D,20211115,000000,0.4888,0.51,0.4851,0.5099,39317,0
JTAIW.US,D,20211116,000000,0.51,0.6199,0.472,0.55,588982,0
JTAIW.US,D,20211117,000000,0.561,0.57,0.539501,0.5411,240404,0
JTAIW.US,D,20211118,000000,0.5393,0.5679,0.5193,0.55,97001,0
JTAIW.US,D,20211119,000000,0.553,0.553,0.5329,0.533,27040,0
JTAIW.US,D,20211122,000000,0.52,0.52,0.49,0.5,91327,0
JTAIW.US,D,20211123,000000,0.4901,0.4902,0.4814,0.485,58775,0
JTAIW.US,D,20211124,000000,0.482,0.5079,0.4701,0.4799,55053,0
JTAIW.US,D,20211126,000000,0.4798,0.48,0.478,0.478,3697,0
JTAIW.US,D,20211129,000000,0.5,0.5044,0.45,0.4749,75926,0
JTAIW.US,D,20211130,000000,0.4701,0.4701,0.455,0.4602,35700,0
JTAIW.US,D,20211201,000000,0.48,0.4895,0.465,0.4651,38551,0
JTAIW.US,D,20211202,000000,0.465,0.488,0.465,0.480101,19709,0
JTAIW.US,D,20211203,000000,0.48011,0.5199,0.4799,0.4997,21140,0
JTAIW.US,D,20211206,000000,0.5099,0.5099,0.46,0.4986,14211,0
JTAIW.US,D,20211207,000000,0.4601,0.5395,0.4601,0.4999,3336,0
JTAIW.US,D,20211208,000000,0.480712,0.480712,0.46,0.463,23260,0
JTAIW.US,D,20211209,000000,0.4618,0.488214,0.4618,0.4622,3555,0
JTAIW.US,D,20211210,000000,0.4601,0.4746,0.4401,0.4402,129607,0
JTAIW.US,D,20211213,000000,0.46542,0.46542,0.4411,0.46,3300,0
JTAIW.US,D,20211214,000000,0.45,0.4592,0.41013,0.42,178544,0
JTAIW.US,D,20211215,000000,0.4499,0.45,0.42,0.44,77304,0
JTAIW.US,D,20211216,000000,0.420101,0.420101,0.420101,0.420101,524,0
JTAIW.US,D,20211217,000000,0.4102,0.429951,0.399899,0.429951,34300,0
JTAIW.US,D,20211220,000000,0.3901,0.4,0.39,0.39,19671,0
JTAIW.US,D,20211221,000000,0.41,0.417,0.4,0.417,6742,0
JTAIW.US,D,20211222,000000,0.43,0.43,0.400201,0.4299,17500,0
JTAIW.US,D,20211223,000000,0.415,0.4199,0.4001,0.4001,26000,0
JTAIW.US,D,20211227,000000,0.4,0.4,0.4,0.4,6300,0
JTAIW.US,D,20211228,000000,0.42,0.424975,0.3814,0.404253,15250,0
JTAIW.US,D,20211229,000000,0.4,0.4399,0.4,0.41995,10650,0
JTAIW.US,D,20211230,000000,0.429449,0.429449,0.3901,0.4189,18204,0
JTAIW.US,D,20211231,000000,0.4199,0.4199,0.4048,0.4048,3000,0
JTAIW.US,D,20220103,000000,0.3901,0.419799,0.39,0.419799,638,0
JTAIW.US,D,20220104,000000,0.4,0.4,0.39,0.39,5400,0
JTAIW.US,D,20220105,000000,0.39,0.40995,0.39,0.4,5950,0
JTAIW.US,D,20220106,000000,0.39,0.3902,0.39,0.39,9400,0
JTAIW.US,D,20220107,000000,0.4149,0.4149,0.4,0.4,1300,0
JTAIW.US,D,20220110,000000,0.404999,0.404999,0.3701,0.3703,36450,0
JTAIW.US,D,20220111,000000,0.4,0.4,0.37,0.3702,2600,0
JTAIW.US,D,20220112,000000,0.3701,0.39,0.37,0.3702,14733,0
JTAIW.US,D,20220113,000000,0.3701,0.3999,0.37,0.384999,30300,0
JTAIW.US,D,20220114,000000,0.3701,0.3701,0.3701,0.3701,1749,0
JTAIW.US,D,20220118,000000,0.3606,0.37,0.3606,0.37,625,0
JTAIW.US,D,20220119,000000,0.37,0.37,0.3451,0.3453,18735,0
JTAIW.US,D,20220120,000000,0.3501,0.36,0.3302,0.3402,15014,0
JTAIW.US,D,20220121,000000,0.330101,0.330101,0.330101,0.330101,403,0
JTAIW.US,D,20220124,000000,0.3201,0.3202,0.29,0.2994,20855,0
JTAIW.US,D,20220125,000000,0.2987,0.3344,0.2987,0.3344,12390,0
JTAIW.US,D,20220126,000000,0.3048,0.34,0.3047,0.32,5300,0
JTAIW.US,D,20220127,000000,0.3397,0.3397,0.2925,0.2925,106003,0
JTAIW.US,D,20220128,000000,0.2881,0.3039,0.2881,0.3039,12201,0
JTAIW.US,D,20220131,000000,0.2881,0.3048,0.2881,0.29,7700,0
JTAIW.US,D,20220201,000000,0.2824,0.3,0.2823,0.3,6526,0
JTAIW.US,D,20220202,000000,0.2999,0.3,0.2999,0.3,4460,0
JTAIW.US,D,20220203,000000,0.3,0.3192,0.3,0.3001,24000,0
JTAIW.US,D,20220204,000000,0.300101,0.300278,0.3,0.3,1250,0
JTAIW.US,D,20220207,000000,0.3,0.3,0.3,0.3,1240,0
JTAIW.US,D,20220208,000000,0.2899,0.29,0.28,0.29,20010,0
JTAIW.US,D,20220209,000000,0.29,0.29,0.28,0.28,2300,0
JTAIW.US,D,20220210,000000,0.26,0.2801,0.26,0.27,4845,0
JTAIW.US,D,20220211,000000,0.2701,0.28,0.27,0.28,4300,0
JTAIW.US,D,20220214,000000,0.28,0.28,0.28,0.28,500,0
JTAIW.US,D,20220215,000000,0.279799,0.28,0.26,0.27,7155,0
JTAIW.US,D,20220216,000000,0.2601,0.28,0.26,0.27,2365,0
JTAIW.US,D,20220217,000000,0.27,0.27,0.27,0.27,55200,0
JTAIW.US,D,20220218,000000,0.27,0.27,0.27,0.27,346,0
JTAIW.US,D,20220222,000000,0.27,0.27,0.25,0.25,1400,0
JTAIW.US,D,20220223,000000,0.22,0.26,0.22,0.23,1562,0
JTAIW.US,D,20220224,000000,0.180201,0.2302,0.1802,0.222,8339,0
JTAIW.US,D,20220225,000000,0.234,0.234,0.1902,0.1953,16450,0
JTAIW.US,D,20220228,000000,0.2031,0.22,0.2031,0.2076,7450,0
JTAIW.US,D,20220301,000000,0.21,0.21287,0.2073,0.21287,750,0
JTAIW.US,D,20220302,000000,0.2,0.2198,0.2,0.21,8300,0
JTAIW.US,D,20220303,000000,0.218,0.218,0.218,0.218,1200,0
JTAIW.US,D,20220304,000000,0.2199,0.2199,0.19,0.2,2300,0
JTAIW.US,D,20220307,000000,0.2199,0.2199,0.2199,0.2199,201,0
JTAIW.US,D,20220308,000000,0.22,0.22,0.22,0.22,200,0
JTAIW.US,D,20220309,000000,0.2399,0.24,0.19,0.2298,4010,0
JTAIW.US,D,20220310,000000,0.2299,0.23,0.2299,0.2299,2700,0
JTAIW.US,D,20220311,000000,0.218135,0.2279,0.218135,0.2279,402,0
JTAIW.US,D,20220314,000000,0.2289,0.2289,0.196499,0.196499,21600,0
JTAIW.US,D,20220315,000000,0.2001,0.206004,0.2,0.2,300,0
JTAIW.US,D,20220316,000000,0.2,0.2,0.19,0.19,3020,0
JTAIW.US,D,20220317,000000,0.19005,0.1999,0.173249,0.19,15270,0
JTAIW.US,D,20220318,000000,0.1979,0.1979,0.18117,0.194294,707,0
JTAIW.US,D,20220321,000000,0.193,0.1931,0.193,0.1931,1562,0
JTAIW.US,D,20220322,000000,0.19,0.1999,0.19,0.1999,500,0
JTAIW.US,D,20220323,000000,0.1999,0.1999,0.170101,0.1999,5400,0
JTAIW.US,D,20220324,000000,0.18,0.2,0.1777,0.19,7158,0
JTAIW.US,D,20220325,000000,0.1862,0.2099,0.1721,0.18,31652,0
JTAIW.US,D,20220328,000000,0.17,0.19,0.17,0.1869,1694,0
JTAIW.US,D,20220329,000000,0.17,0.2099,0.17,0.172,12002,0
JTAIW.US,D,20220330,000000,0.19,0.19,0.181,0.188,1700,0
JTAIW.US,D,20220331,000000,0.19,0.19,0.1514,0.162,34661,0
JTAIW.US,D,20220401,000000,0.1773,0.177401,0.1706,0.1772,3000,0
JTAIW.US,D,20220404,000000,0.1989,0.1989,0.175,0.175,1701,0
JTAIW.US,D,20220405,000000,0.1905,0.1989,0.175,0.1881,5099,0
JTAIW.US,D,20220406,000000,0.18245,0.1899,0.166,0.175,22902,0
JTAIW.US,D,20220407,000000,0.1749,0.175,0.1697,0.175,8965,0
JTAIW.US,D,20220408,000000,0.17,0.1796,0.17,0.1796,11896,0
JTAIW.US,D,20220411,000000,0.18,0.18,0.18,0.18,600,0
JTAIW.US,D,20220412,000000,0.18,0.18,0.1698,0.17,2862,0
JTAIW.US,D,20220413,000000,0.17,0.1749,0.17,0.1749,3498,0
JTAIW.US,D,20220414,000000,0.179951,0.179951,0.17,0.1701,1400,0
JTAIW.US,D,20220419,000000,0.18,0.18,0.18,0.18,600,0
JTAIW.US,D,20220420,000000,0.1701,0.1701,0.165,0.1701,27550,0
JTAIW.US,D,20220421,000000,0.18,0.1899,0.18,0.1899,3100,0
JTAIW.US,D,20220422,000000,0.165,0.1899,0.165,0.1899,3000,0
JTAIW.US,D,20220425,000000,0.184951,0.1899,0.180101,0.180101,2410,0
JTAIW.US,D,20220426,000000,0.1801,0.19,0.18,0.19,1700,0
JTAIW.US,D,20220427,000000,0.1802,0.180219,0.1656,0.1656,1400,0
JTAIW.US,D,20220428,000000,0.1656,0.1796,0.1656,0.1656,2050,0
JTAIW.US,D,20220429,000000,0.1796,0.1796,0.170101,0.170101,1900,0
JTAIW.US,D,20220502,000000,0.1796,0.1796,0.1796,0.1796,600,0
JTAIW.US,D,20220505,000000,0.16,0.1794,0.151,0.1794,4800,0
JTAIW.US,D,20220510,000000,0.15001,0.1791,0.15,0.1791,6600,0
JTAIW.US,D,20220511,000000,0.16,0.1787,0.16,0.1747,1300,0
JTAIW.US,D,20220512,000000,0.16,0.1725,0.16,0.17,1000,0
JTAIW.US,D,20220520,000000,0.1401,0.1499,0.14,0.1499,2302,0
JTAIW.US,D,20220523,000000,0.12,0.13,0.12,0.125,3904,0
JTAIW.US,D,20220524,000000,0.13,0.13,0.1279,0.128,2900,0
JTAIW.US,D,20220525,000000,0.126,0.126,0.126,0.126,1000,0
JTAIW.US,D,20220526,000000,0.12,0.126,0.12,0.126,3995,0
JTAIW.US,D,20220527,000000,0.126,0.126,0.1167,0.126,10745,0
JTAIW.US,D,20220531,000000,0.1201,0.1259,0.12,0.125,10900,0
JTAIW.US,D,20220602,000000,0.125,0.125,0.125,0.125,1500,0
JTAIW.US,D,20220603,000000,0.12,0.13,0.12,0.12,66800,0
JTAIW.US,D,20220606,000000,0.12,0.1258,0.12,0.1258,932,0
JTAIW.US,D,20220607,000000,0.1101,0.1101,0.11,0.1101,2800,0
JTAIW.US,D,20220608,000000,0.0976,0.1199,0.0976,0.1199,2100,0
JTAIW.US,D,20220609,000000,0.119,0.119,0.119,0.119,600,0
JTAIW.US,D,20220610,000000,0.119,0.119,0.119,0.119,600,0
JTAIW.US,D,20220613,000000,0.118,0.118,0.110098,0.110098,11000,0
JTAIW.US,D,20220614,000000,0.1179,0.118,0.0998,0.0998,13701,0
JTAIW.US,D,20220615,000000,0.11,0.11,0.11,0.11,25000,0
JTAIW.US,D,20220616,000000,0.11,0.11,0.105,0.1051,16000,0
JTAIW.US,D,20220617,000000,0.117,0.117,0.117,0.117,500,0
JTAIW.US,D,20220621,000000,0.11,0.117,0.11,0.117,1700,0
JTAIW.US,D,20220623,000000,0.1169,0.117,0.11,0.110017,36710,0
JTAIW.US,D,20220624,000000,0.11,0.11,0.0938,0.11,133300,0
JTAIW.US,D,20220627,000000,0.11,0.1125,0.11,0.1125,79100,0
JTAIW.US,D,20220629,000000,0.10625,0.11,0.10625,0.109,3900,0
JTAIW.US,D,20220630,000000,0.109,0.109,0.109,0.109,820,0
JTAIW.US,D,20220701,000000,0.1,0.100101,0.1,0.100101,2300,0
JTAIW.US,D,20220705,000000,0.1,0.105,0.1,0.105,1100,0
JTAIW.US,D,20220706,000000,0.1,0.1,0.1,0.1,600,0
JTAIW.US,D,20220708,000000,0.0999,0.0999,0.094899,0.094899,1800,0
JTAIW.US,D,20220712,000000,0.09,0.09,0.08,0.08,600,0
JTAIW.US,D,20220713,000000,0.08,0.08,0.075,0.0799,5700,0
JTAIW.US,D,20220715,000000,0.0701,0.0701,0.07,0.070001,500,0
JTAIW.US,D,20220718,000000,0.07,0.08,0.07,0.08,850,0
JTAIW.US,D,20220719,000000,0.0788,0.0788,0.0552,0.0558,14400,0
JTAIW.US,D,20220727,000000,0.060101,0.068101,0.060101,0.068101,2701,0
JTAIW.US,D,20220808,000000,0.0639,0.0639,0.061,0.0624,14200,0
JTAIW.US,D,20220809,000000,0.061,0.0699,0.061,0.0699,27157,0
JTAIW.US,D,20220810,000000,0.07,0.07,0.07,0.07,600,0
JTAIW.US,D,20220811,000000,0.07,0.0724,0.0699,0.0699,11200,0
JTAIW.US,D,20220812,000000,0.0699,0.0699,0.0699,0.0699,600,0
JTAIW.US,D,20220815,000000,0.0699,0.0699,0.0501,0.0505,39900,0
JTAIW.US,D,20220819,000000,0.0505,0.0505,0.0468,0.0468,38940,0
JTAIW.US,D,20220822,000000,0.0639,0.064,0.045,0.045,39228,0
JTAIW.US,D,20220823,000000,0.0463,0.0466,0.0401,0.0411,52740,0
JTAIW.US,D,20220824,000000,0.04,0.04,0.0399,0.0399,26670,0
JTAIW.US,D,20220825,000000,0.0439,0.0515,0.0439,0.0484,2800,0
JTAIW.US,D,20220826,000000,0.0501,0.0549,0.05,0.0549,1800,0
JTAIW.US,D,20220829,000000,0.06,0.0601,0.0575,0.0576,5044,0
JTAIW.US,D,20220830,000000,0.0575,0.06,0.0575,0.06,1267,0
JTAIW.US,D,20220831,000000,0.06,0.0601,0.0575,0.0575,4300,0
JTAIW.US,D,20220901,000000,0.06,0.06,0.055,0.055,12633,0
JTAIW.US,D,20220902,000000,0.06,0.06,0.06,0.06,600,0
JTAIW.US,D,20220907,000000,0.06,0.06,0.06,0.06,600,0
JTAIW.US,D,20220908,000000,0.06,0.06,0.06,0.06,600,0
JTAIW.US,D,20220909,000000,0.06,0.06,0.06,0.06,600,0
JTAIW.US,D,20220912,000000,0.0619,0.0619,0.056001,0.0561,600,0
JTAIW.US,D,20220913,000000,0.06,0.06,0.056,0.0562,1810,0
JTAIW.US,D,20220914,000000,0.05,0.05,0.05,0.05,600,0
JTAIW.US,D,20220915,000000,0.0452,0.056,0.0452,0.056,1500,0
JTAIW.US,D,20220916,000000,0.05,0.0514,0.05,0.051,1800,0
JTAIW.US,D,20220920,000000,0.045201,0.0533,0.045201,0.0533,3000,0
JTAIW.US,D,20220921,000000,0.0499,0.0499,0.0499,0.0499,600,0
JTAIW.US,D,20220927,000000,0.044951,0.0499,0.04,0.04,42800,0
JTAIW.US,D,20220929,000000,0.0499,0.0499,0.0499,0.0499,600,0
JTAIW.US,D,20220930,000000,0.0401,0.0401,0.0401,0.0401,12000,0
JTAIW.US,D,20221003,000000,0.044,0.044101,0.044,0.044,1900,0
JTAIW.US,D,20221004,000000,0.04,0.040001,0.0041,0.0041,2280,0
JTAIW.US,D,20221010,000000,0.0075,0.0075,0.0075,0.0075,200,0
JTAIW.US,D,20221012,000000,0.0102,0.015,0.0102,0.015,1600,0
JTAIW.US,D,20221013,000000,0.018,0.0184,0.0171,0.0184,800,0
JTAIW.US,D,20221025,000000,0.0275,0.0275,0.025701,0.025701,6147,0
JTAIW.US,D,20221027,000000,0.0253,0.0253,0.0253,0.0253,3040,0
JTAIW.US,D,20221028,000000,0.039799,0.0399,0.03,0.0311,5840,0
JTAIW.US,D,20221031,000000,0.0275,0.039,0.0275,0.039,1065,0
JTAIW.US,D,20221102,000000,0.0348,0.0349,0.0277,0.03239,18970,0
JTAIW.US,D,20221103,000000,0.0324,0.0324,0.0253,0.0308,62000,0
JTAIW.US,D,20221107,000000,0.03,0.03,0.03,0.03,3000,0
JTAIW.US,D,20221108,000000,0.03,0.03525,0.025,0.0351,45239,0
JTAIW.US,D,20221109,000000,0.0375,0.0401,0.037,0.0401,79282,0
JTAIW.US,D,20221110,000000,0.04,0.043436,0.04,0.0425,25815,0
JTAIW.US,D,20221114,000000,0.04,0.04,0.0398,0.0398,12333,0
JTAIW.US,D,20221115,000000,0.0409,0.041,0.0409,0.041,200,0
JTAIW.US,D,20221116,000000,0.0468,0.0468,0.0468,0.0468,100,0
JTAIW.US,D,20221117,000000,0.0487,0.0487,0.04,0.04,1191,0
JTAIW.US,D,20221118,000000,0.040101,0.040101,0.040101,0.040101,600,0
JTAIW.US,D,20221121,000000,0.05,0.05,0.05,0.05,10000,0
JTAIW.US,D,20221123,000000,0.04,0.04,0.04,0.04,31541,0
JTAIW.US,D,20221128,000000,0.05,0.05,0.05,0.05,10000,0
JTAIW.US,D,20221129,000000,0.04,0.04,0.04,0.04,150,0
JTAIW.US,D,20221130,000000,0.04,0.04,0.0351,0.0351,35892,0
JTAIW.US,D,20221202,000000,0.0315,0.0315,0.03,0.03,28100,0
JTAIW.US,D,20221205,000000,0.0357,0.0357,0.03,0.0301,23200,0
JTAIW.US,D,20221207,000000,0.0356,0.0356,0.0301,0.0301,900,0
JTAIW.US,D,20221213,000000,0.034,0.034,0.034,0.034,1000,0
JTAIW.US,D,20221215,000000,0.0301,0.0301,0.0301,0.0301,19001,0
JTAIW.US,D,20221216,000000,0.0325,0.0325,0.0325,0.0325,100,0
JTAIW.US,D,20221220,000000,0.033,0.04,0.0294,0.030301,43337,0
JTAIW.US,D,20221222,000000,0.0302,0.0302,0.0302,0.0302,1800,0
JTAIW.US,D,20221223,000000,0.0302,0.0311,0.0302,0.0311,2500,0
JTAIW.US,D,20221227,000000,0.025,0.025,0.0241,0.0249,69750,0
JTAIW.US,D,20221229,000000,0.0231,0.02425,0.0231,0.0235,8514,0
JTAIW.US,D,20221230,000000,0.032,0.032,0.023501,0.032,4500,0
JTAIW.US,D,20230105,000000,0.02675,0.02675,0.02675,0.02675,200,0
JTAIW.US,D,20230106,000000,0.0301,0.0301,0.0301,0.0301,25716,0
JTAIW.US,D,20230109,000000,0.0275,0.0352,0.0275,0.0352,20741,0
JTAIW.US,D,20230112,000000,0.0275,0.035,0.0271,0.0276,37929,0
JTAIW.US,D,20230113,000000,0.035,0.035,0.0313,0.035,15000,0
JTAIW.US,D,20230119,000000,0.0275,0.0275,0.0275,0.0275,200,0
JTAIW.US,D,20230120,000000,0.0349,0.0349,0.0349,0.0349,7823,0
JTAIW.US,D,20230125,000000,0.0387,0.0387,0.0378,0.0378,10300,0
JTAIW.US,D,20230130,000000,0.0385,0.0395,0.0338,0.0385,124030,0
JTAIW.US,D,20230201,000000,0.0385,0.0385,0.035,0.035,18400,0
JTAIW.US,D,20230206,000000,0.04,0.05,0.0355,0.05,43100,0
JTAIW.US,D,20230207,000000,0.04,0.0401,0.0312,0.0312,3100,0
JTAIW.US,D,20230208,000000,0.0428,0.0428,0.0427,0.0427,200,0
JTAIW.US,D,20230209,000000,0.0313,0.04,0.031,0.038736,61445,0
JTAIW.US,D,20230210,000000,0.03675,0.0385,0.03675,0.0385,1200,0
JTAIW.US,D,20230213,000000,0.035,0.0399,0.035,0.0399,250750,0
JTAIW.US,D,20230214,000000,0.0375,0.0404,0.0375,0.0404,26923,0
JTAIW.US,D,20230215,000000,0.04,0.04,0.0375,0.0397,109950,0
JTAIW.US,D,20230221,000000,0.0425,0.0456,0.0408,0.0425,94461,0
JTAIW.US,D,20230224,000000,0.0351,0.0354,0.0351,0.0354,10656,0
JTAIW.US,D,20230228,000000,0.0525,0.0553,0.0352,0.0411,147115,0
JTAIW.US,D,20230301,000000,0.0416,0.0448,0.0416,0.0448,3251,0
JTAIW.US,D,20230302,000000,0.0435,0.0461,0.0423,0.0461,34826,0
JTAIW.US,D,20230303,000000,0.047,0.055,0.047,0.048301,35149,0
JTAIW.US,D,20230306,000000,0.0599,0.0599,0.0589,0.059,3484,0
JTAIW.US,D,20230307,000000,0.050101,0.0599,0.050101,0.059801,7310,0
JTAIW.US,D,20230308,000000,0.06,0.06,0.06,0.06,1400,0
JTAIW.US,D,20230309,000000,0.06,0.07,0.06,0.07,18679,0
JTAIW.US,D,20230310,000000,0.065,0.066,0.065,0.065101,2283,0
JTAIW.US,D,20230314,000000,0.065,0.065,0.065,0.065,2067,0
JTAIW.US,D,20230315,000000,0.0684,0.07,0.0673,0.07,9380,0
JTAIW.US,D,20230316,000000,0.075,0.075,0.065,0.0652,9600,0
JTAIW.US,D,20230320,000000,0.0651,0.0651,0.065001,0.065001,850,0
JTAIW.US,D,20230321,000000,0.0675,0.07,0.0675,0.07,600,0
JTAIW.US,D,20230322,000000,0.069899,0.069899,0.0651,0.0651,34304,0
JTAIW.US,D,20230323,000000,0.065201,0.07,0.065201,0.065201,1000,0
JTAIW.US,D,20230324,000000,0.0652,0.0652,0.0652,0.0652,200,0
JTAIW.US,D,20230327,000000,0.0662,0.0662,0.0651,0.0651,20000,0
JTAIW.US,D,20230328,000000,0.0661,0.0661,0.0651,0.0652,2540,0
JTAIW.US,D,20230329,000000,0.0652,0.0662,0.0651,0.0652,24732,0
JTAIW.US,D,20230331,000000,0.0662,0.0662,0.0652,0.0656,2820,0
JTAIW.US,D,20230403,000000,0.0652,0.0661,0.0484,0.05,66512,0
JTAIW.US,D,20230410,000000,0.06,0.06,0.06,0.06,12179,0
JTAIW.US,D,20230411,000000,0.06,0.06,0.06,0.06,300,0
JTAIW.US,D,20230412,000000,0.06,0.0606,0.0598,0.06,3252,0
JTAIW.US,D,20230413,000000,0.061,0.061,0.0558,0.0558,690,0
JTAIW.US,D,20230417,000000,0.051,0.051,0.051,0.051,25000,0
JTAIW.US,D,20230425,000000,0.0482,0.06,0.0475,0.0475,5436,0
JTAIW.US,D,20230427,000000,0.06,0.06,0.06,0.06,1004,0
JTAIW.US,D,20230428,000000,0.0596,0.0596,0.0596,0.0596,213,0
JTAIW.US,D,20230501,000000,0.0576,0.0576,0.052,0.052,440,0
JTAIW.US,D,20230503,000000,0.0502,0.0502,0.047,0.047,7672,0
JTAIW.US,D,20230505,000000,0.047,0.047,0.047,0.047,1450,0
JTAIW.US,D,20230508,000000,0.047,0.05,0.047,0.05,49370,0
JTAIW.US,D,20230519,000000,0.0488,0.05,0.0488,0.05,500,0
JTAIW.US,D,20230522,000000,0.049899,0.05,0.0471,0.0471,32663,0
JTAIW.US,D,20230523,000000,0.047,0.047,0.047,0.047,24232,0
JTAIW.US,D,20230524,000000,0.0475,0.0475,0.047,0.0475,35228,0
JTAIW.US,D,20230525,000000,0.047,0.047,0.047,0.047,35196,0
JTAIW.US,D,20230526,000000,0.0425,0.0425,0.0425,0.0425,5796,0
JTAIW.US,D,20230530,000000,0.0425,0.0427,0.0425,0.0425,6100,0
JTAIW.US,D,20230531,000000,0.040101,0.040101,0.040101,0.040101,1000,0
JTAIW.US,D,20230601,000000,0.04,0.04,0.04,0.04,23054,0
JTAIW.US,D,20230602,000000,0.0457,0.0457,0.030101,0.031,2371,0
JTAIW.US,D,20230605,000000,0.0315,0.0315,0.0315,0.0315,12643,0
JTAIW.US,D,20230606,000000,0.0349,0.0365,0.0338,0.0365,4181,0
JTAIW.US,D,20230608,000000,0.0455,0.0455,0.0455,0.0455,700,0
JTAIW.US,D,20230613,000000,0.045,0.0463,0.045,0.045,11500,0
JTAIW.US,D,20230616,000000,0.0475,0.0475,0.0474,0.0475,22731,0
JTAIW.US,D,20230621,000000,0.0475,0.0475,0.0475,0.0475,516,0
JTAIW.US,D,20230629,000000,0.043,0.043,0.043,0.043,680,0
JTAIW.US,D,20230630,000000,0.05,0.05,0.0445,0.0451,12550,0
JTAIW.US,D,20230707,000000,0.05,0.0502,0.0493,0.05,283099,0
JTAIW.US,D,20230711,000000,0.05,0.05,0.05,0.05,721,0
JTAIW.US,D,20230712,000000,0.0484,0.0501,0.0484,0.0501,31640,0
JTAIW.US,D,20230713,000000,0.052,0.052,0.0501,0.0501,5400,0
JTAIW.US,D,20230714,000000,0.0501,0.0503,0.0501,0.0501,212789,0
JTAIW.US,D,20230718,000000,0.046,0.046,0.04,0.04,28375,0
JTAIW.US,D,20230719,000000,0.049,0.06,0.045,0.055,823118,0
JTAIW.US,D,20230720,000000,0.055,0.055,0.053,0.055,27286,0
JTAIW.US,D,20230721,000000,0.0555,0.06,0.05,0.0534,309561,0
JTAIW.US,D,20230724,000000,0.054,0.054,0.0303,0.04,178588,0
JTAIW.US,D,20230725,000000,0.0401,0.05,0.0401,0.05,8862,0
JTAIW.US,D,20230726,000000,0.0436,0.0525,0.041,0.05,77569,0
JTAIW.US,D,20230727,000000,0.0525,0.0525,0.0456,0.0456,8500,0
JTAIW.US,D,20230728,000000,0.0499,0.05,0.0456,0.05,34250,0
JTAIW.US,D,20230731,000000,0.052399,0.085,0.05,0.083,59199,0
JTAIW.US,D,20230801,000000,0.08,0.1185,0.0501,0.0699,189692,0
JTAIW.US,D,20230802,000000,0.047,0.07,0.041,0.0513,10710,0
JTAIW.US,D,20230803,000000,0.05,0.05,0.0411,0.05,167863,0
JTAIW.US,D,20230804,000000,0.05,0.05,0.044,0.05,66084,0
JTAIW.US,D,20230807,000000,0.0605,0.0801,0.05,0.0645,95666,0
JTAIW.US,D,20230808,000000,0.064,0.065001,0.035,0.0575,198042,0
JTAIW.US,D,20230809,000000,0.05,0.06,0.045,0.05,378958,0
JTAIW.US,D,20230810,000000,0.0451,0.0613,0.0451,0.052,139035,0
JTAIW.US,D,20230811,000000,0.05,0.06,0.04,0.05,226100,0
JTAIW.US,D,20230814,000000,0.0699,0.0699,0.0401,0.0504,281513,0
JTAIW.US,D,20230815,000000,0.0649,0.0649,0.045,0.0585,180997,0
JTAIW.US,D,20230816,000000,0.0687,0.0687,0.05,0.0598,403439,0
JTAIW.US,D,20230817,000000,0.059,0.0599,0.0431,0.0525,141936,0
JTAIW.US,D,20230818,000000,0.0569,0.0734,0.048,0.065,1250976,0
JTAIW.US,D,20230821,000000,0.0698,0.0698,0.0521,0.0569,470478,0
JTAIW.US,D,20230822,000000,0.06,0.06,0.0501,0.0516,98030,0
JTAIW.US,D,20230823,000000,0.0589,0.059,0.051,0.055,29222,0
JTAIW.US,D,20230824,000000,0.058,0.058,0.05,0.0503,22835,0
JTAIW.US,D,20230825,000000,0.051,0.058,0.051,0.0511,28682,0
JTAIW.US,D,20230828,000000,0.05,0.0574,0.05,0.05,36595,0
JTAIW.US,D,20230829,000000,0.0549,0.0549,0.0443,0.0443,44530,0
JTAIW.US,D,20230830,000000,0.05,0.05,0.04,0.0475,231704,0
JTAIW.US,D,20230831,000000,0.0543,0.0543,0.045,0.045,28233,0
JTAIW.US,D,20230901,000000,0.0569,0.0574,0.05,0.0503,92958,0
JTAIW.US,D,20230905,000000,0.05,0.05,0.04,0.0455,66596,0
JTAIW.US,D,20230906,000000,0.045,0.055,0.0405,0.0547,70060,0
JTAIW.US,D,20230907,000000,0.0405,0.0405,0.0405,0.0405,118,0
JTAIW.US,D,20230908,000000,0.0498,0.0498,0.042,0.0441,69275,0
JTAIW.US,D,20230912,000000,0.0493,0.0495,0.0401,0.0403,15100,0
JTAIW.US,D,20230913,000000,0.0402,0.042,0.04,0.04,205128,0
JTAIW.US,D,20230914,000000,0.0424,0.0424,0.040001,0.040001,2501,0
JTAIW.US,D,20230915,000000,0.04,0.045001,0.04,0.04,2700,0
JTAIW.US,D,20230918,000000,0.04,0.04,0.02,0.04,107059,0
JTAIW.US,D,20230919,000000,0.04,0.04,0.04,0.04,1548,0
JTAIW.US,D,20230920,000000,0.04,0.0548,0.04,0.0548,15451,0
JTAIW.US,D,20230921,000000,0.0501,0.0501,0.0402,0.0451,2761,0
JTAIW.US,D,20230925,000000,0.04,0.04,0.04,0.04,1550,0
JTAIW.US,D,20230927,000000,0.05,0.0574,0.0396,0.0525,19636,0
JTAIW.US,D,20230928,000000,0.0401,0.0401,0.0297,0.038,22900,0
JTAIW.US,D,20230929,000000,0.0486,0.052,0.0403,0.0496,49980,0
JTAIW.US,D,20231002,000000,0.0565,0.0565,0.045,0.045,7385,0
JTAIW.US,D,20231005,000000,0.0495,0.05,0.0471,0.049,12305,0
JTAIW.US,D,20231006,000000,0.0331,0.048959,0.0331,0.048959,2140,0
JTAIW.US,D,20231009,000000,0.0498,0.0498,0.0498,0.0498,3000,0
JTAIW.US,D,20231011,000000,0.0519,0.0524,0.044,0.045,16301,0
JTAIW.US,D,20231012,000000,0.045,0.045,0.045,0.045,10000,0
JTAIW.US,D,20231013,000000,0.0302,0.0521,0.0302,0.0351,18100,0
JTAIW.US,D,20231017,000000,0.049,0.049,0.03,0.049,22614,0
JTAIW.US,D,20231018,000000,0.0466,0.049,0.0461,0.0465,11281,0
JTAIW.US,D,20231019,000000,0.0301,0.0447,0.0301,0.0301,20595,0
JTAIW.US,D,20231020,000000,0.0403,0.0403,0.015,0.015,204142,0
JTAIW.US,D,20231023,000000,0.0196,0.03,0.0196,0.03,12847,0
JTAIW.US,D,20231025,000000,0.0309,0.0309,0.0309,0.0309,481,0
JTAIW.US,D,20231026,000000,0.025,0.03,0.025,0.0299,5837,0
JTAIW.US,D,20231027,000000,0.0202,0.032,0.0199,0.0319,13310,0
JTAIW.US,D,20231030,000000,0.032,0.034,0.0258,0.03,69930,0
JTAIW.US,D,20231101,000000,0.03,0.03,0.0299,0.03,25814,0
JTAIW.US,D,20231102,000000,0.029,0.03,0.0283,0.0283,8700,0
JTAIW.US,D,20231103,000000,0.029,0.029,0.029,0.029,200,0
JTAIW.US,D,20231106,000000,0.0213,0.028888,0.0178,0.028,6682,0
JTAIW.US,D,20231107,000000,0.029,0.029,0.022499,0.022499,4063,0
JTAIW.US,D,20231108,000000,0.0249,0.025,0.02,0.02,2978,0
JTAIW.US,D,20231109,000000,0.0174,0.0174,0.0174,0.0174,22100,0
JTAIW.US,D,20231110,000000,0.018,0.02,0.018,0.0199,1189,0
JTAIW.US,D,20231113,000000,0.027899,0.028,0.023049,0.028,5850,0
JTAIW.US,D,20231114,000000,0.0239,0.0278,0.0201,0.026046,9685,0
JTAIW.US,D,20231115,000000,0.0278,0.028,0.026261,0.027,14733,0
JTAIW.US,D,20231120,000000,0.0182,0.029,0.0182,0.029,10216,0
JTAIW.US,D,20231121,000000,0.0184,0.0299,0.0181,0.029,16646,0
JTAIW.US,D,20231124,000000,0.027,0.027,0.0109,0.0109,33251,0
JTAIW.US,D,20231127,000000,0.0116,0.0269,0.01,0.0108,318523,0
JTAIW.US,D,20231128,000000,0.02,0.0268,0.02,0.025,9157,0
JTAIW.US,D,20231129,000000,0.025,0.0267,0.025,0.0267,12975,0
JTAIW.US,D,20231130,000000,0.0265,0.0265,0.0264,0.0264,2220,0
JTAIW.US,D,20231201,000000,0.0264,0.0267,0.0195,0.0195,23900,0
JTAIW.US,D,20231205,000000,0.027,0.0299,0.023249,0.029068,17150,0
JTAIW.US,D,20231208,000000,0.028,0.028,0.02522,0.0279,17347,0
JTAIW.US,D,20231211,000000,0.0197,0.0775,0.0197,0.077,661498,0
JTAIW.US,D,20231212,000000,0.0775,0.0775,0.0304,0.038599,60334,0
JTAIW.US,D,20231213,000000,0.03,0.059,0.03,0.0496,6001,0
JTAIW.US,D,20231214,000000,0.047,0.07,0.047,0.064,150532,0
JTAIW.US,D,20231215,000000,0.064,0.0798,0.04,0.061,298031,0
JTAIW.US,D,20231218,000000,0.0768,0.0775,0.0301,0.04,76674,0
JTAIW.US,D,20231219,000000,0.0306,0.045,0.0303,0.0391,66435,0
JTAIW.US,D,20231220,000000,0.04,0.065001,0.04,0.057,26343,0
JTAIW.US,D,20231221,000000,0.041,0.0674,0.0401,0.0599,2560,0
JTAIW.US,D,20231222,000000,0.055,0.0624,0.055,0.0624,23977,0
JTAIW.US,D,20231226,000000,0.045,0.0601,0.045,0.0575,4923,0
JTAIW.US,D,20231227,000000,0.052451,0.052451,0.045,0.045,1756,0
JTAIW.US,D,20231228,000000,0.0454,0.0454,0.04,0.0423,4301,0
JTAIW.US,D,20231229,000000,0.041101,0.0414,0.04,0.04,8017,0
JTAIW.US,D,20240102,000000,0.05,0.0589,0.035,0.035,4482,0
JTAIW.US,D,20240103,000000,0.049,0.062,0.0486,0.05,40995,0
JTAIW.US,D,20240104,000000,0.0598,0.066901,0.048,0.0649,83336,0
JTAIW.US,D,20240105,000000,0.06,0.0604,0.056,0.056,19070,0
JTAIW.US,D,20240109,000000,0.05,0.0505,0.05,0.05,8503,0
JTAIW.US,D,20240110,000000,0.05,0.0545,0.05,0.0545,30617,0
JTAIW.US,D,20240112,000000,0.0559,0.0563,0.0558,0.0558,5290,0
JTAIW.US,D,20240118,000000,0.0375,0.07,0.0375,0.063,7342,0
JTAIW.US,D,20240119,000000,0.0405,0.0723,0.0402,0.059,167888,0
JTAIW.US,D,20240122,000000,0.0775,0.0815,0.0404,0.0808,51724,0
JTAIW.US,D,20240123,000000,0.0966,0.0998,0.05,0.09,135508,0
JTAIW.US,D,20240124,000000,0.09,0.1065,0.0718,0.1025,77479,0
JTAIW.US,D,20240125,000000,0.0899,0.114899,0.088,0.114899,237172,0
JTAIW.US,D,20240126,000000,0.0523,0.100947,0.0518,0.0899,254735,0
JTAIW.US,D,20240129,000000,0.09,0.09,0.0682,0.08,1661202,0
JTAIW.US,D,20240130,000000,0.09,0.09,0.0708,0.0708,342,0
JTAIW.US,D,20240131,000000,0.0792,0.09,0.0745,0.09,18773,0
JTAIW.US,D,20240201,000000,0.099,0.099,0.071,0.071,954,0
JTAIW.US,D,20240202,000000,0.085551,0.0923,0.0606,0.0606,18254,0
JTAIW.US,D,20240205,000000,0.060101,0.0606,0.0503,0.0503,8500,0
JTAIW.US,D,20240206,000000,0.0504,0.0504,0.0504,0.0504,1700,0
JTAIW.US,D,20240207,000000,0.0502,0.0502,0.05,0.05,200,0
JTAIW.US,D,20240208,000000,0.05504,0.0551,0.0335,0.0335,6004,0
JTAIW.US,D,20240209,000000,0.0548,0.0548,0.0402,0.0402,11506,0
JTAIW.US,D,20240212,000000,0.0549,0.0549,0.0401,0.049949,600,0
JTAIW.US,D,20240213,000000,0.0402,0.0402,0.0401,0.0401,1000,0
JTAIW.US,D,20240214,000000,0.0402,0.0402,0.0402,0.0402,226,0
JTAIW.US,D,20240215,000000,0.04,0.055,0.03999,0.055,3452,0
JTAIW.US,D,20240216,000000,0.058,0.064299,0.058,0.064299,17033,0
JTAIW.US,D,20240222,000000,0.0598,0.0707,0.0402,0.07,46782,0
JTAIW.US,D,20240223,000000,0.069,0.069,0.04,0.0679,49703,0
JTAIW.US,D,20240226,000000,0.0403,0.075,0.0403,0.0533,43595,0
JTAIW.US,D,20240227,000000,0.0641,0.0749,0.0641,0.07,12821,0
JTAIW.US,D,20240228,000000,0.06999,0.06999,0.06999,0.06999,12332,0
JTAIW.US,D,20240229,000000,0.050001,0.07,0.050001,0.0651,5900,0
JTAIW.US,D,20240301,000000,0.0559,0.0598,0.0501,0.0501,5510,0
JTAIW.US,D,20240304,000000,0.051,0.0511,0.05,0.051,79030,0
JTAIW.US,D,20240305,000000,0.0457,0.0511,0.0457,0.0511,8045,0
JTAIW.US,D,20240306,000000,0.0511,0.0513,0.05,0.05101,43055,0
JTAIW.US,D,20240307,000000,0.0511,0.056,0.0501,0.0501,29534,0
JTAIW.US,D,20240308,000000,0.059,0.07,0.0501,0.0501,30430,0
JTAIW.US,D,20240311,000000,0.069699,0.069699,0.068,0.068,800,0
JTAIW.US,D,20240312,000000,0.0677,0.0677,0.0501,0.0501,4578,0
JTAIW.US,D,20240313,000000,0.06,0.0664,0.0511,0.0512,15947,0
JTAIW.US,D,20240314,000000,0.0613,0.0697,0.0513,0.0693,8840,0
JTAIW.US,D,20240315,000000,0.07,0.12,0.069,0.0738,519114,0
JTAIW.US,D,20240318,000000,0.09,0.09,0.055,0.0701,57076,0
JTAIW.US,D,20240319,000000,0.070101,0.0705,0.07,0.07,15890,0
JTAIW.US,D,20240320,000000,0.060101,0.0749,0.05,0.05,13698,0
JTAIW.US,D,20240321,000000,0.051,0.0586,0.036,0.0464,123371,0
JTAIW.US,D,20240322,000000,0.0586,0.061,0.0586,0.061,4975,0
JTAIW.US,D,20240326,000000,0.0505,0.0577,0.0504,0.0552,10560,0
JTAIW.US,D,20240327,000000,0.0649,0.0649,0.051,0.051,4020,0
JTAIW.US,D,20240328,000000,0.059,0.059,0.05,0.055049,23565,0
JTAIW.US,D,20240401,000000,0.05,0.0601,0.05,0.053016,16552,0
JTAIW.US,D,20240402,000000,0.0583,0.059,0.056,0.0577,18218,0
JTAIW.US,D,20240403,000000,0.05,0.057623,0.05,0.0538,33438,0
JTAIW.US,D,20240404,000000,0.0523,0.0577,0.05,0.057426,9607,0
JTAIW.US,D,20240405,000000,0.05,0.0575,0.05,0.0575,3360,0
JTAIW.US,D,20240408,000000,0.0649,0.08,0.0502,0.0742,11171,0
JTAIW.US,D,20240409,000000,0.0741,0.0741,0.0503,0.0503,1631,0
JTAIW.US,D,20240410,000000,0.0597,0.0799,0.0506,0.0652,6411,0
JTAIW.US,D,20240411,000000,0.0512,0.065299,0.050001,0.065299,1850,0
JTAIW.US,D,20240412,000000,0.0512,0.07,0.05009,0.066699,72865,0
JTAIW.US,D,20240415,000000,0.065499,0.065499,0.0636,0.0636,1623,0
JTAIW.US,D,20240416,000000,0.0656,0.0656,0.0401,0.0499,3503,0
JTAIW.US,D,20240417,000000,0.0497,0.059,0.04,0.0401,14549,0
JTAIW.US,D,20240418,000000,0.0449,0.054,0.0201,0.0201,13823,0
JTAIW.US,D,20240419,000000,0.035848,0.0398,0.0331,0.0398,27674,0
JTAIW.US,D,20240422,000000,0.07,0.07,0.0267,0.0499,20501,0
JTAIW.US,D,20240423,000000,0.04,0.07,0.026,0.026,24145,0
JTAIW.US,D,20240424,000000,0.06,0.0699,0.042,0.05,12023,0
JTAIW.US,D,20240425,000000,0.0532,0.0532,0.0527,0.0527,1412,0
JTAIW.US,D,20240426,000000,0.0594,0.0595,0.0594,0.0595,1631,0
JTAIW.US,D,20240430,000000,0.0415,0.0415,0.0415,0.0415,159,0
JTAIW.US,D,20240501,000000,0.0451,0.0451,0.0451,0.0451,368,0
JTAIW.US,D,20240502,000000,0.0308,0.0393,0.0308,0.0393,1758,0
JTAIW.US,D,20240503,000000,0.045,0.045,0.0305,0.0447,26339,0
JTAIW.US,D,20240506,000000,0.05,0.05,0.0499,0.0499,3752,0
JTAIW.US,D,20240507,000000,0.0316,0.049,0.0316,0.049,3185,0
JTAIW.US,D,20240508,000000,0.0321,0.044775,0.0321,0.044775,690,0
JTAIW.US,D,20240509,000000,0.0439,0.044,0.043,0.0439,6096,0
JTAIW.US,D,20240510,000000,0.0438,0.05,0.0434,0.05,1955,0
JTAIW.US,D,20240514,000000,0.05,0.05,0.05,0.05,2079,0
JTAIW.US,D,20240515,000000,0.043,0.05,0.0301,0.05,21989,0
JTAIW.US,D,20240516,000000,0.0499,0.05,0.0499,0.05,10040,0
JTAIW.US,D,20240517,000000,0.0331,0.0331,0.0331,0.0331,2346,0
JTAIW.US,D,20240524,000000,0.05,0.05,0.0409,0.0409,712,0
JTAIW.US,D,20240529,000000,0.033,0.0499,0.025,0.0302,122400,0
JTAIW.US,D,20240530,000000,0.0251,0.039852,0.0251,0.039852,7000,0
JTAIW.US,D,20240531,000000,0.0381,0.0381,0.0381,0.0381,234,0
JTAIW.US,D,20240603,000000,0.04,0.04,0.03999,0.03999,5000,0
JTAIW.US,D,20240606,000000,0.0399,0.04,0.0213,0.0399,16334,0
JTAIW.US,D,20240607,000000,0.04,0.04,0.04,0.04,15460,0
JTAIW.US,D,20240610,000000,0.04,0.04,0.03,0.0349,7685,0
JTAIW.US,D,20240611,000000,0.035,0.035,0.0214,0.03,16150,0
JTAIW.US,D,20240612,000000,0.0346,0.0347,0.0346,0.0347,2306,0
JTAIW.US,D,20240613,000000,0.03,0.0322,0.03,0.0322,51250,0
JTAIW.US,D,20240617,000000,0.025,0.035,0.0215,0.034,4728,0
JTAIW.US,D,20240618,000000,0.0223,0.0336,0.0223,0.0334,29810,0
JTAIW.US,D,20240621,000000,0.035,0.04,0.035,0.04,2903,0
JTAIW.US,D,20240625,000000,0.028349,0.028349,0.028349,0.028349,166,0
JTAIW.US,D,20240626,000000,0.035,0.0352,0.0349,0.0352,6799,0
JTAIW.US,D,20240627,000000,0.0901,0.0901,0.02,0.07,886240,0
JTAIW.US,D,20240628,000000,0.068,0.07,0.06,0.0625,155039,0
JTAIW.US,D,20240701,000000,0.061,0.065,0.06,0.062001,131627,0
JTAIW.US,D,20240702,000000,0.065,0.065,0.0551,0.0575,11600,0
JTAIW.US,D,20240703,000000,0.0505,0.065,0.0505,0.065,36094,0
JTAIW.US,D,20240705,000000,0.064899,0.0664,0.0525,0.0651,45267,0
JTAIW.US,D,20240708,000000,0.0654,0.0655,0.06,0.0655,16630,0
JTAIW.US,D,20240709,000000,0.063,0.063,0.063,0.063,1265,0
JTAIW.US,D,20240710,000000,0.066,0.066,0.066,0.066,313,0
JTAIW.US,D,20240711,000000,0.06,0.0682,0.06,0.0682,2623,0
JTAIW.US,D,20240712,000000,0.0675,0.0718,0.067,0.07,29900,0
JTAIW.US,D,20240715,000000,0.065,0.08,0.065,0.078276,34765,0
JTAIW.US,D,20240716,000000,0.0783,0.0784,0.0783,0.0783,6300,0
JTAIW.US,D,20240717,000000,0.08,0.08,0.068,0.068,7189,0
JTAIW.US,D,20240718,000000,0.065,0.0708,0.065,0.0708,2300,0
JTAIW.US,D,20240719,000000,0.0699,0.09,0.0692,0.09,211605,0
JTAIW.US,D,20240722,000000,0.0999,0.0999,0.045,0.06605,36942,0
JTAIW.US,D,20240723,000000,0.065,0.065,0.065,0.065,500,0
JTAIW.US,D,20240724,000000,0.0651,0.0776,0.065001,0.0776,8100,0
JTAIW.US,D,20240725,000000,0.1,0.119999,0.0833,0.099899,3204,0
JTAIW.US,D,20240726,000000,0.0981,0.1,0.098,0.0981,887,0
JTAIW.US,D,20240729,000000,0.075,0.0975,0.05,0.0874,7183,0
JTAIW.US,D,20240730,000000,0.09,0.09,0.09,0.09,204,0
JTAIW.US,D,20240731,000000,0.09,0.099,0.09,0.095,6863,0
JTAIW.US,D,20240801,000000,0.105,0.12,0.105,0.1101,4168,0
JTAIW.US,D,20240802,000000,0.1174,0.12,0.0803,0.10778,3297,0
JTAIW.US,D,20240805,000000,0.11,0.11,0.0727,0.091601,3797,0
JTAIW.US,D,20240806,000000,0.08695,0.0988,0.08695,0.0988,599,0
JTAIW.US,D,20240807,000000,0.07,0.070286,0.07,0.070286,430,0
JTAIW.US,D,20240813,000000,0.0701,0.0825,0.0701,0.0825,700,0
JTAIW.US,D,20240815,000000,0.1,0.1,0.1,0.1,172,0
JTAIW.US,D,20240816,000000,0.070101,0.070101,0.070101,0.070101,100,0
JTAIW.US,D,20240819,000000,0.101,0.101,0.0703,0.1,19066,0
JTAIW.US,D,20240821,000000,0.0975,0.0975,0.0974,0.0974,500,0
JTAIW.US,D,20240822,000000,0.084399,0.084399,0.084399,0.084399,450,0
JTAIW.US,D,20240826,000000,0.08,0.0975,0.056,0.0975,2419,0
JTAIW.US,D,20240827,000000,0.0975,0.0975,0.0975,0.0975,376,0
JTAIW.US,D,20240828,000000,0.099,0.099,0.0966,0.0966,311,0
JTAIW.US,D,20240829,000000,0.0749,0.0749,0.0749,0.0749,114,0
JTAIW.US,D,20240830,000000,0.074799,0.09,0.0742,0.081,5856,0
JTAIW.US,D,20240903,000000,0.056,0.065449,0.056,0.065449,1825,0
JTAIW.US,D,20240905,000000,0.0748,0.0748,0.056,0.057,1598,0
JTAIW.US,D,20240906,000000,0.0565,0.0654,0.04,0.0447,12526,0
