<TICKER>,<PER>,<DATE>,<TIME>,<OPEN>,<HIGH>,<LOW>,<CLOSE>,<VOL>,<OPENINT>
KACRF.US,D,20220927,000000,0.075,0.075,0.0721,0.0721,10580,0
KACRF.US,D,20220930,000000,0.0709,0.0709,0.0709,0.0709,111,0
KACRF.US,D,20221006,000000,0.06,0.07,0.06,0.07,4000,0
KACRF.US,D,20221013,000000,0.0797,0.0797,0.0797,0.0797,220,0
KACRF.US,D,20221018,000000,0.08,0.0825,0.08,0.0825,62500,0
KACRF.US,D,20221024,000000,0.08,0.08,0.07,0.07,13984,0
KACRF.US,D,20221026,000000,0.0651,0.0693,0.0651,0.0693,11550,0
KACRF.US,D,20221028,000000,0.0825,0.09,0.07,0.07,40900,0
KACRF.US,D,20221103,000000,0.07,0.07,0.07,0.07,1300,0
KACRF.US,D,20221104,000000,0.07,0.07,0.07,0.07,1920,0
KACRF.US,D,20221110,000000,0.07,0.07,0.07,0.07,4000,0
KACRF.US,D,20221115,000000,0.07,0.07,0.07,0.07,129000,0
KACRF.US,D,20221116,000000,0.07,0.08,0.07,0.07,4100,0
KACRF.US,D,20221118,000000,0.08,0.08,0.08,0.08,100,0
KACRF.US,D,20221122,000000,0.0702,0.0702,0.0702,0.0702,111,0
KACRF.US,D,20221128,000000,0.0702,0.085,0.0701,0.08,55700,0
KACRF.US,D,20221129,000000,0.0849,0.0849,0.0849,0.0849,600,0
KACRF.US,D,20221201,000000,0.075,0.078,0.075,0.078,6400,0
KACRF.US,D,20221202,000000,0.078,0.078,0.075,0.075,3140,0
KACRF.US,D,20221205,000000,0.0701,0.0701,0.0701,0.0701,4271,0
KACRF.US,D,20221213,000000,0.13,0.15,0.12,0.1499,235681,0
KACRF.US,D,20221214,000000,0.11,0.155,0.11,0.155,63716,0
KACRF.US,D,20221216,000000,0.135,0.135,0.13,0.13,46250,0
KACRF.US,D,20221219,000000,0.13,0.13,0.13,0.13,2474,0
KACRF.US,D,20221229,000000,0.131,0.131,0.131,0.131,1123,0
KACRF.US,D,20230103,000000,0.131,0.165,0.131,0.165,5300,0
KACRF.US,D,20230105,000000,0.17,0.18,0.17,0.1799,9900,0
KACRF.US,D,20230125,000000,0.199,0.2,0.1801,0.2,10670,0
KACRF.US,D,20230126,000000,0.2,0.2,0.18,0.2,21492,0
KACRF.US,D,20230131,000000,0.2,0.22,0.2,0.22,15616,0
KACRF.US,D,20230201,000000,0.235,0.2402,0.235,0.2402,41164,0
KACRF.US,D,20230202,000000,0.24,0.24,0.24,0.24,3000,0
KACRF.US,D,20230203,000000,0.24,0.275,0.24,0.275,22180,0
KACRF.US,D,20230206,000000,0.275,0.275,0.24,0.275,1062,0
KACRF.US,D,20230209,000000,0.275,0.3539,0.2673,0.2673,29623,0
KACRF.US,D,20230210,000000,0.27,0.27,0.2593,0.2593,15001,0
KACRF.US,D,20230213,000000,0.265,0.265,0.2565,0.2581,55937,0
KACRF.US,D,20230214,000000,0.258,0.258,0.247016,0.247016,38714,0
KACRF.US,D,20230215,000000,0.2459,0.2459,0.24,0.24,9740,0
KACRF.US,D,20230217,000000,0.238,0.238,0.23,0.23,541005,0
KACRF.US,D,20230221,000000,0.228,0.228,0.19,0.19,889451,0
KACRF.US,D,20230224,000000,0.2092,0.21,0.1976,0.1976,18800,0
KACRF.US,D,20230227,000000,0.214,0.55,0.214,0.2277,30484,0
KACRF.US,D,20230301,000000,0.249,0.249,0.2141,0.2141,505,0
KACRF.US,D,20230303,000000,0.2464,0.2464,0.21,0.21,5294,0
KACRF.US,D,20230306,000000,0.21,0.21,0.195,0.195,400,0
KACRF.US,D,20230313,000000,0.25,0.25,0.22185,0.22185,1000,0
KACRF.US,D,20230316,000000,0.1919,0.219,0.1311,0.219,67071,0
KACRF.US,D,20230328,000000,0.2122,0.215,0.1601,0.215,1308,0
KACRF.US,D,20230329,000000,0.1631,0.1631,0.16,0.16,15600,0
KACRF.US,D,20230330,000000,0.17,0.17,0.155,0.155,89701,0
KACRF.US,D,20230331,000000,0.16,0.16,0.1321,0.1508,26300,0
KACRF.US,D,20230403,000000,0.1501,0.18,0.1501,0.18,25231,0
KACRF.US,D,20230410,000000,0.18,0.18,0.15,0.15,18648,0
KACRF.US,D,20230411,000000,0.15,0.18,0.141,0.18,34314,0
KACRF.US,D,20230413,000000,0.18,0.18,0.18,0.18,1318,0
KACRF.US,D,20230417,000000,0.184,0.184,0.184,0.184,101,0
KACRF.US,D,20230503,000000,0.155,0.1767,0.155,0.1767,25099,0
KACRF.US,D,20230504,000000,0.1448,0.16,0.1448,0.16,650,0
KACRF.US,D,20230505,000000,0.155,0.155,0.155,0.155,1677,0
KACRF.US,D,20230511,000000,0.1389,0.145,0.1389,0.1391,16433,0
KACRF.US,D,20230512,000000,0.138379,0.14,0.138379,0.14,1895,0
KACRF.US,D,20230517,000000,0.1223,0.1405,0.1223,0.1405,89824,0
KACRF.US,D,20230518,000000,0.16,0.16,0.16,0.16,400,0
KACRF.US,D,20230525,000000,0.132,0.1326,0.132,0.1326,200,0
KACRF.US,D,20230531,000000,0.1311,0.135501,0.1311,0.135499,2100,0
KACRF.US,D,20230601,000000,0.1311,0.1311,0.1311,0.1311,1000,0
KACRF.US,D,20230606,000000,0.125,0.125,0.07,0.125,3307,0
KACRF.US,D,20230607,000000,0.1385,0.1385,0.1372,0.1372,2103,0
KACRF.US,D,20230608,000000,0.112,0.138,0.112,0.138,31500,0
KACRF.US,D,20230612,000000,0.13,0.13,0.13,0.13,405,0
KACRF.US,D,20230616,000000,0.121,0.121,0.0812,0.0813,9080,0
KACRF.US,D,20230620,000000,0.1389,0.1389,0.0689,0.1,4437,0
KACRF.US,D,20230621,000000,0.1365,0.1467,0.0881,0.09,4702,0
KACRF.US,D,20230623,000000,0.0901,0.0901,0.0901,0.0901,300,0
KACRF.US,D,20230627,000000,0.073,0.073,0.0551,0.06,130907,0
KACRF.US,D,20230629,000000,0.0595,0.0625,0.0571,0.06,37700,0
KACRF.US,D,20230703,000000,0.0627,0.0627,0.0204,0.05,8623,0
KACRF.US,D,20230706,000000,0.05,0.0597,0.0357,0.0405,7007,0
KACRF.US,D,20230707,000000,0.0444,0.06,0.0444,0.0537,3200,0
KACRF.US,D,20230710,000000,0.055,0.0921,0.055,0.07,10400,0
KACRF.US,D,20230711,000000,0.0638,0.359,0.0362,0.0882,109071,0
KACRF.US,D,20230712,000000,0.083,0.0845,0.0725,0.0845,1821,0
KACRF.US,D,20230713,000000,0.0785,0.082,0.0375,0.0804,5754,0
KACRF.US,D,20230714,000000,0.0801,0.358,0.08,0.08,23658,0
KACRF.US,D,20230717,000000,0.0725,0.0992,0.0725,0.0992,901,0
KACRF.US,D,20230718,000000,0.0867,0.115,0.0867,0.1134,2310,0
KACRF.US,D,20230719,000000,0.1028,0.1028,0.099,0.099,1401,0
KACRF.US,D,20230720,000000,0.0865,0.28,0.0714,0.08,26870,0
KACRF.US,D,20230721,000000,0.0801,0.1013,0.0801,0.1013,2000,0
KACRF.US,D,20230724,000000,0.098,0.1796,0.0563,0.1215,41998,0
KACRF.US,D,20230725,000000,0.1067,0.1418,0.0837,0.1018,30594,0
KACRF.US,D,20230726,000000,0.1014,0.1014,0.0892,0.1,803,0
KACRF.US,D,20230731,000000,0.0866,0.097,0.0866,0.097,232,0
KACRF.US,D,20230801,000000,0.0998,0.0998,0.0998,0.0998,107,0
KACRF.US,D,20230802,000000,0.0882,0.1263,0.0546,0.1025,9835,0
KACRF.US,D,20230803,000000,0.1074,0.1165,0.1048,0.1048,708,0
KACRF.US,D,20230804,000000,0.0965,0.0965,0.0965,0.0965,501,0
KACRF.US,D,20230807,000000,0.097251,0.097251,0.0863,0.093076,1301,0
KACRF.US,D,20230808,000000,0.1066,0.1066,0.102,0.102,402,0
KACRF.US,D,20230810,000000,0.081401,0.0864,0.081401,0.0864,201,0
KACRF.US,D,20230815,000000,0.0854,0.0954,0.0854,0.0954,2435,0
KACRF.US,D,20230816,000000,0.116,0.116,0.0814,0.0865,4522,0
KACRF.US,D,20230817,000000,0.09,0.0995,0.08,0.085,1446,0
KACRF.US,D,20230818,000000,0.1149,0.1149,0.082,0.0973,4765,0
KACRF.US,D,20230821,000000,0.1579,0.1579,0.0874,0.09,6944,0
KACRF.US,D,20230823,000000,0.0881,0.135,0.0881,0.101,3773,0
KACRF.US,D,20230828,000000,0.1069,0.12,0.0544,0.12,4404,0
KACRF.US,D,20230829,000000,0.0915,0.179,0.0751,0.11,10849,0
KACRF.US,D,20230830,000000,0.0963,0.1063,0.084,0.084,776,0
KACRF.US,D,20230831,000000,0.075,0.1799,0.075,0.0878,19207,0
KACRF.US,D,20230901,000000,0.1718,0.1799,0.0969,0.113,11724,0
KACRF.US,D,20230905,000000,0.0987,0.0987,0.0653,0.0654,941,0
KACRF.US,D,20230906,000000,0.0806,0.12,0.0572,0.0954,17229,0
KACRF.US,D,20230907,000000,0.12,0.2179,0.0718,0.0718,21530,0
KACRF.US,D,20230908,000000,0.1,0.1024,0.1,0.1024,5051,0
KACRF.US,D,20230911,000000,0.14,0.14,0.1075,0.1075,2624,0
KACRF.US,D,20230912,000000,0.1006,0.1012,0.1006,0.1006,1700,0
KACRF.US,D,20230913,000000,0.1001,0.1026,0.1001,0.1026,2177,0
KACRF.US,D,20230914,000000,0.1021,0.1025,0.1001,0.1001,1249,0
KACRF.US,D,20230918,000000,0.1147,0.1147,0.1011,0.1121,1109,0
KACRF.US,D,20230919,000000,0.1039,0.1039,0.1,0.1,794,0
KACRF.US,D,20230920,000000,0.1091,0.1145,0.1091,0.1145,484,0
KACRF.US,D,20230921,000000,0.1257,0.1597,0.1074,0.1299,6360,0
KACRF.US,D,20230922,000000,0.1099,0.1999,0.1006,0.106,16114,0
KACRF.US,D,20230925,000000,0.1168,0.15,0.1042,0.1177,11406,0
KACRF.US,D,20230926,000000,0.1261,0.1271,0.0874,0.0874,8325,0
KACRF.US,D,20230927,000000,0.080703,0.0901,0.0803,0.0803,2551,0
KACRF.US,D,20231006,000000,0.1033,0.1105,0.1033,0.1105,4006,0
KACRF.US,D,20231009,000000,0.11,0.125,0.11,0.125,10981,0
KACRF.US,D,20231016,000000,0.1265,0.1265,0.1265,0.1265,100,0
KACRF.US,D,20231017,000000,0.1265,0.13,0.0898,0.1266,1934,0
KACRF.US,D,20231026,000000,0.1167,0.1167,0.1167,0.1167,100,0
KACRF.US,D,20231027,000000,0.1167,0.1167,0.1167,0.1167,123,0
KACRF.US,D,20231031,000000,0.1167,0.1167,0.111,0.1159,10701,0
KACRF.US,D,20231102,000000,0.0795,0.0795,0.0795,0.0795,600,0
KACRF.US,D,20231109,000000,0.1085,0.1167,0.1085,0.1167,7198,0
KACRF.US,D,20231113,000000,0.1198,0.1201,0.1001,0.1201,1898,0
KACRF.US,D,20231127,000000,0.07,0.1225,0.07,0.1225,300,0
KACRF.US,D,20231128,000000,0.1,0.1,0.1,0.1,400,0
KACRF.US,D,20231219,000000,0.09,0.09,0.09,0.09,400,0
KACRF.US,D,20231227,000000,0.09,0.09,0.08,0.0806,63816,0
KACRF.US,D,20231228,000000,0.0884,0.0884,0.0733,0.0733,12200,0
KACRF.US,D,20240102,000000,0.09,0.09,0.09,0.09,968,0
KACRF.US,D,20240109,000000,0.09,0.09,0.09,0.09,36100,0
KACRF.US,D,20240123,000000,0.0811,0.0847,0.0811,0.0847,500,0
KACRF.US,D,20240125,000000,0.11,0.11,0.11,0.11,112,0
KACRF.US,D,20240129,000000,0.1116,0.1116,0.1116,0.1116,100,0
KACRF.US,D,20240212,000000,0.1116,0.1116,0.1116,0.1116,100,0
KACRF.US,D,20240306,000000,0.1065,0.1066,0.1065,0.1066,489,0
KACRF.US,D,20240307,000000,0.13,1.69,0.09,0.09,10414,0
KACRF.US,D,20240308,000000,0.08,0.1098,0.0622,0.1,4049,0
KACRF.US,D,20240312,000000,0.08,0.0877,0.08,0.0877,500,0
KACRF.US,D,20240313,000000,0.076,0.1119,0.076,0.0896,4745,0
KACRF.US,D,20240314,000000,0.0766,0.08,0.0766,0.08,4900,0
KACRF.US,D,20240401,000000,0.118,0.118,0.118,0.118,101,0
KACRF.US,D,20240402,000000,0.14,0.14,0.104,0.104,38548,0
KACRF.US,D,20240403,000000,0.0858,0.1,0.0857,0.1,9059,0
KACRF.US,D,20240515,000000,0.1,0.1,0.0983,0.1,1022,0
KACRF.US,D,20240517,000000,0.1001,0.1001,0.1,0.1,94701,0
KACRF.US,D,20240520,000000,0.11,0.11,0.11,0.11,100,0
KACRF.US,D,20240521,000000,0.1307,0.1308,0.1307,0.1307,787,0
KACRF.US,D,20240604,000000,0.1182,0.1182,0.11,0.11,68378,0
KACRF.US,D,20240605,000000,0.11,0.11,0.0884,0.0969,51004,0
KACRF.US,D,20240607,000000,0.1092,0.1093,0.1092,0.1093,200,0
KACRF.US,D,20240611,000000,0.1093,0.1093,0.09,0.1,50976,0
KACRF.US,D,20240612,000000,0.08,0.08,0.08,0.08,670,0
KACRF.US,D,20240617,000000,0.0802,0.082,0.0713,0.08,107616,0
KACRF.US,D,20240618,000000,0.0802,0.0851,0.0714,0.0714,1475,0
KACRF.US,D,20240620,000000,0.0815,0.0815,0.0715,0.0715,400,0
KACRF.US,D,20240621,000000,0.0731,0.12,0.073,0.12,775,0
KACRF.US,D,20240624,000000,0.1399,0.1399,0.0791,0.09,50885,0
KACRF.US,D,20240625,000000,0.09,0.09,0.08,0.0801,80481,0
KACRF.US,D,20240626,000000,0.088,0.09,0.07,0.09,55005,0
KACRF.US,D,20240627,000000,0.09,0.09,0.085,0.0851,2804,0
KACRF.US,D,20240701,000000,0.12,0.12,0.12,0.12,200,0
KACRF.US,D,20240702,000000,0.095,0.1004,0.073,0.073,32075,0
KACRF.US,D,20240708,000000,0.1201,0.13,0.11,0.13,418,0
KACRF.US,D,20240723,000000,0.105,0.11,0.1003,0.1085,3946,0
KACRF.US,D,20240724,000000,0.1288,0.1288,0.1238,0.1238,2914,0
KACRF.US,D,20240726,000000,0.135,0.135,0.125,0.125,390,0
KACRF.US,D,20240808,000000,0.1,0.1002,0.1,0.1001,101113,0
KACRF.US,D,20240814,000000,0.09,0.09,0.09,0.09,115513,0
KACRF.US,D,20240821,000000,0.0901,0.0901,0.0901,0.0901,100,0
KACRF.US,D,20240829,000000,0.09,0.09,0.09,0.09,180,0
KACRF.US,D,20240913,000000,0.0901,0.0901,0.0901,0.0901,555,0
KACRF.US,D,20240930,000000,0.0901,0.0901,0.0701,0.0701,30153,0
KACRF.US,D,20241001,000000,0.0911,0.1142,0.0911,0.11,4062,0
KACRF.US,D,20241002,000000,0.1059,0.1059,0.1059,0.1059,674,0
KACRF.US,D,20241003,000000,0.0835,0.1059,0.0835,0.104999,1552,0
KACRF.US,D,20241004,000000,0.0928,0.0928,0.0819,0.082,1987,0
KACRF.US,D,20241010,000000,0.075,0.103,0.075,0.103,793,0
KACRF.US,D,20241011,000000,0.082,0.082,0.075,0.075,1050,0
KACRF.US,D,20241015,000000,0.1,0.1021,0.0701,0.0701,1800,0
KACRF.US,D,20241016,000000,0.093789,0.093789,0.093789,0.093789,1000,0
KACRF.US,D,20241017,000000,0.087,0.0911,0.087,0.0911,1700,0
KACRF.US,D,20241018,000000,0.1,0.13,0.1,0.1163,2026,0
KACRF.US,D,20241021,000000,0.1465,0.1466,0.112236,0.112236,2200,0
KACRF.US,D,20241022,000000,0.1122,0.1147,0.1122,0.1122,3701,0
KACRF.US,D,20241025,000000,0.0971,0.0971,0.0971,0.0971,285,0
KACRF.US,D,20241028,000000,0.119,0.119,0.09,0.09,475,0
KACRF.US,D,20241029,000000,0.0951,0.0951,0.095,0.095,375,0
KACRF.US,D,20241031,000000,0.0757,0.11,0.0757,0.1083,1176,0
KACRF.US,D,20241101,000000,0.102,0.11,0.0985,0.11,7336,0
KACRF.US,D,20241104,000000,0.11,0.11,0.11,0.11,213,0
KACRF.US,D,20241105,000000,0.1025,0.143,0.1,0.143,2907,0
KACRF.US,D,20241106,000000,0.098,0.15,0.098,0.15,758,0
KACRF.US,D,20241112,000000,0.1523,0.1523,0.1523,0.1523,5438,0
KACRF.US,D,20241114,000000,0.1037,0.1037,0.1036,0.1036,600,0
KACRF.US,D,20241119,000000,0.1036,0.1036,0.1036,0.1036,402,0
KACRF.US,D,20241125,000000,0.0924,0.0924,0.0772,0.0772,3203,0
KACRF.US,D,20241127,000000,0.0712,0.0712,0.0701,0.0701,645,0
KACRF.US,D,20241129,000000,0.0869,0.0869,0.0701,0.0701,331,0
KACRF.US,D,20241205,000000,0.0701,0.0701,0.0701,0.0701,1000,0
KACRF.US,D,20241210,000000,0.0701,0.0701,0.0701,0.0701,1000,0
KACRF.US,D,20241212,000000,0.0701,0.0701,0.0701,0.0701,1000,0
KACRF.US,D,20241216,000000,0.0701,0.0701,0.0701,0.0701,1000,0
