<TICKER>,<PER>,<DATE>,<TIME>,<OPEN>,<HIGH>,<LOW>,<CLOSE>,<VOL>,<OPENINT>
LBGJ.US,D,20241023,000000,4.7,5.5,4.06,4.1,1576542,0
LBGJ.US,D,20241024,000000,4.17,4.2999,3.9,3.93,415533,0
LBGJ.US,D,20241025,000000,3.8,4.05,3.73,3.81,377086,0
LBGJ.US,D,20241028,000000,3.945,4.6,3.945,4.3,135121,0
LBGJ.US,D,20241029,000000,4.27,4.49,4,4.26,79824,0
LBGJ.US,D,20241030,000000,4.152,4.42,4.15,4.31,33888,0
LBGJ.US,D,20241031,000000,4.0995,4.41,4.0995,4.25,43082,0
LBGJ.US,D,20241101,000000,4,4.2389,4,4.12,9967,0
LBGJ.US,D,20241104,000000,4.1321,4.2,4.07,4.2,8614,0
LBGJ.US,D,20241105,000000,4.28,4.47,4.2,4.283,36856,0
LBGJ.US,D,20241106,000000,4.33,4.4064,4.17,4.2101,8007,0
LBGJ.US,D,20241107,000000,4.16,4.3782,4,4.05,46910,0
LBGJ.US,D,20241108,000000,4.04,4.0715,3.91,3.98,10791,0
LBGJ.US,D,20241111,000000,3.98,4.01,3.91,4,9020,0
LBGJ.US,D,20241112,000000,3.94,4.01,3.91,4.01,19080,0
LBGJ.US,D,20241113,000000,3.91,4.226,3.91,4.15,7954,0
LBGJ.US,D,20241114,000000,4.08,4.1,4.019,4.025,22240,0
LBGJ.US,D,20241115,000000,4.1,4.1,3.6,3.7,64850,0
LBGJ.US,D,20241118,000000,3.609,3.609,3.03,3.19,43097,0
LBGJ.US,D,20241119,000000,3.272,4,3.2,3.99,112242,0
LBGJ.US,D,20241120,000000,3.99,4.365,3.5,3.5,370475,0
LBGJ.US,D,20241121,000000,3.5,3.86,3.4758,3.4801,30852,0
LBGJ.US,D,20241122,000000,3.433,3.7,3.3304,3.6999,10333,0
LBGJ.US,D,20241125,000000,3.8246,4.2599,3.47,3.49,344916,0
LBGJ.US,D,20241126,000000,3.54,3.804,3.33,3.4,313218,0
LBGJ.US,D,20241127,000000,3.39,3.61,3.3,3.3,119141,0
LBGJ.US,D,20241129,000000,3.35,3.401,3.14,3.17,46827,0
LBGJ.US,D,20241202,000000,3.29,3.455,3.16,3.21,121619,0
LBGJ.US,D,20241203,000000,3.25,3.56,3.25,3.31,63378,0
LBGJ.US,D,20241204,000000,3.528,4.14,3.43,3.77,230548,0
LBGJ.US,D,20241205,000000,3.76,3.975,3.3,3.57,212968,0
LBGJ.US,D,20241206,000000,3.51,3.79,3.5,3.56,32592,0
LBGJ.US,D,20241209,000000,3.62,4.13,3.6,4.11,275693,0
LBGJ.US,D,20241210,000000,3.99,4.5,3.9,4.2,917788,0
LBGJ.US,D,20241211,000000,4.1,4.4,3.61,3.71,151853,0
LBGJ.US,D,20241212,000000,3.67,3.76,2.21,2.76,1711888,0
LBGJ.US,D,20241213,000000,2.7,3.49,2.6,3.4,168383,0
LBGJ.US,D,20241216,000000,3.5,4.1,2.77,3.18,138636,0
LBGJ.US,D,20241217,000000,3.2,3.49,2.95,3.3112,574592,0
LBGJ.US,D,20241218,000000,3.0417,3.64,3.0417,3.45,87955,0
LBGJ.US,D,20241219,000000,3.3,3.32,2.85,2.95,138429,0
LBGJ.US,D,20241220,000000,2.9583,3.02,2.7405,2.8,77013,0
LBGJ.US,D,20241223,000000,2.955,3.19,2.64,2.69,129964,0
LBGJ.US,D,20241224,000000,3.01,3.29,2.45,2.84,583848,0
LBGJ.US,D,20241226,000000,3.14,3.4,3,3.24,295445,0
LBGJ.US,D,20241227,000000,3.24,3.4,3.1,3.2817,188696,0
LBGJ.US,D,20241230,000000,3.43,3.48,3.3,3.45,174358,0
LBGJ.US,D,20241231,000000,3.48,3.5,3.31,3.45,79506,0
LBGJ.US,D,20250102,000000,3.44,3.51,3.345,3.42,89296,0
LBGJ.US,D,20250103,000000,3.5,3.6,3.1,3.36,208884,0
LBGJ.US,D,20250106,000000,3.4,3.77,3.15,3.43,972588,0
LBGJ.US,D,20250107,000000,3.385,3.73,3.385,3.56,206647,0
LBGJ.US,D,20250108,000000,3.42,3.54,3.2399,3.24,126891,0
LBGJ.US,D,20250110,000000,3.21,3.4899,3.01,3.22,138045,0
LBGJ.US,D,20250113,000000,3.18,3.22,2.885,2.92,61246,0
LBGJ.US,D,20250114,000000,3.1,3.29,2.73,2.73,48553,0
LBGJ.US,D,20250115,000000,2.75,2.955,2.75,2.8,39326,0
LBGJ.US,D,20250116,000000,2.76,2.79,2.529,2.6,46033,0
LBGJ.US,D,20250117,000000,2.91,3.045,2.55,2.62,59634,0
LBGJ.US,D,20250121,000000,2.62,2.8,2.595,2.77,173054,0
LBGJ.US,D,20250122,000000,2.81,3.15,2.6463,2.94,277653,0
LBGJ.US,D,20250123,000000,2.94,3.14,2.81,3.08,135324,0
LBGJ.US,D,20250124,000000,3.05,3.19,2.8,2.94,31548,0
LBGJ.US,D,20250127,000000,3.09,3.09,2.65,2.66,41129,0
LBGJ.US,D,20250128,000000,2.735,2.84,2.55,2.69,302452,0
LBGJ.US,D,20250129,000000,2.59,2.7,2.21,2.36,37904,0
LBGJ.US,D,20250130,000000,2.46,2.7759,2.4,2.52,230132,0
LBGJ.US,D,20250131,000000,2.59,2.7399,2.32,2.34,67560,0
LBGJ.US,D,20250203,000000,2.245,2.5,2.08,2.2,18698,0
LBGJ.US,D,20250204,000000,2.28,2.47,2.23,2.29,31303,0
LBGJ.US,D,20250205,000000,2.3,2.34,1.93,2.02,50876,0
LBGJ.US,D,20250206,000000,1.97,2.15,1.755,1.98,32385,0
LBGJ.US,D,20250207,000000,2.1,2.1,1.84,1.91,23346,0
LBGJ.US,D,20250210,000000,1.91,2.18,1.91,2.18,12276,0
LBGJ.US,D,20250211,000000,2.18,2.54,2.14,2.23,10176,0
LBGJ.US,D,20250212,000000,2.29,2.439,2.05,2.1,21599,0
LBGJ.US,D,20250213,000000,1.84,2.005,1.83,1.92,8523,0
