<TICKER>,<PER>,<DATE>,<TIME>,<OPEN>,<HIGH>,<LOW>,<CLOSE>,<VOL>,<OPENINT>
LFLY.US,D,20191216,000000,194,195,194,195,11266.65,0
LFLY.US,D,20191217,000000,195,195,194.4,194.4,190.2,0
LFLY.US,D,20191218,000000,194.4,194.8,194.4,194.6,122.25,0
LFLY.US,D,20191219,000000,194.6,194.6,194.4,194.4,13.6,0
LFLY.US,D,20191220,000000,194.354,195,194.2,195,125,0
LFLY.US,D,20191223,000000,195,195,195,195,50,0
LFLY.US,D,20191227,000000,194.276,194.8,194.2,194.8,1099.65,0
LFLY.US,D,20191231,000000,194.6,194.8,194.6,194.8,165.25,0
LFLY.US,D,20200102,000000,194.8,194.8,194.8,194.8,988.05,0
LFLY.US,D,20200103,000000,195.2,195.4,194.6,194.916,195,0
LFLY.US,D,20200106,000000,195,195.4,195,195.4,2197.3,0
LFLY.US,D,20200107,000000,195.4,195.4,195,195,1775.75,0
LFLY.US,D,20200108,000000,195.2,195.2,195.2,195.2,146.5,0
LFLY.US,D,20200109,000000,196,196,196,196,11183.45,0
LFLY.US,D,20200113,000000,196,197.6,196,197.6,315.3,0
LFLY.US,D,20200114,000000,197.4,197.4,197.4,197.4,25.5,0
LFLY.US,D,20200115,000000,197,198,197,198,52.4,0
LFLY.US,D,20200117,000000,196,198,196,198,31.8,0
LFLY.US,D,20200121,000000,196.6,196.6,196.6,196.6,260,0
LFLY.US,D,20200122,000000,196.4,196.4,196.4,196.4,3762.05,0
LFLY.US,D,20200123,000000,196.8,196.8,196.8,196.8,2500,0
LFLY.US,D,20200124,000000,196.8,196.8,196.8,196.8,5010,0
LFLY.US,D,20200129,000000,197,197,196.6,196.996,25.4,0
LFLY.US,D,20200130,000000,196.352,197,196.352,197,66,0
LFLY.US,D,20200131,000000,196.2,196.2,196.2,196.2,5,0
LFLY.US,D,20200204,000000,196.2,196.2,196.2,196.2,18.75,0
LFLY.US,D,20200207,000000,198,199,197.6,199,139.8,0
LFLY.US,D,20200214,000000,199,199,198.014,198.2,1602.8,0
LFLY.US,D,20200218,000000,197.2,197.648,197,197.648,59.15,0
LFLY.US,D,20200219,000000,197,197,197,197,35.3,0
LFLY.US,D,20200225,000000,197,197,197,197,31.9,0
LFLY.US,D,20200226,000000,197,197,197,197,613.2,0
LFLY.US,D,20200227,000000,197.2,197.2,197.2,197.2,25,0
LFLY.US,D,20200228,000000,196.4,196.4,196,196,1025,0
LFLY.US,D,20200304,000000,196,198,196,198,1125,0
LFLY.US,D,20200305,000000,197.2,197.2,197.2,197.2,675,0
LFLY.US,D,20200309,000000,196.8,198,190.002,196.4,17611.5,0
LFLY.US,D,20200310,000000,194.8,196.4,194,196,3089.3,0
LFLY.US,D,20200311,000000,195.8,195.802,195.8,195.802,56.5,0
LFLY.US,D,20200312,000000,193.04,194.2,193,194,6807.55,0
LFLY.US,D,20200313,000000,194.2,195.6,192.8,193,411.2,0
LFLY.US,D,20200316,000000,192.2,193,191,192,5255.5,0
LFLY.US,D,20200317,000000,196.224,198,188.002,192,1332.7,0
LFLY.US,D,20200318,000000,197.8,198.2,171.2,171.4,789.75,0
LFLY.US,D,20200319,000000,194.806,195.998,189.4,190.2,1059.6,0
LFLY.US,D,20200320,000000,190.4,190.4,186,189.068,6936.55,0
LFLY.US,D,20200323,000000,188,188,183.436,186.5,18024.05,0
LFLY.US,D,20200324,000000,191.2,195.8,189.07,193.8,580.55,0
LFLY.US,D,20200325,000000,191,193,190.548,193,42.55,0
LFLY.US,D,20200326,000000,191,191.044,191,191.044,38.15,0
LFLY.US,D,20200327,000000,188.8,194,188.8,194,365.85,0
LFLY.US,D,20200331,000000,193.8,193.8,193.8,193.8,2900.2,0
LFLY.US,D,20200401,000000,190.5,192,190.5,191.05,47.9,0
LFLY.US,D,20200402,000000,192.272,194,192.272,194,22.2,0
LFLY.US,D,20200403,000000,194,194,190.602,192,168.7,0
LFLY.US,D,20200406,000000,205.6,205.6,192.65,192.85,52.8,0
LFLY.US,D,20200407,000000,192.882,192.882,192.882,192.882,20.4,0
LFLY.US,D,20200408,000000,192,192,192,192,19.1,0
LFLY.US,D,20200409,000000,193,193,193,193,136.4,0
LFLY.US,D,20200413,000000,192.532,192.532,192.2,192.2,114.25,0
LFLY.US,D,20200414,000000,193.6,193.6,193,193.6,101.35,0
LFLY.US,D,20200415,000000,193.57,193.57,193,193,19.7,0
LFLY.US,D,20200416,000000,192,192.002,192,192.002,33.7,0
LFLY.US,D,20200417,000000,192,192,192,192,12.1,0
LFLY.US,D,20200420,000000,192.8,193.2,192.8,192.978,51.95,0
LFLY.US,D,20200422,000000,191.2,193.6,191.2,193.6,20.05,0
LFLY.US,D,20200423,000000,193.072,193.072,193.072,193.072,7.55,0
LFLY.US,D,20200424,000000,192.84,193.344,192,192,4035,0
LFLY.US,D,20200427,000000,192.6,193.6,192.6,193.6,33.9,0
LFLY.US,D,20200428,000000,193,193,192.004,192.004,26.85,0
LFLY.US,D,20200429,000000,192.5,193.6,192.5,193.6,40036.15,0
LFLY.US,D,20200430,000000,193.4,194.18,193.2,193.6,1329.8,0
LFLY.US,D,20200501,000000,193.432,193.432,193.2,193.2,546.75,0
LFLY.US,D,20200504,000000,192.456,193.6,192.456,193.6,45.8,0
LFLY.US,D,20200505,000000,195.2,195.2,193.2,193.598,134.1,0
LFLY.US,D,20200506,000000,193.4,197.8,193.4,197.8,18.9,0
LFLY.US,D,20200507,000000,195.6,197.8,195.6,197.8,25.25,0
LFLY.US,D,20200508,000000,194.454,194.454,192.6,192.6,27.25,0
LFLY.US,D,20200511,000000,192.6,197.6,192.6,193.6,120.4,0
LFLY.US,D,20200513,000000,197.6,197.6,195,195,198,0
LFLY.US,D,20200518,000000,195.87,195.87,194,194.2,2048.55,0
LFLY.US,D,20200519,000000,193.2,193.4,193,193,1299.35,0
LFLY.US,D,20200521,000000,197.2,197.2,197,197,112.5,0
LFLY.US,D,20200526,000000,192.4,192.404,192.4,192.404,17.1,0
LFLY.US,D,20200527,000000,195,195,195,195,6.25,0
LFLY.US,D,20200529,000000,195.2,195.2,195.2,195.2,15.5,0
LFLY.US,D,20200601,000000,195.282,195.282,195.282,195.282,7.85,0
LFLY.US,D,20200604,000000,194,194,193.2,194,114.15,0
LFLY.US,D,20200608,000000,194,197.2,194,197.2,41.05,0
LFLY.US,D,20200610,000000,195.3,197.6,195.3,195.8,279.95,0
LFLY.US,D,20200611,000000,195.4,195.6,193.2,195.52,1442.6,0
LFLY.US,D,20200612,000000,195.4,195.4,195.4,195.4,33.15,0
LFLY.US,D,20200616,000000,195,195,195,195,1872.4,0
LFLY.US,D,20200617,000000,196,196,194.5,195.4,486.85,0
LFLY.US,D,20200618,000000,196.8,196.8,194,194,769.3,0
LFLY.US,D,20200619,000000,196.998,196.998,195,195,25,0
LFLY.US,D,20200622,000000,194.5,195,194.4,195,27969.8,0
LFLY.US,D,20200623,000000,195,197,195,197,342.55,0
LFLY.US,D,20200624,000000,197,197,196,196,18.2,0
LFLY.US,D,20200625,000000,197,197,196,196,8907.1,0
LFLY.US,D,20200626,000000,196,196,196,196,21.8,0
LFLY.US,D,20200629,000000,196,196,194,195,10762,0
LFLY.US,D,20200630,000000,195,197,195,195.8,687.05,0
LFLY.US,D,20200701,000000,198,200,198,199.798,2446.9,0
LFLY.US,D,20200702,000000,197.5,197.748,197,197,1770.05,0
LFLY.US,D,20200706,000000,198,198.004,197.6,198.004,128.3,0
LFLY.US,D,20200707,000000,196.4,196.4,196,196,443.85,0
LFLY.US,D,20200708,000000,196.24,196.24,196.2,196.2,105.4,0
LFLY.US,D,20200709,000000,198.798,198.798,198.798,198.798,22.05,0
LFLY.US,D,20200710,000000,198.796,198.8,198,198.4,588.35,0
LFLY.US,D,20200713,000000,198.2,198.2,197.68,197.68,19.45,0
LFLY.US,D,20200714,000000,198.2,198.3,198.2,198.2,75.35,0
LFLY.US,D,20200715,000000,198.6,198.6,198,198.6,24578.5,0
LFLY.US,D,20200716,000000,198.6,198.6,198.2,198.6,2566.9,0
LFLY.US,D,20200717,000000,198.6,198.6,198.202,198.202,6037.85,0
LFLY.US,D,20200720,000000,198.3,198.6,198.2,198.6,1229.4,0
LFLY.US,D,20200721,000000,199.4,209.2,199.4,209.2,20.15,0
LFLY.US,D,20200722,000000,199.4,199.4,199.4,199.4,100.25,0
LFLY.US,D,20200723,000000,201,201,200,200,573.1,0
LFLY.US,D,20200727,000000,200,200,199.2,199.6,138.15,0
LFLY.US,D,20200729,000000,199.2,199.2,198.8,198.998,5082.15,0
LFLY.US,D,20200730,000000,198.8,198.8,196.8,197.2,11835.05,0
LFLY.US,D,20200731,000000,197.4,197.4,195.8,196.4,1504.65,0
LFLY.US,D,20200803,000000,197.8,198,196.2,198,1385.5,0
LFLY.US,D,20200805,000000,197.5,197.5,196.2,197.1,33.2,0
LFLY.US,D,20200807,000000,196.2,196.98,196,196.58,275.2,0
LFLY.US,D,20200810,000000,196.6,196.6,196.6,196.6,7.35,0
LFLY.US,D,20200811,000000,196.808,196.808,196.808,196.808,823,0
LFLY.US,D,20200812,000000,197.4,197.4,196,196.41,197.8,0
LFLY.US,D,20200813,000000,198,198,197,197.2,422.45,0
LFLY.US,D,20200814,000000,197,197,196.6,196.6,59.85,0
LFLY.US,D,20200817,000000,198,198,197.3,197.8,76.65,0
LFLY.US,D,20200818,000000,198,198,196.6,196.6,367.5,0
LFLY.US,D,20200819,000000,197.8,198,197.1,197.6,109.9,0
LFLY.US,D,20200820,000000,197,197.344,196,197.344,197,0
LFLY.US,D,20200821,000000,196,196,196,196,10630.9,0
LFLY.US,D,20200824,000000,197.8,198,197.8,197.8,86.55,0
LFLY.US,D,20200825,000000,199,199,197.298,197.298,139,0
LFLY.US,D,20200826,000000,195.6,196,195.6,196,19.75,0
LFLY.US,D,20200827,000000,195.6,199,195.6,197.6,103.4,0
LFLY.US,D,20200828,000000,197.6,197.6,197.2,197.2,10029.65,0
LFLY.US,D,20200831,000000,197.522,197.98,197.522,197.98,31.1,0
LFLY.US,D,20200901,000000,198.5,198.824,197.6,198.108,3258.35,0
LFLY.US,D,20200902,000000,198.1,198.5,197.6,197.6,87,0
LFLY.US,D,20200903,000000,198.5,199.6,198.5,199.234,63.65,0
LFLY.US,D,20200904,000000,198.512,198.8,198.4,198.4,200,0
LFLY.US,D,20200908,000000,197.8,198.8,197.68,197.68,928.9,0
LFLY.US,D,20200909,000000,198.8,198.8,198,198,44.85,0
LFLY.US,D,20200910,000000,198.8,198.8,195,195.2,1000.35,0
LFLY.US,D,20200911,000000,198.6,198.8,196.002,197,133.3,0
LFLY.US,D,20200914,000000,196.2,199.4,196,199.4,1834.3,0
LFLY.US,D,20200915,000000,198,198.7,198,198,87.45,0
LFLY.US,D,20200917,000000,198,198,196.2,196.2,267.1,0
LFLY.US,D,20200918,000000,197.8,197.8,197.8,197.8,25.5,0
LFLY.US,D,20200921,000000,196.8,197.8,196.8,197.8,660.1,0
LFLY.US,D,20200922,000000,197,197,196.2,196.2,100.45,0
LFLY.US,D,20200923,000000,196.2,196.962,196,196,328.25,0
LFLY.US,D,20200924,000000,196.6,196.6,196.6,196.6,301.5,0
LFLY.US,D,20200925,000000,196.4,198.4,196,196,4832.55,0
LFLY.US,D,20200928,000000,195.4,195.4,194,194.2,64.2,0
LFLY.US,D,20200929,000000,194.4,197.2,194.4,197.2,36.2,0
LFLY.US,D,20200930,000000,197.7,197.7,197.7,197.7,5,0
LFLY.US,D,20201001,000000,198.2,198.2,196.4,196.4,6289.4,0
LFLY.US,D,20201002,000000,196.4,196.4,196.4,196.4,2500.1,0
LFLY.US,D,20201006,000000,195,196.02,194.8,195.4,167.55,0
LFLY.US,D,20201007,000000,195,196.724,194.8,195.7,65.55,0
LFLY.US,D,20201008,000000,195,196.4,195,196.4,22.75,0
LFLY.US,D,20201009,000000,195,196.6,194.2,196.6,583.25,0
LFLY.US,D,20201012,000000,196,196,194.6,194.6,37.75,0
LFLY.US,D,20201013,000000,196.5,196.5,196.2,196.4,91.1,0
LFLY.US,D,20201015,000000,196.2,196.2,194.602,196,41.9,0
LFLY.US,D,20201016,000000,196.062,196.062,196.062,196.062,5,0
LFLY.US,D,20201019,000000,196.4,196.4,196.4,196.4,53.6,0
LFLY.US,D,20201020,000000,197.396,197.4,196.8,196.8,101.3,0
LFLY.US,D,20201021,000000,196.8,196.8,196,196.1,130.85,0
LFLY.US,D,20201022,000000,195.2,196.6,195.2,196.6,690.95,0
LFLY.US,D,20201023,000000,195.15,196,195,196,5208.3,0
LFLY.US,D,20201026,000000,197,197,197,197,28.2,0
LFLY.US,D,20201027,000000,197,197.4,197,197.4,232.45,0
LFLY.US,D,20201028,000000,196.5,196.5,196.126,196.126,13,0
LFLY.US,D,20201029,000000,196,196,195,195,267,0
LFLY.US,D,20201030,000000,195,195.6,195,195,443.7,0
LFLY.US,D,20201102,000000,195.45,195.45,195,195,25.25,0
LFLY.US,D,20201103,000000,195,195.974,195,195.974,91.6,0
LFLY.US,D,20201104,000000,195.998,196.2,195.2,196,2953.25,0
LFLY.US,D,20201105,000000,195,196.1,195,195.8,70.75,0
LFLY.US,D,20201106,000000,197.4,200,197.4,197.8,475.3,0
LFLY.US,D,20201109,000000,198.8,198.8,196.4,197.6,512,0
LFLY.US,D,20201110,000000,197.178,198.4,196.4,198.4,373.85,0
LFLY.US,D,20201111,000000,196.7,196.9,195.6,196.9,48.9,0
LFLY.US,D,20201113,000000,197,197,196.812,196.826,255.65,0
LFLY.US,D,20201117,000000,196.4,196.4,195.8,195.8,902.7,0
LFLY.US,D,20201118,000000,195.8,197.5,195.8,197.5,57.45,0
LFLY.US,D,20201119,000000,197.34,198,195.8,198,314.45,0
LFLY.US,D,20201120,000000,197.69,197.894,196,197.3,351.55,0
LFLY.US,D,20201123,000000,197.268,198,196.2,196.8,1168.65,0
LFLY.US,D,20201124,000000,197.49,198,197,198,5108.5,0
LFLY.US,D,20201125,000000,198.4,198.4,197.8,198,76.6,0
LFLY.US,D,20201127,000000,198,198,197,197.002,193.05,0
LFLY.US,D,20201130,000000,197,198.2,197,198.2,353.85,0
LFLY.US,D,20201201,000000,198.2,198.2,197.76,198.196,146.7,0
LFLY.US,D,20201202,000000,197.7,197.7,197.7,197.7,23,0
LFLY.US,D,20201203,000000,197.4,197.8,197.4,197.8,384.05,0
LFLY.US,D,20201204,000000,198.2,212.1,198.2,202.6,2568.25,0
LFLY.US,D,20201207,000000,204,204,202.8,203.4,1677.8,0
LFLY.US,D,20201208,000000,209.4,210,201.188,202,1017.05,0
LFLY.US,D,20201209,000000,200.6,202.5,195,195,2009.75,0
LFLY.US,D,20201210,000000,201.6,202.4,199,200.866,2155.2,0
LFLY.US,D,20201211,000000,200,205,200,205,5712.4,0
LFLY.US,D,20201214,000000,205.2,205.2,202.2,204.6,182.35,0
LFLY.US,D,20201215,000000,204.8,205,201.6,201.6,1262,0
LFLY.US,D,20201216,000000,202.2,202.2,201.78,202.11,216.85,0
LFLY.US,D,20201217,000000,202,202.4,201,201.8,1217.25,0
LFLY.US,D,20201218,000000,204.8,204.8,202.488,203,192.95,0
LFLY.US,D,20201221,000000,203.6,204.4,200.8,204,1282.2,0
LFLY.US,D,20201222,000000,201,203.2,201,201,5744.1,0
LFLY.US,D,20201223,000000,201.1,206.96,201.1,204.8,3248.9,0
LFLY.US,D,20201224,000000,206.4,206.4,202.6,204.8,354.4,0
LFLY.US,D,20201228,000000,205.2,206,203,205.2,457.6,0
LFLY.US,D,20201229,000000,205.2,206.764,202,204.6,1163.35,0
LFLY.US,D,20201230,000000,206,206,205,205.8,2718.7,0
LFLY.US,D,20201231,000000,204.4,207.4,204,204,870.1,0
LFLY.US,D,20210104,000000,207.2,207.2,204,206,8277.95,0
LFLY.US,D,20210105,000000,203.8,207,203.8,206.6,272.2,0
LFLY.US,D,20210106,000000,206.8,207.8,204.4,207.8,1872.7,0
LFLY.US,D,20210107,000000,207.6,207.8,206,207.8,395.9,0
LFLY.US,D,20210108,000000,210,210.8,205.8,208.6,1669.3,0
LFLY.US,D,20210111,000000,208.2,208.2,205,206.4,4398.8,0
LFLY.US,D,20210112,000000,207.8,208,207,208,8055.25,0
LFLY.US,D,20210113,000000,214.8,214.8,208.2,211.6,1310.8,0
LFLY.US,D,20210114,000000,211.8,212,208.8,209.8,4125.9,0
LFLY.US,D,20210115,000000,213,213,210,210.6,4999.85,0
LFLY.US,D,20210119,000000,211.4,211.8,208.6,209,9670,0
LFLY.US,D,20210120,000000,209,211,208.602,210.2,2054.95,0
LFLY.US,D,20210121,000000,210,210.8,209,209.6,2056.95,0
LFLY.US,D,20210122,000000,210.6,212,209.6,209.6,1272,0
LFLY.US,D,20210125,000000,211.6,212,209.2,209.8,5104.05,0
LFLY.US,D,20210126,000000,210,211,209,209.6,2927.1,0
LFLY.US,D,20210127,000000,207.2,208.076,203.8,206.8,2238.1,0
LFLY.US,D,20210128,000000,204.8,206.4,204.2,204.6,781.85,0
LFLY.US,D,20210129,000000,203,205.998,202,203.2,19738.6,0
LFLY.US,D,20210201,000000,204.8,206.4,203.6,206,4393.9,0
LFLY.US,D,20210202,000000,206.4,212.4,206.4,209.8,7517.45,0
LFLY.US,D,20210203,000000,211.4,215,210,215,22512,0
LFLY.US,D,20210204,000000,216.6,217.4,212.442,216.6,17042.95,0
LFLY.US,D,20210205,000000,218,219,211.2,214,8203,0
LFLY.US,D,20210208,000000,213.4,215,212,214.598,7885.9,0
LFLY.US,D,20210209,000000,214.6,217,213,213.8,6833.6,0
LFLY.US,D,20210210,000000,221.236,224.8,215.6,218,11427.35,0
LFLY.US,D,20210211,000000,221,224.398,210.602,212.8,8969.2,0
LFLY.US,D,20210212,000000,212.8,214.4,211,213,3163.75,0
LFLY.US,D,20210216,000000,214,214,212.3,214,4909.15,0
LFLY.US,D,20210217,000000,213.2,216,212.2,214.8,2867.3,0
LFLY.US,D,20210218,000000,215.6,215.6,212,213,2501.35,0
LFLY.US,D,20210219,000000,212.6,214,212.2,213.4,2766.1,0
LFLY.US,D,20210222,000000,212.6,214,211.4,212,3302,0
LFLY.US,D,20210223,000000,209.2,213,203.2,207.4,5619.55,0
LFLY.US,D,20210224,000000,205.4,213.336,205.4,206.2,4076.9,0
LFLY.US,D,20210225,000000,208.2,213.53,203,204,8463.9,0
LFLY.US,D,20210226,000000,206.8,208.6,203,206.8,13270,0
LFLY.US,D,20210301,000000,208.4,215,204,205.4,4130.6,0
LFLY.US,D,20210302,000000,204.6,206.6,201,202.4,8091.85,0
LFLY.US,D,20210303,000000,202.6,204.4,200.4,201.472,14510.4,0
LFLY.US,D,20210304,000000,201.6,201.6,198,199.8,5571.65,0
LFLY.US,D,20210305,000000,200,203,198,203,7092.2,0
LFLY.US,D,20210308,000000,202.6,202.6,198,199.8,5112.8,0
LFLY.US,D,20210309,000000,200.2,202.8,200.2,201.2,2771,0
LFLY.US,D,20210310,000000,201.2,201.484,200,200,1624.6,0
LFLY.US,D,20210311,000000,200.6,202.4,198.78,200.6,3223.1,0
LFLY.US,D,20210312,000000,200,201,199.2,200,6919.85,0
LFLY.US,D,20210315,000000,200.4,201.6,200,200.2,2236.85,0
LFLY.US,D,20210316,000000,200.6,201.26,199.202,199.8,2275.15,0
LFLY.US,D,20210317,000000,200,200,198.4,198.6,3220.15,0
LFLY.US,D,20210318,000000,199.2,199.2,198,198.6,4593.8,0
LFLY.US,D,20210319,000000,198.4,200.4,198.4,200,2598.05,0
LFLY.US,D,20210322,000000,200,200,199.22,199.6,1980.2,0
LFLY.US,D,20210323,000000,199.2,199.3,197.4,198,5352.7,0
LFLY.US,D,20210324,000000,199.8,199.8,196.4,198.2,5854.5,0
LFLY.US,D,20210325,000000,197,198.8,197,198.6,2232.75,0
LFLY.US,D,20210326,000000,199.6,199.6,197,198.6,444.65,0
LFLY.US,D,20210329,000000,198.6,198.8,197.6,198,3388.55,0
LFLY.US,D,20210330,000000,198.2,198.8,198,198.6,878.95,0
LFLY.US,D,20210331,000000,198.6,198.6,195,197.6,6603.6,0
LFLY.US,D,20210401,000000,197.6,199.2,197.6,199,2749.9,0
LFLY.US,D,20210405,000000,200.8,200.8,198.096,199,1684.4,0
LFLY.US,D,20210406,000000,199.6,199.6,198,198.8,2114.85,0
LFLY.US,D,20210407,000000,199,199,198.2,198.3,505.2,0
LFLY.US,D,20210408,000000,198.4,199.4,198.4,198.8,2464.3,0
LFLY.US,D,20210409,000000,199,202.4,199,200.8,8476.05,0
LFLY.US,D,20210412,000000,200.6,202,199.802,202,2386.1,0
LFLY.US,D,20210413,000000,201,202,199.8,201,709.15,0
LFLY.US,D,20210414,000000,200.2,201,200.2,200.2,777.2,0
LFLY.US,D,20210415,000000,200.2,200.4,198.5,199.8,1559,0
LFLY.US,D,20210416,000000,200.4,200.4,199.056,200.4,330.55,0
LFLY.US,D,20210419,000000,199.4,200,198.2,199.2,1402.9,0
LFLY.US,D,20210420,000000,198.542,201.4,198.542,199.258,3550.45,0
LFLY.US,D,20210421,000000,198.8,199.8,198,198.4,519.4,0
LFLY.US,D,20210422,000000,199.4,200.6,198.4,200.4,1963.8,0
LFLY.US,D,20210423,000000,200.8,200.8,199,199.8,743.95,0
LFLY.US,D,20210426,000000,199.8,199.8,199.2,199.6,295.95,0
LFLY.US,D,20210427,000000,199.2,200.8,198.8,199.196,961.7,0
LFLY.US,D,20210428,000000,200,200,199,199,348.45,0
LFLY.US,D,20210429,000000,199,199.4,198.6,198.6,633.35,0
LFLY.US,D,20210430,000000,198.602,199.8,198.602,199,1415.15,0
LFLY.US,D,20210503,000000,199.2,200.3,199,200,660.15,0
LFLY.US,D,20210504,000000,199.2,199.8,198.8,199.4,473.15,0
LFLY.US,D,20210505,000000,198.8,199.6,198.4,199,935.9,0
LFLY.US,D,20210506,000000,198.6,199.8,198.6,199,941.05,0
LFLY.US,D,20210507,000000,199.6,200,198.4,199.8,22791.2,0
LFLY.US,D,20210510,000000,199.8,199.8,198.2,198.4,2427.05,0
LFLY.US,D,20210511,000000,198.2,200,198,199,3454.55,0
LFLY.US,D,20210512,000000,198.63,199,198.4,198.6,1949.1,0
LFLY.US,D,20210513,000000,198.4,198.8,198,198.6,4354.85,0
LFLY.US,D,20210514,000000,198.6,198.8,198.238,198.5,6715.25,0
LFLY.US,D,20210517,000000,198.2,198.6,198,198.4,1176.85,0
LFLY.US,D,20210518,000000,198.4,198.6,198.398,198.6,1663.15,0
LFLY.US,D,20210519,000000,198.4,198.6,198.2,198.2,282.35,0
LFLY.US,D,20210520,000000,198,198.6,198,198.4,769.55,0
LFLY.US,D,20210521,000000,198.6,198.6,198.2,198.6,1561.15,0
LFLY.US,D,20210524,000000,198,199,198,198.4,1134.35,0
LFLY.US,D,20210525,000000,198.558,198.6,198.2,198.6,3798.45,0
LFLY.US,D,20210526,000000,198.6,199.8,197.6,199.8,8205.45,0
LFLY.US,D,20210527,000000,199.12,199.8,198.6,199.8,1315,0
LFLY.US,D,20210528,000000,199.2,199.6,198.6,198.8,671.25,0
LFLY.US,D,20210601,000000,198.8,199.6,198.4,199.2,1695.4,0
LFLY.US,D,20210602,000000,198.6,199.4,198.6,199.2,328.25,0
LFLY.US,D,20210603,000000,198.4,199.6,198.4,199.4,474.85,0
LFLY.US,D,20210604,000000,199.532,199.6,199.2,199.6,211.8,0
LFLY.US,D,20210607,000000,198.6,199.6,198.6,199.6,340.1,0
LFLY.US,D,20210608,000000,198.6,199.6,198.6,199.6,2420,0
LFLY.US,D,20210609,000000,199.2,199.6,198.8,199.36,496.05,0
LFLY.US,D,20210610,000000,199.2,199.6,199,199.2,11173.7,0
LFLY.US,D,20210611,000000,199.6,199.6,199.2,199.6,1593.9,0
LFLY.US,D,20210614,000000,199.34,199.8,199.2,199.2,342.35,0
LFLY.US,D,20210615,000000,199.6,199.8,199,199.2,1738.9,0
LFLY.US,D,20210616,000000,198.8,199.6,198.8,199.4,7836.15,0
LFLY.US,D,20210617,000000,199.432,199.432,198.6,199.4,3684.15,0
LFLY.US,D,20210618,000000,200,200,198.6,199.4,495.2,0
LFLY.US,D,20210621,000000,198.8,199.4,198.8,199.4,702.35,0
LFLY.US,D,20210622,000000,198.8,199.4,198.4,199.4,628.2,0
LFLY.US,D,20210623,000000,199.4,199.4,199.2,199.2,53.65,0
LFLY.US,D,20210624,000000,199.2,199.4,199,199,226.6,0
LFLY.US,D,20210625,000000,199.4,199.4,199.2,199.2,107.25,0
LFLY.US,D,20210628,000000,199.2,199.4,198.802,199.2,694.95,0
LFLY.US,D,20210629,000000,199.3,199.6,198.6,199,2805.05,0
LFLY.US,D,20210630,000000,199.2,199.2,199,199,1067.95,0
LFLY.US,D,20210701,000000,199,199.4,198.6,199.2,2229.85,0
LFLY.US,D,20210702,000000,199.2,199.4,199.2,199.2,245.15,0
LFLY.US,D,20210706,000000,199,199.4,199,199,1597.15,0
LFLY.US,D,20210707,000000,198.802,199.4,198.8,199,127.3,0
LFLY.US,D,20210708,000000,199,199.4,199,199,618.7,0
LFLY.US,D,20210709,000000,199,199.4,199,199,538.4,0
LFLY.US,D,20210712,000000,199,199.4,199,199.2,224.45,0
LFLY.US,D,20210713,000000,199.6,199.6,199,199.4,801.45,0
LFLY.US,D,20210714,000000,199.2,199.4,199,199.4,553.4,0
LFLY.US,D,20210715,000000,199.202,199.4,199.2,199.4,926.35,0
LFLY.US,D,20210716,000000,199.202,199.4,199.2,199.4,250.45,0
LFLY.US,D,20210719,000000,198.6,199.4,198.6,199.4,1451.65,0
LFLY.US,D,20210720,000000,198.4,199.4,198.4,199.1,755.8,0
LFLY.US,D,20210721,000000,199.2,199.4,199.2,199.4,643.8,0
LFLY.US,D,20210722,000000,198.4,199.4,198.4,199.4,5070.85,0
LFLY.US,D,20210723,000000,199.8,199.8,199,199.2,190.3,0
LFLY.US,D,20210726,000000,199,199.4,199,199.4,1581.55,0
LFLY.US,D,20210727,000000,199.6,199.6,198.4,199.2,939.9,0
LFLY.US,D,20210728,000000,199.2,199.4,199.2,199.4,759.3,0
LFLY.US,D,20210729,000000,199.2,199.4,199.2,199.4,2236.6,0
LFLY.US,D,20210730,000000,199.2,199.8,199,199.8,207.25,0
LFLY.US,D,20210802,000000,198,199.4,198,199.4,171.55,0
LFLY.US,D,20210803,000000,199,199.6,199,199.6,63,0
LFLY.US,D,20210804,000000,199,199.8,199,199.4,165.75,0
LFLY.US,D,20210805,000000,199.202,199.8,199.2,199.8,583.7,0
LFLY.US,D,20210806,000000,199.4,199.4,199,199.4,1012.35,0
LFLY.US,D,20210809,000000,199.8,200,198.996,199.6,58002.7,0
LFLY.US,D,20210810,000000,199.6,199.6,199.2,199.6,2978.4,0
LFLY.US,D,20210811,000000,199.8,200,199.2,199.2,2358.65,0
LFLY.US,D,20210812,000000,199.4,199.56,198.4,199,26383.45,0
LFLY.US,D,20210813,000000,198.8,199.2,198.8,199.2,3408.6,0
LFLY.US,D,20210816,000000,199.2,199.2,198.8,199.2,3870.05,0
LFLY.US,D,20210817,000000,199.2,199.2,198.6,199,3700.3,0
LFLY.US,D,20210818,000000,199,199,198.4,198.8,2360.7,0
LFLY.US,D,20210819,000000,199,199.1,198.6,198.8,965.95,0
LFLY.US,D,20210820,000000,198.6,199.2,198.4,198.8,4323.75,0
LFLY.US,D,20210823,000000,199,199.2,198.8,199,3109.45,0
LFLY.US,D,20210824,000000,198.8,199.198,198.8,198.8,2026.55,0
LFLY.US,D,20210825,000000,198.8,199,198.8,198.8,3690.4,0
LFLY.US,D,20210826,000000,198.75,199.132,198.6,198.8,11664.65,0
LFLY.US,D,20210827,000000,199,199.2,198.8,199.2,1037.55,0
LFLY.US,D,20210830,000000,199,199.2,198.8,198.8,531.2,0
LFLY.US,D,20210831,000000,199.2,199.6,199,199,24369.5,0
LFLY.US,D,20210901,000000,198.8,199.398,198.8,198.8,11719.1,0
LFLY.US,D,20210902,000000,199.238,199.238,198.8,199.002,3716.85,0
LFLY.US,D,20210903,000000,199,199.4,199,199.304,1114.1,0
LFLY.US,D,20210907,000000,199.6,199.6,199,199.2,169.15,0
LFLY.US,D,20210908,000000,199.2,199.2,199.002,199.2,277.4,0
LFLY.US,D,20210909,000000,199.4,199.4,198.8,199.4,3269.6,0
LFLY.US,D,20210910,000000,199,199.4,199,199.4,932.5,0
LFLY.US,D,20210913,000000,199.4,199.48,199.2,199.4,263.8,0
LFLY.US,D,20210914,000000,199.6,199.6,199,199.442,126.15,0
LFLY.US,D,20210915,000000,199.8,199.8,199.2,199.6,624.45,0
LFLY.US,D,20210916,000000,199.6,199.6,199.232,199.6,767.3,0
LFLY.US,D,20210917,000000,199.6,199.68,199.4,199.6,734.1,0
LFLY.US,D,20210920,000000,199.2,199.6,199.2,199.4,3963.15,0
LFLY.US,D,20210921,000000,199.6,199.6,199.4,199.6,190.4,0
LFLY.US,D,20210922,000000,199.6,199.8,199.4,199.6,14224.9,0
LFLY.US,D,20210923,000000,199.6,199.8,199.44,199.8,11419.15,0
LFLY.US,D,20210924,000000,199.602,199.8,199.6,199.794,8619.85,0
LFLY.US,D,20210927,000000,199.8,200,199.6,200,17038.1,0
LFLY.US,D,20210928,000000,199.8,200,199.6,200,701.35,0
LFLY.US,D,20210929,000000,200,200,199.6,199.8,951.75,0
LFLY.US,D,20210930,000000,199.8,199.8,199.6,199.8,562.75,0
LFLY.US,D,20211001,000000,199.8,199.8,199.6,199.8,1625.85,0
LFLY.US,D,20211004,000000,199.6,199.8,199.6,199.8,2209.25,0
LFLY.US,D,20211005,000000,199.6,200,199.6,199.998,1630.05,0
LFLY.US,D,20211006,000000,200,200,199.6,199.6,5990.45,0
LFLY.US,D,20211007,000000,199.964,199.964,199.6,199.8,7116.45,0
LFLY.US,D,20211008,000000,199.6,200,199.6,199.6,2661.85,0
LFLY.US,D,20211011,000000,200,200,199.6,199.688,220.75,0
LFLY.US,D,20211012,000000,199.682,200,199.6,200,1678.5,0
LFLY.US,D,20211013,000000,200,200,199.666,199.8,1659.85,0
LFLY.US,D,20211014,000000,200,200,199.6,199.8,6288.05,0
LFLY.US,D,20211015,000000,199.8,200.2,199.8,200.2,2269.6,0
LFLY.US,D,20211018,000000,200,200.1,199.802,200,13257.45,0
LFLY.US,D,20211019,000000,200,200.2,199.8,199.8,6926.9,0
LFLY.US,D,20211020,000000,200,200.4,200,200.1,49698.7,0
LFLY.US,D,20211021,000000,200,200.36,200,200,5361.3,0
LFLY.US,D,20211022,000000,200,200.6,200,200.2,11868.8,0
LFLY.US,D,20211025,000000,199.8,200.4,199.8,200,7218.75,0
LFLY.US,D,20211026,000000,200.4,201,200,200.2,95281.9,0
LFLY.US,D,20211027,000000,200.6,210,199.4,209,165562.35,0
LFLY.US,D,20211028,000000,208,213,203.4,207.4,205861.2,0
LFLY.US,D,20211029,000000,206.8,222,203.8,216,574305.65,0
LFLY.US,D,20211101,000000,219.2,225.356,211,213.6,116189.05,0
LFLY.US,D,20211102,000000,210.5,212.998,205,207.8,66642.5,0
LFLY.US,D,20211103,000000,205.8,207.8,203.8,206.4,35051.95,0
LFLY.US,D,20211104,000000,205.2,206,203.6,204.4,29215.4,0
LFLY.US,D,20211105,000000,204.6,204.6,202,203.6,25042.1,0
LFLY.US,D,20211108,000000,204.8,206.6,202.2,203.6,38981.35,0
LFLY.US,D,20211109,000000,203.8,214.4,203,209.8,53324.1,0
LFLY.US,D,20211110,000000,208.8,209.6,205.2,207.4,21777.4,0
LFLY.US,D,20211111,000000,211.2,211.598,205.2,205.4,24022.15,0
LFLY.US,D,20211112,000000,207.6,210.8,206.2,209.6,53538.65,0
LFLY.US,D,20211115,000000,211,217,208.2,213.6,137045.75,0
LFLY.US,D,20211116,000000,211,211,204.6,205.2,43411.55,0
LFLY.US,D,20211117,000000,205.2,206.698,204,204,35573.45,0
LFLY.US,D,20211118,000000,204.8,204.8,202.4,203,52868.45,0
LFLY.US,D,20211119,000000,202.6,203.6,200.602,201,94382.55,0
LFLY.US,D,20211122,000000,200.6,202,200.2,201.2,56317.25,0
LFLY.US,D,20211123,000000,200.8,201.4,200.4,201,28408.55,0
LFLY.US,D,20211124,000000,201,202.6,200.2,202.4,13763.25,0
LFLY.US,D,20211126,000000,201.6,202,200.4,201.8,6552.05,0
LFLY.US,D,20211129,000000,200.4,202,200.4,200.4,7875.2,0
LFLY.US,D,20211130,000000,200.4,201.6,200.2,200.2,21495.35,0
LFLY.US,D,20211201,000000,200,200.6,199.2,200,20815.6,0
LFLY.US,D,20211202,000000,199.8,200.744,199.6,200.4,9450.6,0
LFLY.US,D,20211203,000000,200,200.6,199.9,200.4,13406.4,0
LFLY.US,D,20211206,000000,200.2,200.4,200,200.25,6922.55,0
LFLY.US,D,20211207,000000,201,201,200,200.4,11245.55,0
LFLY.US,D,20211208,000000,200.8,200.8,200.1,200.6,7775.25,0
LFLY.US,D,20211209,000000,200.4,201,200.2,200.6,2660.4,0
LFLY.US,D,20211210,000000,200.258,200.8,200.2,200.2,3581.45,0
LFLY.US,D,20211213,000000,200.2,200.4,200.2,200.2,8398.3,0
LFLY.US,D,20211214,000000,200,200.8,200,200.2,15290.85,0
LFLY.US,D,20211215,000000,200.2,200.6,199.4,199.8,68697.4,0
LFLY.US,D,20211216,000000,200,201,199.8,200,16161.85,0
LFLY.US,D,20211217,000000,199.8,200.2,199.6,199.8,4169.3,0
LFLY.US,D,20211220,000000,199,199.8,198.8,199.2,18168.1,0
LFLY.US,D,20211221,000000,199.6,199.8,199.4,199.6,4462.7,0
LFLY.US,D,20211222,000000,199.6,199.8,199.6,199.6,8754.05,0
LFLY.US,D,20211223,000000,199.4,199.6,199.4,199.4,4095.4,0
LFLY.US,D,20211227,000000,199.4,199.8,199.4,199.4,4747.4,0
LFLY.US,D,20211228,000000,199.6,199.8,199.6,199.6,30296.7,0
LFLY.US,D,20211229,000000,199.6,200,199.6,199.6,22664.7,0
LFLY.US,D,20211230,000000,199.6,200,199.6,199.6,17363.6,0
LFLY.US,D,20211231,000000,199.6,200.2,199.6,199.8,7157.3,0
LFLY.US,D,20220103,000000,200,203.4,199.8,200.4,7053.3,0
LFLY.US,D,20220104,000000,200.2,201.1,199.6,200.6,4874.05,0
LFLY.US,D,20220105,000000,199.8,200.7,199.8,200.4,3041.05,0
LFLY.US,D,20220106,000000,200.4,200.5,199.6,199.8,6387.85,0
LFLY.US,D,20220107,000000,199.6,200.6,199.6,199.8,16175,0
LFLY.US,D,20220110,000000,199.6,200,199.6,199.8,25353.6,0
LFLY.US,D,20220111,000000,198,198,162.428,167.8,31614.55,0
LFLY.US,D,20220112,000000,199.2,201,199,200.2,58189.15,0
LFLY.US,D,20220113,000000,199.4,200.484,199.4,199.8,3780.4,0
LFLY.US,D,20220114,000000,199.8,199.8,199.4,199.4,12036.95,0
LFLY.US,D,20220118,000000,199.4,199.8,199.4,199.8,11725.9,0
LFLY.US,D,20220119,000000,199.6,199.6,199.4,199.6,3408.3,0
LFLY.US,D,20220120,000000,199.6,199.8,199.4,199.8,2384.85,0
LFLY.US,D,20220121,000000,199.8,200,199.4,199.6,7205.6,0
LFLY.US,D,20220124,000000,199.4,199.8,199.4,199.8,23676.35,0
LFLY.US,D,20220125,000000,199.6,199.8,199.4,199.8,13681.3,0
LFLY.US,D,20220126,000000,199.6,200,199.4,199.8,23133.6,0
LFLY.US,D,20220127,000000,184.8,184.8,137.2,143,36683.85,0
LFLY.US,D,20220128,000000,141,147.6,132.6,143.4,12762.55,0
LFLY.US,D,20220131,000000,135.8,144,124.872,142.6,11337.65,0
LFLY.US,D,20220201,000000,144.6,145.998,129,130.6,5030.05,0
LFLY.US,D,20220202,000000,134.146,140.2,128.4,134.2,7652.35,0
LFLY.US,D,20220203,000000,130.948,141.8,128.202,128.6,7563.25,0
LFLY.US,D,20220204,000000,126.2,137.6,115,130.6,8080.4,0
LFLY.US,D,20220207,000000,134.8,148.8,133.91,141.2,6000,0
LFLY.US,D,20220208,000000,140,140,125.4,125.4,11025,0
LFLY.US,D,20220209,000000,133.4,143.798,132.6,137.4,14530.35,0
LFLY.US,D,20220210,000000,134,137.4,121.4,133.4,9890,0
LFLY.US,D,20220211,000000,140.2,157.302,136.6,142.2,22180,0
LFLY.US,D,20220214,000000,140.8,140.8,122.002,133.8,8106.9,0
LFLY.US,D,20220215,000000,136.4,146.2,135,140.2,4309.4,0
LFLY.US,D,20220216,000000,140.8,141.998,131.4,133.4,4235.7,0
LFLY.US,D,20220217,000000,133.2,172.2,131.8,146.6,136996.4,0
LFLY.US,D,20220218,000000,144.6,173.002,143.2,151.1,136986.1,0
LFLY.US,D,20220222,000000,147.4,170,144.212,151,24109.25,0
LFLY.US,D,20220223,000000,150.4,160.2,148,154.6,11005.7,0
LFLY.US,D,20220224,000000,150.4,156.2,142.828,149.4,6513.9,0
LFLY.US,D,20220225,000000,148.8,163.4,146.8,148.8,8975.6,0
LFLY.US,D,20220228,000000,148.8,162.4,146,148.2,13718.5,0
LFLY.US,D,20220301,000000,147,154.8,140,144.6,6499.9,0
LFLY.US,D,20220302,000000,145.4,146,135.2,138.2,3648.25,0
LFLY.US,D,20220303,000000,148.2,148.2,126.4,130.8,3289.85,0
LFLY.US,D,20220304,000000,127,129.4,117.6,120.4,5568.15,0
LFLY.US,D,20220307,000000,120.8,129.2,105.4,114,20383.15,0
LFLY.US,D,20220308,000000,113.8,125.8,112.872,121.8,3650.45,0
LFLY.US,D,20220309,000000,124,139.6,120.8,133.6,4996,0
LFLY.US,D,20220310,000000,131.8,134.2,125.4,127.2,3261.95,0
LFLY.US,D,20220311,000000,126.4,142.2,121.6,127.8,4226.35,0
LFLY.US,D,20220314,000000,128,136,125,133.2,3508.5,0
LFLY.US,D,20220315,000000,133,144.8,132.8,143,4798.6,0
LFLY.US,D,20220316,000000,135.6,174.998,135.6,167,9570,0
LFLY.US,D,20220317,000000,167.2,178.8,154.334,173.2,10743.9,0
LFLY.US,D,20220318,000000,178.6,201,169.2,180.8,68142.2,0
LFLY.US,D,20220321,000000,178.2,200,177,185.6,11931.05,0
LFLY.US,D,20220322,000000,201.8,201.8,183,188.2,6810.35,0
LFLY.US,D,20220323,000000,187,197.2,160.6,163.4,18031.45,0
LFLY.US,D,20220324,000000,163.6,231.6,151.4,183,71404.6,0
LFLY.US,D,20220325,000000,187.2,190.778,161,164,32218.1,0
LFLY.US,D,20220328,000000,161.2,180.4,152.2,160,18529.05,0
LFLY.US,D,20220329,000000,156.8,162.2,153.002,155.8,10510.45,0
LFLY.US,D,20220330,000000,152.8,165.556,148.6,156,11347.35,0
LFLY.US,D,20220331,000000,156.2,167,151,165.6,5054.25,0
LFLY.US,D,20220401,000000,164.6,177.198,164.6,172.8,7018.1,0
LFLY.US,D,20220404,000000,171.4,174.4,166,169,8706.55,0
LFLY.US,D,20220405,000000,168.6,172.4,161.6,170.4,6387.4,0
LFLY.US,D,20220406,000000,167.2,171,162.9,169.6,5268.4,0
LFLY.US,D,20220407,000000,169.6,172.8,165.4,167,4171,0
LFLY.US,D,20220408,000000,168.6,188,167,186,8574.1,0
LFLY.US,D,20220411,000000,180,193,172.714,191.8,6575.2,0
LFLY.US,D,20220412,000000,189.8,201.3,189.8,199.8,6414.5,0
LFLY.US,D,20220413,000000,203,203.4,183,197.6,7237.2,0
LFLY.US,D,20220414,000000,196,204.6,196,200.2,6513.95,0
LFLY.US,D,20220418,000000,202.4,202.4,181.402,187.4,2862.2,0
LFLY.US,D,20220419,000000,185.4,204.4,184.8,199.6,5917.15,0
LFLY.US,D,20220420,000000,198,204.4,195,201.6,4615.25,0
LFLY.US,D,20220421,000000,202,203.8,194.4,197,1706.4,0
LFLY.US,D,20220422,000000,197.4,205.4,197,205,3913.25,0
LFLY.US,D,20220425,000000,203,206.6,197.6,204.4,4646.9,0
LFLY.US,D,20220426,000000,206,215.8,203.3,211.8,11903.7,0
LFLY.US,D,20220427,000000,211.8,220.6,199.6,219,9089.6,0
LFLY.US,D,20220428,000000,217.6,225.6,216.2,225.6,6759.35,0
LFLY.US,D,20220429,000000,225.6,228.8,221.4,226.2,4616.8,0
LFLY.US,D,20220502,000000,227.6,228.8,211.7,226.8,4188.6,0
LFLY.US,D,20220503,000000,227.4,229.6,220,221.4,4213.2,0
LFLY.US,D,20220504,000000,224.4,229,193.002,196.6,4589.7,0
LFLY.US,D,20220505,000000,198.2,205,195.8,200.2,2545.4,0
LFLY.US,D,20220506,000000,196.2,198.4,185.6,187.2,2277.7,0
LFLY.US,D,20220509,000000,183.6,197.054,178.2,188.2,4836.1,0
LFLY.US,D,20220510,000000,202.4,202.4,177.8,183.4,4827.85,0
LFLY.US,D,20220511,000000,181.8,197.4,178,192.6,6107.55,0
LFLY.US,D,20220512,000000,185.4,204.8,177.8,202.6,17814.7,0
LFLY.US,D,20220513,000000,180,221.4,180,216.2,26920.4,0
LFLY.US,D,20220516,000000,216.2,222.6,199.8,199.8,4782.55,0
LFLY.US,D,20220517,000000,197.6,211.6,191.5,196.4,5982.7,0
LFLY.US,D,20220518,000000,204,204,179.4,182,6846.25,0
LFLY.US,D,20220519,000000,184.8,198.1,184,195,3882.05,0
LFLY.US,D,20220520,000000,194.2,202.4,193,195.6,5276.35,0
LFLY.US,D,20220523,000000,195.6,204,186.8,193.4,9147.25,0
LFLY.US,D,20220524,000000,193.8,193.8,183.6,183.6,2905,0
LFLY.US,D,20220525,000000,184,189.8,182,183.2,4093.45,0
LFLY.US,D,20220526,000000,182.8,185.9,176.4,180.6,2816.75,0
LFLY.US,D,20220527,000000,178.2,198.4,177.8,190.4,3749.45,0
LFLY.US,D,20220531,000000,190.6,218.4,190,211.8,13024.95,0
LFLY.US,D,20220601,000000,212.8,214.8,204.4,205,7146.05,0
LFLY.US,D,20220602,000000,207.8,215,198.8,203.8,9593,0
LFLY.US,D,20220603,000000,205.6,214.4,199.4,202.2,7100.25,0
LFLY.US,D,20220606,000000,202.1,203.4,142.2,145,22540.4,0
LFLY.US,D,20220607,000000,147.2,154.9,137.4,138.4,12616.05,0
LFLY.US,D,20220608,000000,138.2,150.6,136,149,8132.55,0
LFLY.US,D,20220609,000000,146.4,148.2,125,127.2,11882.7,0
LFLY.US,D,20220610,000000,122.6,124.6,120.4,122,7703.15,0
LFLY.US,D,20220613,000000,122,122.4,109.8,111,7602.7,0
LFLY.US,D,20220614,000000,112.8,112.8,109.8,111.2,3784,0
LFLY.US,D,20220615,000000,112,118.6,110.6,110.8,3437.85,0
LFLY.US,D,20220616,000000,106.8,121,106.8,119.2,7633.05,0
LFLY.US,D,20220617,000000,120.4,132.1,120.4,123.6,8568.45,0
LFLY.US,D,20220621,000000,126.4,134.2,120.6,121.2,4532.2,0
LFLY.US,D,20220622,000000,122.4,125.6,107.4,107.4,3955.45,0
LFLY.US,D,20220623,000000,108.8,112.6,103.2,103.2,4438.95,0
LFLY.US,D,20220624,000000,103.2,114.2,96.6,96.6,28432.6,0
LFLY.US,D,20220627,000000,96.8,101.6,92.8,97.4,9032.7,0
LFLY.US,D,20220628,000000,98.2,99.2,91.402,92,3096.5,0
LFLY.US,D,20220629,000000,95.2,95.2,89.4,93.6,2958.55,0
LFLY.US,D,20220630,000000,90.8,95,88.8,90,4718.95,0
LFLY.US,D,20220701,000000,88.6,88.8,84.2,85.2,1732,0
LFLY.US,D,20220705,000000,85.2,92.4,83.602,89.6,2613.55,0
LFLY.US,D,20220706,000000,89,89.6,84.4,87.6,12431.9,0
LFLY.US,D,20220707,000000,90,94.4,86.4,89.4,2583.15,0
LFLY.US,D,20220708,000000,89.4,98.8,86,95.8,4269.4,0
LFLY.US,D,20220711,000000,93.8,93.8,88.4,89,2946.85,0
LFLY.US,D,20220712,000000,89.8,91,88,88.6,1379.6,0
LFLY.US,D,20220713,000000,87.2,93.4,86.1,92,2022.25,0
LFLY.US,D,20220714,000000,91.938,100.8,82.4,84.4,17268.3,0
LFLY.US,D,20220715,000000,84.2,84.6,80,81.6,2779.8,0
LFLY.US,D,20220718,000000,81.4,87.728,81.2,86,1413.4,0
LFLY.US,D,20220719,000000,86,94.2,86,93.2,1627.5,0
LFLY.US,D,20220720,000000,92.2,112.2,91,102,7965.15,0
LFLY.US,D,20220721,000000,103,108.6,98.6,103.4,5091.95,0
LFLY.US,D,20220722,000000,103.6,104,92.6,94.8,4492.4,0
LFLY.US,D,20220725,000000,94.4,108.6,88.6,106,4275.9,0
LFLY.US,D,20220726,000000,106.8,108.2,93,96,6398.5,0
LFLY.US,D,20220727,000000,100,215.2,100,110.4,287220.6,0
LFLY.US,D,20220728,000000,108.6,116.8,100.6,105.2,26374.2,0
LFLY.US,D,20220729,000000,104,116.798,96,110.4,66107.8,0
LFLY.US,D,20220801,000000,111.8,116,95.6,115.8,22959.4,0
LFLY.US,D,20220802,000000,128,128,98.6,105.8,27325.3,0
LFLY.US,D,20220803,000000,103.6,107.2,98.2,102,14315.1,0
LFLY.US,D,20220804,000000,91.4,95.6,66.8,68,61823.2,0
LFLY.US,D,20220805,000000,65,69,61.2,61.7,42619.35,0
LFLY.US,D,20220808,000000,64.8,66.8,54.7,56,58243.5,0
LFLY.US,D,20220809,000000,55.2,57.8,51.8,57.2,28422.75,0
LFLY.US,D,20220810,000000,54.2,54.2,47.6,48.2,39514.05,0
LFLY.US,D,20220811,000000,49.2,49.2,42.2,45.6,54140.85,0
LFLY.US,D,20220812,000000,44,47.6,39,43.6,42191.5,0
LFLY.US,D,20220815,000000,44,44.982,39.802,41.2,45140.95,0
LFLY.US,D,20220816,000000,42,42,39.8,40.8,34744.75,0
LFLY.US,D,20220817,000000,40,41,38.202,39.6,49997.95,0
LFLY.US,D,20220818,000000,39.2,49.4,38.4,40,153854.25,0
LFLY.US,D,20220819,000000,39.2,40.8,37.2,38.6,37599.9,0
LFLY.US,D,20220822,000000,40,41.6,36.234,37.4,46537.4,0
LFLY.US,D,20220823,000000,37.4,39.8,37.4,38,22014.35,0
LFLY.US,D,20220824,000000,37.8,39,36,38,27525.2,0
LFLY.US,D,20220825,000000,38.2,40,37.2,38.6,19190.4,0
LFLY.US,D,20220826,000000,38,39.2,36.2,36.4,15570.4,0
LFLY.US,D,20220829,000000,34.6,36.2,33.4,34,34339.9,0
LFLY.US,D,20220830,000000,34.8,34.8,30.4,31.2,22512.55,0
LFLY.US,D,20220831,000000,31.6,33.4,30.6,31.6,23237.75,0
LFLY.US,D,20220901,000000,30.4,31.6,28.6,29.4,17798.45,0
LFLY.US,D,20220902,000000,30,30.1,28.2,28.8,15030.45,0
LFLY.US,D,20220906,000000,29.4,30,28,28.4,22787.7,0
LFLY.US,D,20220907,000000,28.2,30.8,28.2,29.6,32840.95,0
LFLY.US,D,20220908,000000,29.2,30.2,28.8,29,22471.6,0
LFLY.US,D,20220909,000000,28.6,30.6,28.6,30.4,29786.7,0
LFLY.US,D,20220912,000000,29.8,31.4,29.8,30.6,20289.05,0
LFLY.US,D,20220913,000000,29.8,29.824,27.4,27.6,18323.75,0
LFLY.US,D,20220914,000000,27.4,28,26.4,26.4,30140.5,0
LFLY.US,D,20220915,000000,27.2,27.4,25,25.6,24571,0
LFLY.US,D,20220916,000000,25,26,23.4,23.4,106851.4,0
LFLY.US,D,20220919,000000,24.2,24.6,21.8,22.4,29878.8,0
LFLY.US,D,20220920,000000,21.6,23.2,21.2,21.2,22080.5,0
LFLY.US,D,20220921,000000,21.6,22.344,19.31,19.504,36197.75,0
LFLY.US,D,20220922,000000,19.538,19.55,17.006,17.352,28577.65,0
LFLY.US,D,20220923,000000,16.426,17.148,15.716,16.036,24824.9,0
LFLY.US,D,20220926,000000,16.72,16.72,15.488,15.876,9561.15,0
LFLY.US,D,20220927,000000,16.608,17.192,15.322,15.672,24491.4,0
LFLY.US,D,20220928,000000,15.322,16.46,15.02,15.9,46170.55,0
LFLY.US,D,20220929,000000,15.6,15.74,14.202,14.424,26671.1,0
LFLY.US,D,20220930,000000,14.2,14.74,13.566,13.58,24260.65,0
LFLY.US,D,20221003,000000,14,14.2,13.494,13.89,15033.45,0
LFLY.US,D,20221004,000000,14.302,14.998,13.8,13.95,28378.55,0
LFLY.US,D,20221005,000000,14.28,14.28,13.42,13.566,27883,0
LFLY.US,D,20221006,000000,13.65,17,12.9,16.254,216595.1,0
LFLY.US,D,20221007,000000,15.284,16.19,12.466,14.388,107287.9,0
LFLY.US,D,20221010,000000,13.8,13.95,11.8,12.52,35092.55,0
LFLY.US,D,20221011,000000,13,13,11.802,12.652,40992.7,0
LFLY.US,D,20221012,000000,12.966,12.966,12.29,12.556,23191.45,0
LFLY.US,D,20221013,000000,11.9,13.922,11.8,13.262,21297.35,0
LFLY.US,D,20221014,000000,13.6,14.34,12.266,13.086,27629.2,0
LFLY.US,D,20221017,000000,13.952,17.4,13.342,14.168,154312.15,0
LFLY.US,D,20221018,000000,14.6,14.888,13.728,13.968,35919.3,0
LFLY.US,D,20221019,000000,14.184,14.6,13.456,14.478,20278.7,0
LFLY.US,D,20221020,000000,14.8,15.17,14.06,14.434,24150.45,0
LFLY.US,D,20221021,000000,14.6,15.178,14.098,14.86,14911.8,0
LFLY.US,D,20221024,000000,14.6,15,14,14.906,10202.05,0
LFLY.US,D,20221025,000000,15,16.472,14.6,16.408,28355.1,0
LFLY.US,D,20221026,000000,16.8,17.756,15.68,16.2,21976.1,0
LFLY.US,D,20221027,000000,15.986,16.78,15.58,16.1,15217.85,0
LFLY.US,D,20221028,000000,15.6,16.16,15.05,15.6,10662.65,0
LFLY.US,D,20221031,000000,15.4,18.198,15.1,17.73,68240.35,0
LFLY.US,D,20221101,000000,17.2,19.998,17,19.504,32921.05,0
LFLY.US,D,20221102,000000,20,21.242,18.8,19.138,47266,0
LFLY.US,D,20221103,000000,18.238,19.4,17.018,19.4,18002.6,0
LFLY.US,D,20221104,000000,19.65,20.182,17.266,17.48,10723.7,0
LFLY.US,D,20221107,000000,18.288,18.366,17.214,17.684,5757.25,0
LFLY.US,D,20221108,000000,18,18.5,17.22,17.636,13168.35,0
LFLY.US,D,20221109,000000,17.8,17.8,15.002,15.408,14539.45,0
LFLY.US,D,20221110,000000,17.004,17.004,15.6,15.988,9358.9,0
LFLY.US,D,20221111,000000,16.642,18.91,16.058,18.4,21466.9,0
LFLY.US,D,20221114,000000,18.964,18.964,17.37,18,7285.1,0
LFLY.US,D,20221115,000000,18,18.5,17.202,17.656,12142.75,0
LFLY.US,D,20221116,000000,17.21,17.656,15.4,15.542,10636.65,0
LFLY.US,D,20221117,000000,15.22,15.502,14,14.2,21187.4,0
LFLY.US,D,20221118,000000,14.6,15.598,13,13.2,24301,0
LFLY.US,D,20221121,000000,13.806,14.446,13,13.182,11701.95,0
LFLY.US,D,20221122,000000,13,13.33,12.605,13.08,9449.25,0
LFLY.US,D,20221123,000000,12.89,12.92,12.404,12.754,17657.45,0
LFLY.US,D,20221125,000000,12.62,14.546,12.6,14.2,7241.8,0
LFLY.US,D,20221128,000000,14.574,14.574,13.8,13.902,8000,0
LFLY.US,D,20221129,000000,14.006,14.006,13.42,13.604,3339.45,0
LFLY.US,D,20221130,000000,13.58,14.39,13.02,14.114,4751.05,0
LFLY.US,D,20221201,000000,14.04,14.664,13.78,14.53,8079,0
LFLY.US,D,20221202,000000,14.46,16.19,14.22,15.8,27939.05,0
LFLY.US,D,20221205,000000,15.996,15.996,15.006,15.458,11691.1,0
LFLY.US,D,20221206,000000,15.59,15.59,13.42,13.698,21196.95,0
LFLY.US,D,20221207,000000,13.54,14.03,13.2,13.59,4452.45,0
LFLY.US,D,20221208,000000,13.67,15.194,13.05,15.042,11384.8,0
LFLY.US,D,20221209,000000,15,18.15,13.95,18,52102,0
LFLY.US,D,20221212,000000,18.4,18.4,15.8,16.602,19296.3,0
LFLY.US,D,20221213,000000,17,17,15.512,16.602,7730.6,0
LFLY.US,D,20221214,000000,16.296,16.586,14.966,14.966,6313.6,0
LFLY.US,D,20221215,000000,14.922,14.922,13.61,13.92,15899.3,0
LFLY.US,D,20221216,000000,13.724,14.87,11.404,11.404,44125.3,0
LFLY.US,D,20221219,000000,13,13.01,11,11.002,20319.6,0
LFLY.US,D,20221220,000000,11.2,12.694,10.012,10.078,17447.9,0
LFLY.US,D,20221221,000000,10,11.582,10,11.158,16456.65,0
LFLY.US,D,20221222,000000,10.824,12.972,10.8,12.556,10191.25,0
LFLY.US,D,20221223,000000,12.564,12.564,11.4,11.564,4243.75,0
LFLY.US,D,20221227,000000,11.4,12,10.2,10.34,13814,0
LFLY.US,D,20221228,000000,10.238,10.378,9.224,9.878,19255.9,0
LFLY.US,D,20221229,000000,10.2,10.252,9.1,10,11793.8,0
LFLY.US,D,20221230,000000,9.818,13.346,9.818,13.038,19690.3,0
LFLY.US,D,20230103,000000,12.4,12.68,10.8,12.68,6377.85,0
LFLY.US,D,20230104,000000,12.058,12.8,11.6,11.78,5650.5,0
LFLY.US,D,20230105,000000,11.65,11.896,11.6,11.726,2282.05,0
LFLY.US,D,20230106,000000,11.754,13.328,11.42,12.764,9026.1,0
LFLY.US,D,20230109,000000,13.402,13.402,11.602,11.78,6755.65,0
LFLY.US,D,20230110,000000,11.8,12.4,11.8,12.168,4178.35,0
LFLY.US,D,20230111,000000,12.328,12.4,11.664,11.94,7431.55,0
LFLY.US,D,20230112,000000,11.814,13.198,11.814,12.954,8676.9,0
LFLY.US,D,20230113,000000,13.2,14.398,12.4,14.326,16068.95,0
LFLY.US,D,20230117,000000,14.2,14.598,13.77,14.206,5972,0
LFLY.US,D,20230118,000000,14.4,14.564,13.4,13.488,4437.9,0
LFLY.US,D,20230119,000000,13.644,13.644,12.43,12.44,5510.8,0
LFLY.US,D,20230120,000000,13,13.12,12.446,12.882,2899.4,0
LFLY.US,D,20230123,000000,13.4,13.4,12.066,12.388,10273.65,0
LFLY.US,D,20230124,000000,12.378,13.4,11.65,11.734,13314.25,0
LFLY.US,D,20230125,000000,12.38,12.4,12.022,12.25,8633.3,0
LFLY.US,D,20230126,000000,12.2,12.39,12,12.192,4327.25,0
LFLY.US,D,20230127,000000,11.956,12.832,11.956,12,11160.15,0
LFLY.US,D,20230130,000000,12.422,13.4,11.9,12,39556,0
LFLY.US,D,20230131,000000,12.2,12.798,12.006,12.796,5766.5,0
LFLY.US,D,20230201,000000,12.532,14.18,12.206,13.55,17246.35,0
LFLY.US,D,20230202,000000,14,14.2,13.4,13.4,9521.5,0
LFLY.US,D,20230203,000000,13.8,14.2,13.2,13.368,15080.75,0
LFLY.US,D,20230206,000000,13.4,13.4,12.462,12.848,7737.4,0
LFLY.US,D,20230207,000000,13,14.1,12.604,12.8,8405.2,0
LFLY.US,D,20230208,000000,12.768,13.44,12.428,12.542,5409.9,0
LFLY.US,D,20230209,000000,12.604,13,11.708,11.828,7214.25,0
LFLY.US,D,20230210,000000,11.94,12,10.548,10.594,22439.35,0
LFLY.US,D,20230213,000000,10.8,11.976,10.8,11.31,6454.1,0
LFLY.US,D,20230214,000000,11.14,11.74,11.02,11.2,9772.55,0
LFLY.US,D,20230215,000000,11.822,11.918,11.5,11.642,9175.45,0
LFLY.US,D,20230216,000000,11.486,12.926,11,12.62,7373.85,0
LFLY.US,D,20230217,000000,12.252,12.712,11.806,12.6,11820.25,0
LFLY.US,D,20230221,000000,12.326,13,11.822,12.2,7102.4,0
LFLY.US,D,20230222,000000,11.85,13.4,11.85,12.952,8128.2,0
LFLY.US,D,20230223,000000,12.9,12.9,12.252,12.678,2348.1,0
LFLY.US,D,20230224,000000,12.3,12.9,12,12.702,5422.25,0
LFLY.US,D,20230227,000000,13.4,13.4,11.52,11.864,8445.65,0
LFLY.US,D,20230228,000000,11.632,12.18,10.818,10.82,22685.25,0
LFLY.US,D,20230301,000000,10.88,11.774,10.61,10.658,5640.8,0
LFLY.US,D,20230302,000000,10.6,11,10.58,10.878,9071.65,0
LFLY.US,D,20230303,000000,10.742,11.396,10.602,10.8,6831.3,0
LFLY.US,D,20230306,000000,10.492,11.378,10.202,10.5,9160.9,0
LFLY.US,D,20230307,000000,10.6,11.2,10,10.018,8621.65,0
LFLY.US,D,20230308,000000,10.2,10.904,9.16,9.302,14566.9,0
LFLY.US,D,20230309,000000,9.428,9.6238,8.4,8.7,15493.05,0
LFLY.US,D,20230310,000000,9,9.13,8.2,9,7971.85,0
LFLY.US,D,20230313,000000,9.508,10.666,8.4,9,21168.6,0
LFLY.US,D,20230314,000000,9.484,10.444,9.102,9.654,3544.65,0
LFLY.US,D,20230315,000000,9.73,9.746,9,9.746,5796.85,0
LFLY.US,D,20230316,000000,10.75,10.75,9.36,10.2,10240.8,0
LFLY.US,D,20230317,000000,9.264,10,8.02,8.314,18861.2,0
LFLY.US,D,20230320,000000,8.6,8.998,6.802,7.84,23660.45,0
LFLY.US,D,20230321,000000,8.2,9,7.802,8.964,10748.1,0
LFLY.US,D,20230322,000000,8.8,8.938,8.026,8.758,5686.85,0
LFLY.US,D,20230323,000000,8.81,8.81,7.802,7.85,6672.65,0
LFLY.US,D,20230324,000000,7.6,8,7.404,7.6,4677.1,0
LFLY.US,D,20230327,000000,7.8,8.568,7.8,8.4,3022.9,0
LFLY.US,D,20230328,000000,8.086,8.964,7.6,7.974,10999.05,0
LFLY.US,D,20230329,000000,8.308,9,7.274,7.618,13862.35,0
LFLY.US,D,20230330,000000,7.942,7.942,7.22,7.4,5956.05,0
LFLY.US,D,20230331,000000,7.4,8,7.2,7.998,5500.4,0
LFLY.US,D,20230403,000000,8,8.034,7.4,7.8,2881.4,0
LFLY.US,D,20230404,000000,7.566,7.8,7.25002,7.8,4717.35,0
LFLY.US,D,20230405,000000,8.4,8.786,7.566,7.794,2503.1,0
LFLY.US,D,20230406,000000,7.842,8.444,7.5,8.158,1498.6,0
LFLY.US,D,20230410,000000,8.2,8.2,7.448,7.632,7507.05,0
LFLY.US,D,20230411,000000,7.652,8.036,7.65,7.94,2172.6,0
LFLY.US,D,20230412,000000,8.042,8.188,7.1,7.206,19712.25,0
LFLY.US,D,20230413,000000,7.56,8.1,6.758,7,10358.5,0
LFLY.US,D,20230414,000000,7.34,7.34,6.406,6.406,13787.05,0
LFLY.US,D,20230417,000000,6.668,8.1,6.226,7.16,49070.35,0
LFLY.US,D,20230418,000000,6.94,7.212,6.458,6.874,9956.35,0
LFLY.US,D,20230419,000000,6.698,7.2,6.46,6.994,4476.7,0
LFLY.US,D,20230420,000000,7.032,7.242,6.404,6.92,21963.45,0
LFLY.US,D,20230421,000000,6.566,7.16,6.404,6.722,2592.45,0
LFLY.US,D,20230424,000000,6.464,6.72,6.464,6.612,2238.95,0
LFLY.US,D,20230425,000000,6.6,6.762,6.272,6.354,2999.85,0
LFLY.US,D,20230426,000000,6.236,6.6,6.236,6.498,4716.65,0
LFLY.US,D,20230427,000000,7,7.8,6.382,6.886,8774.75,0
LFLY.US,D,20230428,000000,7.2,7.4,6.2,6.768,4222.95,0
LFLY.US,D,20230501,000000,6.896,7.4,6.4,6.674,2853.15,0
LFLY.US,D,20230502,000000,6.8,6.8,6.24,6.44,3130.6,0
LFLY.US,D,20230503,000000,6.2,6.928,6.2,6.242,3533.8,0
LFLY.US,D,20230504,000000,6.4,7.8,6.2,7.4,17222.5,0
LFLY.US,D,20230505,000000,7.408,7.76,7.002,7.4,7128.65,0
LFLY.US,D,20230508,000000,7.5,9.4,7.2002,8.238,18573.65,0
LFLY.US,D,20230509,000000,8.6,9.006,7.2,7.216,10034.25,0
LFLY.US,D,20230510,000000,7.2,8.39798,7.2,7.782,4974.1,0
LFLY.US,D,20230511,000000,8.186,8.236,7.322,7.322,14645.85,0
LFLY.US,D,20230512,000000,7.534,7.6,6.21,7.6,20056.8,0
LFLY.US,D,20230515,000000,7.458,7.798,7.19,7.4,3847.15,0
LFLY.US,D,20230516,000000,7.242,7.4,6.4,7,10037.75,0
LFLY.US,D,20230517,000000,6.79,7.18,6.6,7.18,3147.6,0
LFLY.US,D,20230518,000000,7.468,7.798,7.4,7.722,5281.05,0
LFLY.US,D,20230519,000000,7.8,8.39998,7.6,7.662,6012,0
LFLY.US,D,20230522,000000,7.6,8.204,6.95,7.538,3809.2,0
LFLY.US,D,20230523,000000,7.2,7.872,6.824,7.04,4236.35,0
LFLY.US,D,20230524,000000,6.96,7.5,6.6,6.604,5972.75,0
LFLY.US,D,20230525,000000,6.8,7,6.4,6.8,2113.8,0
LFLY.US,D,20230526,000000,7.688,7.688,6.2,6.296,6436.05,0
LFLY.US,D,20230530,000000,6.636,7,6.24,6.368,2714.3,0
LFLY.US,D,20230531,000000,6.4,6.596,5.536,5.784,10734,0
LFLY.US,D,20230601,000000,5.9,6.11798,5.42,5.574,5226.6,0
LFLY.US,D,20230602,000000,5.684,5.8,5.3,5.8,6385.65,0
LFLY.US,D,20230605,000000,5.812,6,5.6,6,10924.7,0
LFLY.US,D,20230606,000000,5.6,6.144,5.402,6,7874.85,0
LFLY.US,D,20230607,000000,6.3,8.576,6.3,7.99,51879.8,0
LFLY.US,D,20230608,000000,7.338,7.454,6.336,6.624,13614.25,0
LFLY.US,D,20230609,000000,6.78,7.03,5.924,6.602,9176.8,0
LFLY.US,D,20230612,000000,6.6,7,6.266,6.474,4212.55,0
LFLY.US,D,20230613,000000,6.6,6.6,6.022,6.418,4975.15,0
LFLY.US,D,20230614,000000,6.4,6.6,6.4,6.4,8911.7,0
LFLY.US,D,20230615,000000,6.4,6.956,6.4,6.8,4909,0
LFLY.US,D,20230616,000000,6.838,6.838,6.256,6.8,12493.7,0
LFLY.US,D,20230620,000000,6.8,6.8,5.941,5.948,9351.2,0
LFLY.US,D,20230621,000000,6,6.184,5.7,6.016,6721.5,0
LFLY.US,D,20230622,000000,6,6.6,5.61,5.654,6963.35,0
LFLY.US,D,20230623,000000,5.8,7,5.4,5.4,98355.3,0
LFLY.US,D,20230626,000000,5.19,5.42,4.78,4.78,17484.3,0
LFLY.US,D,20230627,000000,4.982,9.02,4.68,7.4,207008.2,0
LFLY.US,D,20230628,000000,6.398,6.764,5.3,5.782,60060.25,0
LFLY.US,D,20230629,000000,5.608,5.85,5.4,5.58,13422.5,0
LFLY.US,D,20230630,000000,5.8,5.998,5.4,5.8,17193.65,0
LFLY.US,D,20230703,000000,5.672,6.552,5.672,6.26,15072.05,0
LFLY.US,D,20230705,000000,6.2,6.55,5.704,6,11415.25,0
LFLY.US,D,20230706,000000,5.4,5.85002,5.4,5.58,9766.35,0
LFLY.US,D,20230707,000000,5.56,5.78,5.3,5.72,9138.1,0
LFLY.US,D,20230710,000000,5.72,6.112,5.6,6.086,8252.05,0
LFLY.US,D,20230711,000000,6.19798,6.19798,5.61,5.744,9528.3,0
LFLY.US,D,20230712,000000,5.624,5.986,5.302,5.88,36421.9,0
LFLY.US,D,20230713,000000,5.868,6.398,5.6,6.28,11093.1,0
LFLY.US,D,20230714,000000,6.26,6.562,5.684,6.562,28146.65,0
LFLY.US,D,20230717,000000,6.51,6.6,5.842,6,7004,0
LFLY.US,D,20230718,000000,6,6,5.61,5.762,6152.3,0
LFLY.US,D,20230719,000000,5.95,6,5.498,5.794,7219.15,0
LFLY.US,D,20230720,000000,6,6.2,5.636,5.93,6168.7,0
LFLY.US,D,20230721,000000,6.3,6.3,5.602,5.866,5902.3,0
LFLY.US,D,20230724,000000,5.958,6.398,5.61,6.04,7456.25,0
LFLY.US,D,20230725,000000,6.02,6.4,5.8,6.2,5072.3,0
LFLY.US,D,20230726,000000,6.23,6.978,6.018,6.9,13240.75,0
LFLY.US,D,20230727,000000,6.9,6.978,6.692,6.75,2226.9,0
LFLY.US,D,20230728,000000,6.6,7.2,6.46,7.056,6069.15,0
LFLY.US,D,20230731,000000,7.4,7.78,6.7,6.912,11440.8,0
LFLY.US,D,20230801,000000,7.256,7.4,6.92,7.21956,1959.75,0
LFLY.US,D,20230802,000000,7.45,7.45,5.86,6.8,17936.55,0
LFLY.US,D,20230803,000000,6.8,7,6.467,6.62,3751.7,0
LFLY.US,D,20230804,000000,6.46,6.998,6.402,6.494,3025.65,0
LFLY.US,D,20230807,000000,6.42,6.694,6.2,6.44,2780.1,0
LFLY.US,D,20230808,000000,6.592,6.6,6.022,6.06,5456.8,0
LFLY.US,D,20230809,000000,6.202,6.6,6,6.05,4249.25,0
LFLY.US,D,20230810,000000,6.38,6.39598,6.05,6.052,3260.25,0
LFLY.US,D,20230811,000000,6.8,7,6.1,6.88,11248.8,0
LFLY.US,D,20230814,000000,6.95,7.19,6.4,6.402,3444.85,0
LFLY.US,D,20230815,000000,6.62,6.796,6.278,6.466,3218.6,0
LFLY.US,D,20230816,000000,6.484,6.614,5.9,6.192,4878.55,0
LFLY.US,D,20230817,000000,5.82,7,5.81,6.234,6208.15,0
LFLY.US,D,20230818,000000,7.2,7.2,6.602,6.98,9467.35,0
LFLY.US,D,20230821,000000,6.962,6.962,6.48,6.698,2587.95,0
LFLY.US,D,20230822,000000,6.9,7.198,6.4,6.906,2228.85,0
LFLY.US,D,20230823,000000,6.9,7.2,6.2,6.58,11374.7,0
LFLY.US,D,20230824,000000,6.732,6.732,6,6.2,5477.4,0
LFLY.US,D,20230825,000000,6.6,6.6,5.82,6.04,7190.55,0
LFLY.US,D,20230828,000000,6.342,6.6,6,6.598,2254.85,0
LFLY.US,D,20230829,000000,6.74,6.8,6.27,6.74,1761.8,0
LFLY.US,D,20230830,000000,6.728,8.8,6.57002,8.192,31012.8,0
LFLY.US,D,20230831,000000,7.946,11.8,7.8,10.88,87611.2,0
LFLY.US,D,20230901,000000,11.4,14,9.458,10.224,62702.75,0
LFLY.US,D,20230905,000000,10.4,14.162,10.4,13.26,40683.65,0
LFLY.US,D,20230906,000000,14,15,12.6,14.234,38849.05,0
LFLY.US,D,20230907,000000,15,15,12.8,13.86,12705.85,0
LFLY.US,D,20230908,000000,14.6,14.8,13.25,14.7,18077.85,0
LFLY.US,D,20230911,000000,14.718,16,11,11.1,76944.6,0
LFLY.US,D,20230912,000000,10.25,11.09,8.19,8.51,80475,0
LFLY.US,D,20230913,000000,8.38,9.75,8.26,9.25,17843,0
LFLY.US,D,20230914,000000,9.25,10.9,8.9831,9.97,31118,0
LFLY.US,D,20230915,000000,9.89,12.85,9.89,11.27,87910,0
LFLY.US,D,20230918,000000,11.14,12.7,11.03,11.55,99062,0
LFLY.US,D,20230919,000000,11.4,11.7175,10.462,10.5201,30099,0
LFLY.US,D,20230920,000000,10.57,10.57,9.33,9.43,27424,0
LFLY.US,D,20230921,000000,9.08,9.1951,7.77,7.79,17386,0
LFLY.US,D,20230922,000000,7.47,7.82,6.5,6.93,46273,0
LFLY.US,D,20230925,000000,6.97,7.49,6.9301,7.3,29404,0
LFLY.US,D,20230926,000000,7.51,7.8,7.4,7.4,19707,0
LFLY.US,D,20230927,000000,7.42,7.75,7.06,7.1301,33848,0
LFLY.US,D,20230928,000000,7.1,7.1,6.04,6.18,30315,0
LFLY.US,D,20230929,000000,6.1,6.7986,6.1,6.42,22905,0
LFLY.US,D,20231002,000000,6.28,6.674,6.11,6.29,5999,0
LFLY.US,D,20231003,000000,6.35,7.09,6.35,6.9,6229,0
LFLY.US,D,20231004,000000,6.85,7.4001,6.85,7.09,7972,0
LFLY.US,D,20231005,000000,6.95,7,6.9,7,1804,0
LFLY.US,D,20231006,000000,6.85,7.2524,6.8,7.1797,3468,0
LFLY.US,D,20231009,000000,7.18,7.18,6.8001,6.99,3222,0
LFLY.US,D,20231010,000000,7.0252,7.3399,7.01,7.32,3209,0
LFLY.US,D,20231011,000000,7.3,7.3,7.09,7.09,1496,0
LFLY.US,D,20231012,000000,6.89,7.2475,6.89,7.16,5690,0
LFLY.US,D,20231013,000000,7.24,8.73,7.2048,8.73,23841,0
LFLY.US,D,20231016,000000,8.68,9.31,7.9373,8.37,13791,0
LFLY.US,D,20231017,000000,8.5,9,8.46,8.46,4322,0
LFLY.US,D,20231018,000000,8.64,9.2037,7.7094,7.76,15878,0
LFLY.US,D,20231019,000000,7.71,8.09,7.71,7.79,4068,0
LFLY.US,D,20231020,000000,7.54,7.61,7.4,7.61,5795,0
LFLY.US,D,20231023,000000,7.74,7.84,7.49,7.84,2931,0
LFLY.US,D,20231024,000000,8.4312,8.46,7.975,7.975,10066,0
LFLY.US,D,20231025,000000,7.79,7.79,6.91,6.92,11149,0
LFLY.US,D,20231026,000000,6.78,6.78,6.49,6.5652,12883,0
LFLY.US,D,20231027,000000,6.68,6.68,6.199,6.5032,2246,0
LFLY.US,D,20231030,000000,6.29,6.7315,6.08,6.08,10106,0
LFLY.US,D,20231031,000000,6.07,6.52,6.01,6.22,6104,0
LFLY.US,D,20231101,000000,6.9885,6.9885,6.165,6.165,2148,0
LFLY.US,D,20231102,000000,6.8685,6.8685,6.304,6.4999,4672,0
LFLY.US,D,20231103,000000,6.83,7.01,6.53,6.59,13514,0
LFLY.US,D,20231106,000000,6.43,6.97,6.43,6.6,23896,0
LFLY.US,D,20231107,000000,6.855,6.865,6.55,6.8,8003,0
LFLY.US,D,20231108,000000,6.85,7.1473,6.66,6.67,7416,0
LFLY.US,D,20231109,000000,6.7,6.7,6.36,6.36,4673,0
LFLY.US,D,20231110,000000,6.5,7,6.22,6.53,17140,0
LFLY.US,D,20231113,000000,6.42,6.7881,6.21,6.32,3504,0
LFLY.US,D,20231114,000000,6.67,6.67,6.3301,6.4547,2595,0
LFLY.US,D,20231115,000000,6.4,6.4,6.2218,6.25,5022,0
LFLY.US,D,20231116,000000,6.01,6.31,5.76,5.9,8734,0
LFLY.US,D,20231117,000000,5.57,5.67,5.57,5.67,1397,0
LFLY.US,D,20231120,000000,5.55,6.0969,5.5,5.5851,7139,0
LFLY.US,D,20231121,000000,5.5,5.745,4.82,5.1,12877,0
LFLY.US,D,20231122,000000,5.51,5.51,5.01,5.1,4902,0
LFLY.US,D,20231124,000000,5.3396,5.3396,5.174,5.32,1803,0
LFLY.US,D,20231127,000000,5.41,5.71,5.01,5.04,9403,0
LFLY.US,D,20231128,000000,4.99,5.095,4.85,4.94,6617,0
LFLY.US,D,20231129,000000,4.84,5.055,4.84,5,2988,0
LFLY.US,D,20231130,000000,5.12,5.12,5.0598,5.0899,1895,0
LFLY.US,D,20231201,000000,5.05,6.49,5.05,6.49,24925,0
LFLY.US,D,20231204,000000,6.4,6.4,5.75,6.05,16889,0
LFLY.US,D,20231205,000000,6.16,6.16,5.43,5.67,8782,0
LFLY.US,D,20231206,000000,5.695,5.8308,5.3219,5.3219,5029,0
LFLY.US,D,20231207,000000,5.5579,5.5579,4.9,4.95,35937,0
LFLY.US,D,20231208,000000,4.99,5.5025,4.95,5.5,24620,0
LFLY.US,D,20231211,000000,5.53,5.74,5.17,5.74,15878,0
LFLY.US,D,20231212,000000,5.21,5.5642,5.21,5.5,7056,0
LFLY.US,D,20231213,000000,5.5001,5.56,5.1374,5.43,6574,0
LFLY.US,D,20231214,000000,5.44,5.97,5.27,5.535,2973,0
LFLY.US,D,20231215,000000,5.55,5.9299,5.2,5.27,14542,0
LFLY.US,D,20231218,000000,5.2,5.55,5,5.48,16432,0
LFLY.US,D,20231219,000000,5.88,5.88,5.1,5.17,6482,0
LFLY.US,D,20231220,000000,5.01,5.4066,4.5522,4.76,16575,0
LFLY.US,D,20231221,000000,4.8,4.94,4.8,4.83,7033,0
LFLY.US,D,20231222,000000,4.83,4.9,4.5074,4.86,52408,0
LFLY.US,D,20231226,000000,4.89,4.9,4.64,4.9,11703,0
LFLY.US,D,20231227,000000,4.9,4.9,4.7001,4.842,8609,0
LFLY.US,D,20231228,000000,5.08,5.1,4.74,4.77,14106,0
LFLY.US,D,20231229,000000,4.86,4.865,4.49,4.81,28267,0
LFLY.US,D,20240102,000000,4.72,4.9,4.72,4.9,2558,0
LFLY.US,D,20240103,000000,4.79,5.0939,4.79,4.8,10879,0
LFLY.US,D,20240104,000000,4.89,4.94,4.5344,4.71,6845,0
LFLY.US,D,20240105,000000,4.62,4.835,4.62,4.76,2432,0
LFLY.US,D,20240108,000000,4.73,4.869,4.535,4.77,9929,0
LFLY.US,D,20240109,000000,4.7,4.84,4.65,4.777,3020,0
LFLY.US,D,20240110,000000,4.61,4.81,4.5778,4.81,2863,0
LFLY.US,D,20240111,000000,4.66,4.66,4.62,4.62,1540,0
LFLY.US,D,20240112,000000,4.637,4.9501,4.637,4.95,11261,0
LFLY.US,D,20240116,000000,4.95,4.95,4.63,4.7,11012,0
LFLY.US,D,20240117,000000,4.56,4.69,4.55,4.57,3117,0
LFLY.US,D,20240118,000000,4.72,4.8099,4.52,4.7,9065,0
LFLY.US,D,20240119,000000,4.4738,4.64,4.4738,4.615,8138,0
LFLY.US,D,20240122,000000,4.73,4.76,4.578,4.62,5517,0
LFLY.US,D,20240123,000000,4.9196,4.9196,4.57,4.6149,16462,0
LFLY.US,D,20240124,000000,4.6501,4.705,4.62,4.66,3797,0
LFLY.US,D,20240125,000000,4.66,4.77,4.66,4.7,1818,0
LFLY.US,D,20240126,000000,4.71,4.75,4.58,4.58,1735,0
LFLY.US,D,20240129,000000,4.76,4.8,4.76,4.8,2228,0
LFLY.US,D,20240130,000000,4.8,4.8,4.72,4.72,10815,0
LFLY.US,D,20240131,000000,4.7,4.77,4.51,4.56,5546,0
LFLY.US,D,20240201,000000,4.5601,4.6578,4.355,4.45,28895,0
LFLY.US,D,20240202,000000,4.39,4.45,3.98,4.2,17240,0
LFLY.US,D,20240205,000000,4.21,4.25,3.8079,3.82,4665,0
LFLY.US,D,20240206,000000,3.95,4.19,3.95,3.99,5794,0
LFLY.US,D,20240207,000000,4.3899,4.3899,3.83,3.86,15371,0
LFLY.US,D,20240208,000000,4,4,3.6,3.6,14641,0
LFLY.US,D,20240209,000000,3.65,3.65,3.41,3.4632,16290,0
LFLY.US,D,20240212,000000,3.49,3.64,3.26,3.28,38463,0
LFLY.US,D,20240213,000000,3.17,3.275,2.9501,2.9901,51581,0
LFLY.US,D,20240214,000000,3.2265,3.2265,3.01,3.02,60168,0
LFLY.US,D,20240215,000000,3.15,3.31,3.0503,3.29,5670,0
LFLY.US,D,20240216,000000,3.2601,3.81,3.2601,3.67,24647,0
LFLY.US,D,20240220,000000,3.7,3.8706,3.7,3.79,9362,0
LFLY.US,D,20240221,000000,3.71,3.7736,3.51,3.525,7986,0
LFLY.US,D,20240222,000000,3.64,3.665,3.3913,3.515,6399,0
LFLY.US,D,20240223,000000,3.62,3.77,3.6,3.6,6817,0
LFLY.US,D,20240226,000000,4.04,4.04,3.5,3.585,5586,0
LFLY.US,D,20240227,000000,3.5,3.5,3.07,3.12,11804,0
LFLY.US,D,20240228,000000,3.2465,3.2899,3.06,3.1,6914,0
LFLY.US,D,20240229,000000,3.101,3.3777,2.96,3.06,11344,0
LFLY.US,D,20240301,000000,2.97,3.0599,2.9,2.92,12178,0
LFLY.US,D,20240304,000000,3.01,3.0599,2.5,2.5,19555,0
LFLY.US,D,20240305,000000,2.52,2.94,2.5,2.685,45894,0
LFLY.US,D,20240306,000000,2.7464,2.79,2.508,2.62,20089,0
LFLY.US,D,20240307,000000,2.58,2.76,2.57,2.7,10356,0
LFLY.US,D,20240308,000000,2.7,2.79,2.46,2.4999,29610,0
LFLY.US,D,20240311,000000,2.55,2.6797,2.3463,2.37,11886,0
LFLY.US,D,20240312,000000,2.4,2.4226,2.2,2.21,23464,0
LFLY.US,D,20240313,000000,2.14,2.32,2.11,2.31,11322,0
LFLY.US,D,20240314,000000,2.17,2.29,2.108,2.25,7969,0
LFLY.US,D,20240315,000000,2.3,2.6899,2.0601,2.2,41025,0
LFLY.US,D,20240318,000000,2.54,2.9799,2.34,2.42,219084,0
LFLY.US,D,20240319,000000,2.35,2.6,2.2273,2.51,105664,0
LFLY.US,D,20240320,000000,2.51,2.9198,2.3501,2.8399,127389,0
LFLY.US,D,20240321,000000,2.84,3.16,2.64,2.83,46864,0
LFLY.US,D,20240322,000000,2.83,3.8,2.8,3.76,415189,0
LFLY.US,D,20240325,000000,3.86,3.86,2.99,2.99,127083,0
LFLY.US,D,20240326,000000,3.05,3.44,2.98,3.3,115119,0
LFLY.US,D,20240327,000000,3.26,3.6499,2.96,3.03,140174,0
LFLY.US,D,20240328,000000,3.11,3.1688,2.79,2.96,104997,0
LFLY.US,D,20240401,000000,3.35,3.41,3.05,3.24,177629,0
LFLY.US,D,20240402,000000,3.13,3.4823,3.13,3.3,48245,0
LFLY.US,D,20240403,000000,3.3,3.7139,3.15,3.65,219760,0
LFLY.US,D,20240404,000000,3.65,4.35,3.31,3.43,214989,0
LFLY.US,D,20240405,000000,3.57,3.85,3.12,3.32,107591,0
LFLY.US,D,20240408,000000,3.32,3.64,3.26,3.4,51053,0
LFLY.US,D,20240409,000000,3.36,3.36,3.01,3.02,26653,0
LFLY.US,D,20240410,000000,2.97,3.04,2.68,2.9927,37374,0
LFLY.US,D,20240411,000000,2.9,2.99,2.7519,2.76,21307,0
LFLY.US,D,20240412,000000,2.76,2.81,2.34,2.345,87089,0
LFLY.US,D,20240415,000000,2.31,2.4025,2.16,2.17,57578,0
LFLY.US,D,20240416,000000,2.19,2.21,1.97,1.98,57035,0
LFLY.US,D,20240417,000000,1.96,2.14,1.96,2.08,49845,0
LFLY.US,D,20240418,000000,2.13,2.3299,2.01,2.22,46189,0
LFLY.US,D,20240419,000000,2.16,2.3,2.12,2.1205,7322,0
LFLY.US,D,20240422,000000,2.19,2.1976,2.11,2.19,6474,0
LFLY.US,D,20240423,000000,2.16,2.23,2.03,2.13,82474,0
LFLY.US,D,20240424,000000,2.15,2.1506,2.03,2.12,7740,0
LFLY.US,D,20240425,000000,2.09,2.23,1.9,1.95,54449,0
LFLY.US,D,20240426,000000,1.95,2.145,1.9,2.04,65595,0
LFLY.US,D,20240429,000000,2.05,2.1785,1.94,2.1,37162,0
LFLY.US,D,20240430,000000,2.11,3.35,2.0999,3.18,694859,0
LFLY.US,D,20240501,000000,3.21,3.21,2.75,3,156403,0
LFLY.US,D,20240502,000000,3.1,3.1499,2.83,2.99,39930,0
LFLY.US,D,20240503,000000,2.99,3.21,2.81,2.85,62964,0
LFLY.US,D,20240506,000000,2.91,3.09,2.8201,2.99,28245,0
LFLY.US,D,20240507,000000,3,3.3,2.88,2.93,63691,0
LFLY.US,D,20240508,000000,2.9,3.0318,2.5001,2.57,36996,0
LFLY.US,D,20240509,000000,2.63,2.665,2.33,2.45,85382,0
LFLY.US,D,20240510,000000,2.38,2.45,1.87,1.9,122855,0
LFLY.US,D,20240513,000000,1.95,2.146,1.82,1.86,197750,0
LFLY.US,D,20240514,000000,1.87,1.9858,1.8,1.81,112566,0
LFLY.US,D,20240515,000000,1.89,1.91,1.83,1.88,27812,0
LFLY.US,D,20240516,000000,1.86,2.12,1.86,2,303435,0
LFLY.US,D,20240517,000000,2,2.04,1.91,1.91,34767,0
LFLY.US,D,20240520,000000,2,2.0363,1.81,1.8301,40769,0
LFLY.US,D,20240521,000000,1.88,1.9199,1.65,1.69,66510,0
LFLY.US,D,20240522,000000,1.75,1.8687,1.735,1.76,26215,0
LFLY.US,D,20240523,000000,1.8,1.8,1.6146,1.67,38666,0
LFLY.US,D,20240524,000000,1.69,1.78,1.65,1.76,32362,0
LFLY.US,D,20240528,000000,1.832,1.832,1.63,1.67,28002,0
LFLY.US,D,20240529,000000,1.66,1.66,1.5001,1.63,29125,0
LFLY.US,D,20240530,000000,1.65,1.65,1.54,1.6,31389,0
LFLY.US,D,20240531,000000,1.58,1.6,1.47,1.5,30866,0
LFLY.US,D,20240603,000000,1.5,1.53,1.4,1.46,40838,0
LFLY.US,D,20240604,000000,1.43,1.52,1.37,1.52,45521,0
LFLY.US,D,20240605,000000,1.57,1.57,1.45,1.5399,23763,0
LFLY.US,D,20240606,000000,1.52,2.87,1.4525,2.02,4592469,0
LFLY.US,D,20240607,000000,3.05,4.22,2.47,2.6,36843072,0
LFLY.US,D,20240610,000000,2.61,3.33,2.59,2.91,3616492,0
LFLY.US,D,20240611,000000,3.01,3.03,2.62,2.83,378476,0
LFLY.US,D,20240612,000000,2.71,2.8611,2.45,2.51,238247,0
LFLY.US,D,20240613,000000,2.45,2.63,2.21,2.27,106026,0
LFLY.US,D,20240614,000000,2.22,2.45,2.22,2.375,71739,0
LFLY.US,D,20240617,000000,2.28,2.34,2.1639,2.24,86485,0
LFLY.US,D,20240618,000000,2.17,2.26,2.17,2.25,33060,0
LFLY.US,D,20240620,000000,2.25,2.345,2.24,2.345,51311,0
LFLY.US,D,20240621,000000,2.35,2.42,2.2,2.4,52992,0
LFLY.US,D,20240624,000000,2.39,2.42,2.31,2.41,28300,0
LFLY.US,D,20240625,000000,2.26,2.4,2.26,2.345,41911,0
LFLY.US,D,20240626,000000,2.19,2.3064,2.19,2.24,25367,0
LFLY.US,D,20240627,000000,2.29,2.3806,2.24,2.25,11026,0
LFLY.US,D,20240628,000000,2.17,2.288,2.01,2.01,22638,0
LFLY.US,D,20240701,000000,2.05,2.15,2.02,2.09,30985,0
LFLY.US,D,20240702,000000,2.06,2.15,2.02,2.1,27080,0
LFLY.US,D,20240703,000000,2,2.1633,2,2.05,22007,0
LFLY.US,D,20240705,000000,2.07,2.1,2.04,2.1,11283,0
LFLY.US,D,20240708,000000,2.1,2.2,2.0419,2.1,10948,0
LFLY.US,D,20240709,000000,2.17,2.19,2.1,2.11,13032,0
LFLY.US,D,20240710,000000,2.11,2.175,2.0601,2.09,16272,0
LFLY.US,D,20240711,000000,2.1,2.21,2.09,2.18,35716,0
LFLY.US,D,20240712,000000,2.18,2.26,2.1301,2.25,27407,0
LFLY.US,D,20240715,000000,2.18,2.23,2,2.12,67474,0
LFLY.US,D,20240716,000000,2.16,2.38,2.14,2.19,14462,0
LFLY.US,D,20240717,000000,2.2,2.3209,2.0821,2.17,56763,0
LFLY.US,D,20240718,000000,2.17,2.25,2.11,2.14,9640,0
LFLY.US,D,20240719,000000,2.1258,2.155,2.0601,2.13,9644,0
LFLY.US,D,20240722,000000,2.15,2.3,2.15,2.28,46982,0
LFLY.US,D,20240723,000000,2.24,2.55,2.2101,2.43,98114,0
LFLY.US,D,20240724,000000,2.18,2.27,2.1001,2.12,68044,0
LFLY.US,D,20240725,000000,2.2699,2.2699,2.13,2.17,6624,0
LFLY.US,D,20240726,000000,2.43,2.43,2.1452,2.22,12474,0
LFLY.US,D,20240729,000000,2.22,2.29,2.115,2.29,9945,0
LFLY.US,D,20240730,000000,2.2616,2.4,2.21,2.35,7534,0
LFLY.US,D,20240731,000000,2.36,2.36,2.26,2.26,12659,0
LFLY.US,D,20240801,000000,2.33,2.35,2.1615,2.25,4054,0
LFLY.US,D,20240802,000000,2.17,2.2,2.14,2.16,12799,0
LFLY.US,D,20240805,000000,2.05,2.1199,2,2.05,11703,0
LFLY.US,D,20240806,000000,2.12,2.12,2.04,2.108,16535,0
LFLY.US,D,20240807,000000,2.15,2.1593,2.06,2.06,8122,0
LFLY.US,D,20240808,000000,2.13,2.2399,2.105,2.16,21702,0
LFLY.US,D,20240809,000000,2.1,2.1,1.92,2.05,24369,0
LFLY.US,D,20240812,000000,2.03,2.0378,1.98,1.9863,11807,0
LFLY.US,D,20240813,000000,1.98,2.1128,1.98,2.09,12190,0
LFLY.US,D,20240814,000000,2.05,2.1,2,2.05,17169,0
LFLY.US,D,20240815,000000,2.05,2.05,1.9,1.9,9124,0
LFLY.US,D,20240816,000000,1.9,2,1.9,1.98,11656,0
LFLY.US,D,20240819,000000,1.96,2,1.91,1.94,5934,0
LFLY.US,D,20240820,000000,1.96,1.96,1.92,1.9393,5523,0
LFLY.US,D,20240821,000000,1.93,2.05,1.92,2,8065,0
LFLY.US,D,20240822,000000,1.97,1.97,1.97,1.97,1631,0
LFLY.US,D,20240823,000000,2,2.02,1.9,1.952,6837,0
LFLY.US,D,20240826,000000,1.96,2.04,1.96,1.98,7092,0
LFLY.US,D,20240827,000000,1.9801,2.0299,1.85,1.8501,18599,0
LFLY.US,D,20240828,000000,1.88,1.9,1.85,1.87,13977,0
LFLY.US,D,20240829,000000,1.89,1.89,1.85,1.8501,12089,0
LFLY.US,D,20240830,000000,1.82,1.9295,1.82,1.85,20084,0
LFLY.US,D,20240903,000000,1.9,1.9,1.8501,1.885,2760,0
LFLY.US,D,20240904,000000,1.94,2.01,1.85,1.85,41641,0
LFLY.US,D,20240905,000000,1.86,1.93,1.86,1.9,1777,0
LFLY.US,D,20240906,000000,1.9,1.9,1.85,1.858,2932,0
LFLY.US,D,20240909,000000,1.88,1.94,1.85,1.934759,4796,0
LFLY.US,D,20240910,000000,1.92,1.93,1.87,1.88,1149,0
LFLY.US,D,20240911,000000,1.93,1.93,1.85,1.9284,6060,0
LFLY.US,D,20240912,000000,1.85,1.885,1.73,1.81,25592,0
LFLY.US,D,20240913,000000,1.81,1.82,1.76,1.7999,10595,0
LFLY.US,D,20240916,000000,1.76,1.81,1.74,1.81,12490,0
LFLY.US,D,20240917,000000,1.8144,1.8144,1.78,1.7999,3896,0
LFLY.US,D,20240918,000000,1.79,1.82,1.77,1.78,3969,0
LFLY.US,D,20240919,000000,1.79,1.8,1.7787,1.79,5166092,0
LFLY.US,D,20240920,000000,3.43,3.58,2.14,2.32,30479175,0
LFLY.US,D,20240923,000000,2.18,2.53,2.06,2.49,892308,0
LFLY.US,D,20240924,000000,2.53,2.65,2.29,2.49,363027,0
LFLY.US,D,20240925,000000,2.43,2.4362,2.14,2.3,120514,0
LFLY.US,D,20240926,000000,2.2,2.3,2.15,2.17,87064,0
LFLY.US,D,20240927,000000,2.12,2.24,2.08,2.18,64024,0
LFLY.US,D,20240930,000000,2.12,2.1462,2.05,2.1,64584,0
LFLY.US,D,20241001,000000,2.07,2.075,1.89,1.92,88008,0
LFLY.US,D,20241002,000000,1.86,2.008,1.85,1.88,46645,0
LFLY.US,D,20241003,000000,1.87,1.9811,1.86,1.95,27751,0
LFLY.US,D,20241004,000000,1.92,2.13,1.87,1.87,37881,0
LFLY.US,D,20241007,000000,1.86,1.9795,1.86,1.94,16708,0
LFLY.US,D,20241008,000000,1.99,1.9999,1.9002,1.97,59879,0
LFLY.US,D,20241009,000000,1.955,1.98,1.92,1.98,29687,0
LFLY.US,D,20241010,000000,1.98,1.98,1.91,1.95,20781,0
LFLY.US,D,20241011,000000,1.97,2.1228,1.9,1.992,63407,0
LFLY.US,D,20241014,000000,2.03,2.03,1.9,1.94,29251,0
LFLY.US,D,20241015,000000,1.9981,2.06,1.92,1.995,72620,0
LFLY.US,D,20241016,000000,1.97,2.085,1.96,2.06,54947,0
LFLY.US,D,20241017,000000,2.09,2.1099,1.96,1.96,27742,0
LFLY.US,D,20241018,000000,2.03,2.07,1.96,2.01,38062,0
LFLY.US,D,20241021,000000,2.03,2.03,1.94,1.97,12498,0
LFLY.US,D,20241022,000000,1.95,2.0499,1.9,1.92,64396,0
LFLY.US,D,20241023,000000,1.89,1.9899,1.87,1.89,14904,0
LFLY.US,D,20241024,000000,1.92,1.97,1.87,1.9,15458,0
LFLY.US,D,20241025,000000,1.97,1.9716,1.88,1.9699,19712,0
LFLY.US,D,20241028,000000,1.93,1.9695,1.92,1.94,9984,0
LFLY.US,D,20241029,000000,1.95,1.99,1.7,1.8,128869,0
LFLY.US,D,20241030,000000,1.75,1.95,1.7312,1.77,59228,0
LFLY.US,D,20241031,000000,1.73,1.79,1.7,1.74,11617,0
LFLY.US,D,20241101,000000,1.74,1.8109,1.68,1.72,45840,0
LFLY.US,D,20241104,000000,1.76,1.87,1.73,1.84,49927,0
LFLY.US,D,20241105,000000,1.86,1.86,1.78,1.8,12987,0
LFLY.US,D,20241106,000000,1.67,1.77,1.37,1.4,90673,0
LFLY.US,D,20241107,000000,1.4,1.688,1.4,1.49,57007,0
LFLY.US,D,20241108,000000,1.49,1.5057,1.321,1.47,62307,0
LFLY.US,D,20241111,000000,1.48,1.5899,1.3501,1.4799,29121,0
LFLY.US,D,20241112,000000,1.5,1.65,1.47,1.52,127310,0
LFLY.US,D,20241113,000000,1.49,1.65,1.4849,1.63,65417,0
LFLY.US,D,20241114,000000,1.63,1.63,1.51,1.56,36125,0
LFLY.US,D,20241115,000000,1.58,1.6027,1.53,1.54,42337,0
LFLY.US,D,20241118,000000,1.54,1.627,1.54,1.61,15940,0
LFLY.US,D,20241119,000000,1.62,1.7393,1.5782,1.71,37931,0
LFLY.US,D,20241120,000000,1.66,1.7,1.57,1.58,51930,0
LFLY.US,D,20241121,000000,1.58,1.64,1.5054,1.51,38791,0
LFLY.US,D,20241122,000000,1.51,1.6,1.51,1.51,12071,0
LFLY.US,D,20241125,000000,1.51,1.61,1.51,1.55,29146,0
LFLY.US,D,20241126,000000,1.55,1.5864,1.49,1.49,13827,0
LFLY.US,D,20241127,000000,1.49,1.5688,1.49,1.515,8144,0
LFLY.US,D,20241129,000000,1.52,1.52,1.46,1.47,19761,0
LFLY.US,D,20241202,000000,1.472,1.5024,1.4,1.48,21482,0
LFLY.US,D,20241203,000000,1.49,1.49,1.34,1.37,41311,0
LFLY.US,D,20241204,000000,1.41,1.43,1.26,1.38,89127,0
LFLY.US,D,20241205,000000,1.38,1.4,1.28,1.31,54963,0
LFLY.US,D,20241206,000000,1.32,1.32,1.24,1.26,39523,0
LFLY.US,D,20241209,000000,1.27,1.32,1.26,1.3,25080,0
LFLY.US,D,20241210,000000,1.3,1.32,1.25,1.2802,26126,0
LFLY.US,D,20241211,000000,1.32,1.33,1.3,1.33,20220,0
LFLY.US,D,20241212,000000,1.32,1.35,1.28,1.34,45599,0
LFLY.US,D,20241213,000000,1.3,1.32,1.28,1.28,30109,0
LFLY.US,D,20241216,000000,1.32,1.32,1.26,1.27,16093,0
LFLY.US,D,20241217,000000,1.29,1.3,1.195,1.29,37029,0
LFLY.US,D,20241218,000000,1.28,1.39,1.18,1.35,77887,0
LFLY.US,D,20241219,000000,1.33,1.76,1.1,1.5763,199203,0
LFLY.US,D,20241220,000000,1.51,1.6899,1.4201,1.62,67918,0
LFLY.US,D,20241223,000000,1.56,1.7979,1.45,1.59,57509,0
LFLY.US,D,20241224,000000,1.5401,1.7784,1.5401,1.75,26402,0
LFLY.US,D,20241226,000000,1.75,1.75,1.57,1.68,33272,0
LFLY.US,D,20241227,000000,1.64,1.6699,1.55,1.57,36376,0
LFLY.US,D,20241230,000000,1.57,1.5916,1.47,1.5325,26034,0
LFLY.US,D,20241231,000000,1.51,1.6,1.3801,1.57,54463,0
LFLY.US,D,20250102,000000,1.64,1.7329,1.58,1.6165,19229,0
LFLY.US,D,20250103,000000,1.62,1.6816,1.54,1.6372,17150,0
LFLY.US,D,20250106,000000,1.67,1.7499,1.65,1.66,21473,0
LFLY.US,D,20250107,000000,1.68,1.68,1.56,1.59,15005,0
LFLY.US,D,20250108,000000,1.59,1.59,1.419,1.53,17457,0
LFLY.US,D,20250110,000000,1.54,1.5499,1.461,1.47,9504,0
LFLY.US,D,20250113,000000,1.47,1.47,1.3541,1.4,11200,0
LFLY.US,D,20250114,000000,1.41,1.49,1.4,1.41,38985,0
LFLY.US,D,20250115,000000,1.43,1.45,1.42,1.44,10218,0
LFLY.US,D,20250116,000000,0.8349,0.89,0.5261,0.567,966500,0
