<TICKER>,<PER>,<DATE>,<TIME>,<OPEN>,<HIGH>,<LOW>,<CLOSE>,<VOL>,<OPENINT>
LUXH.US,D,20220812,000000,291.2,350,219.1,259,117145.28583143,0
LUXH.US,D,20220815,000000,217,248.087,201.6,237.3,19698.228591127,0
LUXH.US,D,20220816,000000,243.6,264.691,231.7,235.9,18519.357161377,0
LUXH.US,D,20220817,000000,218.4,225.645,204.4,215.6,3829.5428609724,0
LUXH.US,D,20220818,000000,207.9,215.544,196.7,201.6,3489.0857177748,0
LUXH.US,D,20220819,000000,191.1,196,181.3,183.4,3808.8857180946,0
LUXH.US,D,20220822,000000,194.6,211.4,179.2,188.3,5290.9714338624,0
LUXH.US,D,20220823,000000,188.3,194.6,169.4,175,2513.6285739422,0
LUXH.US,D,20220824,000000,165.2,179.9,164.5,179.2,1177.8857154636,0
LUXH.US,D,20220825,000000,179.2,188.426,168.707,172.9,2801.1857170869,0
LUXH.US,D,20220826,000000,175,222.6,169.085,185.5,31518.757174376,0
LUXH.US,D,20220829,000000,172.9,195.3,168,180.6,2865.8857171516,0
LUXH.US,D,20220830,000000,175.7,199.5,166.6,185.073,1793.3571446505,0
LUXH.US,D,20220831,000000,177.8,195.3,172.893,188.3,1416.4857157022,0
LUXH.US,D,20220901,000000,189,200.2,174.993,194.6,2984.1285744127,0
LUXH.US,D,20220902,000000,201.327,208.6,190.4,196.7,1543.5571444007,0
LUXH.US,D,20220906,000000,198.1,209.3,189.7,198.8,2166.4428593093,0
LUXH.US,D,20220907,000000,203,203,177.1,181.3,2050.7714306222,0
LUXH.US,D,20220908,000000,177.1,203,177.1,178.507,1236.3857155221,0
LUXH.US,D,20220909,000000,186.2,193.9,179.9,187.593,1090.0714296615,0
LUXH.US,D,20220912,000000,189,190.4,175,180.25,1782.6142874969,0
LUXH.US,D,20220913,000000,175.7,180.033,171.5,172.9,530.6142862449,0
LUXH.US,D,20220914,000000,167.3,167.3,158.2,160.3,767.1285721957,0
LUXH.US,D,20220915,000000,166.6,166.6,140,147,1011.5285724401,0
LUXH.US,D,20220916,000000,146.3,154,139.3,139.3,857.428572286,0
LUXH.US,D,20220919,000000,147.7,147.7,129.5,132.3,1009.6714295811,0
LUXH.US,D,20220920,000000,140,147.777,139.307,140.7,607.6857148934,0
LUXH.US,D,20220921,000000,137.2,144.2,137.2,142.1,713.4571435706,0
LUXH.US,D,20220922,000000,138.355,140.7,125.3,139.3,828.1000008281,0
LUXH.US,D,20220923,000000,131.852,132.3,119.7,123.9,890.9285723195,0
LUXH.US,D,20220926,000000,130.592,130.893,102.9,114.1,3732.6000037326,0
LUXH.US,D,20220927,000000,131.6,137.2,112,130.2,2671.7714312432,0
LUXH.US,D,20220928,000000,126,133,120.4,126,617.4714291889,0
LUXH.US,D,20220929,000000,129.5,140.7,116.2,138.6,997.8142867121,0
LUXH.US,D,20220930,000000,138.6,138.6,124.6,132.3,594.142857737,0
LUXH.US,D,20221003,000000,133.7,146.3,130.9,140,353.7571432109,0
LUXH.US,D,20221004,000000,132.3,158.2,130.9,140.7,1880.6714304521,0
LUXH.US,D,20221005,000000,148.4,158.9,140,145.6,1039.5857153253,0
LUXH.US,D,20221006,000000,152.6,152.6,121.45,138.6,1806.8285732354,0
LUXH.US,D,20221007,000000,146.3,146.3,123.9,128.8,181.8857144676,0
LUXH.US,D,20221010,000000,130.004,130.004,124.6,125.3,91.6571429488,0
LUXH.US,D,20221011,000000,137.368,137.368,100.1,110.6,1906.1000019061,0
LUXH.US,D,20221012,000000,120.4,121.1,102.2,109.2,149.714285864,0
LUXH.US,D,20221013,000000,112.105,112.105,106.085,106.4,98.6714286701,0
LUXH.US,D,20221014,000000,113.393,113.4,106.4,106.4,113.3714286848,0
LUXH.US,D,20221017,000000,112,114.1,106.4,108.5,187.0428573299,0
LUXH.US,D,20221018,000000,115.493,115.493,106.4,107.1,185.1142858994,0
LUXH.US,D,20221019,000000,110.6,110.6,101.507,107.1,145.71428586,0
LUXH.US,D,20221020,000000,110.593,110.593,101.5,105,94.1285715227,0
LUXH.US,D,20221021,000000,102.2,105.518,91,94.5,563.5285719921,0
LUXH.US,D,20221024,000000,95.2,95.2,91,91,329.1142860434,0
LUXH.US,D,20221025,000000,91,97.3,86.8,91.7,416.7857147025,0
LUXH.US,D,20221026,000000,101.15,101.15,91.7,98.7,39.2571428964,0
LUXH.US,D,20221027,000000,91.7,94.5,91.7,93.1,20.7714285922,0
LUXH.US,D,20221028,000000,91,100.142,91,93.8,80.7285715093,0
LUXH.US,D,20221031,000000,92.365,93.205,87.5,87.5,602.1857148879,0
LUXH.US,D,20221101,000000,92.4,95.445,91,94.5,62.3571429195,0
LUXH.US,D,20221102,000000,93.849,94.5,92.4,92.4,92.4571429496,0
LUXH.US,D,20221103,000000,93.8,93.807,91,91,59.8285714884,0
LUXH.US,D,20221104,000000,93.1,93.45,88.2,91,76.6428572195,0
LUXH.US,D,20221107,000000,91.007,115.5,91.007,102.9,585.7142863,0
LUXH.US,D,20221108,000000,110.103,139.3,100.8,112.63,945.71428666,0
LUXH.US,D,20221109,000000,111.3,119.056,101.85,114.8,482.85714334,0
LUXH.US,D,20221110,000000,108.5,118.3,105.7,113.05,135.71428585,0
LUXH.US,D,20221111,000000,116.123,125.188,113.4,121.8,314.2857146,0
LUXH.US,D,20221114,000000,121.8,125.3,108.5,121.1,404.7428575476,0
LUXH.US,D,20221115,000000,115.85,123.2,115.5,122.5,232.2000002322,0
LUXH.US,D,20221116,000000,123.9,132.986,119.7,122.5,550.6285719792,0
LUXH.US,D,20221117,000000,117.6,117.6,106.4,110.719,161.3285715899,0
LUXH.US,D,20221118,000000,111.3,111.307,105,105,266.2142859805,0
LUXH.US,D,20221121,000000,107.8,107.8,105,105,44.7428571876,0
LUXH.US,D,20221122,000000,105,105.7,102.2,104.3,93.2571429504,0
LUXH.US,D,20221123,000000,103.6,104.3,88.9,98.7,475.9714290474,0
LUXH.US,D,20221125,000000,102.2,102.2,102.2,102.2,21.7428571646,0
LUXH.US,D,20221128,000000,95.9,99.75,94.5,98,218.0571430752,0
LUXH.US,D,20221129,000000,98,99.4,98,98,28.5142857428,0
LUXH.US,D,20221130,000000,99.4,100.8,98,98,222.5857145083,0
LUXH.US,D,20221201,000000,104.3,109.2,102.2,108.969,310.3857145961,0
LUXH.US,D,20221202,000000,111.3,111.965,105,105,435.3857147211,0
LUXH.US,D,20221205,000000,108.5,123.9,108.5,113.96,340.2428574831,0
LUXH.US,D,20221206,000000,119,119,114.1,115.5,190.714285905,0
LUXH.US,D,20221207,000000,113.4,115.507,112,115.5,242.1285716707,0
LUXH.US,D,20221208,000000,118.993,119,113.4,116.2,147.7857144335,0
LUXH.US,D,20221209,000000,116.207,123.2,113.4,113.4,83.1571429403,0
LUXH.US,D,20221212,000000,115.5,131.733,115.5,129.5,374.1142860884,0
LUXH.US,D,20221213,000000,128.8,130.844,119,123.522,756.3142864706,0
LUXH.US,D,20221214,000000,137.9,137.9,116.9,118.3,190.1000001901,0
LUXH.US,D,20221215,000000,118.3,132.293,114.1,114.1,143.2000001432,0
LUXH.US,D,20221216,000000,108.5,128.8,108.5,119,281.3857145671,0
LUXH.US,D,20221219,000000,116.9,122.85,116.9,121.1,591.42857202,0
LUXH.US,D,20221220,000000,115.5,128.1,115.5,118.3,164.4000001644,0
LUXH.US,D,20221221,000000,128.793,128.793,115.5,120.33,294.3428574372,0
LUXH.US,D,20221222,000000,125.293,125.3,112,124.243,403.6571432608,0
LUXH.US,D,20221223,000000,119,124.6,108.5,117.593,453.4428575963,0
LUXH.US,D,20221227,000000,109.2,119.595,98.7,119.595,370.9571432281,0
LUXH.US,D,20221228,000000,114.1,117.53,111.3,113.4,150.4142858647,0
LUXH.US,D,20221229,000000,114.8,117.593,102.9,115.493,304.571428876,0
LUXH.US,D,20221230,000000,115.5,118.993,113.4,118.993,627.3428577702,0
LUXH.US,D,20230103,000000,115.5,119.35,113.4,116.13,296.9714288684,0
LUXH.US,D,20230104,000000,113.4,125.629,113.4,123.2,252.7000002527,0
LUXH.US,D,20230105,000000,122.15,126.483,116.2,119,419.1142861334,0
LUXH.US,D,20230106,000000,117.6,128.1,116.2,119.7,388.2571432454,0
LUXH.US,D,20230109,000000,126,126,117.6,122.99,376.4142860907,0
LUXH.US,D,20230110,000000,117.6,125.3,116.9,123.893,431.4000004314,0
LUXH.US,D,20230111,000000,123.9,131.6,116.9,125.993,1024.9000010249,0
LUXH.US,D,20230112,000000,122.5,130.2,117.6,121.8,503.0142862173,0
LUXH.US,D,20230113,000000,129.5,129.5,116.9,121.8,231.9428573748,0
LUXH.US,D,20230117,000000,116.9,122.493,114.45,122.15,924.6857152104,0
LUXH.US,D,20230118,000000,118.3,124.6,116.9,120.666,628.3571434855,0
LUXH.US,D,20230119,000000,116.9,121.793,113.4,118.902,646.6428577895,0
LUXH.US,D,20230120,000000,115.5,121.8,114.1,115.5,762.0857150478,0
LUXH.US,D,20230123,000000,116.2,121.8,114.8,121.8,497.571429069,0
LUXH.US,D,20230124,000000,115.5,120.4,114.8,120.4,495.0571433522,0
LUXH.US,D,20230125,000000,116.2,119,110.6,114.8,533.3714291048,0
LUXH.US,D,20230126,000000,111.307,118.293,108.5,115.5,8387.9428655308,0
LUXH.US,D,20230127,000000,118.993,121.8,116.9,119.7,617.4142863317,0
LUXH.US,D,20230130,000000,117.6,119,117.6,117.6,319.3000003193,0
LUXH.US,D,20230131,000000,112.7,121.793,112,120.4,436.8714290083,0
LUXH.US,D,20230201,000000,113.407,120.4,113.407,116.9,112.0571429692,0
LUXH.US,D,20230202,000000,119.756,119.756,113.4,118.3,201.2714287727,0
LUXH.US,D,20230203,000000,113.4,118.993,112.7,113.4,465.3000004653,0
LUXH.US,D,20230206,000000,117.782,117.782,114.1,117.194,62.9857143487,0
LUXH.US,D,20230207,000000,116.193,116.9,113.4,113.4,157.1857144429,0
LUXH.US,D,20230208,000000,118.293,128.8,117.6,125.3,2170.0285735986,0
LUXH.US,D,20230209,000000,127.883,131.6,124.6,126,1077.4000010774,0
LUXH.US,D,20230210,000000,127.897,131.6,123.9,129.5,1483.1142871974,0
LUXH.US,D,20230213,000000,133,175,133,172.9,8997.1571518543,0
LUXH.US,D,20230214,000000,172.2,179.2,164.192,178.5,2076.3142877906,0
LUXH.US,D,20230215,000000,179.2,192.255,166.6,185.5,2218.6714307901,0
LUXH.US,D,20230216,000000,184.1,194.6,170.8,192.5,834.6285722632,0
LUXH.US,D,20230217,000000,192.5,192.5,171.5,171.5,1789.7571446469,0
LUXH.US,D,20230221,000000,167.3,179.893,167.3,173.6,1336.0285727646,0
LUXH.US,D,20230222,000000,179.2,183.4,172.9,178.5,276.1285717047,0
LUXH.US,D,20230223,000000,178.85,181.3,175.7,177.1,267.5428574104,0
LUXH.US,D,20230224,000000,176.4,182,172.9,178.5,131.2428572741,0
LUXH.US,D,20230227,000000,175,177.8,171.5,174.993,190.5428573334,0
LUXH.US,D,20230228,000000,177.1,177.1,172.2,174.65,95.2571429524,0
LUXH.US,D,20230301,000000,174.251,181.3,174.251,180.6,337.8142860521,0
LUXH.US,D,20230302,000000,170.8,180.25,170.8,176.4,463.8428576067,0
LUXH.US,D,20230303,000000,179.907,179.907,177.1,178.15,278.5428574214,0
LUXH.US,D,20230306,000000,184.8,222.6,181.72,213.5,5976.3857202621,0
LUXH.US,D,20230307,000000,213.5,222.6,187.6,205.1,1378.2428585211,0
LUXH.US,D,20230308,000000,207.9,212.8,193.207,209.3,834.428572263,0
LUXH.US,D,20230309,000000,207.9,220.493,198.8,212.1,1514.4142872287,0
LUXH.US,D,20230310,000000,207.9,213.29,189,189.756,1131.571429703,0
LUXH.US,D,20230313,000000,191.8,202.293,188.307,191.8,131.4000001314,0
LUXH.US,D,20230314,000000,196,198.8,192.5,192.5,95.000000095,0
LUXH.US,D,20230315,000000,186.9,198.793,186.109,186.9,79.4428572223,0
LUXH.US,D,20230316,000000,184.926,191.058,179.9,180.6,390.0571432472,0
LUXH.US,D,20230317,000000,181.3,181.3,168,171.5,435.5285718641,0
LUXH.US,D,20230320,000000,171.5,171.5,163.8,165.9,343.7428574866,0
LUXH.US,D,20230321,000000,157.5,170.093,157.5,163.8,135.3000001353,0
LUXH.US,D,20230322,000000,161.91,167.412,161,161.7,229.5142859438,0
LUXH.US,D,20230323,000000,161,170.1,157.5,165.9,402.7000004027,0
LUXH.US,D,20230324,000000,158.9,170.1,158.9,168,203.4857144892,0
LUXH.US,D,20230327,000000,169.393,180.6,163.1,168.7,559.6000005596,0
LUXH.US,D,20230328,000000,161,181.3,155.05,163.1,2043.2142877575,0
LUXH.US,D,20230329,000000,164.5,182.7,164.5,178.5,1007.7285724363,0
LUXH.US,D,20230330,000000,178.493,181.993,175,181.3,633.3714292048,0
LUXH.US,D,20230331,000000,179.2,198.1,177.905,192.5,914.3142866286,0
LUXH.US,D,20230403,000000,196,205.8,191.1,202.65,287.0857145728,0
LUXH.US,D,20230404,000000,202.3,210,191.8,206.5,1205.4142869197,0
LUXH.US,D,20230405,000000,200.9,201.313,192.85,194.25,192.142857335,0
LUXH.US,D,20230406,000000,204.218,207.9,192.5,199.5,903.3142866176,0
LUXH.US,D,20230410,000000,206.5,217,199.5,208.6,2528.5285739571,0
LUXH.US,D,20230411,000000,206.5,213.5,198.8,212.1,754.9714293264,0
LUXH.US,D,20230412,000000,212.1,216.237,205.1,207.2,682.8000006828,0
LUXH.US,D,20230413,000000,206.5,210,191.1,210,376.9285718055,0
LUXH.US,D,20230414,000000,205.8,214.9,199.507,209.65,279.9857145657,0
LUXH.US,D,20230417,000000,213.5,224,201.068,220.031,1820.8285732494,0
LUXH.US,D,20230418,000000,213.85,217.693,208.6,217,580.142857723,0
LUXH.US,D,20230419,000000,217,217,201.6,207.9,1154.9857154407,0
LUXH.US,D,20230420,000000,210.7,216.888,200.55,207.2,818.714286533,0
LUXH.US,D,20230421,000000,216.797,216.797,199.5,212.8,463.000000463,0
LUXH.US,D,20230424,000000,199.5,209.615,191.8,193.2,675.5142863898,0
LUXH.US,D,20230425,000000,193.2,202.209,179.9,182,493.1571433503,0
LUXH.US,D,20230426,000000,173.607,204.288,173.607,187.6,248.7428573916,0
LUXH.US,D,20230427,000000,215.6,215.6,191.8,196,628.6714292001,0
LUXH.US,D,20230428,000000,196,215.6,189,214.2,1197.7571440549,0
LUXH.US,D,20230501,000000,224,224,201.6,204.4,854.857143712,0
LUXH.US,D,20230502,000000,210,210,189,191.1,501.1285719297,0
LUXH.US,D,20230503,000000,199.5,203.7,185.192,190.4,1031.42857246,0
LUXH.US,D,20230504,000000,205.1,205.1,190.407,201.6,170.7428573136,0
LUXH.US,D,20230505,000000,200.55,201.579,198.8,201.579,49.5285714781,0
LUXH.US,D,20230508,000000,201.6,201.6,198.8,200.2,54.6285714832,0
LUXH.US,D,20230509,000000,195.3,207.9,195.3,207.9,290.8000002908,0
LUXH.US,D,20230510,000000,201.6,209.3,195.3,207.9,751.2000007512,0
LUXH.US,D,20230511,000000,210,213.5,205.8,205.8,50.3285714789,0
LUXH.US,D,20230512,000000,206.5,208.6,196,205.079,370.0428575129,0
LUXH.US,D,20230515,000000,199.5,207.207,199.5,200.2,621.9714291934,0
LUXH.US,D,20230516,000000,209.293,209.293,194.6,204.4,594.714286309,0
LUXH.US,D,20230517,000000,204.4,224,196,213.5,1157.0142868713,0
LUXH.US,D,20230518,000000,213.85,214.2,205.1,207.9,217.8142859321,0
LUXH.US,D,20230519,000000,210.7,248.5,210,245,4093.8000040938,0
LUXH.US,D,20230522,000000,248.5,262.5,239.407,262.5,1753.6571446108,0
LUXH.US,D,20230523,000000,261.107,264.25,252,254.8,1916.7285733453,0
LUXH.US,D,20230524,000000,268.8,268.8,245.714,249.9,673.6857149594,0
LUXH.US,D,20230525,000000,263.2,263.2,228.2,243.6,917.4857152032,0
LUXH.US,D,20230526,000000,247.8,259.7,247.1,248.5,1213.857144071,0
LUXH.US,D,20230530,000000,240.8,250.558,240.8,249.9,905.3857151911,0
LUXH.US,D,20230531,000000,251.65,255.5,239.4,255.5,924.3714294958,0
LUXH.US,D,20230601,000000,260.4,260.4,239.4,239.4,406.7000004067,0
LUXH.US,D,20230602,000000,238,242.2,231,237.3,283.4428574263,0
LUXH.US,D,20230605,000000,243.495,244.3,236.411,241.5,281.5571431387,0
LUXH.US,D,20230606,000000,228.9,239.75,214.2,237.3,3883.4428610263,0
LUXH.US,D,20230607,000000,231,233.8,189,206.85,2180.9571450381,0
LUXH.US,D,20230608,000000,204.4,213.5,200.207,207.9,838.4571436956,0
LUXH.US,D,20230609,000000,210,215.25,209.3,211.75,963.0285723916,0
LUXH.US,D,20230612,000000,210,216.3,206.066,210,363.0571432202,0
LUXH.US,D,20230613,000000,214.2,214.2,206.5,208.6,3454.9857177407,0
LUXH.US,D,20230614,000000,211.4,214.27,207.2,207.2,274.6142859889,0
LUXH.US,D,20230615,000000,214.2,214.9,207.2,207.2,817.6428579605,0
LUXH.US,D,20230616,000000,215.6,226.1,197.4,218.4,2778.3285742069,0
LUXH.US,D,20230620,000000,214.9,219.1,201.6,202.3,317.1285717457,0
LUXH.US,D,20230621,000000,210.7,211.4,203,204.4,471.8142861861,0
LUXH.US,D,20230622,000000,207.144,209.3,201.348,207.123,15.9857143017,0
LUXH.US,D,20230623,000000,204.4,209.3,192.5,198.1,5775.5571486327,0
LUXH.US,D,20230626,000000,200.2,200.2,189.7,191.8,688.3857149741,0
LUXH.US,D,20230627,000000,191.8,203.7,191.1,203.7,1835.4142875497,0
LUXH.US,D,20230628,000000,209.86,236.6,203,217.7,5830.7000058307,0
LUXH.US,D,20230629,000000,214.9,221.998,214.9,219.1,451.3000004513,0
LUXH.US,D,20230630,000000,214.9,233.1,214.9,220.5,7905.9571507631,0
LUXH.US,D,20230703,000000,224,225.393,203.28,219.8,1517.2000015172,0
LUXH.US,D,20230705,000000,213.5,225.4,213.5,220.5,713.857143571,0
LUXH.US,D,20230706,000000,214.046,220.5,203.707,217,540.0142862543,0
LUXH.US,D,20230707,000000,208.6,218.4,206.5,213.5,1000.6714295721,0
LUXH.US,D,20230710,000000,215.6,217.7,203,212.8,1098.8428582417,0
LUXH.US,D,20230711,000000,207.9,217.7,196.7,199.5,4055.4428611983,0
LUXH.US,D,20230712,000000,196.7,217,189.553,213.5,860.6714294321,0
LUXH.US,D,20230713,000000,210,216.3,209.3,212.1,1315.5000013155,0
LUXH.US,D,20230714,000000,209.3,213.332,199.5,210,588.7714291602,0
LUXH.US,D,20230717,000000,210.77,214.9,210,213.5,724.4857150102,0
LUXH.US,D,20230718,000000,206.5,213.661,202.3,212.8,267.2428574101,0
LUXH.US,D,20230719,000000,214.9,214.9,207.2,207.2,584.3857148701,0
LUXH.US,D,20230720,000000,203.945,205.1,193.907,196,315.000000315,0
LUXH.US,D,20230721,000000,201.6,203.7,187.6,201.6,1198.4000011984,0
LUXH.US,D,20230724,000000,203,214.2,192.5,213.5,1268.8142869831,0
LUXH.US,D,20230725,000000,213.5,223.3,213.5,223.3,1286.000001286,0
LUXH.US,D,20230726,000000,224,224,212.8,222.6,774.4571436316,0
LUXH.US,D,20230727,000000,221.2,221.2,204.4,212.1,376.285714662,0
LUXH.US,D,20230728,000000,207.879,213.5,206.5,213.5,571.3000005713,0
LUXH.US,D,20230731,000000,220.5,220.5,204.4,210,701.7428578446,0
LUXH.US,D,20230801,000000,218.057,218.057,205.1,210,663.9142863782,0
LUXH.US,D,20230802,000000,212.8,212.8,202.3,207.9,590.7714291622,0
LUXH.US,D,20230803,000000,210,215.068,197.4,211.4,1238.9428583818,0
LUXH.US,D,20230804,000000,213.5,216.825,207.2,213.5,1427.7571442849,0
LUXH.US,D,20230807,000000,217,217,199.507,210,1653.6142873679,0
LUXH.US,D,20230808,000000,214.9,215.6,191.1,210,3329.5000033295,0
LUXH.US,D,20230809,000000,220.15,220.5,191.1,212.1,2723.9285741525,0
LUXH.US,D,20230810,000000,212.8,213.241,203.07,207.2,863.142858006,0
LUXH.US,D,20230811,000000,209.65,212.8,203,211.4,682.7714292542,0
LUXH.US,D,20230814,000000,212.8,212.8,200.2,206.5,680.9285721095,0
LUXH.US,D,20230815,000000,203.077,209.216,196.7,203,679.0285721076,0
LUXH.US,D,20230816,000000,200.9,206.493,198.1,199.5,543.5000005435,0
LUXH.US,D,20230817,000000,203,208.257,201.32,207.2,628.7000006287,0
LUXH.US,D,20230818,000000,205.618,217.7,202.3,217.7,1447.5428585904,0
LUXH.US,D,20230821,000000,214.9,214.9,207.2,207.55,314.1000003141,0
LUXH.US,D,20230822,000000,206.5,210.441,193.2,196,1573.2142872875,0
LUXH.US,D,20230823,000000,200.2,205.1,193.9,193.9,510.0571433672,0
LUXH.US,D,20230824,000000,194.6,200.9,192.85,200.9,674.7857149605,0
LUXH.US,D,20230825,000000,200.893,206.5,196,206.5,386.571428958,0
LUXH.US,D,20230828,000000,209.139,209.139,199.5,201.25,460.7857147465,0
LUXH.US,D,20230829,000000,200.9,206.493,199.5,204.75,270.5571431277,0
LUXH.US,D,20230830,000000,198.597,205.667,198.597,202.3,113.4714286849,0
LUXH.US,D,20230831,000000,205.8,209.293,202.3,202.3,507.4571433646,0
LUXH.US,D,20230901,000000,200.2,219.8,200.2,214.9,1382.3571442395,0
LUXH.US,D,20230905,000000,218.4,218.4,205.1,213.15,283.3714288548,0
LUXH.US,D,20230906,000000,214.55,238,214.55,233.8,2345.9857166317,0
LUXH.US,D,20230907,000000,229.6,240.8,229.6,236.6,811.9571436691,0
LUXH.US,D,20230908,000000,240.8,241.5,236.6,240.8,778.8857150646,0
LUXH.US,D,20230911,000000,238.7,262.5,235.9,255.5,1605.8428587487,0
LUXH.US,D,20230912,000000,259,267.393,252.7,257.6,1936.7285733653,0
LUXH.US,D,20230913,000000,256.2,265.223,245.7,246.4,600.1857148859,0
LUXH.US,D,20230914,000000,246.75,252,242.2,245.7,222.5142859368,0
LUXH.US,D,20230915,000000,247.8,252.245,238,245,1565.9285729945,0
LUXH.US,D,20230918,000000,251.3,251.3,239.4,240.1,847.0142865613,0
LUXH.US,D,20230919,000000,245,249.9,241.5,242.2,673.4857149592,0
LUXH.US,D,20230920,000000,248.416,265.783,245,245.7,2669.8714312413,0
LUXH.US,D,20230921,000000,245,249.2,235.9,238.7,1278.3857155641,0
LUXH.US,D,20230922,000000,235.9,266,235.809,263.9,1748.9428588918,0
LUXH.US,D,20230925,000000,263.9,277.2,259.7,275.1,1355.4714299269,0
LUXH.US,D,20230926,000000,273.7,322,272.3,306.25,10004.057152861,0
LUXH.US,D,20230927,000000,310.1,314.293,294,296.1,1596.2285730248,0
LUXH.US,D,20230928,000000,296.1,298.711,287,291.9,942.9000009429,0
LUXH.US,D,20230929,000000,310.8,326.2,301.7,326.2,3033.0428601759,0
LUXH.US,D,20231002,000000,329.7,330.4,297.5,312.9,2182.2428593251,0
LUXH.US,D,20231003,000000,308,339.5,296.1,332.5,2170.4142878847,0
LUXH.US,D,20231004,000000,334.6,369.852,332.311,365.4,7862.9000078629,0
LUXH.US,D,20231005,000000,361.2,381.5,346.5,375.9,5574.4571484316,0
LUXH.US,D,20231006,000000,375.9,404.6,373.8,392,5772.1000057721,0
LUXH.US,D,20231009,000000,390.6,403.2,336,386.4,8174.0714367455,0
LUXH.US,D,20231010,000000,389.2,395.5,357,357.35,5002.3000050023,0
LUXH.US,D,20231011,000000,362.6,363.3,312.2,315,6066.1857203519,0
LUXH.US,D,20231012,000000,315,316.4,280.707,281.4,7595.2428647381,0
LUXH.US,D,20231013,000000,284.9,319.921,284.9,305.2,4088.5142898028,0
LUXH.US,D,20231016,000000,303.1,315.7,289.1,302.4,1691.3428588342,0
LUXH.US,D,20231017,000000,300.3,301,274.4,277.9,2151.6142878659,0
LUXH.US,D,20231018,000000,274.4,280,261.1,273,1573.2428587161,0
LUXH.US,D,20231019,000000,270.9,289.8,268.8,285.6,2481.0571453382,0
LUXH.US,D,20231020,000000,286.3,289.1,277.2,283.5,1820.4000018204,0
LUXH.US,D,20231023,000000,279.3,284.9,258.3,261.1,1457.9142871722,0
LUXH.US,D,20231024,000000,261.8,306.6,261.8,283.5,3355.5571462127,0
LUXH.US,D,20231025,000000,281.4,288.4,263.9,270.2,1279.7285727083,0
LUXH.US,D,20231026,000000,267.4,291.2,263.207,279.3,2691.0142884053,0
LUXH.US,D,20231027,000000,280,294,267.4,291.9,2755.9571456131,0
LUXH.US,D,20231030,000000,283.5,300.3,273.7,284.9,2504.6714310761,0
LUXH.US,D,20231031,000000,284.9,284.9,263.2,283.85,1752.8000017528,0
LUXH.US,D,20231101,000000,282.1,294.7,277.242,294.7,1556.4428586993,0
LUXH.US,D,20231102,000000,299.25,319.9,290.5,318.5,2511.2000025112,0
LUXH.US,D,20231103,000000,317.8,326.9,308.7,309.4,1462.4714300339,0
LUXH.US,D,20231106,000000,309.4,321.3,304.5,319.2,1031.1857153169,0
LUXH.US,D,20231107,000000,319.2,319.634,301,312.2,1950.7428590936,0
LUXH.US,D,20231108,000000,306.6,318.297,294.042,308,1456.571430028,0
LUXH.US,D,20231109,000000,336,366.1,320.6,331.1,8054.6428651975,0
LUXH.US,D,20231110,000000,329,331.1,308,313.6,3424.2571462814,0
LUXH.US,D,20231113,000000,315.7,318.5,290.5,308,2100.9571449581,0
LUXH.US,D,20231114,000000,304.5,332.5,304.5,329,2423.3142881376,0
LUXH.US,D,20231115,000000,327.6,358.4,327.6,346.5,3768.1000037681,0
LUXH.US,D,20231116,000000,342.3,362.6,333.9,357,3592.2000035922,0
LUXH.US,D,20231117,000000,358.4,388.85,347.9,353.5,6868.2142925825,0
LUXH.US,D,20231120,000000,353.5,363.433,340.2,348.6,2880.285717166,0
LUXH.US,D,20231121,000000,345.1,359.8,343,355.6,2837.3000028373,0
LUXH.US,D,20231122,000000,357,368.9,354.2,354.9,2106.714287821,0
LUXH.US,D,20231124,000000,354.9,361.9,342.3,346.5,1065.8714296373,0
LUXH.US,D,20231127,000000,340.2,353.5,339.5,349.3,1894.1857161799,0
LUXH.US,D,20231128,000000,350,350,321.3,331.8,1704.5142874188,0
LUXH.US,D,20231129,000000,327.6,338.8,326.41,329,1964.0714305355,0
LUXH.US,D,20231130,000000,325.5,331.8,308.7,310.8,3308.285717594,0
LUXH.US,D,20231201,000000,315.35,317.8,280.7,289.8,4477.0285759056,0
LUXH.US,D,20231204,000000,289.8,319.9,267.4,313.6,7220.285721506,0
LUXH.US,D,20231205,000000,305.2,312.2,289.8,298.9,2777.0142884913,0
LUXH.US,D,20231206,000000,298.9,340.9,288.4,336.7,8657.6000086576,0
LUXH.US,D,20231207,000000,337.4,367.5,327.6,328.3,6847.2428639901,0
LUXH.US,D,20231208,000000,326.2,341.593,311.066,314.3,1769.7571446269,0
LUXH.US,D,20231211,000000,310.8,318.5,297.5,318.5,2164.3142878786,0
LUXH.US,D,20231212,000000,316.4,322.7,297.5,298.2,1772.7857160585,0
LUXH.US,D,20231213,000000,300.3,331.1,300.3,324.8,3362.3000033623,0
LUXH.US,D,20231214,000000,332.5,350,329,343,2466.1000024661,0
LUXH.US,D,20231215,000000,344.4,349.3,329.28,340.9,3022.9142887372,0
LUXH.US,D,20231218,000000,334.6,350.7,305.9,314.3,3563.6000035636,0
LUXH.US,D,20231219,000000,304.5,330.4,304.5,327.6,1434.7000014347,0
LUXH.US,D,20231220,000000,326.9,335.3,319.2,329,893.6000008936,0
LUXH.US,D,20231221,000000,336,361.2,327.6,361.2,3061.4000030614,0
LUXH.US,D,20231222,000000,361.9,389.2,352.1,364,3820.428575249,0
LUXH.US,D,20231226,000000,377.3,378,363.65,375.2,3139.6857174254,0
LUXH.US,D,20231227,000000,374.5,437.5,373.1,417.9,8305.000008305,0
LUXH.US,D,20231228,000000,430.5,433.937,406,418.6,2591.5428597344,0
LUXH.US,D,20231229,000000,420,439.6,406,417.9,4005.9857182917,0
LUXH.US,D,20240102,000000,422.8,442.281,394.8,397.6,4878.8000048788,0
LUXH.US,D,20240103,000000,392,401.8,382.564,389.2,2435.9285738645,0
LUXH.US,D,20240104,000000,390.6,420.7,389.06,420.7,3140.9142888552,0
LUXH.US,D,20240105,000000,420,443.8,408.1,443.8,6031.7000060317,0
LUXH.US,D,20240108,000000,452.2,481.6,451.5,462.7,9778.6857240644,0
LUXH.US,D,20240109,000000,476,476,423.5,443.8,5571.9428627148,0
LUXH.US,D,20240110,000000,445.9,450.1,399,399.7,4476.5857187623,0
LUXH.US,D,20240111,000000,434.7,434.7,345.8,352.1,8722.5571515797,0
LUXH.US,D,20240112,000000,383.6,385.7,339.5,364.7,11433.657154291,0
LUXH.US,D,20240116,000000,360.5,376.6,333.2,343,7672.1142933864,0
LUXH.US,D,20240117,000000,343,369.6,279.3,302.4,20518.214306233,0
LUXH.US,D,20240118,000000,293.3,294,241.57,272.3,20377.171448949,0
LUXH.US,D,20240119,000000,266.7,277.9,246.4,276.5,7351.3000073513,0
LUXH.US,D,20240122,000000,285.6,302.358,270.9,293.3,9204.5571520617,0
LUXH.US,D,20240123,000000,301,309.372,291.2,298.9,5943.8857202296,0
LUXH.US,D,20240124,000000,301,302.4,278.6,301,7456.0857217418,0
LUXH.US,D,20240125,000000,303.8,323.05,300.3,319.9,6144.7714347162,0
LUXH.US,D,20240126,000000,319.9,342.3,314.3,337.4,4121.7285755503,0
LUXH.US,D,20240129,000000,339.5,339.5,317.8,326.2,4889.6000048896,0
LUXH.US,D,20240130,000000,326.9,326.9,301,303.1,3456.3857177421,0
LUXH.US,D,20240131,000000,311.5,312.9,291.2,291.2,4786.4857190722,0
LUXH.US,D,20240201,000000,296.8,310.8,291.9,307.3,3044.8000030448,0
LUXH.US,D,20240202,000000,309.4,325.5,298.2,314.3,4227.7714327992,0
LUXH.US,D,20240205,000000,308,310.051,238.35,245,9882.5428670254,0
LUXH.US,D,20240206,000000,240.1,243.593,190.4,228.2,12665.485726951,0
LUXH.US,D,20240207,000000,219.8,226.8,183.05,191.1,8187.5857224733,0
LUXH.US,D,20240208,000000,192.5,215.6,177.1,204.4,8558.1142942724,0
LUXH.US,D,20240209,000000,203,225.4,196.07,219.8,3321.0285747496,0
LUXH.US,D,20240212,000000,219.8,254.1,211.491,243.6,3961.6857182474,0
LUXH.US,D,20240213,000000,235.9,235.9,210,211.4,3997.4714325689,0
LUXH.US,D,20240214,000000,214.9,220.5,196,205.8,3567.4714321389,0
LUXH.US,D,20240215,000000,203.7,219.723,203.7,205.1,2977.8714315493,0
LUXH.US,D,20240216,000000,198.8,210.7,198.1,205.1,3511.0428606539,0
LUXH.US,D,20240220,000000,206.5,212.1,186.2,198.8,8574.8285800034,0
LUXH.US,D,20240221,000000,199.5,206.5,180.607,202.3,6923.9571497811,0
LUXH.US,D,20240222,000000,194.6,212.436,194.6,198.8,5201.1285766297,0
LUXH.US,D,20240223,000000,202.3,202.3,170.1,182.7,9070.7000090707,0
LUXH.US,D,20240226,000000,179.2,188.125,168,172.9,3127.9000031279,0
LUXH.US,D,20240227,000000,176.4,184.1,168,173.6,4192.6285756212,0
LUXH.US,D,20240228,000000,185.5,185.5,159.6,163.1,5351.8000053518,0
LUXH.US,D,20240229,000000,165.2,174.825,160.3,162.4,4917.1714334886,0
LUXH.US,D,20240301,000000,163.8,171.5,159.607,171.5,8802.7857230885,0
LUXH.US,D,20240304,000000,179.9,198.8,178.15,197.4,6018.6428631615,0
LUXH.US,D,20240305,000000,191.1,199.5,182,187.6,3806.8714323783,0
LUXH.US,D,20240306,000000,194.6,196.7,174.3,177.1,4258.8714328303,0
LUXH.US,D,20240307,000000,175.7,180.95,168,169.4,4423.4857187092,0
LUXH.US,D,20240308,000000,168.7,176.05,157.5,158.2,6442.142863585,0
LUXH.US,D,20240311,000000,161,161.014,146.65,151.2,4243.3714328148,0
LUXH.US,D,20240312,000000,160.3,160.3,145.6,151.2,5706.9857199927,0
LUXH.US,D,20240313,000000,156.8,166.6,151.2,165.2,3176.7714317482,0
LUXH.US,D,20240314,000000,168,175.469,156.8,161,2912.2285743408,0
LUXH.US,D,20240315,000000,158.2,160.3,151.9,154,3539.1714321106,0
LUXH.US,D,20240318,000000,153.3,164.5,151.9,152.6,2100.0857163858,0
LUXH.US,D,20240319,000000,149.8,155.4,142.1,145.6,2501.7428596446,0
LUXH.US,D,20240320,000000,147.7,151.2,142.8,149.8,2178.285716464,0
LUXH.US,D,20240321,000000,154.7,154.7,142.1,149.8,4242.428575671,0
LUXH.US,D,20240322,000000,149.8,164.5,144.9,161.7,3774.0857180598,0
LUXH.US,D,20240325,000000,160.3,168.35,156.8,162.4,7816.4714363879,0
LUXH.US,D,20240326,000000,161,168.7,145.6,149.8,9201.3000092013,0
LUXH.US,D,20240327,000000,103.6,120.4,102.9,105,33507.000033507,0
LUXH.US,D,20240328,000000,106.4,107.1,91.707,96.6,27414.728598843,0
LUXH.US,D,20240401,000000,92.4,98.7,87.5,98,9653.8142953681,0
LUXH.US,D,20240402,000000,97.3,100.8,90.3,98.7,4915.8857192016,0
LUXH.US,D,20240403,000000,98,100.8,93.8,95.2,4415.4428615583,0
LUXH.US,D,20240404,000000,98,99.4,89.6,91.7,6540.4714351119,0
LUXH.US,D,20240405,000000,91,92.4,88.06,92.4,3524.3571463815,0
LUXH.US,D,20240408,000000,92.4,93.8,88.207,90.3,2667.14285981,0
LUXH.US,D,20240409,000000,92.4,96.6,88.977,90.3,4464.9428616078,0
LUXH.US,D,20240410,000000,90.3,90.3,81.2,83.3,4473.9000044739,0
LUXH.US,D,20240411,000000,86.1,86.1,79.1,80.15,3130.3857174161,0
LUXH.US,D,20240412,000000,78.4,81.2,69.335,71.4,9175.9714377474,0
LUXH.US,D,20240415,000000,91,91,55.496,58.1,24067.24288121,0
LUXH.US,D,20240416,000000,57.4,60.5851,51.1,58.03,7663.9571505211,0
LUXH.US,D,20240417,000000,59.5,78.4,58.1,74.9,13215.342870358,0
LUXH.US,D,20240418,000000,74.9,74.9,60.515,63.7,6210.4714347819,0
LUXH.US,D,20240419,000000,61.789,67.2,58.8,60.34,3099.8142888141,0
LUXH.US,D,20240422,000000,69.643,70,58.59,65.261,13935.042871078,0
LUXH.US,D,20240423,000000,63.077,65.261,60.662,60.9,2179.2000021792,0
LUXH.US,D,20240424,000000,59.5,68.425,59.5,66.5,4722.5857190083,0
LUXH.US,D,20240425,000000,65.723,80.5,65.1,79.8,18530.614304245,0
LUXH.US,D,20240426,000000,78.4,81.9,69.307,72.1,7707.7428648506,0
LUXH.US,D,20240429,000000,72.1,74.2,63.007,63.896,3974.2285754028,0
LUXH.US,D,20240430,000000,62.482,65.1,58.1,60.872,3567.3285749959,0
LUXH.US,D,20240501,000000,63,64.33,59.458,60.753,2095.8142878101,0
LUXH.US,D,20240502,000000,61.6,63,58.065,58.674,2627.0857169128,0
LUXH.US,D,20240503,000000,59.64,61.6,57.4,58.779,1012.7714295842,0
LUXH.US,D,20240506,000000,58.779,60.5849,56.98,57.897,4562.8142902771,0
LUXH.US,D,20240507,000000,58.03,58.1,49.35,53.9,9271.8000092718,0
LUXH.US,D,20240508,000000,53.9,53.907,48.265,49.063,4964.2285763928,0
LUXH.US,D,20240509,000000,49.826,52.353,45.43,49.602,5309.3142910236,0
LUXH.US,D,20240510,000000,49.028,49.028,43.344,43.645,8592.6142943069,0
LUXH.US,D,20240513,000000,46.34,49.875,35.308,38.08,62102.928633532,0
LUXH.US,D,20240514,000000,37.8,37.8,30.66,31.969,27496.685741782,0
LUXH.US,D,20240515,000000,32.9,33.6,26.95,28.014,29502.214315217,0
LUXH.US,D,20240516,000000,28.973,30.114,27.4611,28,11755.871440327,0
LUXH.US,D,20240517,000000,29.4,36.4,27.727,34.909,20775.81430649,0
LUXH.US,D,20240520,000000,34.909,34.909,30.8771,31.5,8568.6142942829,0
LUXH.US,D,20240521,000000,17.15,18.9,16.45,18.9,153412.85729627,0
LUXH.US,D,20240522,000000,18.9,19.6,17.5,18.956,41029.971469601,0
LUXH.US,D,20240523,000000,18.816,22.4,18.2,20.979,42962.257185819,0
LUXH.US,D,20240524,000000,22.344,27.65,22.0501,25.48,71910.771500482,0
LUXH.US,D,20240528,000000,28.14,30.45,23.1,23.38,57712.542914855,0
LUXH.US,D,20240529,000000,25.2,25.739,20.139,22.75,20404.342877547,0
LUXH.US,D,20240530,000000,22.974,23.73,21.21,21.973,8651.2571515084,0
LUXH.US,D,20240531,000000,21.98,23.093,19.25,21.021,12692.285726978,0
LUXH.US,D,20240603,000000,20.51,21.7,20.3,21.56,105066.34296221,0
LUXH.US,D,20240604,000000,21,21.42,17.85,17.92,174086.58588837,0
LUXH.US,D,20240605,000000,17.829,18.9,16.8,17.57,46690.528618119,0
LUXH.US,D,20240606,000000,17.766,18.466,17.339,18.13,22429.842879573,0
LUXH.US,D,20240607,000000,17.556,17.829,16.17,16.541,27416.157170273,0
LUXH.US,D,20240610,000000,16.457,17.3881,15.407,16.317,24823.514310538,0
LUXH.US,D,20240611,000000,16.436,16.499,14.945,16.443,16763.771445335,0
LUXH.US,D,20240612,000000,16.443,16.45,14.882,14.987,19820.985734107,0
LUXH.US,D,20240613,000000,16.1,17.01,14.721,16.52,53411.414339126,0
LUXH.US,D,20240614,000000,16.555,16.555,15.582,16.275,10721.02858215,0
LUXH.US,D,20240617,000000,15.995,17.164,15.995,16.814,16029.957158887,0
LUXH.US,D,20240618,000000,16.219,17.773,15.82,17.227,11138.528582567,0
LUXH.US,D,20240620,000000,17.5,20.3,16.814,20.3,28521.157171378,0
LUXH.US,D,20240621,000000,18.872,19.425,17.15,17.584,8262.3428654052,0
LUXH.US,D,20240624,000000,18.116,18.893,17.157,17.36,5669.2285770978,0
LUXH.US,D,20240625,000000,17.5,17.829,15.974,16.45,5218.3714337898,0
LUXH.US,D,20240626,000000,16.268,16.884,16.093,16.499,9590.9142953052,0
LUXH.US,D,20240627,000000,16.975,17.0446,15.687,16.66,5724.8000057248,0
LUXH.US,D,20240628,000000,16.373,16.66,16.072,16.401,6717.5285781461,0
LUXH.US,D,20240701,000000,16.947,16.947,15.47,16.8,4041.6142897559,0
LUXH.US,D,20240702,000000,16.793,16.793,15.519,15.54,6156.9142918712,0
LUXH.US,D,20240703,000000,15.533,16.093,15.169,16.093,5095.2285765238,0
LUXH.US,D,20240705,000000,16.058,16.618,15.127,15.4,8044.3142937586,0
LUXH.US,D,20240708,000000,16.1,16.1,11.41,12.943,43710.685757996,0
LUXH.US,D,20240709,000000,12.824,12.915,11.69,12.481,20349.028591778,0
LUXH.US,D,20240710,000000,12.46,13.237,11.942,13.062,17973.400017973,0
LUXH.US,D,20240711,000000,12.789,13.1639,12.432,12.845,17800.114303514,0
LUXH.US,D,20240712,000000,12.838,13.09,12.25,12.677,40731.142897874,0
LUXH.US,D,20240715,000000,12.663,13.72,12.313,12.929,12553.500012554,0
LUXH.US,D,20240716,000000,12.754,14.28,12.649,13.993,26892.114312606,0
LUXH.US,D,20240717,000000,14.7,14.7,12.964,13.72,87937.985802224,0
LUXH.US,D,20240718,000000,14,14.343,12.005,12.047,90892.814376607,0
LUXH.US,D,20240719,000000,12.075,12.39,10.654,10.843,38033.971466605,0
LUXH.US,D,20240722,000000,11.13,11.13,9.94,10.311,80065.985794352,0
LUXH.US,D,20240723,000000,12.593,12.607,9.961,11.193,165502.94302265,0
LUXH.US,D,20240724,000000,11.102,11.41,10.5,10.57,33642.485747928,0
LUXH.US,D,20240725,000000,10.612,11.41,10.199,10.577,50239.60005024,0
LUXH.US,D,20240726,000000,10.787,13.993,10.584,13.37,91014.028662443,0
LUXH.US,D,20240729,000000,11.312,11.83,10.157,10.605,94519.628665948,0
LUXH.US,D,20240730,000000,10.591,10.591,10.129,10.535,28711.642885855,0
LUXH.US,D,20240731,000000,10.493,10.899,10.15,10.15,31477.557174335,0
LUXH.US,D,20240801,000000,10.206,10.353,9.394,9.8,37422.65718028,0
LUXH.US,D,20240802,000000,9.989,9.989,8.47,8.694,39178.800039179,0
LUXH.US,D,20240805,000000,8.61,8.61,7.343,7.63,37925.842895069,0
LUXH.US,D,20240806,000000,8.05,8.34715,7.084,7.315,38635.457181493,0
LUXH.US,D,20240807,000000,7.602,7.602,6.146,6.461,54682.685768968,0
LUXH.US,D,20240808,000000,6.713,7.427,6.503,7.168,18101.300018101,0
LUXH.US,D,20240809,000000,7.308,7.37093,6.405,6.44,31925.100031925,0
LUXH.US,D,20240812,000000,6.3,6.3,5.46,5.53,55268.485769554,0
LUXH.US,D,20240813,000000,5.747,5.95,5.25,5.817,82494.942939638,0
LUXH.US,D,20240814,000000,5.705,5.81,4.977,5.32,70025.200070025,0
LUXH.US,D,20240815,000000,5.712,5.712,4.725,5.117,113858.61439957,0
LUXH.US,D,20240816,000000,5.012,5.215,4.634,4.886,74118.042931261,0
LUXH.US,D,20240819,000000,4.893,5.38293,4.634,5.103,110255.01439597,0
LUXH.US,D,20240820,000000,5.39,6.132,4.97,5.348,214433.11450015,0
LUXH.US,D,20240821,000000,5.46,5.621,4.998,5.11,106406.77153498,0
LUXH.US,D,20240822,000000,5.11,5.236,4.837,4.977,74580.885788867,0
LUXH.US,D,20240823,000000,5.04,5.215,4.613,5.11,110122.55725298,0
LUXH.US,D,20240826,000000,5.355,5.6,4.97,5.46,146697.8001467,0
LUXH.US,D,20240827,000000,5.18,5.6,5.18,5.53,76605.357219463,0
LUXH.US,D,20240828,000000,5.362,5.446,4.9,5.383,76686.771505258,0
LUXH.US,D,20240829,000000,5.6,5.6,4.914,5.082,55994.128627423,0
LUXH.US,D,20240830,000000,5.075,5.32,4.907,5.271,43449.50004345,0
LUXH.US,D,20240903,000000,5.53,5.53,4.914,5.11,38060.614323775,0
LUXH.US,D,20240904,000000,4.956,5.11,4.809,5.061,66853.271495425,0
LUXH.US,D,20240905,000000,4.9,5.026,4.872,4.914,33818.257176675,0
LUXH.US,D,20240906,000000,4.9,5.18,4.823,4.907,96833.471525405,0
LUXH.US,D,20240909,000000,4.97,5.054,4.795,4.991,42574.900042575,0
LUXH.US,D,20240910,000000,5.11,5.11,4.872,4.872,25008.628596437,0
LUXH.US,D,20240911,000000,4.907,5.39,4.809,5.075,89772.600089773,0
LUXH.US,D,20240912,000000,4.921,5.15543,4.851,4.984,43696.442900839,0
LUXH.US,D,20240913,000000,4.837,5.25,4.837,5.124,55167.057198024,0
LUXH.US,D,20240916,000000,5.25,5.25,4.928,5.068,20687.228592116,0
LUXH.US,D,20240917,000000,5.18,5.18,4.921,4.949,23609.285737895,0
LUXH.US,D,20240918,000000,5.04,5.068,4.865,4.949,22865.828594294,0
LUXH.US,D,20240919,000000,5.068,5.068,4.788,5.033,39259.071467831,0
LUXH.US,D,20240920,000000,5.18,6.335,5.047,5.922,403994.61468971,0
LUXH.US,D,20240923,000000,5.908,7.161,5.6,6.461,630643.30063064,0
LUXH.US,D,20240924,000000,6.86,7.609,5.775,6.223,423960.21470967,0
LUXH.US,D,20240925,000000,6.3,6.3,5.607,5.964,205215.50020522,0
LUXH.US,D,20240926,000000,5.74,5.74,4.97,5.229,120743.24297789,0
LUXH.US,D,20240927,000000,5.18,5.285,5.04,5.229,57144.771485716,0
LUXH.US,D,20240930,000000,5.306,6.083,5.04,5.887,163770.41444948,0
LUXH.US,D,20241001,000000,5.915,5.915,5.047,5.103,73071.514358786,0
LUXH.US,D,20241002,000000,5.075,5.593,5.047,5.208,91118.614376833,0
LUXH.US,D,20241003,000000,5.53,5.859,5.362,5.726,85807.128657236,0
LUXH.US,D,20241004,000000,5.607,5.66895,5.32,5.369,44660.757187518,0
LUXH.US,D,20241007,000000,5.425,5.49493,4.76,5.054,119003.45726186,0
LUXH.US,D,20241008,000000,5.11,5.768,4.949,5.173,315109.40031511,0
LUXH.US,D,20241009,000000,4.655,4.893,3.997,4.27,525191.07195376,0
LUXH.US,D,20241010,000000,4.375,4.41,3.535,3.535,238162.05738102,0
LUXH.US,D,20241011,000000,5.089,5.089,3.584,3.71,2370621.5595135,0
LUXH.US,D,20241014,000000,3.885,4.27,3.647,3.997,602726.30060273,0
LUXH.US,D,20241015,000000,3.997,4.431,3.997,4.13,548780.20054878,0
LUXH.US,D,20241016,000000,4.123,4.333,4.004,4.193,197979.84305512,0
LUXH.US,D,20241017,000000,4.2,4.571,3.955,4.025,265432.62883686,0
LUXH.US,D,20241018,000000,3.801,4.123,3.801,3.948,249416.4859637,0
LUXH.US,D,20241021,000000,3.801,4.137,3.619,4.032,231742.72880317,0
LUXH.US,D,20241022,000000,3.85,4.05993,3.619,3.78,349869.65749273,0
LUXH.US,D,20241023,000000,4.011,4.697,3.997,4.41,799447.20079945,0
LUXH.US,D,20241024,000000,4.165,4.193,3.717,3.836,199797.22877123,0
LUXH.US,D,20241025,000000,3.773,3.836,3.64,3.668,154581.48586887,0
LUXH.US,D,20241028,000000,3.661,3.92,3.297,3.339,359020.37178759,0
LUXH.US,D,20241029,000000,3.297,3.381,2.828,2.905,313722.05745658,0
LUXH.US,D,20241030,000000,2.772,2.87,2.352,2.485,353319.80035332,0
LUXH.US,D,20241031,000000,3.36,3.612,2.709,2.828,3268250.4889825,0
LUXH.US,D,20241101,000000,2.8,2.8,2.471,2.758,318451.55746131,0
LUXH.US,D,20241104,000000,2.457,2.71145,2.45,2.583,154008.84301115,0
LUXH.US,D,20241105,000000,2.45,4.48,2.415,3.472,1560552.1015606,0
LUXH.US,D,20241106,000000,2.856,3.78,2.856,3.528,205527.8716341,0
LUXH.US,D,20241107,000000,3.353,4.2,3.248,3.451,307609.75745047,0
LUXH.US,D,20241108,000000,3.36,3.36,2.541,3.22,169443.74302659,0
LUXH.US,D,20241111,000000,3.122,3.122,2.471,2.814,180548.21446626,0
LUXH.US,D,20241112,000000,2.8,3.15,2.639,2.898,131503.98584579,0
LUXH.US,D,20241113,000000,2.8,2.898,2.709,2.8,108900.94296604,0
LUXH.US,D,20241114,000000,2.87,3.066,2.765,2.975,165409.9858797,0
LUXH.US,D,20241115,000000,2.884,2.926,2.702,2.779,137633.67156621,0
LUXH.US,D,20241118,000000,2.653,2.653,2.079,2.135,217788.17164636,0
LUXH.US,D,20241119,000000,2.093,2.1,1.89,1.967,196465.62876789,0
LUXH.US,D,20241120,000000,2.12,2.3,1.4195,1.52,634241,0
LUXH.US,D,20241121,000000,1.56,1.64,1.22,1.31,367455,0
LUXH.US,D,20241122,000000,1.38,1.4799,1.28,1.4,283606,0
LUXH.US,D,20241125,000000,1.41,1.4886,1.4,1.4,142552,0
LUXH.US,D,20241126,000000,1.36,1.4082,1.14,1.27,221319,0
LUXH.US,D,20241127,000000,1.26,1.33,1.25,1.26,160218,0
LUXH.US,D,20241129,000000,1.26,1.26,1.2,1.2,60361,0
LUXH.US,D,20241202,000000,1.21,1.2199,1.05,1.085,227365,0
LUXH.US,D,20241203,000000,1.07,1.09,1,1.03,250540,0
LUXH.US,D,20241204,000000,1.03,1.08,0.87,0.9025,400597,0
LUXH.US,D,20241205,000000,0.8754,0.909999,0.8287,0.8577,198049,0
LUXH.US,D,20241206,000000,0.8502,0.8577,0.7706,0.8257,211225,0
LUXH.US,D,20241209,000000,0.82,0.87,0.82,0.82,62202,0
LUXH.US,D,20241210,000000,0.7947,0.825,0.7215,0.7358,332258,0
LUXH.US,D,20241211,000000,0.722,0.722,0.64,0.7198,230741,0
LUXH.US,D,20241212,000000,0.7271,0.7271,0.65,0.66,74880,0
LUXH.US,D,20241213,000000,0.637,0.7063,0.5404,0.62,374860,0
LUXH.US,D,20241216,000000,0.6187,0.6199,0.53,0.5323,513782,0
LUXH.US,D,20241217,000000,0.65,2.17,0.602,0.85,29519735,0
LUXH.US,D,20241218,000000,0.79,1.12,0.6925,1.01,3576763,0
LUXH.US,D,20241219,000000,0.918,1.19,0.9,1.11,1497045,0
LUXH.US,D,20241220,000000,1.06,1.19,0.891,0.9861,650935,0
LUXH.US,D,20241223,000000,1,1.1099,0.895,0.98,350571,0
LUXH.US,D,20241224,000000,1,1,0.85,0.958,202570,0
LUXH.US,D,20241226,000000,0.88,1.05,0.795,0.9913,533499,0
LUXH.US,D,20241227,000000,0.958,1.07,0.923273,0.9609,321528,0
LUXH.US,D,20241230,000000,0.94,0.9676,0.8553,0.9431,271807,0
LUXH.US,D,20241231,000000,0.98,0.981699,0.9,0.9375,106238,0
LUXH.US,D,20250102,000000,0.935,0.962,0.8777,0.911,111768,0
LUXH.US,D,20250103,000000,0.9318,0.935,0.852,0.914,145492,0
LUXH.US,D,20250106,000000,0.9148,0.929999,0.8525,0.88,138606,0
LUXH.US,D,20250107,000000,0.919,0.92,0.777001,0.7893,223473,0
LUXH.US,D,20250108,000000,0.8,0.8399,0.752,0.7849,153736,0
LUXH.US,D,20250110,000000,0.758,0.7959,0.65,0.748,168897,0
LUXH.US,D,20250113,000000,0.7333,0.768,0.6692,0.6946,130853,0
LUXH.US,D,20250114,000000,0.689,0.72,0.5824,0.6988,169719,0
LUXH.US,D,20250115,000000,0.79,0.8593,0.671,0.6881,1047530,0
LUXH.US,D,20250116,000000,0.4,0.48,0.2975,0.32,4931120,0
