<TICKER>,<PER>,<DATE>,<TIME>,<OPEN>,<HIGH>,<LOW>,<CLOSE>,<VOL>,<OPENINT>
MARXU.US,D,20230214,000000,10.16,10.2,10.16,10.17,5048975,0
MARXU.US,D,20230215,000000,10.17,10.1816,10.17,10.17,96096,0
MARXU.US,D,20230216,000000,10.19,10.2,10.17,10.17,36503,0
MARXU.US,D,20230217,000000,10.17,10.185,10.17,10.18,28022,0
MARXU.US,D,20230221,000000,10.18,10.1835,10.18,10.18,1645,0
MARXU.US,D,20230222,000000,10.181,10.181,10.18,10.18,1303,0
MARXU.US,D,20230223,000000,10.16,10.18,10.16,10.1709,13763,0
MARXU.US,D,20230224,000000,10.17,10.2,10.17,10.17,223128,0
MARXU.US,D,20230227,000000,10.19,10.2,10.19,10.19,103438,0
MARXU.US,D,20230228,000000,10.19,10.19,10.185,10.19,99384,0
MARXU.US,D,20230301,000000,10.21,10.21,10.17,10.21,12653,0
MARXU.US,D,20230302,000000,10.21,10.21,10.21,10.21,12970,0
MARXU.US,D,20230308,000000,10.2,10.22,10.2,10.22,7704,0
MARXU.US,D,20230309,000000,10.23,10.43,10.2299,10.28,19254,0
MARXU.US,D,20230310,000000,10.2456,10.25,10.2456,10.25,2501,0
MARXU.US,D,20230313,000000,10.26,10.29,10.26,10.29,28011,0
MARXU.US,D,20230314,000000,10.4,10.4,10.31,10.36,71976,0
MARXU.US,D,20230315,000000,10.35,10.38,10.35,10.38,66810,0
MARXU.US,D,20230316,000000,10.38,10.38,10.35,10.35,800,0
MARXU.US,D,20230317,000000,10.34,10.359,10.34,10.359,600,0
MARXU.US,D,20230320,000000,10.35,10.355,10.33,10.355,608,0
MARXU.US,D,20230321,000000,10.355,10.38,10.355,10.38,455,0
MARXU.US,D,20230322,000000,10.3623,10.3623,10.32,10.33,5544,0
MARXU.US,D,20230330,000000,10.33,10.33,10.33,10.33,100,0
MARXU.US,D,20230404,000000,10.38,10.38,10.38,10.38,100,0
MARXU.US,D,20230405,000000,10.38,10.38,10.38,10.38,300,0
MARXU.US,D,20230406,000000,10.38,10.38,10.34,10.34,258,0
MARXU.US,D,20230410,000000,10.38,10.38,10.34,10.38,620,0
MARXU.US,D,20230411,000000,10.38,10.38,10.34,10.34,10587,0
MARXU.US,D,20230412,000000,10.4,10.4,10.35,10.35,4448,0
MARXU.US,D,20230413,000000,10.35,10.35,10.35,10.35,210,0
MARXU.US,D,20230414,000000,10.35,10.35,10.35,10.35,563,0
MARXU.US,D,20230424,000000,10.35,10.35,10.35,10.35,200,0
MARXU.US,D,20230425,000000,10.35,10.3591,10.35,10.35,848,0
MARXU.US,D,20230427,000000,10.39,10.39,10.39,10.39,464,0
MARXU.US,D,20230505,000000,10.37,10.37,10.37,10.37,7009,0
MARXU.US,D,20230508,000000,10.4,10.4,10.3999,10.3999,7269,0
MARXU.US,D,20230509,000000,10.41,10.5,10.39,10.39,3208,0
MARXU.US,D,20230515,000000,10.44,10.45,10.44,10.4452,1445,0
MARXU.US,D,20230517,000000,10.42,10.4692,10.42,10.4692,2348,0
MARXU.US,D,20230518,000000,10.579,11.51,10.42,10.58,1120,0
MARXU.US,D,20230519,000000,10.52,10.52,10.42,10.42,6804,0
MARXU.US,D,20230522,000000,10.42,10.43,10.42,10.43,150044,0
MARXU.US,D,20230523,000000,10.52,10.52,10.43,10.43,1972,0
MARXU.US,D,20230525,000000,10.45,10.845,10.45,10.845,638,0
MARXU.US,D,20230526,000000,10.49,10.49,10.45,10.45,726,0
MARXU.US,D,20230606,000000,10.48,10.48,10.48,10.48,100,0
MARXU.US,D,20230607,000000,10.48,10.48,10.48,10.48,100,0
MARXU.US,D,20230608,000000,10.51,10.51,10.51,10.51,100,0
MARXU.US,D,20230609,000000,10.48,10.48,10.48,10.48,100,0
MARXU.US,D,20230614,000000,10.85,10.85,10.85,10.85,481,0
MARXU.US,D,20230623,000000,10.76,10.76,10.76,10.76,177,0
MARXU.US,D,20230714,000000,10.56,10.56,10.56,10.56,288,0
MARXU.US,D,20230811,000000,10.65,10.7203,10.61,10.7203,420,0
MARXU.US,D,20230823,000000,10.64,10.64,10.63,10.63,1550,0
MARXU.US,D,20230907,000000,10.72,10.795,10.701,10.795,765,0
MARXU.US,D,20230908,000000,10.68,10.68,10.67,10.67,263,0
MARXU.US,D,20230919,000000,10.68,10.71,10.65,10.69,103606,0
MARXU.US,D,20230920,000000,10.7,10.71,10.66,10.66,1000,0
MARXU.US,D,20230926,000000,10.7,10.7,10.7,10.7,1000,0
MARXU.US,D,20231012,000000,10.8,10.8,10.8,10.8,400,0
MARXU.US,D,20231026,000000,10.79,10.79,10.79,10.79,474,0
MARXU.US,D,20231106,000000,10.79,10.79,10.79,10.79,805,0
MARXU.US,D,20231213,000000,10.7899,10.7899,10.78,10.78,1211,0
MARXU.US,D,20240112,000000,10.85,10.85,10.82,10.82,491,0
MARXU.US,D,20240116,000000,10.82,10.82,10.8,10.8,6000,0
MARXU.US,D,20240201,000000,10.8,10.8,10.8,10.8,304,0
MARXU.US,D,20240205,000000,10.9,10.9,10.72,10.72,300,0
MARXU.US,D,20240228,000000,10.78,10.78,10.78,10.78,200,0
MARXU.US,D,20240301,000000,10.78,10.8,10.78,10.8,50238,0
MARXU.US,D,20240430,000000,11,11,10.88,10.88,610,0
MARXU.US,D,20240515,000000,11.25,11.53,11.25,11.53,1242,0
MARXU.US,D,20240516,000000,11.38,11.5,11,11.5,1233,0
MARXU.US,D,20240520,000000,11.6,11.6,11.3,11.3,526,0
MARXU.US,D,20240521,000000,11.14,11.14,11.14,11.14,207,0
MARXU.US,D,20240522,000000,11.5,11.5,11.5,11.5,101,0
MARXU.US,D,20240524,000000,11.24,11.25,10.88,10.88,3432,0
MARXU.US,D,20240529,000000,11.02,11.02,11.01,11.01,603,0
MARXU.US,D,20240531,000000,10.92,10.92,10.92,10.92,201,0
MARXU.US,D,20240604,000000,11.2,11.2,10.96,10.96,214,0
MARXU.US,D,20240612,000000,10.92,10.92,10.92,10.92,100,0
MARXU.US,D,20240731,000000,11.11,11.11,11.11,11.11,300,0
MARXU.US,D,20240801,000000,11.36,11.36,11.36,11.36,100,0
MARXU.US,D,20240805,000000,11.4701,11.4701,11.46,11.46,304,0
MARXU.US,D,20240821,000000,11.21,11.21,11.21,11.21,200,0
MARXU.US,D,20240822,000000,11.17,11.17,11.16,11.16,308,0
MARXU.US,D,20240823,000000,11.83,11.83,11.83,11.83,144,0
MARXU.US,D,20240903,000000,11.11,11.11,11.11,11.11,200,0
MARXU.US,D,20241008,000000,11.23,11.23,11.23,11.23,113,0
MARXU.US,D,20241010,000000,11.5,11.5,11.41,11.42,1001,0
MARXU.US,D,20241011,000000,11.5,15,11.38,11.5,34867,0
MARXU.US,D,20241014,000000,11.54,11.54,11.4,11.4,500,0
MARXU.US,D,20241017,000000,11.27,11.27,11.27,11.27,435,0
MARXU.US,D,20241018,000000,11.26,11.26,11.25,11.25,530,0
MARXU.US,D,20241021,000000,11.25,11.68,11.25,11.25,1800,0
MARXU.US,D,20241022,000000,11.26,11.26,11.24,11.24,500,0
MARXU.US,D,20241024,000000,11.25,11.25,11.21,11.21,1150,0
MARXU.US,D,20241025,000000,11.25,11.25,11.21,11.21,600,0
MARXU.US,D,20241101,000000,11.21,11.25,11.21,11.22,800,0
MARXU.US,D,20241114,000000,11.25,11.25,11.22,11.22,500,0
MARXU.US,D,20241119,000000,11.25,11.25,11.23,11.23,410,0
MARXU.US,D,20241120,000000,11.25,11.25,11.23,11.23,401,0
MARXU.US,D,20241203,000000,10.9,10.9,10.9,10.9,295,0
MARXU.US,D,20241204,000000,11.27,11.27,11.19,11.2,659,0
MARXU.US,D,20241205,000000,10.9,11.03,10.9,11.03,279,0
MARXU.US,D,20241206,000000,10.97,11.01,10.97,11,925,0
MARXU.US,D,20241209,000000,11.29,13.45,11.23,11.85,7646,0
MARXU.US,D,20241210,000000,11.15,11.15,10.3,10.3,1437,0
MARXU.US,D,20241211,000000,9.18,9.18,8.72,8.72,818,0
MARXU.US,D,20241212,000000,8.5,9.48,7.05,7.71,21738,0
MARXU.US,D,20241213,000000,7.4,9.5,7.16,7.3,22893,0
MARXU.US,D,20241217,000000,6.61,6.61,5.62,6.29,1550,0
MARXU.US,D,20241218,000000,5.66,5.66,5.5,5.5,346,0
MARXU.US,D,20241220,000000,5,5,5,5,422,0
MARXU.US,D,20241223,000000,4.7,7.15,4.42,6.54,15144,0
MARXU.US,D,20241224,000000,5.9,7.9,5.71,7.54,19814,0
MARXU.US,D,20241226,000000,6.84,7.95,5.55,7.15,25430,0
MARXU.US,D,20241227,000000,6.5,8.72,5.9,7.9,31817,0
MARXU.US,D,20241230,000000,7.25,11.87,6.66,10.11,38971,0
MARXU.US,D,20241231,000000,9.34,12.12,9.15,10.4,4130,0
MARXU.US,D,20250102,000000,9.01,10.9,3.8,3.8,66201,0
