<TICKER>,<PER>,<DATE>,<TIME>,<OPEN>,<HIGH>,<LOW>,<CLOSE>,<VOL>,<OPENINT>
MBINO.US,D,20190820,000000,23.911,23.976,23.817,23.882,380994,0
MBINO.US,D,20190821,000000,23.837,23.911,23.762,23.809,181679,0
MBINO.US,D,20190822,000000,23.817,23.864,23.707,23.782,141489,0
MBINO.US,D,20190823,000000,23.782,23.892,23.717,23.799,171061,0
MBINO.US,D,20190826,000000,23.853,23.874,23.782,23.854,116466,0
MBINO.US,D,20190827,000000,23.947,24.049,23.847,23.989,151382,0
MBINO.US,D,20190828,000000,24.003,24.031,23.939,23.994,121264,0
MBINO.US,D,20190829,000000,23.994,24.037,23.947,24.014,85050,0
MBINO.US,D,20190830,000000,24.031,24.077,23.914,23.984,412101,0
MBINO.US,D,20190903,000000,23.957,24.171,23.957,24.077,202504,0
MBINO.US,D,20190904,000000,24.142,24.198,23.984,24.003,110146,0
MBINO.US,D,20190905,000000,24.041,24.096,23.864,23.919,113916,0
MBINO.US,D,20190906,000000,23.957,23.994,23.847,23.886,158491,0
MBINO.US,D,20190909,000000,23.902,23.984,23.902,23.924,55419,0
MBINO.US,D,20190910,000000,23.967,23.988,23.789,23.874,64989,0
MBINO.US,D,20190911,000000,23.892,23.947,23.762,23.864,64389,0
MBINO.US,D,20190912,000000,23.725,23.847,23.669,23.789,62220,0
MBINO.US,D,20190913,000000,23.827,23.827,23.521,23.697,50329,0
MBINO.US,D,20190916,000000,23.734,23.734,23.558,23.679,110389,0
MBINO.US,D,20190917,000000,23.679,23.789,23.614,23.717,41343,0
MBINO.US,D,20190918,000000,23.782,23.782,23.651,23.782,55382,0
MBINO.US,D,20190919,000000,23.809,23.882,23.725,23.864,133865,0
MBINO.US,D,20190920,000000,23.882,24.012,23.864,23.984,21164,0
MBINO.US,D,20190923,000000,23.866,24.271,23.866,24.161,34389,0
MBINO.US,D,20190924,000000,24.161,24.336,24.096,24.291,37362,0
MBINO.US,D,20190925,000000,24.301,24.327,24.179,24.207,16730,0
MBINO.US,D,20190926,000000,24.336,24.346,24.133,24.133,8373,0
MBINO.US,D,20190927,000000,24.476,24.476,24.226,24.327,6202,0
MBINO.US,D,20190930,000000,24.281,24.717,24.007,24.632,144500,0
MBINO.US,D,20191001,000000,24.697,24.717,24.235,24.431,31899,0
MBINO.US,D,20191002,000000,24.171,24.593,24.171,24.179,92869,0
MBINO.US,D,20191003,000000,24.271,24.271,24.059,24.068,20829,0
MBINO.US,D,20191004,000000,24.151,24.392,24.059,24.114,25198,0
MBINO.US,D,20191007,000000,24.142,24.512,23.957,23.957,105205,0
MBINO.US,D,20191008,000000,23.967,24.027,23.782,23.782,34451,0
MBINO.US,D,20191009,000000,23.892,23.976,23.837,23.911,15235,0
MBINO.US,D,20191010,000000,24.022,24.022,23.892,23.892,7084,0
MBINO.US,D,20191011,000000,23.984,24.188,23.957,24.188,18625,0
MBINO.US,D,20191014,000000,24.188,24.236,24.022,24.198,15422,0
MBINO.US,D,20191015,000000,24.263,24.263,24.096,24.114,32612,0
MBINO.US,D,20191016,000000,24.207,24.263,24.173,24.263,17484,0
MBINO.US,D,20191017,000000,24.244,24.447,24.188,24.309,28620,0
MBINO.US,D,20191018,000000,24.366,24.366,24.133,24.133,15335,0
MBINO.US,D,20191021,000000,24.133,24.431,24.133,24.327,17906,0
MBINO.US,D,20191022,000000,24.401,24.532,24.336,24.447,17554,0
MBINO.US,D,20191023,000000,24.522,24.532,24.383,24.401,13343,0
MBINO.US,D,20191024,000000,24.624,24.624,24.466,24.512,13683,0
MBINO.US,D,20191025,000000,24.522,24.522,24.421,24.466,11479,0
MBINO.US,D,20191028,000000,24.567,24.616,24.421,24.421,7425,0
MBINO.US,D,20191029,000000,24.606,24.606,24.281,24.281,8663,0
MBINO.US,D,20191030,000000,24.551,24.551,24.179,24.207,37732,0
MBINO.US,D,20191031,000000,24.336,24.447,24.236,24.281,46446,0
MBINO.US,D,20191101,000000,24.447,24.447,24.271,24.301,13560,0
MBINO.US,D,20191104,000000,24.438,24.438,24.291,24.327,15303,0
MBINO.US,D,20191105,000000,24.438,24.438,24.207,24.281,18916,0
MBINO.US,D,20191106,000000,24.421,24.421,24.142,24.161,24034,0
MBINO.US,D,20191107,000000,24.291,24.291,24.096,24.096,7345,0
MBINO.US,D,20191108,000000,24.096,24.226,24.096,24.188,10966,0
MBINO.US,D,20191111,000000,24.188,24.188,24.133,24.133,7720,0
MBINO.US,D,20191112,000000,24.133,24.263,24.133,24.133,17564,0
MBINO.US,D,20191113,000000,24.188,24.188,24.125,24.188,17096,0
MBINO.US,D,20191114,000000,24.188,24.188,24.114,24.124,22987,0
MBINO.US,D,20191115,000000,24.096,24.188,24.096,24.188,2945,0
MBINO.US,D,20191118,000000,24.236,24.271,24.096,24.096,33965,0
MBINO.US,D,20191119,000000,24.103,24.144,24.012,24.012,20909,0
MBINO.US,D,20191120,000000,24.059,24.059,24.012,24.049,14368,0
MBINO.US,D,20191121,000000,24.037,24.049,24.037,24.049,18202,0
MBINO.US,D,20191122,000000,24.049,24.049,23.957,24.022,14225,0
MBINO.US,D,20191125,000000,24.114,24.114,23.984,24.096,5454,0
MBINO.US,D,20191126,000000,24.003,24.049,24.003,24.041,8847,0
MBINO.US,D,20191127,000000,24.096,24.096,24.022,24.022,5785,0
MBINO.US,D,20191129,000000,24.068,24.133,23.994,24.096,4933,0
MBINO.US,D,20191202,000000,24.006,24.049,23.882,23.882,24727,0
MBINO.US,D,20191203,000000,23.976,24.049,23.939,24.003,17157,0
MBINO.US,D,20191204,000000,24.161,24.216,23.967,24.087,42139,0
MBINO.US,D,20191205,000000,24.087,24.096,23.939,24.087,13502,0
MBINO.US,D,20191206,000000,24.077,24.096,23.957,24.087,15813,0
MBINO.US,D,20191209,000000,24.171,24.226,24.003,24.226,12041,0
MBINO.US,D,20191210,000000,24.281,24.281,23.957,24.049,20934,0
MBINO.US,D,20191211,000000,24.133,24.133,23.967,24.077,19909,0
MBINO.US,D,20191212,000000,24.129,24.129,24.017,24.073,14116,0
MBINO.US,D,20191213,000000,24.139,24.194,24.073,24.157,172453,0
MBINO.US,D,20191216,000000,24.176,24.176,24.063,24.12,33819,0
MBINO.US,D,20191217,000000,24.147,24.242,24.082,24.12,34279,0
MBINO.US,D,20191218,000000,24.12,24.157,24.054,24.157,40823,0
MBINO.US,D,20191219,000000,24.12,24.258,24.12,24.242,10846,0
MBINO.US,D,20191220,000000,24.279,24.279,24.157,24.167,18018,0
MBINO.US,D,20191223,000000,24.242,24.365,24.186,24.195,22302,0
MBINO.US,D,20191224,000000,24.355,24.355,24.237,24.355,13976,0
MBINO.US,D,20191226,000000,24.297,24.401,24.297,24.308,15859,0
MBINO.US,D,20191227,000000,24.355,24.421,24.355,24.421,12885,0
MBINO.US,D,20191230,000000,24.421,24.58,24.421,24.467,10976,0
MBINO.US,D,20191231,000000,24.452,24.986,24.452,24.986,28128,0
MBINO.US,D,20200102,000000,24.986,25.361,24.731,24.854,16339,0
MBINO.US,D,20200103,000000,24.825,25.059,24.731,24.806,16794,0
MBINO.US,D,20200106,000000,24.905,24.932,24.778,24.797,5975,0
MBINO.US,D,20200107,000000,24.712,24.844,24.497,24.497,11381,0
MBINO.US,D,20200108,000000,24.619,24.815,24.619,24.768,8356,0
MBINO.US,D,20200109,000000,24.656,24.871,24.656,24.693,21750,0
MBINO.US,D,20200110,000000,24.778,24.829,24.562,24.778,7617,0
MBINO.US,D,20200113,000000,24.618,24.829,24.618,24.684,5088,0
MBINO.US,D,20200114,000000,24.778,24.871,24.636,24.636,32097,0
MBINO.US,D,20200115,000000,24.778,24.871,24.731,24.731,9253,0
MBINO.US,D,20200116,000000,24.684,25.154,24.505,25.135,29265,0
MBINO.US,D,20200117,000000,25.154,25.154,24.684,24.966,5228,0
MBINO.US,D,20200121,000000,25.042,25.059,24.834,24.834,15735,0
MBINO.US,D,20200122,000000,24.825,24.863,24.788,24.788,8952,0
MBINO.US,D,20200123,000000,24.825,24.825,24.599,24.825,21372,0
MBINO.US,D,20200124,000000,24.89,24.91,24.815,24.825,18142,0
MBINO.US,D,20200127,000000,24.825,24.871,24.825,24.825,15024,0
MBINO.US,D,20200128,000000,24.825,24.92,24.702,24.702,2327,0
MBINO.US,D,20200129,000000,24.726,24.834,24.684,24.684,13716,0
MBINO.US,D,20200130,000000,24.806,24.815,24.741,24.815,5977,0
MBINO.US,D,20200131,000000,24.863,24.863,24.722,24.825,46166,0
MBINO.US,D,20200203,000000,24.89,24.89,24.731,24.82,7450,0
MBINO.US,D,20200204,000000,24.777,24.825,24.777,24.778,11104,0
MBINO.US,D,20200205,000000,24.844,24.89,24.806,24.871,5008,0
MBINO.US,D,20200206,000000,24.9,24.92,24.867,24.9,5951,0
MBINO.US,D,20200207,000000,24.881,24.993,24.881,24.966,6035,0
MBINO.US,D,20200210,000000,24.871,24.986,24.823,24.976,11129,0
MBINO.US,D,20200211,000000,24.881,24.975,24.778,24.92,13959,0
MBINO.US,D,20200212,000000,24.806,24.947,24.646,24.646,17068,0
MBINO.US,D,20200213,000000,24.749,24.763,24.543,24.636,24845,0
MBINO.US,D,20200214,000000,24.684,24.731,24.609,24.731,14577,0
MBINO.US,D,20200218,000000,24.684,24.684,24.477,24.58,42021,0
MBINO.US,D,20200219,000000,24.603,24.665,24.533,24.533,26497,0
MBINO.US,D,20200220,000000,24.628,24.684,24.477,24.514,25716,0
MBINO.US,D,20200221,000000,24.684,24.722,24.553,24.553,52510,0
MBINO.US,D,20200224,000000,24.543,24.675,24.543,24.636,27481,0
MBINO.US,D,20200225,000000,24.646,24.646,24.401,24.401,25392,0
MBINO.US,D,20200226,000000,24.57,24.609,24.197,24.439,30519,0
MBINO.US,D,20200227,000000,24.439,24.58,24.054,24.58,72007,0
MBINO.US,D,20200228,000000,24.152,24.152,23.65,23.687,84189,0
MBINO.US,D,20200302,000000,23.696,24.684,23.696,24.684,28517,0
MBINO.US,D,20200303,000000,24.448,24.947,24.448,24.947,10943,0
MBINO.US,D,20200304,000000,25.032,25.108,24.823,25.059,16485,0
MBINO.US,D,20200305,000000,24.871,25.152,24.647,24.702,10983,0
MBINO.US,D,20200306,000000,24.76,25.577,24.147,24.448,26294,0
MBINO.US,D,20200309,000000,23.621,24.308,23.273,23.32,16082,0
MBINO.US,D,20200310,000000,24.283,24.283,23.227,23.546,25468,0
MBINO.US,D,20200311,000000,23.508,23.679,23.075,23.227,29526,0
MBINO.US,D,20200312,000000,22.63,22.63,19.583,19.822,27215,0
MBINO.US,D,20200313,000000,20.075,22.63,20.07,21.837,25461,0
MBINO.US,D,20200316,000000,20.291,20.348,19.096,19.096,13567,0
MBINO.US,D,20200317,000000,19.23,20.052,19.23,19.307,8453,0
MBINO.US,D,20200318,000000,17.378,17.893,14.514,14.561,18090,0
MBINO.US,D,20200319,000000,14.055,16.93,13.922,15.85,30745,0
MBINO.US,D,20200320,000000,17.005,17.425,15.85,15.85,45470,0
MBINO.US,D,20200323,000000,15.755,15.755,10.455,13.368,97023,0
MBINO.US,D,20200324,000000,14.542,15.956,13.845,15.697,7373,0
MBINO.US,D,20200325,000000,16.709,17.066,13.883,16.242,97041,0
MBINO.US,D,20200326,000000,18.238,20.488,17.41,19.336,24340,0
MBINO.US,D,20200327,000000,19.183,20.291,17.139,19.336,12868,0
MBINO.US,D,20200330,000000,19.861,19.995,19.087,19.956,6965,0
MBINO.US,D,20200331,000000,19.689,20.52,18.652,20.291,10524,0
MBINO.US,D,20200401,000000,20.529,22.63,16.261,16.471,22503,0
MBINO.US,D,20200402,000000,17.674,17.674,15.85,17.559,12610,0
MBINO.US,D,20200403,000000,18.564,19.259,16.576,19.173,7161,0
MBINO.US,D,20200406,000000,17.76,20.003,17.76,19.985,15670,0
MBINO.US,D,20200407,000000,19.67,20.291,18.669,18.906,14203,0
MBINO.US,D,20200408,000000,20.128,20.433,19.003,20.338,8151,0
MBINO.US,D,20200409,000000,20.62,22.477,20.62,22.104,15699,0
MBINO.US,D,20200413,000000,21.862,21.862,20.099,21.159,5753,0
MBINO.US,D,20200414,000000,20.51,21.888,19.431,19.479,10856,0
MBINO.US,D,20200415,000000,19.707,19.756,19.14,19.479,7416,0
MBINO.US,D,20200416,000000,19.575,21.723,18.433,21.198,20845,0
MBINO.US,D,20200417,000000,21.007,21.245,20.052,20.529,9450,0
MBINO.US,D,20200420,000000,20.157,20.529,20.147,20.147,2449,0
MBINO.US,D,20200421,000000,20.634,20.634,18.896,19.575,21288,0
MBINO.US,D,20200422,000000,19.68,20.052,19.145,19.22,15167,0
MBINO.US,D,20200423,000000,19.575,20.052,18.954,19.437,24160,0
MBINO.US,D,20200424,000000,19.804,21.293,19.804,20.768,11907,0
MBINO.US,D,20200427,000000,21.111,21.961,20.198,21.245,22202,0
MBINO.US,D,20200428,000000,21.149,21.751,21.007,21.484,10261,0
MBINO.US,D,20200429,000000,22.248,22.248,21.388,21.961,6174,0
MBINO.US,D,20200430,000000,22.009,22.248,21.533,21.808,20036,0
MBINO.US,D,20200501,000000,21.942,22.2,21.484,21.888,8802,0
MBINO.US,D,20200504,000000,21.491,21.532,21.007,21.245,10243,0
MBINO.US,D,20200505,000000,20.851,21.932,20.815,21.245,9721,0
MBINO.US,D,20200506,000000,21.799,21.799,21.007,21.204,6982,0
MBINO.US,D,20200507,000000,21.361,21.799,21.293,21.74,8712,0
MBINO.US,D,20200508,000000,21.618,21.808,21.364,21.77,11203,0
MBINO.US,D,20200511,000000,21.541,21.78,21.541,21.78,2088,0
MBINO.US,D,20200512,000000,21.808,21.857,21.723,21.857,3161,0
MBINO.US,D,20200513,000000,21.865,21.961,20.749,21.388,11162,0
MBINO.US,D,20200514,000000,21.206,21.206,20.768,21.198,8778,0
MBINO.US,D,20200515,000000,21.198,21.198,20.557,21.198,9601,0
MBINO.US,D,20200518,000000,21.298,21.484,20.482,20.959,17355,0
MBINO.US,D,20200519,000000,21.474,21.474,20.997,20.997,712,0
MBINO.US,D,20200520,000000,21.007,21.865,20.863,21.703,17622,0
MBINO.US,D,20200521,000000,20.768,21.722,19.899,21.317,6485,0
MBINO.US,D,20200522,000000,21.474,21.474,21.016,21.323,1041,0
MBINO.US,D,20200526,000000,21.484,21.837,21.035,21.761,7841,0
MBINO.US,D,20200527,000000,21.751,21.818,21.502,21.741,3935,0
MBINO.US,D,20200528,000000,21.865,22.439,21.857,22.439,11259,0
MBINO.US,D,20200529,000000,22.305,22.63,22.2,22.439,15746,0
MBINO.US,D,20200601,000000,22.62,22.63,22.61,22.63,2602,0
MBINO.US,D,20200602,000000,22.677,22.677,22.405,22.405,13847,0
MBINO.US,D,20200603,000000,22.677,22.677,22.401,22.534,3976,0
MBINO.US,D,20200604,000000,22.677,22.906,22.677,22.906,7434,0
MBINO.US,D,20200605,000000,22.916,23.632,22.821,23.346,25819,0
MBINO.US,D,20200608,000000,23.269,23.298,23.021,23.298,5327,0
MBINO.US,D,20200609,000000,23.155,23.298,22.906,23.298,13874,0
MBINO.US,D,20200610,000000,23.164,23.393,22.964,23.384,9859,0
MBINO.US,D,20200611,000000,22.964,23.298,22.127,22.553,8201,0
MBINO.US,D,20200612,000000,22.5,23.033,21.741,21.741,4919,0
MBINO.US,D,20200615,000000,22.801,22.832,21.753,21.937,3902,0
MBINO.US,D,20200616,000000,22.231,23.373,22.231,23.373,867,0
MBINO.US,D,20200617,000000,23.392,23.392,22.607,22.839,5031,0
MBINO.US,D,20200618,000000,22.801,23.043,21.898,22.199,5516,0
MBINO.US,D,20200619,000000,21.908,22.374,20.909,22.024,10392,0
MBINO.US,D,20200622,000000,22.073,22.141,22.073,22.141,3358,0
MBINO.US,D,20200623,000000,21.83,22.674,21.83,22.6,4961,0
MBINO.US,D,20200624,000000,22.752,22.752,22.052,22.315,2866,0
MBINO.US,D,20200625,000000,22.306,22.839,21.889,22.83,4634,0
MBINO.US,D,20200626,000000,22.801,23.189,22.218,22.248,7776,0
MBINO.US,D,20200629,000000,22.277,22.733,22.218,22.558,1901,0
MBINO.US,D,20200630,000000,22.82,22.907,21.442,21.442,24345,0
MBINO.US,D,20200701,000000,22.277,23.082,21.675,22.315,10755,0
MBINO.US,D,20200702,000000,22.218,22.684,21.869,22.315,4100,0
MBINO.US,D,20200706,000000,22.073,22.264,21.685,21.811,5324,0
MBINO.US,D,20200707,000000,21.656,21.927,21.345,21.345,7881,0
MBINO.US,D,20200708,000000,21.869,21.869,21.423,21.442,2801,0
MBINO.US,D,20200709,000000,21.442,21.471,21.248,21.345,8495,0
MBINO.US,D,20200710,000000,21.471,21.607,21.306,21.598,7427,0
MBINO.US,D,20200713,000000,21.83,21.83,20.424,20.627,17424,0
MBINO.US,D,20200714,000000,20.618,20.618,20.414,20.618,5091,0
MBINO.US,D,20200715,000000,20.516,21.151,20.516,21.151,8941,0
MBINO.US,D,20200716,000000,21.103,21.2,20.86,21.2,3588,0
MBINO.US,D,20200717,000000,20.87,21.103,20.618,21.083,9971,0
MBINO.US,D,20200720,000000,20.705,21.304,20.618,21.054,12227,0
MBINO.US,D,20200721,000000,20.86,21.714,20.758,21.054,14961,0
MBINO.US,D,20200722,000000,21.103,21.374,20.783,20.841,14224,0
MBINO.US,D,20200723,000000,20.86,21.18,20.618,20.618,24184,0
MBINO.US,D,20200724,000000,20.618,20.821,20.462,20.545,13445,0
MBINO.US,D,20200727,000000,20.55,21.054,20.55,21.054,23121,0
MBINO.US,D,20200728,000000,21.141,21.141,20.631,21.141,14647,0
MBINO.US,D,20200729,000000,21.439,23.024,21.151,22.742,49931,0
MBINO.US,D,20200730,000000,22.645,23.722,22.529,22.995,30766,0
MBINO.US,D,20200731,000000,23.334,23.771,22.587,23.257,10489,0
MBINO.US,D,20200803,000000,23.674,23.674,23.092,23.228,17978,0
MBINO.US,D,20200804,000000,23.237,23.256,22.909,23.218,12086,0
MBINO.US,D,20200805,000000,23.257,23.257,22.985,23.189,8994,0
MBINO.US,D,20200806,000000,23.257,23.674,23.101,23.32,17721,0
MBINO.US,D,20200807,000000,23.198,23.48,23.135,23.374,17404,0
MBINO.US,D,20200810,000000,23.286,23.557,23.15,23.48,15428,0
MBINO.US,D,20200811,000000,23.48,23.557,23.48,23.557,6551,0
MBINO.US,D,20200812,000000,23.48,23.557,23.264,23.363,12238,0
MBINO.US,D,20200813,000000,23.561,23.567,23.436,23.47,9317,0
MBINO.US,D,20200814,000000,23.468,23.868,23.344,23.392,190183,0
MBINO.US,D,20200817,000000,23.596,23.596,23.392,23.522,1881,0
MBINO.US,D,20200818,000000,23.577,23.771,23.577,23.674,14745,0
MBINO.US,D,20200819,000000,23.771,23.771,23.538,23.674,21172,0
MBINO.US,D,20200820,000000,23.674,23.771,23.635,23.674,18220,0
MBINO.US,D,20200821,000000,23.674,23.771,23.465,23.771,9186,0
MBINO.US,D,20200824,000000,23.771,24.256,23.771,24.256,19144,0
MBINO.US,D,20200825,000000,23.899,24.256,23.899,24.256,8189,0
MBINO.US,D,20200826,000000,24.246,24.256,24.188,24.227,12321,0
MBINO.US,D,20200827,000000,24.217,24.217,24.052,24.207,10413,0
MBINO.US,D,20200828,000000,24.256,24.256,24.052,24.091,10851,0
MBINO.US,D,20200831,000000,24.256,24.256,24.11,24.207,11382,0
MBINO.US,D,20200901,000000,24.062,24.178,23.926,24.101,9804,0
MBINO.US,D,20200902,000000,24.198,24.256,23.926,24.013,13306,0
MBINO.US,D,20200903,000000,24.14,24.207,24.023,24.023,7723,0
MBINO.US,D,20200904,000000,24.149,24.159,23.781,24.159,11625,0
MBINO.US,D,20200908,000000,23.868,23.965,23.334,23.742,14495,0
MBINO.US,D,20200909,000000,23.868,24.256,23.441,24.256,18223,0
MBINO.US,D,20200910,000000,24.256,24.256,23.936,24.256,7992,0
MBINO.US,D,20200911,000000,24.207,24.45,24.169,24.45,13235,0
MBINO.US,D,20200914,000000,24.55,25.1,24.45,24.95,21878,0
MBINO.US,D,20200915,000000,25,25.21,24.8267,25.18,10473,0
MBINO.US,D,20200916,000000,25.19,25.39,25.13,25.13,14407,0
MBINO.US,D,20200917,000000,25.19,25.19,24.95,25,11817,0
MBINO.US,D,20200918,000000,25.16,25.39,25,25,3290,0
MBINO.US,D,20200921,000000,24.45,24.96,24.45,24.8407,6898,0
MBINO.US,D,20200922,000000,24.75,25.29,24.54,25.24,24208,0
MBINO.US,D,20200923,000000,25.3,25.33,24.8,24.91,5949,0
MBINO.US,D,20200924,000000,24.99,25.3,24.8416,25.3,15114,0
MBINO.US,D,20200925,000000,25.26,25.33,25.155,25.317,5453,0
MBINO.US,D,20200928,000000,25.35,25.35,25.06,25.1,5805,0
MBINO.US,D,20200929,000000,25.15,25.35,25.04,25.23,7580,0
MBINO.US,D,20200930,000000,25.25,25.34,24.75,24.75,19369,0
MBINO.US,D,20201001,000000,25.13,25.39,24.825,25.39,12139,0
MBINO.US,D,20201002,000000,25.14,25.39,25,25.23,10259,0
MBINO.US,D,20201005,000000,25.24,25.3,25,25.3,5036,0
MBINO.US,D,20201006,000000,25.3,26.16,25.2169,26.16,20654,0
MBINO.US,D,20201007,000000,25.81,26.35,25.171,25.94,9756,0
MBINO.US,D,20201008,000000,25.97,25.97,25.69,25.85,8699,0
MBINO.US,D,20201009,000000,25.92,25.92,25.25,25.42,10850,0
MBINO.US,D,20201012,000000,25.9331,25.9331,24.905,25.026,25770,0
MBINO.US,D,20201013,000000,24.92,25.53,24.92,25.19,3965,0
MBINO.US,D,20201014,000000,25.2762,25.2762,24.95,24.95,5947,0
MBINO.US,D,20201015,000000,24.95,25.11,24.911,25.06,18970,0
MBINO.US,D,20201016,000000,25.13,25.14,24.86,24.86,2964,0
MBINO.US,D,20201019,000000,25,25,24.8214,24.85,10494,0
MBINO.US,D,20201020,000000,25.09,25.47,24.82,25.42,22794,0
MBINO.US,D,20201021,000000,24.88,25.75,24.8,25.01,30162,0
MBINO.US,D,20201022,000000,25.08,25.67,24.7,24.79,53399,0
MBINO.US,D,20201023,000000,24.86,25.15,24.86,25.05,14290,0
MBINO.US,D,20201026,000000,25.2,25.41,24.865,25.02,17162,0
MBINO.US,D,20201027,000000,25.08,25.35,24.74,24.79,32811,0
MBINO.US,D,20201028,000000,25,25.035,24.5,24.55,21750,0
MBINO.US,D,20201029,000000,24.75,25.25,24.75,25.25,7868,0
MBINO.US,D,20201030,000000,25,25.27,25,25.27,8724,0
MBINO.US,D,20201102,000000,25.39,25.39,25.05,25.38,4017,0
MBINO.US,D,20201103,000000,25.4,25.4,25.32,25.39,5240,0
MBINO.US,D,20201104,000000,25.22,25.31,25,25.07,20976,0
MBINO.US,D,20201105,000000,25.39,25.39,25.03,25.3,5539,0
MBINO.US,D,20201106,000000,25.3,25.4,25.05,25.1,5737,0
MBINO.US,D,20201109,000000,25.29,25.68,25.1202,25.54,11662,0
MBINO.US,D,20201110,000000,25.35,25.98,25.35,25.9,15863,0
MBINO.US,D,20201111,000000,25.9,25.96,25.6445,25.94,10836,0
MBINO.US,D,20201112,000000,25.95,25.95,25.62,25.64,7745,0
MBINO.US,D,20201113,000000,25.64,26,25.5808,26,9721,0
MBINO.US,D,20201116,000000,26,26.19,25.56,25.63,28048,0
MBINO.US,D,20201117,000000,25.9,26.16,25.59,26.06,9126,0
MBINO.US,D,20201118,000000,26.19,27.11,26.19,26.89,14540,0
MBINO.US,D,20201119,000000,27.01,27.01,26.11,26.9,1031,0
MBINO.US,D,20201120,000000,27.01,27.01,26.11,26.27,5081,0
MBINO.US,D,20201123,000000,26.65,26.65,26.1887,26.1887,3300,0
MBINO.US,D,20201124,000000,26.59,26.59,26.0402,26.05,3846,0
MBINO.US,D,20201125,000000,26.2,26.65,26.2,26.25,4308,0
MBINO.US,D,20201127,000000,26.34,26.34,25.8666,26.25,3475,0
MBINO.US,D,20201130,000000,26,26.45,25.7587,26.44,8024,0
MBINO.US,D,20201201,000000,26.45,26.45,26.2,26.44,3064,0
MBINO.US,D,20201202,000000,26.32,26.45,25.91,25.91,1663,0
MBINO.US,D,20201203,000000,26.47,26.47,25.95,26.2983,6236,0
MBINO.US,D,20201204,000000,26.38,26.38,25.98,26.11,11846,0
MBINO.US,D,20201207,000000,25.4,26.2,24.3,26.09,8653,0
MBINO.US,D,20201208,000000,25.95,26.16,25.75,25.915,4081,0
MBINO.US,D,20201209,000000,25.91,26.09,25.766,26.09,8469,0
MBINO.US,D,20201210,000000,26.01,26.024,25.86,25.86,6264,0
MBINO.US,D,20201211,000000,25.87,25.973,25.7,25.93,5510,0
MBINO.US,D,20201214,000000,26,26.06,25.611,25.7,8368,0
MBINO.US,D,20201215,000000,25.7,25.7,25.43,25.55,6156,0
MBINO.US,D,20201216,000000,25.68,25.8673,25.4,25.6,5428,0
MBINO.US,D,20201217,000000,25.61,25.715,25.4,25.5,14876,0
MBINO.US,D,20201218,000000,25.75,25.8552,25.6,25.8552,13613,0
MBINO.US,D,20201221,000000,25.86,25.86,25.545,25.5548,10425,0
MBINO.US,D,20201222,000000,25.53,26.0567,25.53,25.99,5591,0
MBINO.US,D,20201223,000000,25.99,25.99,25.47,25.99,2685,0
MBINO.US,D,20201224,000000,25.99,26.03,25.9,26.03,974,0
MBINO.US,D,20201228,000000,26.1952,26.34,25.8,26.34,12140,0
MBINO.US,D,20201229,000000,26.4,26.87,26.32,26.85,8418,0
MBINO.US,D,20201230,000000,26.85,26.85,26.5,26.575,5899,0
MBINO.US,D,20201231,000000,26.63,26.85,26.55,26.55,4182,0
MBINO.US,D,20210104,000000,27.24,27.24,26.3365,26.6,8815,0
MBINO.US,D,20210105,000000,26.38,26.7842,26.15,26.4,10168,0
MBINO.US,D,20210106,000000,26.11,26.245,25.8,25.82,10291,0
MBINO.US,D,20210107,000000,25.81,25.81,25.8,25.8,1042,0
MBINO.US,D,20210108,000000,25.795,25.98,25.66,25.7614,2357,0
MBINO.US,D,20210111,000000,25.88,25.88,25.38,25.38,9839,0
MBINO.US,D,20210112,000000,25.48,25.4901,25.24,25.24,15687,0
MBINO.US,D,20210113,000000,25.3586,25.86,25.3586,25.8404,5451,0
MBINO.US,D,20210114,000000,25.8434,25.9025,25.577,25.6832,3151,0
MBINO.US,D,20210115,000000,25.51,26.27,25.51,26.15,14495,0
MBINO.US,D,20210119,000000,25.87,26.26,25.7,25.78,15839,0
MBINO.US,D,20210120,000000,25.63,25.8863,25.63,25.79,4801,0
MBINO.US,D,20210121,000000,25.66,25.71,25.6219,25.6625,2484,0
MBINO.US,D,20210122,000000,25.68,25.68,25.5,25.52,12747,0
MBINO.US,D,20210125,000000,25.56,25.75,25.56,25.58,5797,0
MBINO.US,D,20210126,000000,25.65,26.1001,25.65,25.81,7148,0
MBINO.US,D,20210127,000000,25.6,26.08,25.6,26,11886,0
MBINO.US,D,20210128,000000,26.04,26.78,26.001,26.7699,10098,0
MBINO.US,D,20210129,000000,26.57,26.57,26,26.33,23033,0
MBINO.US,D,20210201,000000,26.28,26.29,25.63,26.13,17127,0
MBINO.US,D,20210202,000000,26.16,26.54,25.77,25.79,19991,0
MBINO.US,D,20210203,000000,25.87,26.16,25.86,26.05,7310,0
MBINO.US,D,20210204,000000,25.92,26.15,25.86,26,7958,0
MBINO.US,D,20210205,000000,26,26.25,25.9,26.25,2241,0
MBINO.US,D,20210208,000000,26.02,26.25,25.86,26.2187,4318,0
MBINO.US,D,20210209,000000,26.01,26.05,25.87,25.92,13512,0
MBINO.US,D,20210210,000000,25.88,26.27,25.85,25.91,23498,0
MBINO.US,D,20210211,000000,25.86,26.22,25.76,25.77,13536,0
MBINO.US,D,20210212,000000,25.86,25.86,25.47,25.63,18246,0
MBINO.US,D,20210216,000000,25.5,25.74,25.2,25.24,30941,0
MBINO.US,D,20210217,000000,25.31,25.65,25.19,25.52,46783,0
MBINO.US,D,20210218,000000,25.55,25.6899,25.2201,25.688,18088,0
MBINO.US,D,20210219,000000,25.65,25.75,25.32,25.55,7701,0
MBINO.US,D,20210222,000000,25.58,25.7899,25.45,25.45,6063,0
MBINO.US,D,20210223,000000,25.6,25.7,25.49,25.49,11606,0
MBINO.US,D,20210224,000000,25.56,25.67,25.5,25.595,3926,0
MBINO.US,D,20210225,000000,25.62,25.75,25.48,25.55,8522,0
MBINO.US,D,20210226,000000,25.7,25.7,25.52,25.69,3357,0
MBINO.US,D,20210301,000000,25.85,25.85,25.6,25.71,5524,0
MBINO.US,D,20210302,000000,25.72,25.85,25.55,25.85,16270,0
MBINO.US,D,20210303,000000,25.7,25.94,25.65,25.81,7269,0
MBINO.US,D,20210304,000000,25.78,26.13,25.6,25.835,10591,0
MBINO.US,D,20210305,000000,25.89,26.08,25.6,26.03,9179,0
MBINO.US,D,20210308,000000,26.22,26.24,25.75,25.9338,3641,0
MBINO.US,D,20210309,000000,25.82,27.25,25.82,27.11,24221,0
MBINO.US,D,20210310,000000,26.02,26.7,26.02,26.49,5949,0
MBINO.US,D,20210311,000000,26.68,26.7,26.65,26.68,5589,0
MBINO.US,D,20210312,000000,25.77,26.2,25.77,26.2,2844,0
MBINO.US,D,20210315,000000,26,26.4044,25.65,26,6388,0
MBINO.US,D,20210316,000000,26.14,26.14,25.7,25.87,20382,0
MBINO.US,D,20210317,000000,25.72,25.97,25.7,25.84,3244,0
MBINO.US,D,20210318,000000,25.85,25.94,25.52,25.56,21333,0
MBINO.US,D,20210319,000000,25.62,25.72,25.515,25.67,14977,0
MBINO.US,D,20210322,000000,25.6773,25.75,25.6499,25.65,8416,0
MBINO.US,D,20210323,000000,25.84,25.84,25.55,25.63,10439,0
MBINO.US,D,20210324,000000,25.63,25.79,25.46,25.6,17620,0
MBINO.US,D,20210325,000000,25.8,25.8,25.58,25.63,6269,0
MBINO.US,D,20210326,000000,25.848,25.92,25.75,25.92,2444,0
MBINO.US,D,20210329,000000,25.89,26.151,25.89,26.15,7223,0
MBINO.US,D,20210330,000000,26.19,26.25,26.09,26.0901,4177,0
MBINO.US,D,20210331,000000,26.18,26.22,25.9629,26.22,5038,0
MBINO.US,D,20210401,000000,26.34,26.39,26.02,26.02,10990,0
MBINO.US,D,20210405,000000,26.05,26.16,26,26.13,2411,0
MBINO.US,D,20210406,000000,26.2,26.2,26.17,26.2,3728,0
MBINO.US,D,20210407,000000,26,26.22,25.99,26.22,4885,0
MBINO.US,D,20210408,000000,26.2199,26.22,26.0904,26.21,4042,0
MBINO.US,D,20210409,000000,26.22,26.33,26.22,26.285,2024,0
MBINO.US,D,20210412,000000,26.17,26.17,25.92,26.09,11803,0
MBINO.US,D,20210413,000000,25.92,26.25,25.92,26.0177,18005,0
MBINO.US,D,20210414,000000,26.12,26.2,26.04,26.2,13266,0
MBINO.US,D,20210415,000000,26.21,26.22,26.02,26.12,4826,0
MBINO.US,D,20210416,000000,26.19,26.25,26,26.15,9246,0
MBINO.US,D,20210419,000000,26.05,26.05,26,26.04,1837,0
MBINO.US,D,20210420,000000,25.92,26.24,25.92,26.24,12056,0
MBINO.US,D,20210421,000000,26.24,26.25,26.04,26.04,3206,0
MBINO.US,D,20210422,000000,26.2,26.47,26.1805,26.2,12253,0
MBINO.US,D,20210423,000000,26.34,26.7,26.25,26.49,6424,0
MBINO.US,D,20210426,000000,26.47,26.63,26.02,26.5,9217,0
MBINO.US,D,20210427,000000,26.54,26.65,26.27,26.45,2473,0
MBINO.US,D,20210428,000000,26.47,26.6,26.29,26.5,7461,0
MBINO.US,D,20210429,000000,26.57,26.57,26.05,26.12,8179,0
MBINO.US,D,20210430,000000,26.25,26.29,26.08,26.27,6240,0
MBINO.US,D,20210503,000000,26.07,26.4239,25.94,26.4239,6458,0
MBINO.US,D,20210504,000000,26.28,26.45,26.25,26.45,3859,0
MBINO.US,D,20210505,000000,26.3,26.45,26.05,26.33,13278,0
MBINO.US,D,20210506,000000,26.5,26.5,26.32,26.5,1950,0
MBINO.US,D,20210507,000000,26.58,26.59,26.425,26.59,1685,0
MBINO.US,D,20210510,000000,26.34,26.6,26.2762,26.6,6451,0
MBINO.US,D,20210511,000000,26.6,26.6,26.23,26.41,3220,0
MBINO.US,D,20210512,000000,26.47,26.47,26.13,26.13,4976,0
MBINO.US,D,20210513,000000,26.21,26.333,26.06,26.25,6386,0
MBINO.US,D,20210514,000000,26.36,26.36,26.2501,26.2501,1727,0
MBINO.US,D,20210517,000000,26.29,26.44,26,26.01,28370,0
MBINO.US,D,20210518,000000,26.38,26.38,25.96,25.96,30219,0
MBINO.US,D,20210519,000000,25.89,26.05,25.7,25.84,16596,0
MBINO.US,D,20210520,000000,25.93,26.0967,25.7,25.86,25190,0
MBINO.US,D,20210521,000000,25.9,25.95,25.76,25.9,21549,0
MBINO.US,D,20210524,000000,26,26.0542,25.95,26.05,10952,0
MBINO.US,D,20210525,000000,26.09,26.3,26,26.25,16271,0
MBINO.US,D,20210526,000000,26.34,26.34,26.01,26.1,11484,0
MBINO.US,D,20210527,000000,26.25,26.32,26.1,26.2,13991,0
MBINO.US,D,20210528,000000,26.35,26.49,26.32,26.49,9507,0
MBINO.US,D,20210601,000000,26.49,26.5,26.29,26.44,9588,0
MBINO.US,D,20210602,000000,26.52,26.66,26.4964,26.65,5244,0
MBINO.US,D,20210603,000000,26.7,26.7,26.4,26.48,7946,0
MBINO.US,D,20210604,000000,26.46,26.99,26.4123,26.99,5578,0
MBINO.US,D,20210607,000000,26.94,27.13,26.851,27.065,11176,0
MBINO.US,D,20210608,000000,26.74,27.2299,26.74,27.1,6779,0
MBINO.US,D,20210609,000000,27.06,27.06,26.91,27,771,0
MBINO.US,D,20210610,000000,27,27.15,26.8,26.8,7483,0
MBINO.US,D,20210611,000000,26.9,27.1,26.73,26.97,11931,0
MBINO.US,D,20210614,000000,26.41,26.83,26.41,26.83,6980,0
MBINO.US,D,20210615,000000,26.62,26.7,26.37,26.44,10073,0
MBINO.US,D,20210616,000000,26.55,26.75,26.42,26.6853,5261,0
MBINO.US,D,20210617,000000,26.66,26.7,26.4,26.47,5479,0
MBINO.US,D,20210618,000000,26.56,26.6,26.43,26.58,1853,0
MBINO.US,D,20210621,000000,26.42,26.65,26.36,26.525,8248,0
MBINO.US,D,20210622,000000,26.7,26.7,26.485,26.6,11978,0
MBINO.US,D,20210623,000000,26.54,26.72,26.54,26.72,3597,0
MBINO.US,D,20210624,000000,26.88,26.99,26.7318,26.99,7819,0
MBINO.US,D,20210625,000000,26.64,26.8,26.64,26.8,1259,0
MBINO.US,D,20210628,000000,26.95,26.99,26.95,26.99,1032,0
MBINO.US,D,20210629,000000,26.99,26.99,26.79,26.79,999,0
MBINO.US,D,20210630,000000,26.85,26.85,26.6,26.67,13018,0
MBINO.US,D,20210701,000000,27.16,27.37,26.65,26.65,7530,0
MBINO.US,D,20210702,000000,26.9,27.13,26.825,26.9405,4987,0
MBINO.US,D,20210706,000000,27.18,27.18,26.68,26.862,5201,0
MBINO.US,D,20210707,000000,26.85,27.1,26.85,26.99,5093,0
MBINO.US,D,20210708,000000,27.1,27.1,27,27.01,1185,0
MBINO.US,D,20210709,000000,27.06,27.16,26.79,27.16,5988,0
MBINO.US,D,20210712,000000,27.075,27.18,27.02,27.18,3149,0
MBINO.US,D,20210713,000000,27.02,27.02,26.81,26.82,2329,0
MBINO.US,D,20210714,000000,27.06,27.1,27.06,27.1,1284,0
MBINO.US,D,20210715,000000,27.14,27.14,26.8979,26.9,3958,0
MBINO.US,D,20210716,000000,27.37,27.37,26.7758,27.1752,3110,0
MBINO.US,D,20210719,000000,27,27,26.9,26.99,1115,0
MBINO.US,D,20210721,000000,26.81,27.012,26.63,26.81,5926,0
MBINO.US,D,20210722,000000,26.73,26.915,26.72,26.915,1328,0
MBINO.US,D,20210723,000000,27.0047,27.0047,27.0047,27.0047,276,0
MBINO.US,D,20210726,000000,26.8,26.8572,26.59,26.6,17075,0
MBINO.US,D,20210727,000000,26.9083,26.9083,26.41,26.485,4561,0
MBINO.US,D,20210728,000000,26.58,26.65,26.5416,26.65,1907,0
MBINO.US,D,20210729,000000,26.73,26.73,26.45,26.45,6594,0
MBINO.US,D,20210730,000000,26.47,26.52,26.4,26.5,4969,0
MBINO.US,D,20210802,000000,26.53,26.61,26.48,26.59,2303,0
MBINO.US,D,20210803,000000,26.65,26.72,26.55,26.64,2776,0
MBINO.US,D,20210804,000000,26.7,26.7,26.47,26.6,3045,0
MBINO.US,D,20210805,000000,26.67,26.85,26.61,26.7184,3805,0
MBINO.US,D,20210806,000000,26.62,26.69,26.6,26.69,4135,0
MBINO.US,D,20210809,000000,26.76,26.76,26.64,26.64,1487,0
MBINO.US,D,20210810,000000,26.74,26.74,26.1,26.27,9028,0
MBINO.US,D,20210811,000000,26.4,26.4,26.35,26.38,1147,0
MBINO.US,D,20210812,000000,26.31,26.37,26.13,26.18,16991,0
MBINO.US,D,20210813,000000,26.215,26.25,26.2,26.23,6986,0
MBINO.US,D,20210816,000000,26.2683,26.2683,26.11,26.2,5109,0
MBINO.US,D,20210817,000000,26.13,26.16,26.0867,26.16,2446,0
MBINO.US,D,20210818,000000,26.01,26.2,25.975,26.11,3808,0
MBINO.US,D,20210819,000000,26.15,26.15,26.13,26.13,1245,0
MBINO.US,D,20210820,000000,26.05,26.2,26.02,26.18,10827,0
MBINO.US,D,20210823,000000,26.2,26.2,26.07,26.2,7833,0
MBINO.US,D,20210824,000000,26.2,26.21,26.12,26.2,26625,0
MBINO.US,D,20210825,000000,26.31,26.31,26.02,26.1,40147,0
MBINO.US,D,20210826,000000,26.01,26.18,26.01,26.08,27253,0
MBINO.US,D,20210827,000000,26.15,26.28,26.11,26.22,14199,0
MBINO.US,D,20210830,000000,26.25,26.29,26.1,26.27,3503,0
MBINO.US,D,20210831,000000,26.25,26.53,26.22,26.44,17874,0
MBINO.US,D,20210901,000000,26.33,26.65,26.33,26.61,7160,0
MBINO.US,D,20210902,000000,26.5,26.66,26.5,26.63,10813,0
MBINO.US,D,20210903,000000,26.67,26.72,26.63,26.651,4174,0
MBINO.US,D,20210907,000000,26.52,26.73,26.28,26.3,18998,0
MBINO.US,D,20210908,000000,26.31,26.35,26.1479,26.26,37423,0
MBINO.US,D,20210909,000000,26.16,26.49,26.16,26.27,7447,0
MBINO.US,D,20210910,000000,26.3999,26.42,26.22,26.4199,13980,0
MBINO.US,D,20210913,000000,26.3999,26.42,26.33,26.42,4183,0
MBINO.US,D,20210914,000000,26.25,26.29,26.03,26.05,12208,0
MBINO.US,D,20210915,000000,26.17,26.2811,26.04,26.25,4420,0
MBINO.US,D,20210916,000000,26.31,26.39,26.1799,26.39,3087,0
MBINO.US,D,20210917,000000,26.15,26.39,26.15,26.35,13568,0
MBINO.US,D,20210920,000000,26.33,26.33,26.11,26.12,4868,0
MBINO.US,D,20210921,000000,26.21,26.28,26.12,26.15,2836,0
MBINO.US,D,20210922,000000,26.19,26.25,26.185,26.185,2969,0
MBINO.US,D,20210923,000000,26.29,26.51,26.1134,26.348,7024,0
MBINO.US,D,20210924,000000,26.4,26.4,26.14,26.35,3808,0
MBINO.US,D,20210927,000000,26.28,26.33,26.12,26.12,7010,0
MBINO.US,D,20210928,000000,26.13,26.16,25.65,25.65,28700,0
MBINO.US,D,20210929,000000,25.84,26.03,25.68,25.931,8280,0
MBINO.US,D,20210930,000000,25.93,25.93,25.75,25.89,11547,0
MBINO.US,D,20211001,000000,26.22,26.22,25.875,26.02,7488,0
MBINO.US,D,20211004,000000,25.88,25.88,25.65,25.8,8621,0
MBINO.US,D,20211005,000000,25.87,26.11,25.63,25.73,6889,0
MBINO.US,D,20211006,000000,25.73,26.17,25.73,25.86,11168,0
MBINO.US,D,20211007,000000,26.1,26.29,25.97,26.29,13025,0
MBINO.US,D,20211008,000000,26.28,26.28,25.91,25.95,3589,0
MBINO.US,D,20211011,000000,26.05,26.05,25.86,25.91,1676,0
MBINO.US,D,20211012,000000,25.99,25.99,25.76,25.8,13747,0
MBINO.US,D,20211013,000000,25.82,26.1,25.82,26.1,13876,0
MBINO.US,D,20211014,000000,26.1,26.1,25.94,26.05,3824,0
MBINO.US,D,20211015,000000,26.09,26.09,25.87,25.87,8586,0
MBINO.US,D,20211018,000000,25.96,25.96,25.85,25.95,2877,0
MBINO.US,D,20211019,000000,26,26.04,25.85,25.94,6600,0
MBINO.US,D,20211020,000000,26.03,26.04,25.9,26,6403,0
MBINO.US,D,20211021,000000,26.01,26.28,26.01,26.23,13877,0
MBINO.US,D,20211022,000000,26.3,26.3,26.02,26.1799,4240,0
MBINO.US,D,20211025,000000,25.98,26.2,25.98,26.18,10441,0
MBINO.US,D,20211026,000000,26.18,26.2,26,26.14,3470,0
MBINO.US,D,20211027,000000,26.2,26.369,26.01,26.27,5703,0
MBINO.US,D,20211028,000000,26.13,26.335,26.13,26.28,11613,0
MBINO.US,D,20211029,000000,26.29,26.4361,26.28,26.28,2740,0
MBINO.US,D,20211101,000000,26.234,26.31,26.181,26.3,11285,0
MBINO.US,D,20211102,000000,26.43,26.5,26.31,26.5,6570,0
MBINO.US,D,20211103,000000,26.51,26.59,26.31,26.59,5167,0
MBINO.US,D,20211104,000000,26.52,26.73,26.52,26.73,5668,0
MBINO.US,D,20211105,000000,26.75,26.9,26.75,26.9,2276,0
MBINO.US,D,20211108,000000,26.9,26.9,26.73,26.9,2771,0
MBINO.US,D,20211109,000000,26.4545,26.86,26.4545,26.86,602,0
MBINO.US,D,20211110,000000,26.86,26.86,26.6,26.8,4048,0
MBINO.US,D,20211111,000000,26.63,26.63,26.582,26.582,2207,0
MBINO.US,D,20211115,000000,26.555,26.6178,26.555,26.6178,1380,0
MBINO.US,D,20211116,000000,26.23,26.58,26.23,26.58,3199,0
MBINO.US,D,20211117,000000,26.575,26.575,26.21,26.26,3363,0
MBINO.US,D,20211118,000000,26.32,26.385,26.2465,26.385,2179,0
MBINO.US,D,20211119,000000,26.21,26.3,26.2,26.25,744,0
MBINO.US,D,20211122,000000,26.26,26.26,26.25,26.25,1621,0
MBINO.US,D,20211123,000000,26.1,26.28,26.1,26.28,2478,0
MBINO.US,D,20211124,000000,26.27,26.45,26.23,26.45,2033,0
MBINO.US,D,20211126,000000,26.2633,26.2633,26.2633,26.2633,271,0
MBINO.US,D,20211129,000000,26.2633,26.38,26.251,26.38,1020,0
MBINO.US,D,20211130,000000,26.37,26.44,26.04,26.13,4201,0
MBINO.US,D,20211201,000000,26.3494,26.3494,26.3494,26.3494,353,0
MBINO.US,D,20211202,000000,26.44,26.44,26.26,26.34,1323,0
MBINO.US,D,20211203,000000,26.45,26.45,26.249,26.25,942,0
MBINO.US,D,20211206,000000,26.44,26.45,26.44,26.44,3035,0
MBINO.US,D,20211207,000000,26.38,26.55,26.16,26.55,3154,0
MBINO.US,D,20211208,000000,26.55,26.61,26.55,26.59,2206,0
MBINO.US,D,20211209,000000,26.65,26.65,26.25,26.65,551,0
MBINO.US,D,20211210,000000,26.404,26.48,26.404,26.48,397,0
MBINO.US,D,20211213,000000,26.65,26.65,26.33,26.33,1014,0
MBINO.US,D,20211214,000000,26.23,26.23,25.87,25.87,3968,0
MBINO.US,D,20211215,000000,25.88,25.92,25.88,25.88,2598,0
MBINO.US,D,20211216,000000,26.0954,26.34,25.87,26.3,5027,0
MBINO.US,D,20211217,000000,25.98,26.08,25.98,26.08,2215,0
MBINO.US,D,20211220,000000,26.19,26.19,26.19,26.19,778,0
MBINO.US,D,20211221,000000,25.91,26.05,25.88,26.05,2211,0
MBINO.US,D,20211222,000000,26.28,26.34,26.28,26.34,1743,0
MBINO.US,D,20211223,000000,26.36,26.3999,26.06,26.12,3524,0
MBINO.US,D,20211227,000000,26.38,26.38,26.11,26.11,1628,0
MBINO.US,D,20211228,000000,26.15,26.23,26.01,26.09,3772,0
MBINO.US,D,20211229,000000,26.1482,26.1482,25.97,26.1,1841,0
MBINO.US,D,20211230,000000,26.09,26.1,25.97,26.08,6393,0
MBINO.US,D,20211231,000000,26.2499,26.2499,26,26.09,4298,0
MBINO.US,D,20220103,000000,26.25,26.3,26,26.175,9652,0
MBINO.US,D,20220104,000000,26.01,26.1,26,26.04,3844,0
MBINO.US,D,20220105,000000,26,26.21,25.749,25.75,6174,0
MBINO.US,D,20220106,000000,25.8199,25.97,25.81,25.88,2607,0
MBINO.US,D,20220107,000000,26.1142,26.2,26.1142,26.2,634,0
MBINO.US,D,20220110,000000,25.86,26.101,25.8,25.83,7872,0
MBINO.US,D,20220111,000000,25.83,26.0967,25.76,25.81,18908,0
MBINO.US,D,20220112,000000,25.86,25.916,25.73,25.8261,5857,0
MBINO.US,D,20220113,000000,25.79,25.99,25.79,25.98,1120,0
MBINO.US,D,20220114,000000,25.96,26.15,25.81,25.81,1388,0
MBINO.US,D,20220118,000000,25.701,25.8,25.51,25.52,6825,0
MBINO.US,D,20220119,000000,25.8,25.8,25.511,25.625,5134,0
MBINO.US,D,20220120,000000,25.6,25.85,25.6,25.8,11803,0
MBINO.US,D,20220121,000000,25.6733,25.91,25.66,25.91,7398,0
MBINO.US,D,20220124,000000,25.85,25.97,25.5541,25.85,5438,0
MBINO.US,D,20220125,000000,25.5303,25.96,25.5302,25.61,10480,0
MBINO.US,D,20220126,000000,25.785,25.94,25.7,25.93,15418,0
MBINO.US,D,20220127,000000,25.92,26.06,25.5,25.5,49978,0
MBINO.US,D,20220128,000000,25.5,25.5,25.24,25.42,3057,0
MBINO.US,D,20220131,000000,25.4825,25.701,25.34,25.7,7732,0
MBINO.US,D,20220202,000000,25.725,26,25.725,25.975,14573,0
MBINO.US,D,20220203,000000,25.8,25.8,25.46,25.6,5549,0
MBINO.US,D,20220204,000000,25.4346,25.64,25.4346,25.64,4234,0
MBINO.US,D,20220207,000000,25.45,25.736,25.45,25.736,2532,0
MBINO.US,D,20220208,000000,25.68,25.83,25.46,25.665,6221,0
MBINO.US,D,20220209,000000,25.68,25.68,25.52,25.52,751,0
MBINO.US,D,20220210,000000,25.5298,25.53,25,25,9445,0
MBINO.US,D,20220211,000000,25.01,25.235,24.78,24.81,11151,0
MBINO.US,D,20220214,000000,24.95,25,24.82,24.89,6796,0
MBINO.US,D,20220215,000000,24.89,25.19,24.66,25.035,6703,0
MBINO.US,D,20220216,000000,25.0816,25.2,24.9,25.2,9325,0
MBINO.US,D,20220217,000000,25.2,25.2,25.2,25.2,519,0
MBINO.US,D,20220218,000000,25.18,25.18,24.9,24.9,1764,0
MBINO.US,D,20220222,000000,25.11,25.11,24.96,24.96,2618,0
MBINO.US,D,20220223,000000,25.18,25.18,24.95,24.95,4198,0
MBINO.US,D,20220224,000000,24.95,25.2,24.75,24.85,11926,0
MBINO.US,D,20220225,000000,25.01,25.2,25.01,25.06,2160,0
MBINO.US,D,20220228,000000,25.195,25.44,25.195,25.23,5695,0
MBINO.US,D,20220301,000000,25.3,25.5,25.13,25.5,3037,0
MBINO.US,D,20220302,000000,25.44,25.44,25.0139,25.0139,1225,0
MBINO.US,D,20220303,000000,25.0701,25.0701,25.03,25.03,563,0
MBINO.US,D,20220304,000000,24.95,25.38,24.95,25.38,744,0
MBINO.US,D,20220307,000000,25,25,24.66,24.75,8136,0
MBINO.US,D,20220308,000000,24.7,25.1099,24.7,24.76,9268,0
MBINO.US,D,20220309,000000,25,25.15,24.945,25.12,8350,0
MBINO.US,D,20220310,000000,25.14,25.16,24.95,25.16,6183,0
MBINO.US,D,20220311,000000,25.31,25.35,24.97,25.2,10003,0
MBINO.US,D,20220314,000000,24.9,25,24.69,24.86,11613,0
MBINO.US,D,20220315,000000,24.9,24.9973,24.75,24.95,4552,0
MBINO.US,D,20220316,000000,25.1342,25.24,25.02,25.24,2391,0
MBINO.US,D,20220317,000000,25.23,25.5,25.22,25.5,1581,0
MBINO.US,D,20220318,000000,25.2,25.2546,25.1437,25.2546,1385,0
MBINO.US,D,20220321,000000,25.38,25.38,25.05,25.05,3258,0
MBINO.US,D,20220322,000000,25.0501,25.35,25.0501,25.228,5049,0
MBINO.US,D,20220323,000000,25.18,25.49,25.05,25.09,5944,0
MBINO.US,D,20220324,000000,25.2,25.3,25.05,25.3,4221,0
MBINO.US,D,20220325,000000,25.1825,25.1825,25.07,25.1,3019,0
MBINO.US,D,20220328,000000,25.1,25.29,25.05,25.05,1354,0
MBINO.US,D,20220329,000000,25.055,25.1,24.96,25,10301,0
MBINO.US,D,20220330,000000,25,25.43,25,25.1377,2656,0
MBINO.US,D,20220331,000000,25.15,25.42,24.87,24.9,10070,0
MBINO.US,D,20220401,000000,25.26,25.33,24.91,24.91,10258,0
MBINO.US,D,20220404,000000,25.115,25.27,24.9855,24.9855,3330,0
MBINO.US,D,20220405,000000,24.9237,25.33,24.9237,24.93,3744,0
MBINO.US,D,20220406,000000,24.9725,24.9725,24.85,24.85,2452,0
MBINO.US,D,20220407,000000,24.85,24.96,24.85,24.93,5033,0
MBINO.US,D,20220408,000000,24.97,25,24.9,24.9,8405,0
MBINO.US,D,20220411,000000,24.9,24.9807,24.89,24.9,3659,0
MBINO.US,D,20220412,000000,24.955,24.955,24.9,24.9,1792,0
MBINO.US,D,20220413,000000,24.9125,25,24.87,24.8875,3758,0
MBINO.US,D,20220414,000000,24.947,24.99,24.8,24.9,4480,0
MBINO.US,D,20220418,000000,24.88,24.8969,24.7,24.7,2866,0
MBINO.US,D,20220419,000000,24.586,25.01,24.586,24.93,3026,0
MBINO.US,D,20220420,000000,24.55,24.8879,24.48,24.624,5353,0
MBINO.US,D,20220421,000000,24.75,24.75,24.19,24.23,2456,0
MBINO.US,D,20220422,000000,24.18,24.646,24.18,24.33,5334,0
MBINO.US,D,20220425,000000,24.4474,24.55,24.16,24.16,5776,0
MBINO.US,D,20220426,000000,24.13,24.54,24.01,24.1876,3144,0
MBINO.US,D,20220427,000000,23.85,24.55,23.77,24.03,3856,0
MBINO.US,D,20220428,000000,23.77,24.01,23.57,24.01,1980,0
MBINO.US,D,20220429,000000,23.8,24.48,23.57,24.48,14746,0
MBINO.US,D,20220502,000000,24.02,24.48,23.935,24,16901,0
MBINO.US,D,20220503,000000,24,24.22,23.75,24.22,9337,0
MBINO.US,D,20220504,000000,24.01,24.3,23.8,24.27,5194,0
MBINO.US,D,20220505,000000,24.08,24.5,23.86,24.07,5249,0
MBINO.US,D,20220506,000000,24.02,24.4555,23.93,24.3,5936,0
MBINO.US,D,20220509,000000,24.35,24.69,24.02,24.0331,5155,0
MBINO.US,D,20220510,000000,24.51,24.55,23.76,24,5952,0
MBINO.US,D,20220511,000000,23.98,24.25,23.95,23.95,4687,0
MBINO.US,D,20220512,000000,23.82,24.11,23.67,24.11,4542,0
MBINO.US,D,20220513,000000,23.88,24.25,23.78,24.0014,4457,0
MBINO.US,D,20220516,000000,23.875,23.875,23.76,23.82,1420,0
MBINO.US,D,20220517,000000,24,24,23.42,23.42,6670,0
MBINO.US,D,20220518,000000,23.33,23.33,22.94,23.04,8751,0
MBINO.US,D,20220519,000000,23.13,23.38,23.11,23.12,1870,0
MBINO.US,D,20220520,000000,23.2,23.39,22.95,22.95,4130,0
MBINO.US,D,20220523,000000,23.15,23.7,22.79,22.79,3369,0
MBINO.US,D,20220525,000000,23.29,23.57,23,23.57,4384,0
MBINO.US,D,20220526,000000,23.4,23.89,23.3049,23.79,9253,0
MBINO.US,D,20220527,000000,23.307,24,23.307,24,12606,0
MBINO.US,D,20220531,000000,24,24.21,23.63,24.17,27941,0
MBINO.US,D,20220601,000000,24.11,24.27,24,24.19,4725,0
MBINO.US,D,20220602,000000,24.2,24.59,24.0721,24.59,5100,0
MBINO.US,D,20220603,000000,24.57,24.63,24.4,24.55,4125,0
MBINO.US,D,20220606,000000,24.64,25.11,24.55,24.8506,12235,0
MBINO.US,D,20220607,000000,24.755,24.973,24.51,24.95,6037,0
MBINO.US,D,20220608,000000,24.7525,24.8562,24.55,24.6,15702,0
MBINO.US,D,20220609,000000,25,25,24.5,24.5096,10668,0
MBINO.US,D,20220610,000000,24.49,24.84,24.03,24.06,9483,0
MBINO.US,D,20220613,000000,23.95,23.95,22.6696,22.6696,12890,0
MBINO.US,D,20220614,000000,22.5,23.34,22.5,22.56,14034,0
MBINO.US,D,20220615,000000,22.98,22.98,22.06,22.455,10031,0
MBINO.US,D,20220616,000000,22.49,22.92,21.65,21.69,14879,0
MBINO.US,D,20220617,000000,21.89,22.51,21.56,21.56,15135,0
MBINO.US,D,20220621,000000,20.66,21.5,20.66,21.2,17609,0
MBINO.US,D,20220622,000000,21.25,21.45,21.01,21.385,25724,0
MBINO.US,D,20220623,000000,21.4425,22.35,21.3,22.1501,18796,0
MBINO.US,D,20220624,000000,21.6,22.59,21.6,22.28,5158,0
MBINO.US,D,20220627,000000,22.58,22.58,22,22.38,9708,0
MBINO.US,D,20220628,000000,22.38,22.4,22,22.125,7126,0
MBINO.US,D,20220629,000000,22.43,22.57,21.77,22.27,3897,0
MBINO.US,D,20220630,000000,22.5,22.57,21.85,22.1,6967,0
MBINO.US,D,20220701,000000,22.57,22.58,22.185,22.21,4424,0
MBINO.US,D,20220705,000000,21.65,22.66,21.65,22.5307,3670,0
MBINO.US,D,20220706,000000,22.5,22.69,22.1057,22.55,5338,0
MBINO.US,D,20220707,000000,22.55,22.77,22.1067,22.77,6102,0
MBINO.US,D,20220708,000000,22.65,22.85,22.65,22.818,8114,0
MBINO.US,D,20220711,000000,22.83,22.95,22.66,22.95,2059,0
MBINO.US,D,20220712,000000,22.92,23.05,22.66,22.83,7458,0
MBINO.US,D,20220713,000000,23.0247,23.0247,23,23,953,0
MBINO.US,D,20220714,000000,22.9,22.97,22.85,22.9084,1903,0
MBINO.US,D,20220715,000000,23.1,23.1,22.66,22.9864,3466,0
MBINO.US,D,20220718,000000,22.6701,22.999,22.6701,22.885,903,0
MBINO.US,D,20220719,000000,22.8828,23.32,22.76,23.32,6813,0
MBINO.US,D,20220720,000000,23.2,23.3,23.0795,23.1,4650,0
MBINO.US,D,20220721,000000,23.28,23.3,23.1,23.2,3621,0
MBINO.US,D,20220722,000000,23.23,23.3934,23.1,23.3934,2882,0
MBINO.US,D,20220725,000000,23.48,23.5,23.1016,23.325,6582,0
MBINO.US,D,20220726,000000,23.25,23.25,22.945,23.15,1527,0
MBINO.US,D,20220727,000000,23.21,23.46,23,23.25,5740,0
MBINO.US,D,20220728,000000,23.47,24.36,23,23.77,10773,0
MBINO.US,D,20220729,000000,23.3761,23.815,23.3761,23.68,2868,0
MBINO.US,D,20220801,000000,23.26,24.31,23.26,23.97,1756,0
MBINO.US,D,20220802,000000,24.3099,24.38,23.95,23.98,13928,0
MBINO.US,D,20220803,000000,24.25,24.76,24.25,24.76,5832,0
MBINO.US,D,20220804,000000,24.485,24.505,24.4,24.5,1565,0
MBINO.US,D,20220805,000000,24.31,24.6381,23.5,24.57,11120,0
MBINO.US,D,20220808,000000,24.32,24.54,24.15,24.54,13424,0
MBINO.US,D,20220809,000000,24.5,24.5,24.18,24.18,5490,0
MBINO.US,D,20220810,000000,24.41,24.45,23.6601,24.35,8122,0
MBINO.US,D,20220811,000000,24.5146,24.5146,23.76,24.2,1972,0
MBINO.US,D,20220812,000000,24.03,24.03,24.03,24.03,177,0
MBINO.US,D,20220815,000000,24.25,24.25,24,24.19,2586,0
MBINO.US,D,20220816,000000,23.91,24.25,23.8931,23.8931,3168,0
MBINO.US,D,20220817,000000,24.45,24.45,23.915,23.915,13930,0
MBINO.US,D,20220818,000000,23.995,24.0715,23.85,24,9503,0
MBINO.US,D,20220819,000000,23.89,24,23.75,24,6907,0
MBINO.US,D,20220822,000000,24.12,24.326,24.09,24.3,4811,0
MBINO.US,D,20220823,000000,24.25,24.35,24.2,24.2,6349,0
MBINO.US,D,20220824,000000,24.2,24.2,24.18,24.2,1838,0
MBINO.US,D,20220825,000000,24.31,24.31,24.0669,24.25,1336,0
MBINO.US,D,20220826,000000,24.2799,24.28,24,24.2699,5782,0
MBINO.US,D,20220829,000000,24.3,24.42,24.29,24.42,3276,0
MBINO.US,D,20220830,000000,24.3,24.44,24.16,24.31,4748,0
MBINO.US,D,20220831,000000,24.3592,24.57,24.2,24.27,8048,0
MBINO.US,D,20220901,000000,24.14,24.25,24.09,24.15,5617,0
MBINO.US,D,20220902,000000,24.24,24.3396,24.05,24.05,2433,0
MBINO.US,D,20220906,000000,23.895,24.01,23.87,23.87,2334,0
MBINO.US,D,20220907,000000,23.9185,24.37,23.75,23.83,6756,0
MBINO.US,D,20220908,000000,23.83,23.8438,23.83,23.8438,1304,0
MBINO.US,D,20220909,000000,24.1,24.48,24.1,24.255,5807,0
MBINO.US,D,20220912,000000,24.3138,24.4,23.9385,24.02,2905,0
MBINO.US,D,20220913,000000,23.83,24.2,23.5,24,27042,0
MBINO.US,D,20220914,000000,23.87,23.87,23.61,23.86,8260,0
MBINO.US,D,20220915,000000,23.68,23.995,23.68,23.945,5903,0
MBINO.US,D,20220916,000000,23.92,24.26,23.9,24.25,6333,0
MBINO.US,D,20220919,000000,24.08,24.1,23.9,24.1,7844,0
MBINO.US,D,20220920,000000,23.97,24.12,23.61,24.11,9507,0
MBINO.US,D,20220921,000000,23.7,24.5,23.7,24.36,11841,0
MBINO.US,D,20220922,000000,24.25,24.25,23.73,23.89,46429,0
MBINO.US,D,20220923,000000,23.93,24.1,23.23,23.455,20589,0
MBINO.US,D,20220926,000000,23.23,24,23.18,23.95,21960,0
MBINO.US,D,20220927,000000,23.94,24.35,23.5,24.15,33994,0
MBINO.US,D,20220928,000000,24.22,24.71,24.1,24.54,27473,0
MBINO.US,D,20220929,000000,24.22,24.69,23.57,24.6,37441,0
MBINO.US,D,20220930,000000,24.7,24.7,22.98,22.98,238833,0
MBINO.US,D,20221003,000000,23.36,24.39,23.26,23.36,13342,0
MBINO.US,D,20221004,000000,23.65,23.65,22.89,22.99,39870,0
MBINO.US,D,20221005,000000,22.81,23.25,22.09,22.26,53266,0
MBINO.US,D,20221006,000000,22.31,22.31,21.27,21.35,70822,0
MBINO.US,D,20221007,000000,21.47,21.52,20.64,20.82,27449,0
MBINO.US,D,20221010,000000,20.97,22,20.63,21.5,7976,0
MBINO.US,D,20221011,000000,21.6,21.6,20.9501,21.32,2767,0
MBINO.US,D,20221012,000000,21.35,21.35,21.04,21.04,585,0
MBINO.US,D,20221013,000000,21.16,21.7,20.6,21.419,11980,0
MBINO.US,D,20221014,000000,21.57,22,21.1,22,9613,0
MBINO.US,D,20221017,000000,21.89,22.52,21.89,22.1,1479,0
MBINO.US,D,20221018,000000,22.04,22.18,21.9,22.04,7028,0
MBINO.US,D,20221019,000000,22.15,22.2826,22.05,22.19,12716,0
MBINO.US,D,20221020,000000,22.25,22.25,20.74,21.37,5108,0
MBINO.US,D,20221021,000000,21.16,21.5,20.8123,21.06,2386,0
MBINO.US,D,20221024,000000,20.79,22.02,20.79,21.24,10434,0
MBINO.US,D,20221025,000000,20.99,21.66,20.99,21.51,7786,0
MBINO.US,D,20221026,000000,21.06,21.3,20.91,21.19,9936,0
MBINO.US,D,20221027,000000,20.72,21.735,20.5,21.555,10811,0
MBINO.US,D,20221028,000000,21.35,21.76,21,21.58,9184,0
MBINO.US,D,20221031,000000,21.58,22.02,21.36,21.99,67154,0
MBINO.US,D,20221101,000000,21.67,22.017,21.67,21.77,6830,0
MBINO.US,D,20221102,000000,21.66,22.6,21.61,21.99,16121,0
MBINO.US,D,20221103,000000,21.99,22.44,21.6101,21.97,8030,0
MBINO.US,D,20221104,000000,21.75,21.99,21.23,21.46,13172,0
MBINO.US,D,20221107,000000,21.94,21.99,21.1,21.52,12472,0
MBINO.US,D,20221108,000000,21.25,21.6,20.94,21.2,17657,0
MBINO.US,D,20221109,000000,21.61,21.81,20.8,20.8,16474,0
MBINO.US,D,20221110,000000,21.2,21.6,21.11,21.6,11544,0
MBINO.US,D,20221111,000000,21.74,21.9836,21.11,21.25,8715,0
MBINO.US,D,20221114,000000,22.22,22.22,21.01,21.25,10271,0
MBINO.US,D,20221115,000000,21.34,21.59,21.04,21.18,18375,0
MBINO.US,D,20221116,000000,21.21,21.68,21.19,21.28,5728,0
MBINO.US,D,20221117,000000,21.28,21.28,21.01,21.1,8662,0
MBINO.US,D,20221118,000000,21.17,21.17,20.72,20.98,10520,0
MBINO.US,D,20221121,000000,21.1,21.35,20.59,20.94,20159,0
MBINO.US,D,20221122,000000,21.22,21.276,20.82,21.04,8635,0
MBINO.US,D,20221123,000000,21.2,21.29,20.75,21.23,8545,0
MBINO.US,D,20221125,000000,21.05,21.15,20.8,21.15,15763,0
MBINO.US,D,20221128,000000,20.95,21.3,20.95,21.13,8506,0
MBINO.US,D,20221129,000000,21.11,21.51,20.85,21.13,23444,0
MBINO.US,D,20221130,000000,21.19,22.02,21.0101,21.81,21914,0
MBINO.US,D,20221201,000000,21.8,22.02,21.1516,21.47,15010,0
MBINO.US,D,20221202,000000,21.45,21.7,21.33,21.56,5957,0
MBINO.US,D,20221205,000000,21.66,21.66,21.3,21.3,12276,0
MBINO.US,D,20221206,000000,21.55,21.65,21.2,21.53,8831,0
MBINO.US,D,20221207,000000,21.5,21.96,21.5,21.66,15421,0
MBINO.US,D,20221208,000000,22.0099,22.0099,21.51,21.64,12137,0
MBINO.US,D,20221209,000000,21.7277,21.9999,21.5,21.65,4026,0
MBINO.US,D,20221212,000000,21.75,21.9999,21.26,21.32,14597,0
MBINO.US,D,20221213,000000,21.55,21.9685,21.34,21.73,7870,0
MBINO.US,D,20221214,000000,21.51,21.7,21.37,21.41,18948,0
MBINO.US,D,20221215,000000,21.4,21.4,20.87,20.93,11848,0
MBINO.US,D,20221216,000000,21.05,21.05,20.64,20.8,15735,0
MBINO.US,D,20221219,000000,20.98,21.05,20.75,20.755,8045,0
MBINO.US,D,20221220,000000,20.9,20.9,20.65,20.65,23787,0
MBINO.US,D,20221221,000000,20.7,20.82,20.54,20.57,23957,0
MBINO.US,D,20221222,000000,20.55,20.7,20.27,20.49,23758,0
MBINO.US,D,20221223,000000,20.39,20.45,19.85,20.31,13674,0
MBINO.US,D,20221227,000000,20.15,20.3499,19.66,19.8,20735,0
MBINO.US,D,20221228,000000,20.0094,20.1,19.85,19.85,22354,0
MBINO.US,D,20221229,000000,19.98,20.5399,19.83,20.5399,22090,0
MBINO.US,D,20221230,000000,20.09,20.4199,19.82,20.33,29919,0
MBINO.US,D,20230103,000000,20.55,20.75,20.4,20.75,21674,0
MBINO.US,D,20230104,000000,20.93,21.91,20.8,21.61,36087,0
MBINO.US,D,20230105,000000,21.2037,22,21.2037,21.95,15714,0
MBINO.US,D,20230106,000000,22.05,22.31,22.0128,22.235,7145,0
MBINO.US,D,20230109,000000,22.35,22.4231,21.95,21.975,11116,0
MBINO.US,D,20230110,000000,22,22.2499,21.9521,22.11,14361,0
MBINO.US,D,20230111,000000,22.2,23.23,22.19,22.74,9023,0
MBINO.US,D,20230112,000000,22.5001,22.8,22.5001,22.73,6848,0
MBINO.US,D,20230113,000000,22.79,23.1299,22.7501,22.96,3683,0
MBINO.US,D,20230117,000000,23,23.0099,22.75,22.91,11916,0
MBINO.US,D,20230118,000000,23,23.075,22.45,22.65,15514,0
MBINO.US,D,20230119,000000,22.5101,22.85,22.5101,22.85,4361,0
MBINO.US,D,20230120,000000,22.86,23.44,22.7501,23.41,4945,0
MBINO.US,D,20230123,000000,23.29,23.2999,23.065,23.13,6912,0
MBINO.US,D,20230124,000000,23.14,23.2799,22.96,23.27,4459,0
MBINO.US,D,20230125,000000,23,23.28,22.97,23.28,1814,0
MBINO.US,D,20230126,000000,22.99,23.25,22.96,23.13,7079,0
MBINO.US,D,20230127,000000,23.02,23.4,22.875,23.39,10360,0
MBINO.US,D,20230130,000000,23.15,23.99,23.15,23.75,15708,0
MBINO.US,D,20230131,000000,23.61,24.105,23.61,24,24686,0
MBINO.US,D,20230201,000000,23.93,24.19,23.93,24.1,8144,0
MBINO.US,D,20230202,000000,24.1,24.2999,24.1,24.21,6522,0
MBINO.US,D,20230203,000000,24.1,24.3015,23.77,23.81,18500,0
MBINO.US,D,20230206,000000,23.78,23.78,23.4386,23.61,12943,0
MBINO.US,D,20230207,000000,23.67,23.71,23.4,23.57,8225,0
MBINO.US,D,20230208,000000,23.64,23.77,23.5,23.6675,5509,0
MBINO.US,D,20230209,000000,23.71,23.74,23.325,23.55,6613,0
MBINO.US,D,20230210,000000,23.51,23.544,23.4001,23.42,3777,0
MBINO.US,D,20230213,000000,23.5,23.8999,23.2201,23.68,8493,0
MBINO.US,D,20230214,000000,23.55,23.7999,23.2501,23.56,8321,0
MBINO.US,D,20230215,000000,23.466,23.9699,23.3442,23.68,4424,0
MBINO.US,D,20230216,000000,23.7,23.92,23.61,23.61,1536,0
MBINO.US,D,20230217,000000,23.71,23.87,23.41,23.54,3000,0
MBINO.US,D,20230221,000000,23.47,23.47,23.13,23.15,13744,0
MBINO.US,D,20230222,000000,23.54,23.59,23.3125,23.4,3575,0
MBINO.US,D,20230223,000000,23.49,23.6499,23.43,23.43,3367,0
MBINO.US,D,20230224,000000,23.05,23.4,23.05,23.34,3704,0
MBINO.US,D,20230227,000000,23.38,23.81,23.36,23.78,5719,0
MBINO.US,D,20230228,000000,23.76,24.32,23.65,24.15,9724,0
MBINO.US,D,20230301,000000,23.85,24,23.6501,23.6501,3703,0
MBINO.US,D,20230302,000000,23.6167,23.6167,23.25,23.2701,2576,0
MBINO.US,D,20230303,000000,23.6128,23.75,23.6128,23.65,4099,0
MBINO.US,D,20230306,000000,23.85,23.85,23.4061,23.5,6485,0
MBINO.US,D,20230307,000000,23.31,23.54,23.12,23.44,13185,0
MBINO.US,D,20230308,000000,23.47,23.57,23.25,23.25,2522,0
MBINO.US,D,20230309,000000,23.29,23.29,22.29,22.35,15937,0
MBINO.US,D,20230310,000000,22.45,22.45,21.8,22.04,17024,0
MBINO.US,D,20230313,000000,21.74,21.74,19.9501,20.4,69585,0
MBINO.US,D,20230314,000000,21.03,22.37,21.03,21.1,18836,0
MBINO.US,D,20230315,000000,20.82,20.82,19.21,19.84,12373,0
MBINO.US,D,20230316,000000,19.49,20.73,19.3,20.176,15565,0
MBINO.US,D,20230317,000000,20.18,20.18,18.81,19.41,39579,0
MBINO.US,D,20230320,000000,19.9372,20,19.26,19.26,9779,0
MBINO.US,D,20230321,000000,19.57,20.2499,19.37,19.46,16674,0
MBINO.US,D,20230322,000000,19.43,19.955,19.42,19.42,7796,0
MBINO.US,D,20230323,000000,19.52,19.83,19.28,19.28,9469,0
MBINO.US,D,20230324,000000,19.36,19.745,19.2,19.74,9120,0
MBINO.US,D,20230327,000000,20.04,20.16,19.56,19.73,6315,0
MBINO.US,D,20230328,000000,20,20.2,19.8,20.19,2805,0
MBINO.US,D,20230329,000000,20.17,20.47,20.11,20.3,8272,0
MBINO.US,D,20230330,000000,20.5,20.5,20.25,20.2805,5684,0
MBINO.US,D,20230331,000000,20.4,21.2,20.3106,21.02,19969,0
MBINO.US,D,20230403,000000,21.37,21.44,20.686,20.9,11169,0
MBINO.US,D,20230404,000000,21,21,20.25,20.34,26086,0
MBINO.US,D,20230405,000000,20.25,20.5,20.25,20.31,18922,0
MBINO.US,D,20230406,000000,20.4,20.91,20.4,20.84,13642,0
MBINO.US,D,20230410,000000,20.74,20.7999,20.52,20.68,10668,0
MBINO.US,D,20230411,000000,20.75,20.835,20.55,20.835,11323,0
MBINO.US,D,20230412,000000,20.71,20.82,20.55,20.6,13104,0
MBINO.US,D,20230413,000000,20.63,20.8,20.57,20.67,4403,0
MBINO.US,D,20230414,000000,20.7,20.865,20.6,20.66,11876,0
MBINO.US,D,20230417,000000,20.65,20.7915,20.6,20.6,7795,0
MBINO.US,D,20230418,000000,20.725,20.725,20.18,20.18,10642,0
MBINO.US,D,20230419,000000,20.1701,20.5749,20.1701,20.3999,7737,0
MBINO.US,D,20230420,000000,20.2,20.8199,20.16,20.28,7424,0
MBINO.US,D,20230421,000000,20.26,20.27,20.1,20.25,6875,0
MBINO.US,D,20230424,000000,20.29,20.45,20.2,20.37,11116,0
MBINO.US,D,20230425,000000,20.4,20.44,19.82,20.01,6302,0
MBINO.US,D,20230426,000000,20.08,20.08,19.7725,19.78,7543,0
MBINO.US,D,20230427,000000,19.73,19.95,19.68,19.82,4079,0
MBINO.US,D,20230428,000000,19.8,20.66,19.8,20.63,13750,0
MBINO.US,D,20230501,000000,20.45,20.45,19.11,19.13,14807,0
MBINO.US,D,20230502,000000,19.16,19.2536,18.1626,18.69,22523,0
MBINO.US,D,20230503,000000,18.47,18.8591,18.25,18.26,10159,0
MBINO.US,D,20230504,000000,18.26,18.26,15.8595,16.34,46976,0
MBINO.US,D,20230505,000000,17.04,18,16.6301,17.625,25862,0
MBINO.US,D,20230508,000000,17.81,18.25,17.26,17.75,9527,0
MBINO.US,D,20230509,000000,17.65,17.85,17.1,17.7946,11832,0
MBINO.US,D,20230510,000000,17.85,18.37,17.5101,17.7606,9027,0
MBINO.US,D,20230511,000000,17.65,17.975,17.6,17.91,8564,0
MBINO.US,D,20230512,000000,17.86,17.94,17.72,17.78,14175,0
MBINO.US,D,20230515,000000,17.9,18.3458,17.88,18.11,5378,0
MBINO.US,D,20230516,000000,17.96,18.6299,17.8801,18.125,6202,0
MBINO.US,D,20230517,000000,18.03,18.47,17.9001,18.17,7692,0
MBINO.US,D,20230518,000000,18.12,19.2545,18.12,19.2545,6077,0
MBINO.US,D,20230519,000000,18.57,18.9999,18.12,18.3,6522,0
MBINO.US,D,20230522,000000,18.34,19.53,18.34,19,9039,0
MBINO.US,D,20230523,000000,18.73,19.7199,18.73,19.01,4314,0
MBINO.US,D,20230524,000000,18.67,18.85,18.54,18.85,5781,0
MBINO.US,D,20230525,000000,18.76,19.1717,18.545,19,7912,0
MBINO.US,D,20230526,000000,19,19.02,18.82,19,5184,0
MBINO.US,D,20230530,000000,19.01,19.2499,18.7,18.78,7049,0
MBINO.US,D,20230531,000000,18.68,19.41,18.54,19.41,18548,0
MBINO.US,D,20230601,000000,19,19.65,19,19.64,8617,0
MBINO.US,D,20230602,000000,19.88,20.38,19.86,19.98,12687,0
MBINO.US,D,20230605,000000,19.86,20.13,19.55,20,7631,0
MBINO.US,D,20230606,000000,20.11,20.6899,20.1,20.4,20704,0
MBINO.US,D,20230607,000000,20.4,20.4,20.2,20.33,2905,0
MBINO.US,D,20230608,000000,20.347,20.4,20.337,20.4,3582,0
MBINO.US,D,20230609,000000,20.39,20.39,20.36,20.38,4944,0
MBINO.US,D,20230612,000000,20.4,20.4,19.66,20.32,15114,0
MBINO.US,D,20230613,000000,20,20.49,20,20.245,8901,0
MBINO.US,D,20230614,000000,20,20.3499,19.62,19.62,7432,0
MBINO.US,D,20230615,000000,19.88,19.99,19.7,19.99,2284,0
MBINO.US,D,20230616,000000,19.645,19.8999,19.645,19.76,3418,0
MBINO.US,D,20230620,000000,19.59,19.7277,19.5,19.57,4705,0
MBINO.US,D,20230621,000000,19.9999,19.9999,19.5501,19.5511,4088,0
MBINO.US,D,20230622,000000,19.69,19.69,19.0602,19.07,13690,0
MBINO.US,D,20230623,000000,19.16,19.25,18.865,18.8677,10990,0
MBINO.US,D,20230626,000000,19,19,18.7601,18.9,12872,0
MBINO.US,D,20230627,000000,18.9901,19.5,18.769,18.97,13933,0
MBINO.US,D,20230628,000000,18.85,19.28,18.85,19.16,11982,0
MBINO.US,D,20230629,000000,19.0501,19.5,19.0501,19.35,4216,0
MBINO.US,D,20230630,000000,19.35,21.29,19.1101,21.21,45600,0
MBINO.US,D,20230703,000000,21.1,21.48,20.79,21.41,18626,0
MBINO.US,D,20230705,000000,21.22,21.54,21,21.14,13124,0
MBINO.US,D,20230706,000000,21,21,20.63,20.65,5375,0
MBINO.US,D,20230707,000000,20.55,20.59,20.33,20.33,12365,0
MBINO.US,D,20230710,000000,20.555,20.5999,20.3878,20.405,3039,0
MBINO.US,D,20230711,000000,20.3601,20.785,20.3601,20.785,6119,0
MBINO.US,D,20230712,000000,20.8,20.81,20.6,20.69,21067,0
MBINO.US,D,20230713,000000,20.5001,20.755,20.5001,20.65,2651,0
MBINO.US,D,20230714,000000,20.75,20.885,19.7401,19.91,16474,0
MBINO.US,D,20230717,000000,20.385,20.385,19.9201,20,2945,0
MBINO.US,D,20230718,000000,20.1,20.7,20,20,3047,0
MBINO.US,D,20230719,000000,20.95,20.95,20.1601,20.7,5467,0
MBINO.US,D,20230720,000000,20.6,20.6,20.3701,20.5,4023,0
MBINO.US,D,20230721,000000,20.52,20.73,20.52,20.56,4648,0
MBINO.US,D,20230724,000000,20.7499,21,20.7499,20.86,11112,0
MBINO.US,D,20230725,000000,20.85,21.01,20.56,20.63,6505,0
MBINO.US,D,20230726,000000,20.63,21.1,20.63,21.01,6790,0
MBINO.US,D,20230727,000000,21.23,21.23,20.6601,20.93,9580,0
MBINO.US,D,20230728,000000,21.15,21.22,20.6657,20.95,2439,0
MBINO.US,D,20230731,000000,21.2299,21.345,21.19,21.29,3027,0
MBINO.US,D,20230801,000000,21.28,21.4242,21.07,21.31,9061,0
MBINO.US,D,20230802,000000,21.4,21.57,21.3,21.53,9627,0
MBINO.US,D,20230803,000000,21.5,21.64,21.3947,21.49,13259,0
MBINO.US,D,20230804,000000,21.3601,21.95,21.3601,21.85,9443,0
MBINO.US,D,20230807,000000,21.95,22.31,21.9335,22.18,11392,0
MBINO.US,D,20230808,000000,22.15,22.4399,21.8969,22.27,26597,0
MBINO.US,D,20230809,000000,22.27,22.5,22.25,22.5,9254,0
MBINO.US,D,20230810,000000,22.48,22.65,22.04,22.04,16711,0
MBINO.US,D,20230811,000000,22.04,22.1338,21.9001,21.96,4863,0
MBINO.US,D,20230814,000000,21.98,22.1925,21.64,21.9899,4114,0
MBINO.US,D,20230815,000000,21.61,21.84,21.4,21.6,5217,0
MBINO.US,D,20230816,000000,21.6,21.6499,20.79,20.82,18930,0
MBINO.US,D,20230817,000000,21.09,21.4,20.88,21.35,13326,0
MBINO.US,D,20230818,000000,21.3099,22.38,21.29,21.53,14917,0
MBINO.US,D,20230821,000000,21.517,21.99,21.517,21.84,9980,0
MBINO.US,D,20230822,000000,21.89,22.15,21.8101,21.9085,4049,0
MBINO.US,D,20230823,000000,22.05,22.66,21.84,22.66,4708,0
MBINO.US,D,20230824,000000,22.96,22.96,21.9,22.16,8195,0
MBINO.US,D,20230825,000000,22.01,22.075,21.87,22.01,5853,0
MBINO.US,D,20230828,000000,22.85,22.85,22,22.03,9795,0
MBINO.US,D,20230829,000000,22.08,22.3393,21.815,22.1,26132,0
MBINO.US,D,20230830,000000,22.07,22.8199,22.07,22.56,2567,0
MBINO.US,D,20230831,000000,22.3,22.72,22.15,22.72,30633,0
MBINO.US,D,20230901,000000,22.45,22.69,22.23,22.69,3188,0
MBINO.US,D,20230905,000000,22.45,22.745,22.45,22.55,5426,0
MBINO.US,D,20230906,000000,22.48,22.9,22.33,22.8699,12398,0
MBINO.US,D,20230907,000000,22.81,22.85,22.61,22.77,4945,0
MBINO.US,D,20230908,000000,22.63,22.77,22.63,22.65,1854,0
MBINO.US,D,20230911,000000,22.6798,22.87,22.56,22.57,5462,0
MBINO.US,D,20230912,000000,22.65,22.9399,22.42,22.5001,11358,0
MBINO.US,D,20230913,000000,22.55,22.9799,22.55,22.71,8811,0
MBINO.US,D,20230914,000000,22.62,22.62,22.4,22.59,8041,0
MBINO.US,D,20230915,000000,22.38,22.5499,22.38,22.53,1906,0
MBINO.US,D,20230918,000000,22.4805,22.55,22.4805,22.5482,7313,0
MBINO.US,D,20230919,000000,22.45,22.63,22.25,22.25,13346,0
MBINO.US,D,20230920,000000,22.3,22.5499,22.3,22.425,7492,0
MBINO.US,D,20230921,000000,22.3,22.37,22.14,22.37,4788,0
MBINO.US,D,20230922,000000,22.28,22.4,22.15,22.15,7980,0
MBINO.US,D,20230925,000000,22.14,22.1688,21.9678,22.07,10510,0
MBINO.US,D,20230926,000000,21.96,22.01,21.8462,22,6516,0
MBINO.US,D,20230927,000000,21.95,22.055,21.95,22,3005,0
MBINO.US,D,20230928,000000,21.97,22.26,21.97,22.25,7499,0
MBINO.US,D,20230929,000000,22.23,22.665,22.13,22.13,21791,0
MBINO.US,D,20231002,000000,22.13,22.7499,22.1,22.2499,9938,0
MBINO.US,D,20231003,000000,22.1155,22.1155,21.7101,21.8,21988,0
MBINO.US,D,20231004,000000,22.01,22.01,21.75,21.85,4152,0
MBINO.US,D,20231005,000000,21.75,22.065,21.65,21.65,7103,0
MBINO.US,D,20231006,000000,21.7,22.0094,21.59,22.0094,4802,0
MBINO.US,D,20231009,000000,22,22.25,21.8,21.8,9703,0
MBINO.US,D,20231010,000000,21.98,22.27,21.85,21.85,14119,0
MBINO.US,D,20231011,000000,21.88,22.2499,21.61,21.65,11361,0
MBINO.US,D,20231012,000000,21.9,22.2,21.14,21.28,10657,0
MBINO.US,D,20231013,000000,22.1999,22.1999,20.9,20.9,9389,0
MBINO.US,D,20231016,000000,20.97,20.97,20.53,20.55,12306,0
MBINO.US,D,20231017,000000,20.6,20.6293,20.06,20.23,14022,0
MBINO.US,D,20231018,000000,20.69,21.0799,20.1,20.19,13134,0
MBINO.US,D,20231019,000000,20.625,20.625,19.76,19.95,18702,0
MBINO.US,D,20231020,000000,20.36,20.5,20.05,20.07,11623,0
MBINO.US,D,20231023,000000,20.815,20.815,20.1001,20.26,6128,0
MBINO.US,D,20231024,000000,20.25,20.44,20.1,20.31,8933,0
MBINO.US,D,20231025,000000,20.3,20.75,20.15,20.2,7931,0
MBINO.US,D,20231026,000000,20.9399,20.9399,20.2,20.25,1942,0
MBINO.US,D,20231027,000000,20.47,20.5366,19.75,19.75,16726,0
MBINO.US,D,20231030,000000,19.8701,20.2,19.17,19.38,24433,0
MBINO.US,D,20231031,000000,19.5,20.2,19.24,19.53,224419,0
MBINO.US,D,20231101,000000,19.6,20.73,19.6,20.73,16363,0
MBINO.US,D,20231102,000000,21.1338,21.6499,21.09,21.63,12908,0
MBINO.US,D,20231103,000000,21.5001,21.87,21.5,21.82,18146,0
MBINO.US,D,20231106,000000,21.89,21.9799,21.7,21.88,3511,0
MBINO.US,D,20231107,000000,21.8899,21.8899,21.6,21.76,6416,0
MBINO.US,D,20231108,000000,21.705,21.79,21.25,21.625,28316,0
MBINO.US,D,20231109,000000,21.5,21.5467,20.99,21.3,16997,0
MBINO.US,D,20231110,000000,21.49,21.5,21.01,21.2,18429,0
MBINO.US,D,20231113,000000,21.25,21.6499,21.1,21.25,27033,0
MBINO.US,D,20231114,000000,21.82,21.8899,21.4,21.56,28498,0
MBINO.US,D,20231115,000000,21.58,21.8499,21.4,21.51,18803,0
MBINO.US,D,20231116,000000,21.55,21.9799,21.53,21.6,35103,0
MBINO.US,D,20231117,000000,21.69,21.9599,21.6,21.74,44595,0
MBINO.US,D,20231120,000000,21.9599,21.9599,21.75,21.855,14327,0
MBINO.US,D,20231121,000000,21.87,21.95,21.687,21.78,52519,0
MBINO.US,D,20231122,000000,21.76,21.84,21.69,21.75,23471,0
MBINO.US,D,20231124,000000,21.9599,21.9599,21.8,21.8979,1759,0
MBINO.US,D,20231127,000000,21.9,21.9599,21.85,21.925,20527,0
MBINO.US,D,20231128,000000,21.85,22.14,21.825,22.06,17319,0
MBINO.US,D,20231129,000000,22.2447,22.7299,22.15,22.19,8813,0
MBINO.US,D,20231130,000000,22.3,22.55,22.01,22.13,17209,0
MBINO.US,D,20231201,000000,22.13,22.59,22.13,22.57,18883,0
MBINO.US,D,20231204,000000,22.47,22.67,22.45,22.6699,9687,0
MBINO.US,D,20231205,000000,22.67,22.67,22.56,22.5916,3497,0
MBINO.US,D,20231206,000000,22.62,22.85,22.62,22.75,14070,0
MBINO.US,D,20231207,000000,22.86,23.11,22.7,22.98,13627,0
MBINO.US,D,20231208,000000,22.9,23,22.8001,23,11912,0
MBINO.US,D,20231211,000000,22.95,23.1099,22.8,22.9854,12477,0
MBINO.US,D,20231212,000000,22.9999,22.9999,22.8,22.97,13398,0
MBINO.US,D,20231213,000000,23,23.25,22.81,23.2,19306,0
MBINO.US,D,20231214,000000,23,23.32,22.83,23.25,25613,0
MBINO.US,D,20231215,000000,23.13,23.27,23.1,23.27,5858,0
MBINO.US,D,20231218,000000,23.3,23.66,23.29,23.5,19262,0
MBINO.US,D,20231219,000000,23.48,23.525,23.275,23.43,10341,0
MBINO.US,D,20231220,000000,23.43,23.6,23.41,23.56,7454,0
MBINO.US,D,20231221,000000,23.59,23.71,23.46,23.69,6509,0
MBINO.US,D,20231222,000000,23.7,23.7,23.55,23.7,11326,0
MBINO.US,D,20231226,000000,23.5601,23.99,23.5601,23.85,10485,0
MBINO.US,D,20231227,000000,23.81,23.88,23.81,23.82,14043,0
MBINO.US,D,20231228,000000,23.84,24.1,23.84,24.07,8478,0
MBINO.US,D,20231229,000000,23.96,24.06,23.82,23.82,17230,0
MBINO.US,D,20240102,000000,23.97,24.0299,23.8245,23.86,14455,0
MBINO.US,D,20240103,000000,23.93,23.9799,23.85,23.87,6866,0
MBINO.US,D,20240104,000000,23.959,23.959,23.77,23.77,11203,0
MBINO.US,D,20240105,000000,23.79,24,23.75,23.77,3771,0
MBINO.US,D,20240108,000000,23.885,24.02,23.75,24,7510,0
MBINO.US,D,20240109,000000,23.86,24.1399,23.86,24.1399,7095,0
MBINO.US,D,20240110,000000,24.11,24.1999,24.03,24.115,12984,0
MBINO.US,D,20240111,000000,24.1001,24.28,24.1,24.28,2376,0
MBINO.US,D,20240112,000000,24.28,24.28,24.1735,24.18,8178,0
MBINO.US,D,20240116,000000,24.32,24.32,24.15,24.19,8563,0
MBINO.US,D,20240117,000000,24.25,24.25,24.15,24.175,7575,0
MBINO.US,D,20240118,000000,24.1,24.14,24.1,24.14,5261,0
MBINO.US,D,20240119,000000,24.11,24.225,24.1,24.1,4910,0
MBINO.US,D,20240122,000000,24.28,24.2999,24.1,24.1001,13780,0
MBINO.US,D,20240123,000000,24.1,24.19,24.02,24.18,15981,0
MBINO.US,D,20240124,000000,24.21,24.246,24.1,24.19,12281,0
MBINO.US,D,20240125,000000,24.16,24.41,24.15,24.32,12868,0
MBINO.US,D,20240126,000000,24.31,24.47,24.3,24.46,7873,0
MBINO.US,D,20240129,000000,24.36,24.5598,24.35,24.39,10202,0
MBINO.US,D,20240130,000000,24.41,24.5,24.38,24.5,10239,0
MBINO.US,D,20240131,000000,24.5,24.57,24.45,24.5,9618,0
MBINO.US,D,20240201,000000,24.45,24.69,24.2,24.48,30561,0
MBINO.US,D,20240202,000000,24.33,24.5899,24.3,24.39,8472,0
MBINO.US,D,20240205,000000,24.35,24.3921,24.31,24.3381,7118,0
MBINO.US,D,20240206,000000,24.35,24.37,24.26,24.26,13254,0
MBINO.US,D,20240207,000000,24.3,24.36,24.11,24.11,7661,0
MBINO.US,D,20240208,000000,24.1127,24.2501,24.1127,24.1997,5262,0
MBINO.US,D,20240209,000000,24.17,24.27,24.17,24.22,6229,0
MBINO.US,D,20240212,000000,24.37,24.47,24.17,24.47,2585,0
MBINO.US,D,20240213,000000,24.24,24.413,24.12,24.35,6726,0
MBINO.US,D,20240214,000000,24.35,24.45,24.35,24.4,3002,0
MBINO.US,D,20240215,000000,24.47,24.49,24.4,24.4,5498,0
MBINO.US,D,20240216,000000,24.4,24.4,24.4,24.4,2378,0
MBINO.US,D,20240220,000000,24.49,24.49,24.35,24.4,9702,0
MBINO.US,D,20240221,000000,24.45,24.55,24.35,24.42,7434,0
MBINO.US,D,20240222,000000,24.4,24.49,24.4,24.49,4186,0
MBINO.US,D,20240223,000000,24.49,24.5999,24.4,24.56,9400,0
MBINO.US,D,20240226,000000,24.6,24.68,24.54,24.68,10270,0
MBINO.US,D,20240227,000000,24.7,24.7,24.6001,24.65,4001,0
MBINO.US,D,20240228,000000,24.67,24.7,24.55,24.62,9100,0
MBINO.US,D,20240229,000000,24.71,25.18,24.62,25.13,82806,0
MBINO.US,D,20240301,000000,25.05,25.05,24.95,25.03,9501,0
MBINO.US,D,20240304,000000,24.95,24.9999,24.66,24.76,20085,0
MBINO.US,D,20240305,000000,24.74,24.83,24.66,24.75,27756,0
MBINO.US,D,20240306,000000,24.77,24.85,24.67,24.67,12714,0
MBINO.US,D,20240307,000000,24.816,24.82,24.7,24.72,8489,0
MBINO.US,D,20240308,000000,24.69,24.7999,24.66,24.6701,17564,0
MBINO.US,D,20240311,000000,24.72,24.72,24.67,24.6896,5111,0
MBINO.US,D,20240312,000000,24.7,24.7,24.67,24.6999,24101,0
MBINO.US,D,20240313,000000,24.63,24.75,24.6,24.7,42002,0
MBINO.US,D,20240314,000000,24.3,24.375,23.87,23.87,18956,0
MBINO.US,D,20240315,000000,23.94,24.2,23.94,24.2,10884,0
MBINO.US,D,20240318,000000,24.19,24.25,24.11,24.11,15483,0
MBINO.US,D,20240319,000000,24.19,24.33,24.18,24.33,7381,0
MBINO.US,D,20240320,000000,24.31,24.4,24.2817,24.4,12432,0
MBINO.US,D,20240321,000000,24.4,24.5,24.35,24.35,19809,0
MBINO.US,D,20240322,000000,24.37,24.48,24.3,24.38,19839,0
MBINO.US,D,20240325,000000,24.39,24.4,24.35,24.365,5281,0
MBINO.US,D,20240326,000000,24.4,24.4,24.3401,24.35,12913,0
MBINO.US,D,20240327,000000,24.44,24.44,24.3,24.32,19649,0
MBINO.US,D,20240328,000000,24.4,24.45,23.94,23.94,87965,0
MBINO.US,D,20240401,000000,24.15,24.33,24.05,24.3,27368,0
MBINO.US,D,20240402,000000,24.3,24.3499,24.25,24.3,34097,0
MBINO.US,D,20240403,000000,24.28,24.49,24.26,24.49,27162,0
MBINO.US,D,20240404,000000,24.5,24.51,24.3801,24.49,12367,0
MBINO.US,D,20240405,000000,24.475,24.85,24.475,24.85,24225,0
MBINO.US,D,20240408,000000,24.655,24.7199,24.61,24.69,8063,0
MBINO.US,D,20240409,000000,24.74,24.7499,24.54,24.54,6622,0
MBINO.US,D,20240410,000000,24.6,24.6,24.4101,24.58,12901,0
MBINO.US,D,20240411,000000,24.51,24.55,24.45,24.5,12430,0
MBINO.US,D,20240412,000000,24.5,24.68,24.5,24.68,3897,0
MBINO.US,D,20240415,000000,24.5999,24.5999,24.32,24.32,10307,0
MBINO.US,D,20240416,000000,24.35,24.5,24.35,24.4,4278,0
MBINO.US,D,20240417,000000,24.3,24.5,24.3,24.3,8998,0
MBINO.US,D,20240418,000000,24.6799,24.6799,24.3473,24.45,6102,0
MBINO.US,D,20240419,000000,24.36,24.405,24.36,24.405,1816,0
MBINO.US,D,20240422,000000,24.575,24.6499,24.45,24.45,4420,0
MBINO.US,D,20240423,000000,24.6999,24.6999,24.4501,24.58,3784,0
MBINO.US,D,20240424,000000,24.6,24.7,24.5,24.61,9512,0
MBINO.US,D,20240425,000000,24.6691,24.6691,24.45,24.55,7736,0
MBINO.US,D,20240426,000000,24.45,24.52,24.41,24.45,4947,0
MBINO.US,D,20240429,000000,24.6,24.6899,24.53,24.6,11009,0
MBINO.US,D,20240430,000000,24.68,24.69,24.61,24.66,11762,0
MBINO.US,D,20240501,000000,24.6201,24.8,24.62,24.723,7507,0
MBINO.US,D,20240502,000000,24.63,24.81,24.63,24.7,16741,0
MBINO.US,D,20240503,000000,24.72,24.75,24.6701,24.6701,6670,0
MBINO.US,D,20240506,000000,24.7,24.8,24.67,24.74,7263,0
MBINO.US,D,20240507,000000,24.74,24.7833,24.65,24.75,7097,0
MBINO.US,D,20240508,000000,24.57,24.7999,24.55,24.6,12927,0
MBINO.US,D,20240509,000000,24.6,24.7,24.56,24.56,14093,0
MBINO.US,D,20240510,000000,24.58,24.6501,24.56,24.6501,5987,0
MBINO.US,D,20240513,000000,24.67,24.7799,24.6,24.7,8448,0
MBINO.US,D,20240514,000000,24.675,24.7433,24.6,24.665,5271,0
MBINO.US,D,20240515,000000,24.6258,24.79,24.62,24.79,8969,0
MBINO.US,D,20240516,000000,24.81,24.99,24.75,24.99,12341,0
MBINO.US,D,20240517,000000,24.87,24.87,24.76,24.8,2693,0
MBINO.US,D,20240520,000000,24.84,24.93,24.8,24.93,2655,0
MBINO.US,D,20240521,000000,24.815,24.95,24.75,24.81,7060,0
MBINO.US,D,20240522,000000,24.81,24.81,24.6001,24.73,12161,0
MBINO.US,D,20240523,000000,24.71,24.7144,24.6,24.61,7207,0
MBINO.US,D,20240524,000000,24.66,24.755,24.66,24.68,5322,0
MBINO.US,D,20240528,000000,24.65,24.76,24.62,24.76,10491,0
MBINO.US,D,20240529,000000,24.6501,24.7,24.61,24.6999,5572,0
MBINO.US,D,20240530,000000,24.6501,24.74,24.65,24.7,2428,0
MBINO.US,D,20240531,000000,24.71,24.88,24.71,24.82,6511,0
MBINO.US,D,20240603,000000,24.77,24.8001,24.6778,24.7701,7080,0
MBINO.US,D,20240604,000000,24.75,24.85,24.75,24.8,9197,0
MBINO.US,D,20240605,000000,24.82,24.93,24.776,24.93,15250,0
MBINO.US,D,20240606,000000,24.9199,24.99,24.85,24.955,10136,0
MBINO.US,D,20240607,000000,24.9,24.95,24.835,24.835,11890,0
MBINO.US,D,20240610,000000,24.9,24.9,24.8465,24.9,7087,0
MBINO.US,D,20240611,000000,24.85,24.87,24.7999,24.827,18302,0
MBINO.US,D,20240612,000000,24.86,24.8601,24.86,24.8601,720,0
MBINO.US,D,20240613,000000,24.9,25,24.9,25,2611,0
MBINO.US,D,20240614,000000,24.65,24.68,24.6387,24.6562,2581,0
MBINO.US,D,20240617,000000,24.6499,24.6499,24.55,24.57,5184,0
MBINO.US,D,20240618,000000,24.64,24.7,24.61,24.68,3482,0
MBINO.US,D,20240620,000000,24.69,24.7,24.65,24.7,11855,0
MBINO.US,D,20240621,000000,24.7,24.73,24.7,24.7,5063,0
MBINO.US,D,20240624,000000,24.68,24.7,24.18,24.46,154557,0
MBINO.US,D,20240625,000000,24.5197,24.5669,24.5197,24.54,12850,0
MBINO.US,D,20240626,000000,24.47,24.5999,24.435,24.5639,28194,0
MBINO.US,D,20240627,000000,24.54,24.6067,24.52,24.55,8739,0
MBINO.US,D,20240628,000000,24.53,24.69,24.45,24.47,18968,0
MBINO.US,D,20240701,000000,24.71,24.7299,24.605,24.7,9022,0
MBINO.US,D,20240702,000000,24.675,24.73,24.65,24.65,5969,0
MBINO.US,D,20240703,000000,24.68,24.74,24.675,24.74,9164,0
MBINO.US,D,20240705,000000,24.71,24.89,24.71,24.89,11711,0
MBINO.US,D,20240708,000000,24.845,24.88,24.82,24.88,4483,0
MBINO.US,D,20240709,000000,24.88,24.88,24.792,24.8775,1801,0
MBINO.US,D,20240710,000000,24.8257,24.89,24.8,24.8086,1554,0
MBINO.US,D,20240711,000000,24.85,24.86,24.8,24.81,3812,0
MBINO.US,D,20240712,000000,24.82,24.89,24.82,24.86,9097,0
MBINO.US,D,20240715,000000,24.84,24.8886,24.82,24.8201,6711,0
MBINO.US,D,20240716,000000,24.855,24.855,24.81,24.8101,4123,0
MBINO.US,D,20240717,000000,24.87,24.88,24.8,24.81,10958,0
MBINO.US,D,20240718,000000,24.84,24.88,24.83,24.83,3495,0
MBINO.US,D,20240719,000000,24.845,24.88,24.81,24.8201,1678,0
MBINO.US,D,20240722,000000,24.81,24.91,24.81,24.91,7165,0
MBINO.US,D,20240723,000000,24.85,24.93,24.83,24.89,8061,0
MBINO.US,D,20240724,000000,24.88,24.9,24.85,24.9,2052,0
MBINO.US,D,20240725,000000,24.8501,24.99,24.8501,24.9278,7513,0
MBINO.US,D,20240726,000000,24.93,24.95,24.89,24.9,9272,0
MBINO.US,D,20240729,000000,24.9,24.95,24.8253,24.8301,11092,0
MBINO.US,D,20240730,000000,24.83,24.9,24.8,24.88,9433,0
MBINO.US,D,20240731,000000,24.8,24.95,24.8,24.9,6218,0
MBINO.US,D,20240801,000000,24.87,24.9,24.85,24.88,7517,0
MBINO.US,D,20240802,000000,24.76,24.9,24.76,24.83,5660,0
MBINO.US,D,20240805,000000,24.69,24.7765,24.5101,24.73,14925,0
MBINO.US,D,20240806,000000,24.63,24.8155,24.6288,24.75,13772,0
MBINO.US,D,20240807,000000,24.75,24.95,24.75,24.95,18771,0
MBINO.US,D,20240808,000000,24.88,24.95,24.71,24.95,4041,0
MBINO.US,D,20240809,000000,24.82,24.85,24.7687,24.845,3300,0
MBINO.US,D,20240812,000000,24.79,24.875,24.78,24.7801,8046,0
MBINO.US,D,20240813,000000,24.82,24.8525,24.64,24.85,6583,0
MBINO.US,D,20240814,000000,24.85,25,24.7701,25,12279,0
MBINO.US,D,20240815,000000,24.91,25.035,24.91,25,9810,0
MBINO.US,D,20240816,000000,25.0225,25.0399,24.94,25,12745,0
MBINO.US,D,20240819,000000,24.98,25.03,24.9402,25.03,18919,0
MBINO.US,D,20240820,000000,24.9769,25.0101,24.9,24.9,14738,0
MBINO.US,D,20240821,000000,24.9418,24.9847,24.82,24.9,24858,0
MBINO.US,D,20240822,000000,24.99,24.99,24.92,24.935,5276,0
MBINO.US,D,20240823,000000,24.9659,24.98,24.95,24.97,6318,0
MBINO.US,D,20240826,000000,25.03,25.03,24.95,24.975,2811,0
MBINO.US,D,20240827,000000,25,25,24.95,24.95,3965,0
MBINO.US,D,20240828,000000,25.025,25.025,24.95,24.95,3588,0
MBINO.US,D,20240829,000000,25.05,25.05,24.95,25.04,9881,0
MBINO.US,D,20240830,000000,25.0455,25.05,25,25.05,6982,0
MBINO.US,D,20240903,000000,24.96,25.11,24.96,25.0875,6686,0
MBINO.US,D,20240904,000000,25.01,25.11,25.01,25.04,5166,0
MBINO.US,D,20240905,000000,25.11,25.11,25.02,25.07,4456,0
MBINO.US,D,20240906,000000,25.11,25.12,25.0801,25.12,2250,0
MBINO.US,D,20240909,000000,25.11,25.1775,25.11,25.1205,8269,0
MBINO.US,D,20240910,000000,25.12,25.2,25.11,25.195,12766,0
MBINO.US,D,20240911,000000,25.1201,25.22,25.11,25.22,6026,0
MBINO.US,D,20240912,000000,25.18,25.35,25.18,25.35,4652,0
MBINO.US,D,20240913,000000,24.94,25.02,24.94,25.02,4347,0
MBINO.US,D,20240916,000000,25.03,25.0586,24.9601,25,15327,0
MBINO.US,D,20240917,000000,25.01,25.08,25,25.04,13230,0
MBINO.US,D,20240918,000000,25.055,25.09,25.02,25.085,1971,0
MBINO.US,D,20240919,000000,25.12,25.15,25.0801,25.0991,13021,0
MBINO.US,D,20240920,000000,25.01,25.15,24.922,25.1375,2700,0
MBINO.US,D,20240923,000000,25.11,25.2,25.08,25.2,2559,0
MBINO.US,D,20240924,000000,25.19,25.23,25.15,25.16,12154,0
MBINO.US,D,20240925,000000,25.16,25.1866,25.05,25.125,7556,0
MBINO.US,D,20240926,000000,25.1,25.1,25.02,25.1,5209,0
MBINO.US,D,20240927,000000,25.1308,25.1898,25.02,25.1492,13310,0
MBINO.US,D,20240930,000000,25.05,25.19,25.05,25.15,8637,0
MBINO.US,D,20241001,000000,25.29,25.29,25.1332,25.15,11448,0
MBINO.US,D,20241002,000000,25.1505,25.2,25.1501,25.18,6500,0
MBINO.US,D,20241003,000000,25.16,25.2696,25.16,25.2301,7778,0
MBINO.US,D,20241004,000000,25.22,25.22,25.16,25.16,2826,0
MBINO.US,D,20241007,000000,25.16,25.28,25.16,25.1838,6256,0
MBINO.US,D,20241008,000000,25.12,25.25,25.12,25.25,8140,0
MBINO.US,D,20241009,000000,25.181,25.24,25.08,25.0812,33546,0
MBINO.US,D,20241010,000000,25.1799,25.1799,25.1,25.11,4217,0
MBINO.US,D,20241011,000000,25.2499,25.28,25.12,25.181,11358,0
MBINO.US,D,20241014,000000,25.22,25.27,25.09,25.09,33786,0
MBINO.US,D,20241015,000000,25.15,25.215,25.12,25.19,9621,0
MBINO.US,D,20241016,000000,25.19,25.2,25.1604,25.2,4981,0
MBINO.US,D,20241017,000000,25.15,25.1937,25.09,25.13,34981,0
MBINO.US,D,20241018,000000,25.22,25.2486,25.2,25.23,3602,0
MBINO.US,D,20241021,000000,25.15,25.185,25.13,25.16,4511,0
MBINO.US,D,20241022,000000,25.13,25.17,25.13,25.17,5298,0
MBINO.US,D,20241023,000000,25.15,25.17,25.14,25.1499,9001,0
MBINO.US,D,20241024,000000,25.16,25.21,25.15,25.17,3785,0
MBINO.US,D,20241025,000000,25.175,25.1915,25.16,25.17,3859,0
MBINO.US,D,20241028,000000,25.1474,25.2099,25.1474,25.2,14407,0
MBINO.US,D,20241029,000000,25.2,25.2,25.14,25.1401,37428,0
MBINO.US,D,20241030,000000,25.1,25.1,25.06,25.0999,43422,0
MBINO.US,D,20241031,000000,25.1,25.24,25.1,25.22,19453,0
MBINO.US,D,20241101,000000,25.22,25.2399,25.1,25.2125,14031,0
MBINO.US,D,20241104,000000,25.07,25.2279,25.06,25.2023,9737,0
MBINO.US,D,20241105,000000,25.1944,25.258,25.1944,25.25,11695,0
MBINO.US,D,20241106,000000,25.15,25.2799,25.15,25.2001,5864,0
MBINO.US,D,20241107,000000,25.25,25.29,25.248,25.28,6230,0
MBINO.US,D,20241108,000000,25.28,25.31,25.28,25.2801,7561,0
MBINO.US,D,20241111,000000,25.31,25.31,25.2501,25.31,4838,0
MBINO.US,D,20241112,000000,25.3068,25.3315,25.3068,25.32,11889,0
MBINO.US,D,20241113,000000,25.33,25.35,25.27,25.291,11356,0
MBINO.US,D,20241114,000000,25.342,25.342,25.342,25.342,358,0
MBINO.US,D,20241115,000000,25.31,25.36,25.3,25.36,5297,0
MBINO.US,D,20241118,000000,25.35,25.41,25.35,25.3789,26201,0
MBINO.US,D,20241119,000000,25.37,25.38,25.37,25.38,32468,0
MBINO.US,D,20241120,000000,25.37,25.3944,25.37,25.37,46296,0
MBINO.US,D,20241121,000000,25.3999,25.4,25.38,25.39,14343,0
MBINO.US,D,20241122,000000,25.4,25.4199,25.4,25.4,10855,0
MBINO.US,D,20241125,000000,25.41,25.44,25.41,25.41,15745,0
MBINO.US,D,20241126,000000,25.43,25.43,25.41,25.41,36844,0
MBINO.US,D,20241127,000000,25.43,25.45,25.43,25.43,16348,0
MBINO.US,D,20241129,000000,25.44,25.46,25.44,25.45,13376,0
MBINO.US,D,20241202,000000,25.48,25.48,25.45,25.45,13354,0
MBINO.US,D,20241203,000000,25.455,25.47,25.45,25.46,7083,0
MBINO.US,D,20241204,000000,25.46,25.4778,25.46,25.47,23458,0
MBINO.US,D,20241205,000000,25.47,25.475,25.47,25.47,15344,0
MBINO.US,D,20241206,000000,25.47,25.48,25.47,25.4714,13948,0
MBINO.US,D,20241209,000000,25.4725,25.5099,25.47,25.4841,12206,0
MBINO.US,D,20241210,000000,25.47,25.495,25.47,25.48,9103,0
MBINO.US,D,20241211,000000,25.4901,25.5,25.49,25.49,17343,0
MBINO.US,D,20241212,000000,25.49,25.5,25.49,25.5,18351,0
MBINO.US,D,20241213,000000,24.92,24.94,24.92,24.92,32129,0
MBINO.US,D,20241216,000000,24.9383,24.9394,24.93,24.93,24373,0
MBINO.US,D,20241217,000000,24.9389,24.95,24.93,24.9317,21202,0
MBINO.US,D,20241218,000000,24.94,24.95,24.93,24.95,28693,0
MBINO.US,D,20241219,000000,24.95,24.95,24.94,24.9401,35111,0
MBINO.US,D,20241220,000000,24.95,24.9593,24.95,24.9531,21469,0
MBINO.US,D,20241223,000000,24.96,24.96,24.95,24.95,19112,0
MBINO.US,D,20241224,000000,24.96,24.97,24.96,24.9601,13226,0
MBINO.US,D,20241226,000000,24.97,24.97,24.96,24.96,41386,0
MBINO.US,D,20241227,000000,24.97,24.98,24.97,24.97,39710,0
MBINO.US,D,20241230,000000,24.97,25,24.97,24.9828,25951,0
MBINO.US,D,20241231,000000,24.98,25.01,24.98,25.01,40143,0
MBINO.US,D,20250102,000000,25.2,25.2,24.9326,25,7500,0
