<TICKER>,<PER>,<DATE>,<TIME>,<OPEN>,<HIGH>,<LOW>,<CLOSE>,<VOL>,<OPENINT>
MGOL.US,D,20230113,000000,86,166.1,42.9,46.5,1443100,0
MGOL.US,D,20230117,000000,54.1,67,46.4,49,1605570,0
MGOL.US,D,20230118,000000,46.4,48.9,37,37,366670,0
MGOL.US,D,20230119,000000,34.6,41,33.1,39.3,300920,0
MGOL.US,D,20230120,000000,35.5,38.02,34,34.4,134650,0
MGOL.US,D,20230123,000000,35.5,36.5,32.5,32.8,117031,0
MGOL.US,D,20230124,000000,32,32.5,28.5,28.5,183173.5,0
MGOL.US,D,20230125,000000,28,31.3,27.1,27.8,246350.6,0
MGOL.US,D,20230126,000000,28.2,29.2,26.8,27,89331.6,0
MGOL.US,D,20230127,000000,26.9,28.5,25.5,25.7,116514.9,0
MGOL.US,D,20230130,000000,25.7,25.893,23.5,23.8,83000.7,0
MGOL.US,D,20230131,000000,23.5,24.4,22.6,24,90687.7,0
MGOL.US,D,20230201,000000,26,27.3,24,26.9,158168.6,0
MGOL.US,D,20230202,000000,30,30,25.8,26.6,389171.2,0
MGOL.US,D,20230203,000000,25.2,26,24.2,24.4,52231.8,0
MGOL.US,D,20230206,000000,23.9,25,23.1,23.3,62336.6,0
MGOL.US,D,20230207,000000,22.8,23.3,21.2,21.5,57950.5,0
MGOL.US,D,20230208,000000,21.2,21.5,19.1,19.7,71999,0
MGOL.US,D,20230209,000000,21,22,19.3,19.9,81090.8,0
MGOL.US,D,20230210,000000,19.5,19.5,17.7,18.4,58257.5,0
MGOL.US,D,20230213,000000,18.1,19.3,17.5,19.1,33107.5,0
MGOL.US,D,20230214,000000,18.7,19.5,18.1,18.5,17724.4,0
MGOL.US,D,20230215,000000,18.4,20.1,17.8,19.9,50260.6,0
MGOL.US,D,20230216,000000,19.2,22.7,18.8,21.9,142459.4,0
MGOL.US,D,20230217,000000,22,22.091,19.5,19.7,45039,0
MGOL.US,D,20230221,000000,19.4,20.5,18.2,18.35,38870.1,0
MGOL.US,D,20230222,000000,18.3,20.4,18.3,19.1,49587.2,0
MGOL.US,D,20230223,000000,19.6,26.89,19,21,570614.2,0
MGOL.US,D,20230224,000000,21,21,18.5,18.6,70179.8,0
MGOL.US,D,20230227,000000,19.5,20.799,19.1,20.1,53825.2,0
MGOL.US,D,20230228,000000,20,20.4,18.4,18.7,46008.7,0
MGOL.US,D,20230301,000000,18.9,19.1,18.1,18.5,20575.3,0
MGOL.US,D,20230302,000000,18.2,19.4,18.117,18.9,17788.6,0
MGOL.US,D,20230303,000000,18.9,19.6,18.5,19.4,13162.1,0
MGOL.US,D,20230306,000000,19.5,19.599,18.5,18.7,15154.5,0
MGOL.US,D,20230307,000000,18.737,19.7,18.2,18.878,17594.4,0
MGOL.US,D,20230308,000000,18.6,18.9,18.3,18.5,8784.4,0
MGOL.US,D,20230309,000000,18.4,18.8,17,17.4,16124,0
MGOL.US,D,20230310,000000,16.7,16.8,14,15,50983.4,0
MGOL.US,D,20230313,000000,14.2,14.7,13.7,13.95,22330.6,0
MGOL.US,D,20230314,000000,13.9,15.6,13.9,14.3,17527,0
MGOL.US,D,20230315,000000,13.8,13.877,12.7,12.8,25690.8,0
MGOL.US,D,20230316,000000,13,13.3,12.201,12.6,14432.5,0
MGOL.US,D,20230317,000000,13,13.1,12.1,12.1,16083.4,0
MGOL.US,D,20230320,000000,12.05,12.05,9.4,9.59,58756.1,0
MGOL.US,D,20230321,000000,9.7,10.499,9.7,10,39050.4,0
MGOL.US,D,20230322,000000,10.3,10.3,9.8,9.848,11330.7,0
MGOL.US,D,20230323,000000,10.001,10.3,9.805,10.1,11469.9,0
MGOL.US,D,20230324,000000,10.2,10.2,10.025,10.2,4778.9,0
MGOL.US,D,20230327,000000,10.206,10.3,10,10.281,6521.6,0
MGOL.US,D,20230328,000000,10.4,15.076,10.1,13.6,537148.3,0
MGOL.US,D,20230329,000000,14,14,11.4,11.9,63185.6,0
MGOL.US,D,20230330,000000,11.9,14.3,11.5,13.401,57991.2,0
MGOL.US,D,20230331,000000,13.1,15.102,12.901,14.601,47331.4,0
MGOL.US,D,20230403,000000,15.2,17.899,14.45,17.1,104694.4,0
MGOL.US,D,20230404,000000,17.1,17.1,11.3,11.9,66130.1,0
MGOL.US,D,20230405,000000,12.2,12.2,9.865,10.1,41744.1,0
MGOL.US,D,20230406,000000,10.2,10.9,10,10.3,97178.9,0
MGOL.US,D,20230410,000000,10,10.3,9.601,9.71,27195.2,0
MGOL.US,D,20230411,000000,9.637,10.8,9.61,10.519,29516.5,0
MGOL.US,D,20230412,000000,10.5,10.8,9.81,9.925,11857.8,0
MGOL.US,D,20230413,000000,10.1,10.7,9.82,10.6,12883.8,0
MGOL.US,D,20230414,000000,10.2,10.8,10.1,10.469,7518.8,0
MGOL.US,D,20230417,000000,10.3,10.7,10.2,10.42,6750.3,0
MGOL.US,D,20230418,000000,10.2,10.5,10.101,10.3,9269.5,0
MGOL.US,D,20230419,000000,9.996,10.4,9.65,9.965,9305.6,0
MGOL.US,D,20230420,000000,9.666,9.999,9.2,9.4,14991,0
MGOL.US,D,20230421,000000,9.75,12.1,9.75,11.6,444896.7,0
MGOL.US,D,20230424,000000,10.8,11.2,10.1,10.25,76163.8,0
MGOL.US,D,20230425,000000,11.1,11.299,9.4,10.4,115149.8,0
MGOL.US,D,20230426,000000,10.1,10.6,9.901,10.2,17443.9,0
MGOL.US,D,20230427,000000,10.2,10.6,9.842,10.3,14034,0
MGOL.US,D,20230428,000000,10.4,11.5,10.4,10.934,43319.6,0
MGOL.US,D,20230501,000000,11,11.4,10.8,10.9,15065.8,0
MGOL.US,D,20230502,000000,10.6,11.5,10,11.1,38625.9,0
MGOL.US,D,20230503,000000,11.5,11.9,10.485,11.7,27671.1,0
MGOL.US,D,20230504,000000,11.9,12.299,11.4,11.7,14068.2,0
MGOL.US,D,20230505,000000,11.8,11.8,11.2,11.8,7937.7,0
MGOL.US,D,20230508,000000,11.5,11.582,10.4,10.9,10911.1,0
MGOL.US,D,20230509,000000,11.3,11.4,10.4,10.9,4836.3,0
MGOL.US,D,20230510,000000,11.8,13.4,11.4,12.4,108560.6,0
MGOL.US,D,20230511,000000,12.3,12.301,11.1,11.7,21803.7,0
MGOL.US,D,20230512,000000,11.4,12,11.2,12,9321.8,0
MGOL.US,D,20230515,000000,15.6,17.4,13.6,15.6,1704601.2,0
MGOL.US,D,20230516,000000,13.4,13.7,12.2,12.8,131440.4,0
MGOL.US,D,20230517,000000,11.4,13,11.1,13,81420.4,0
MGOL.US,D,20230518,000000,12.6,12.6,11.4,12.15,18823.4,0
MGOL.US,D,20230519,000000,11.9,12,11.401,12,11913.8,0
MGOL.US,D,20230522,000000,11.6,12,11.4,11.501,12254.6,0
MGOL.US,D,20230523,000000,11.4,11.8,11,11.222,10096.9,0
MGOL.US,D,20230524,000000,11,11.2,10.4,11.2,12769.4,0
MGOL.US,D,20230525,000000,11,11.2,10.5,10.8,7575.4,0
MGOL.US,D,20230526,000000,10.5,11,10.3,10.6,11270.4,0
MGOL.US,D,20230530,000000,10.5,10.9,10,10.3,20381.2,0
MGOL.US,D,20230531,000000,10,10.7,10,10.4,11278,0
MGOL.US,D,20230601,000000,10,13,10,10.7,190885.6,0
MGOL.US,D,20230602,000000,10.7,11.6,10.7,11.4,51789.9,0
MGOL.US,D,20230605,000000,11.6,11.6,11.073,11.5,17761.6,0
MGOL.US,D,20230606,000000,11.8,12.5,11.35,12.5,27309,0
MGOL.US,D,20230607,000000,12.9,24.4,12.6,23.1,3411965.3,0
MGOL.US,D,20230608,000000,24.7,27.65,18.3,19.6,1512170.5,0
MGOL.US,D,20230609,000000,18.3,27.1,17.097,22.9,1752514.4,0
MGOL.US,D,20230612,000000,22.5,26.3,20.2,20.2,685996.6,0
MGOL.US,D,20230613,000000,20.4,23.093,19.3,21.5,155163.3,0
MGOL.US,D,20230614,000000,21.5,24.3,19.5,21.1,174273.2,0
MGOL.US,D,20230615,000000,20.3,22.4,19.7,21.4,104478,0
MGOL.US,D,20230616,000000,22,22,20.3,21,68659.3,0
MGOL.US,D,20230620,000000,21.3,28.4,20.6,26.4,1319448,0
MGOL.US,D,20230621,000000,25.2,27.79,22.712,26.5,259671.1,0
MGOL.US,D,20230622,000000,26,32.5,25.8,31.2,633745.5,0
MGOL.US,D,20230623,000000,30.6,32.5,27,28,163184.6,0
MGOL.US,D,20230626,000000,29.2,30.8,27.3,27.5,100817.6,0
MGOL.US,D,20230627,000000,27.6,29.5,25.2,26.4,93461.8,0
MGOL.US,D,20230628,000000,27.7,28.2,26.101,27.1,45278.2,0
MGOL.US,D,20230629,000000,27.2,28.9,26.3,26.4,53927.6,0
MGOL.US,D,20230630,000000,26.5,27.19,20.8,22.3,120967,0
MGOL.US,D,20230703,000000,22.8,26.2,22.7,26.2,66832,0
MGOL.US,D,20230705,000000,26.2,28.6,25.2,25.8,59211.7,0
MGOL.US,D,20230706,000000,25.2,26.5,24.201,26.1,37562.4,0
MGOL.US,D,20230707,000000,26.1,26.8,23.4,25,47408,0
MGOL.US,D,20230710,000000,24.9,26.244,24.2,25.6,32910.7,0
MGOL.US,D,20230711,000000,25.3,27.8,25.1,27.4,54781.8,0
MGOL.US,D,20230712,000000,28.1,31.583,27,28.6,146856.1,0
MGOL.US,D,20230713,000000,28.9,30.5,26.5,27.4,100250,0
MGOL.US,D,20230714,000000,27.5,28.2,24.5,25.1,72299.2,0
MGOL.US,D,20230717,000000,26.5,26.8,22.3,23.3,122128.2,0
MGOL.US,D,20230718,000000,23,26.5,22.1,22.6,168838.1,0
MGOL.US,D,20230719,000000,22.6,23.5,22.3,22.6,32057.3,0
MGOL.US,D,20230720,000000,22.9,23.3,22.3,22.8,28142.8,0
MGOL.US,D,20230721,000000,23.3,23.684,21.6,22.9,134699.6,0
MGOL.US,D,20230724,000000,23.3,23.3,19.5,19.6,126450,0
MGOL.US,D,20230725,000000,19.2,20.2,18.6,18.9,39611.3,0
MGOL.US,D,20230726,000000,19.2,19.5,18.606,19.1,19813.2,0
MGOL.US,D,20230727,000000,19,19.45,17.9,17.9,21054.4,0
MGOL.US,D,20230728,000000,17.9,18.7,17.899,17.9,16695.9,0
MGOL.US,D,20230731,000000,18,18.75,17.5,18.1,19730.1,0
MGOL.US,D,20230801,000000,17.8,18.4,17.401,18.2,13860.5,0
MGOL.US,D,20230802,000000,17.7,18.1,17.3,17.5,13372.1,0
MGOL.US,D,20230803,000000,17.5,18.49,16.9,18.1,36961.9,0
MGOL.US,D,20230804,000000,18.8,18.8,17.9,18.2,7069.1,0
MGOL.US,D,20230807,000000,18.6,18.9,17.62,18.4,16691.8,0
MGOL.US,D,20230808,000000,18.9,20,17.8,19.4,33529.9,0
MGOL.US,D,20230809,000000,19.3,21.5,19.2,20.25,77938.7,0
MGOL.US,D,20230810,000000,21.5,22.192,20,21.6,37037,0
MGOL.US,D,20230811,000000,21.8,22.8,21,22.408,40748.6,0
MGOL.US,D,20230814,000000,23,23,20.8,22.6,119482.3,0
MGOL.US,D,20230815,000000,13.8,14.5,11.2,11.9,197517.7,0
MGOL.US,D,20230816,000000,11.8,12.1,11.5,11.8,34523.5,0
MGOL.US,D,20230817,000000,12.2,12.2,10.3,10.6,47882,0
MGOL.US,D,20230818,000000,10.2,11.5,10.2,10.7,33190.7,0
MGOL.US,D,20230821,000000,11.1,11.399,10.501,10.7,19920.3,0
MGOL.US,D,20230822,000000,11.1,11.4,10,10.4,21468.4,0
MGOL.US,D,20230823,000000,10.6,10.8,10.3,10.6,13397.6,0
MGOL.US,D,20230824,000000,10.7,10.701,10.1,10.2,11034.3,0
MGOL.US,D,20230825,000000,10.5,11.6,10.4,10.7,39266.5,0
MGOL.US,D,20230828,000000,11.2,11.289,10.4,10.8,12506.6,0
MGOL.US,D,20230829,000000,11,11.05,10.5,10.806,7478.2,0
MGOL.US,D,20230830,000000,11.1,11.1,10.6,10.9,6844.4,0
MGOL.US,D,20230831,000000,10.6,10.9,10.6,10.694,9096.3,0
MGOL.US,D,20230901,000000,10.6,11.89,10.4,10.6,48865.2,0
MGOL.US,D,20230905,000000,10.7,11,10.501,10.7,9773.2,0
MGOL.US,D,20230906,000000,10.5,10.799,10.1,10.2,15620.7,0
MGOL.US,D,20230907,000000,10.3,10.4,9.25,9.8,19830,0
MGOL.US,D,20230908,000000,9.6,10.299,9.5,9.806,12028.8,0
MGOL.US,D,20230911,000000,10,10,9.206,9.445,18781.4,0
MGOL.US,D,20230912,000000,9.478,9.57,9.2,9.3,6525.2,0
MGOL.US,D,20230913,000000,9.3,9.6,9.119,9.119,8844.1,0
MGOL.US,D,20230914,000000,9.453,9.5,9.1,9.198,6420.6,0
MGOL.US,D,20230915,000000,9.198,9.65,9.157,9.508,14176.4,0
MGOL.US,D,20230918,000000,9.5,9.6,9.399,9.4,7568.3,0
MGOL.US,D,20230919,000000,9.4,9.46,9.1,9.201,12895.9,0
MGOL.US,D,20230920,000000,9.4,9.807,9.301,9.434,6957.7,0
MGOL.US,D,20230921,000000,9.373,9.4,9.115,9.369,3639.3,0
MGOL.US,D,20230922,000000,9.5,9.68624,9.201,9.35,2042.4,0
MGOL.US,D,20230925,000000,9.201,9.4,9.026,9.2,2091.7,0
MGOL.US,D,20230926,000000,9.1,9.5,9.1,9.3,2525.7,0
MGOL.US,D,20230927,000000,9.2,9.49999,9.16,9.3,2198.7,0
MGOL.US,D,20230928,000000,9.499,9.499,9.3,9.3,880.4,0
MGOL.US,D,20230929,000000,9.49899,9.55,9.2,9.4,4286.9,0
MGOL.US,D,20231002,000000,9.7,9.7,9.1,9.291,3376.4,0
MGOL.US,D,20231003,000000,9.5,9.5,8.508,8.899,11390.4,0
MGOL.US,D,20231004,000000,9,9,8.5,8.825,5617.7,0
MGOL.US,D,20231005,000000,8.12,9.15,7.55301,7.8,12458.1,0
MGOL.US,D,20231006,000000,8.642,8.642,7,7.8,12239,0
MGOL.US,D,20231009,000000,7.9,7.9,7.126,7.41,4162,0
MGOL.US,D,20231010,000000,7.13,7.5,7.1,7.5,2174.6,0
MGOL.US,D,20231011,000000,7.5,7.649,6.5,6.799,10120,0
MGOL.US,D,20231012,000000,6.799,7.1,6.225,6.499,7421.2,0
MGOL.US,D,20231013,000000,6.49999,6.49999,6,6.2,7493.7,0
MGOL.US,D,20231016,000000,6.4,6.4,6.02,6.03,3966.3,0
MGOL.US,D,20231017,000000,6,6.298,6,6.03,2271.4,0
MGOL.US,D,20231018,000000,6.2,6.2,5.817,6.098,5732,0
MGOL.US,D,20231019,000000,6.18,6.25,5.9,5.9,4402.7,0
MGOL.US,D,20231020,000000,5.991,6.199,5.9,5.984,3077.2,0
MGOL.US,D,20231023,000000,6.3,6.3,5.629,5.716,7244.5,0
MGOL.US,D,20231024,000000,5.816,6.2,5.63,5.63,4132.9,0
MGOL.US,D,20231025,000000,5.55,6.079,5.4,5.53,3790.5,0
MGOL.US,D,20231026,000000,5.32,5.32,4.204,4.89899,48167.6,0
MGOL.US,D,20231027,000000,4.895,4.952,4.303,4.501,24122.9,0
MGOL.US,D,20231030,000000,4.366,4.366,3.931,4.191,11975.7,0
MGOL.US,D,20231031,000000,4.3,4.5,4.00001,4.48,7045.9,0
MGOL.US,D,20231101,000000,4.4,4.48,4.034,4.48,6146.6,0
MGOL.US,D,20231102,000000,4.36,4.75,4.313,4.6,4114.6,0
MGOL.US,D,20231103,000000,4.8,5.198,4.6,4.75,5580,0
MGOL.US,D,20231106,000000,4.8,4.925,4.2,4.6,1453.8,0
MGOL.US,D,20231107,000000,4.45,4.799,4.301,4.786,10174.7,0
MGOL.US,D,20231108,000000,4.85,5.2,4.817,5.01001,5758.7,0
MGOL.US,D,20231109,000000,4.867,4.973,4.4,4.73,6636.4,0
MGOL.US,D,20231110,000000,4.60001,5.1,4.60001,5.014,5174.7,0
MGOL.US,D,20231113,000000,4.9,5.04999,4.61,4.97,2895.1,0
MGOL.US,D,20231114,000000,5,5.4,4.65101,5.05,513707.9,0
MGOL.US,D,20231115,000000,6.101,7.318,5.6,5.96,1009267.7,0
MGOL.US,D,20231116,000000,5.639,5.694,4.601,4.982,74249.4,0
MGOL.US,D,20231117,000000,4.833,5.55,4.604,5.5,39892.8,0
MGOL.US,D,20231120,000000,4.9,5.25,4.882,4.912,38794.1,0
MGOL.US,D,20231121,000000,4.8,5.25,4.8,4.8,36064.1,0
MGOL.US,D,20231122,000000,4.895,4.895,4.4,4.503,17606.2,0
MGOL.US,D,20231124,000000,4.66,4.66,4.5,4.502,3855.9,0
MGOL.US,D,20231127,000000,4.7,4.7,4.411,4.45,5833.2,0
MGOL.US,D,20231128,000000,4.333,4.499,4.232,4.42,10807,0
MGOL.US,D,20231129,000000,4.383,5.35,4.383,5.1,32901.3,0
MGOL.US,D,20231130,000000,5.1,5.1,4.9,5.07999,3900.7,0
MGOL.US,D,20231201,000000,4.9,5.2,4.415,4.841,16217.9,0
MGOL.US,D,20231204,000000,4.696,5.001,4.55049,4.742,8681.2,0
MGOL.US,D,20231205,000000,4.7,4.8,4.52,4.622,3433.5,0
MGOL.US,D,20231206,000000,4.73161,4.75,4.4,4.45,14480.5,0
MGOL.US,D,20231207,000000,4.8,4.8,4.4,4.47,6182.4,0
MGOL.US,D,20231208,000000,4.508,4.733,4.495,4.678,7149.2,0
MGOL.US,D,20231211,000000,4.4,5.2,4.4,4.818,22946.3,0
MGOL.US,D,20231212,000000,4.799,4.799,4.475,4.51,7037.6,0
MGOL.US,D,20231213,000000,4.52,4.84,4.401,4.6,8928.6,0
MGOL.US,D,20231214,000000,4.5,4.75,4.46,4.66,9249.6,0
MGOL.US,D,20231215,000000,4.511,4.78,3.962,4.5,8434.8,0
MGOL.US,D,20231218,000000,4.647,4.681,4.005,4.681,14937.8,0
MGOL.US,D,20231219,000000,4.7,4.788,4.20601,4.647,4374.1,0
MGOL.US,D,20231220,000000,4.33,4.6,4.291,4.599,4497,0
MGOL.US,D,20231221,000000,4.55,4.55,4.301,4.411,3396.8,0
MGOL.US,D,20231222,000000,4.45499,4.599,4.31,4.55,3695.1,0
MGOL.US,D,20231226,000000,4.412,4.8,4.4,4.501,10167.1,0
MGOL.US,D,20231227,000000,4.636,4.711,4.451,4.537,4648.6,0
MGOL.US,D,20231228,000000,4.5,4.9,4.4101,4.515,4419.3,0
MGOL.US,D,20231229,000000,4.6,4.7,4.3,4.3,8286.9,0
MGOL.US,D,20240102,000000,4.101,4.9,4.004,4.745,24072.5,0
MGOL.US,D,20240103,000000,4.745,5.2,4.65,4.89,8052.3,0
MGOL.US,D,20240104,000000,5.008,5.008,4.61,4.841,2221.5,0
MGOL.US,D,20240105,000000,4.95,4.95,4.4,4.54016,7213.8,0
MGOL.US,D,20240108,000000,4.409,6.622,4.409,5.87,131300.8,0
MGOL.US,D,20240109,000000,6.38,7.273,5.22,6.228,345456.5,0
MGOL.US,D,20240110,000000,6.5,8,6.3,7.751,150999.2,0
MGOL.US,D,20240111,000000,7.527,9.748,7.231,8.712,224897.9,0
MGOL.US,D,20240112,000000,9.003,9.84801,7.1,7.15,157302.9,0
MGOL.US,D,20240116,000000,8.186,8.3,4.925,5.3,165354.7,0
MGOL.US,D,20240117,000000,5.25,5.5,4.81,5.195,26238.3,0
MGOL.US,D,20240118,000000,5.195,5.2,4.7,4.82,15489.9,0
MGOL.US,D,20240119,000000,4.81,5.043,4.2,4.31,26427.4,0
MGOL.US,D,20240122,000000,4.321,4.5,4.3,4.415,10210.2,0
MGOL.US,D,20240123,000000,4.613,4.9,4.415,4.72,14940.1,0
MGOL.US,D,20240124,000000,4.53,4.806,4.457,4.737,16986.5,0
MGOL.US,D,20240125,000000,4.553,4.599,4.33,4.404,19148.1,0
MGOL.US,D,20240126,000000,4.499,4.599,4.35,4.36,8666.9,0
MGOL.US,D,20240129,000000,4.4,4.5,4.272,4.5,9564.7,0
MGOL.US,D,20240130,000000,4.688,4.899,4.232,4.29,16064,0
MGOL.US,D,20240131,000000,4.504,4.6,4.201,4.28,13059.4,0
MGOL.US,D,20240201,000000,4.35499,4.448,4.1,4.399,11847,0
MGOL.US,D,20240202,000000,4.267,4.41,3.603,4.2,27403.4,0
MGOL.US,D,20240205,000000,4.226,4.3,3.901,3.903,11195.5,0
MGOL.US,D,20240206,000000,3.82,3.85,3.607,3.78299,12794.6,0
MGOL.US,D,20240207,000000,3.89,4,3.6,3.74,9625,0
MGOL.US,D,20240208,000000,3.8,3.8,3.5,3.783,10868.2,0
MGOL.US,D,20240209,000000,3.894,3.89501,3.587,3.706,3117.3,0
MGOL.US,D,20240212,000000,3.814,3.9,3.7,3.75,3484.3,0
MGOL.US,D,20240213,000000,3.94,4.2,3.903,4.08,12687,0
MGOL.US,D,20240214,000000,4.666,8.1,4.2,4.3,494007.9,0
MGOL.US,D,20240215,000000,4.6,5.05,3.924,4.14,586926.3,0
MGOL.US,D,20240216,000000,4,4.47,3.75,4.02,75346.9,0
MGOL.US,D,20240220,000000,3.9,4.38803,3.9,4.001,45225.5,0
MGOL.US,D,20240221,000000,3.9,4.149,3.869,3.969,30036.8,0
MGOL.US,D,20240222,000000,4.04,4.089,3.8,3.846,20121.7,0
MGOL.US,D,20240223,000000,3.8,3.9,3.701,3.85,13868.9,0
MGOL.US,D,20240226,000000,3.883,4.4,3.705,4.247,20472.5,0
MGOL.US,D,20240227,000000,4.332,4.4,4.13749,4.302,10307.7,0
MGOL.US,D,20240228,000000,4.3,4.375,4.06,4.071,8480.5,0
MGOL.US,D,20240229,000000,4.25001,4.3,3.45,3.666,73827.4,0
MGOL.US,D,20240301,000000,3.7,3.9,3.6,3.87,22059.4,0
MGOL.US,D,20240304,000000,3.861,3.899,3.7,3.77,19129.9,0
MGOL.US,D,20240305,000000,3.701,4.058,3.701,4.05,7145.7,0
MGOL.US,D,20240306,000000,3.9,4.05,3.9,3.9,7511.2,0
MGOL.US,D,20240307,000000,3.81,4,3.8,3.81,4450.9,0
MGOL.US,D,20240308,000000,3.99,3.99,3.8,3.98,7217.3,0
MGOL.US,D,20240311,000000,3.898,4.07,3.8,3.85,16271.9,0
MGOL.US,D,20240312,000000,3.744,3.928,3.702,3.767,3820.5,0
MGOL.US,D,20240313,000000,3.8,3.94,3.703,3.72,2447,0
MGOL.US,D,20240314,000000,3.729,4,3.729,3.899,7985.6,0
MGOL.US,D,20240315,000000,3.875,3.899,3.7,3.88,9839.8,0
MGOL.US,D,20240318,000000,3.85,3.859,3.603,3.7,9151.2,0
MGOL.US,D,20240319,000000,3.799,3.799,3,3.51,15599.1,0
MGOL.US,D,20240320,000000,3.42,3.75,3.073,3.7,44770.9,0
MGOL.US,D,20240321,000000,3.589,3.78,3.5,3.65251,5230.9,0
MGOL.US,D,20240322,000000,3.3,3.76,3.3,3.73,9633.5,0
MGOL.US,D,20240325,000000,3.66,3.861,3.5,3.8,4632.7,0
MGOL.US,D,20240326,000000,3.64,4.21,3.64,3.72,35132,0
MGOL.US,D,20240327,000000,3.889,4.65,3.712,4.49,141778.3,0
MGOL.US,D,20240328,000000,4.285,4.349,4.026,4.051,39679.2,0
MGOL.US,D,20240401,000000,4.35,4.399,4,4.054,69518.9,0
MGOL.US,D,20240402,000000,3.9,3.9,3,3.188,102624.2,0
MGOL.US,D,20240403,000000,3.214,3.34999,3,3.06,56027,0
MGOL.US,D,20240404,000000,3,3.098,2.734,2.83,20942.2,0
MGOL.US,D,20240405,000000,2.827,3.009,2.75,2.8,36528.9,0
MGOL.US,D,20240408,000000,2.76,3,2.625,2.774,17619.8,0
MGOL.US,D,20240409,000000,2.9,3.199,2.801,3.131,15256.6,0
MGOL.US,D,20240410,000000,2.911,3.107,2.9,2.953,10058.1,0
MGOL.US,D,20240411,000000,2.953,2.999,2.607,2.96,14861.2,0
MGOL.US,D,20240412,000000,2.87,2.95,2.665,2.75,5902.1,0
MGOL.US,D,20240415,000000,2.78,2.8,2.412,2.51,18720.2,0
MGOL.US,D,20240416,000000,2.41,2.44,2.159,2.2,28512.7,0
MGOL.US,D,20240417,000000,2.2,2.3,2.015,2.23,21143.6,0
MGOL.US,D,20240418,000000,2.3,2.499,2.1,2.39,3463.8,0
MGOL.US,D,20240419,000000,2.37,2.499,2.23,2.263,49633.8,0
MGOL.US,D,20240422,000000,2.39,2.49,2.2,2.222,9932.8,0
MGOL.US,D,20240423,000000,2.223,2.399,2.222,2.31,4587.4,0
MGOL.US,D,20240424,000000,2.43,2.43,2.207,2.298,5365.6,0
MGOL.US,D,20240425,000000,2.21,2.499,2.15,2.35,27876.6,0
MGOL.US,D,20240426,000000,2.254,2.323,2.16,2.21,3130.8,0
MGOL.US,D,20240429,000000,2.35,2.48,2.235,2.4,12840.9,0
MGOL.US,D,20240430,000000,2.41,2.6,2.224,2.355,20207.7,0
MGOL.US,D,20240501,000000,2.36,2.52,2.36,2.499,1602.6,0
MGOL.US,D,20240502,000000,2.5,2.5,2.2765,2.3275,11882.9,0
MGOL.US,D,20240503,000000,2.264,2.436,2.212,2.32,6329.9,0
MGOL.US,D,20240506,000000,2.338,2.4,2.21,2.21,11596.7,0
MGOL.US,D,20240507,000000,2.32,2.4,2.249,2.249,4630.5,0
MGOL.US,D,20240508,000000,2.25,2.37,2.212,2.287,1280.7,0
MGOL.US,D,20240509,000000,2.2,2.3,1.90494,2.102,26643.5,0
MGOL.US,D,20240510,000000,2.308,2.309,2.101,2.113,4564.1,0
MGOL.US,D,20240513,000000,2.198,2.269,2.0525,2.195,19449.5,0
MGOL.US,D,20240514,000000,2.16,2.35,2.06,2.204,7561.6,0
MGOL.US,D,20240515,000000,2.25,2.45,2.174,2.3,12995.9,0
MGOL.US,D,20240516,000000,2.3,2.599,2.3,2.4,10168.3,0
MGOL.US,D,20240517,000000,2.545,2.595,2.4,2.43,22866.9,0
MGOL.US,D,20240520,000000,2.44,2.475,2.2,2.299,214811.8,0
MGOL.US,D,20240521,000000,6.441,14.9,5.5,12.5,33762663.8,0
MGOL.US,D,20240522,000000,15.3,18.3,10.6,11.6,8409587.2,0
MGOL.US,D,20240523,000000,7.845,8.168,6.5,7.211,894167.1,0
MGOL.US,D,20240524,000000,6.7,7.1,5.67,5.93,357794,0
MGOL.US,D,20240528,000000,5.896,7.2,5.5,6.562,319446,0
MGOL.US,D,20240529,000000,5.669,6.57999,5.669,6.468,143058.2,0
MGOL.US,D,20240530,000000,5.98,7.111,5.81,6.875,148437.8,0
MGOL.US,D,20240531,000000,6.4,6.55,5.9,5.95,61712.4,0
MGOL.US,D,20240603,000000,6,6,5.156,5.399,45765.1,0
MGOL.US,D,20240604,000000,5.237,5.6119,5.023,5.105,61556,0
MGOL.US,D,20240605,000000,4.8825,5.03,4.238,4.699,60030.6,0
MGOL.US,D,20240606,000000,4.692,4.7,4.161,4.2,57321.7,0
MGOL.US,D,20240607,000000,4.033,4.24,3.81,4.05,36748,0
MGOL.US,D,20240610,000000,4.085,4.1,3.9,3.999,27195.9,0
MGOL.US,D,20240611,000000,3.9,4.249,3.9,4.238,20027.2,0
MGOL.US,D,20240612,000000,4,5.933,4,4.79,340043.1,0
MGOL.US,D,20240613,000000,5.2,5.6,4.755,5.4,81499.9,0
MGOL.US,D,20240614,000000,5.01,5.2,4.6,4.81,31426,0
MGOL.US,D,20240617,000000,4.666,4.792,4.505,4.6,15947.6,0
MGOL.US,D,20240618,000000,4.79,4.998,4.53,4.584,20976.3,0
MGOL.US,D,20240620,000000,13.8,17.3,6.88,7.49,16026974.9,0
MGOL.US,D,20240621,000000,6.427,7.3,6.33,7.103,490989.6,0
MGOL.US,D,20240624,000000,6.675,7.7,5.28,7.043,286700.7,0
MGOL.US,D,20240625,000000,6.55,6.646,6.117,6.15,108600.5,0
MGOL.US,D,20240626,000000,5.52,5.844,5.2,5.5,85303,0
MGOL.US,D,20240627,000000,5.5,6.375,5.353,5.843,81479,0
MGOL.US,D,20240628,000000,5.931,6.06,5.51,5.699,40519.7,0
MGOL.US,D,20240701,000000,5.659,5.949,5.1,5.378,46281.7,0
MGOL.US,D,20240702,000000,5.4,5.7,5.21,5.217,17522.4,0
MGOL.US,D,20240703,000000,5.026,5.371,5.026,5.14,25911.6,0
MGOL.US,D,20240705,000000,5.48,5.5,5.1,5.2,17308.7,0
MGOL.US,D,20240708,000000,5.224,5.295,4.94,5.19,20217.4,0
MGOL.US,D,20240709,000000,5.28,5.28,5.017,5.169,19152.3,0
MGOL.US,D,20240710,000000,5.174,5.5,5.1,5.34,28539.1,0
MGOL.US,D,20240711,000000,5.21,5.67,5.1,5.185,17302.3,0
MGOL.US,D,20240712,000000,5.16,5.6,5.004,5.216,61835.1,0
MGOL.US,D,20240715,000000,5.1,6.704,5.1,5.288,294766.1,0
MGOL.US,D,20240716,000000,5.004,5.6759,5.004,5.29,135461.3,0
MGOL.US,D,20240717,000000,5.23,5.4,4.8,4.941,96827.3,0
MGOL.US,D,20240718,000000,4.47,4.5855,3.7,3.93,307356,0
MGOL.US,D,20240719,000000,3.78,4.18,3.3301,3.46,110650,0
MGOL.US,D,20240722,000000,3.78,3.78,3.2,3.35,107340,0
MGOL.US,D,20240723,000000,3.22,4.95,2.8,3.43,1578130,0
MGOL.US,D,20240724,000000,3.37,3.75,3.2,3.42,306048,0
MGOL.US,D,20240725,000000,3.27,3.45,3.18,3.32,116696,0
MGOL.US,D,20240726,000000,3.59,3.7199,3.23,3.23,159999,0
MGOL.US,D,20240729,000000,3.36,3.4595,2.94,2.96,147237,0
MGOL.US,D,20240730,000000,2.96,3.015,2.66,2.76,123957,0
MGOL.US,D,20240731,000000,2.86,3,2.74,2.76,82663,0
MGOL.US,D,20240801,000000,2.69,2.76,2.33,2.49,172581,0
MGOL.US,D,20240802,000000,2.42,2.66,2.42,2.6299,1868962,0
MGOL.US,D,20240805,000000,3.65,4.5699,3.29,3.76,55146505,0
MGOL.US,D,20240806,000000,3.63,4.1668,3.01,3.3,1847370,0
MGOL.US,D,20240807,000000,3.11,3.3,2.34,2.43,506565,0
MGOL.US,D,20240808,000000,2.55,5.7,2.53,3.7,35197490,0
MGOL.US,D,20240809,000000,5.6,6.9899,4.6101,6.12,60422508,0
MGOL.US,D,20240812,000000,5.85,6.52,4.48,5.48,4229869,0
MGOL.US,D,20240813,000000,5,5.26,4.56,5.02,736012,0
MGOL.US,D,20240814,000000,4.64,5.54,4.64,5.22,500195,0
MGOL.US,D,20240815,000000,5.07,5.6692,4.85,5.54,614280,0
MGOL.US,D,20240816,000000,5.2,5.8093,5.1,5.17,421171,0
MGOL.US,D,20240819,000000,5.17,5.4,5.17,5.35,288126,0
MGOL.US,D,20240820,000000,5.13,5.2,4.5,4.58,272752,0
MGOL.US,D,20240821,000000,4.55,4.66,4.3401,4.45,87881,0
MGOL.US,D,20240822,000000,4.39,4.6,3.66,3.88,365249,0
MGOL.US,D,20240823,000000,4.06,4.0899,3.78,3.95,71722,0
MGOL.US,D,20240826,000000,3.96,4.06,3.84,3.89,69120,0
MGOL.US,D,20240827,000000,3.83,4.02,3.67,3.72,61685,0
MGOL.US,D,20240828,000000,3.66,3.7249,3.5,3.5,63137,0
MGOL.US,D,20240829,000000,3.49,3.5,3.27,3.3,52974,0
MGOL.US,D,20240830,000000,3.27,3.27,3.01,3.01,62792,0
MGOL.US,D,20240903,000000,3,3.0822,2.65,2.72,119001,0
MGOL.US,D,20240904,000000,2.69,2.8691,2.55,2.56,109959,0
MGOL.US,D,20240905,000000,2.55,2.76,2.2001,2.38,354325,0
MGOL.US,D,20240906,000000,2.55,2.65,2.06,2.14,221312,0
MGOL.US,D,20240909,000000,2.23,2.5,2.15,2.48,198401,0
MGOL.US,D,20240910,000000,2.46,2.6976,2.403,2.59,122803,0
MGOL.US,D,20240911,000000,2.52,2.57,2.41,2.45,147476,0
MGOL.US,D,20240912,000000,2.44,2.56,2.41,2.43,57393,0
MGOL.US,D,20240913,000000,2.42,3.22,2.42,2.86,481272,0
MGOL.US,D,20240916,000000,2.84,2.85,2.57,2.68,244220,0
MGOL.US,D,20240917,000000,2.64,2.9599,2.6153,2.83,150040,0
MGOL.US,D,20240918,000000,2.79,2.8999,2.65,2.65,68204,0
MGOL.US,D,20240919,000000,2.74,2.86,2.65,2.77,86160,0
MGOL.US,D,20240920,000000,2.73,2.85,2.62,2.62,108878,0
MGOL.US,D,20240923,000000,2.6,2.68,2.5,2.57,84739,0
MGOL.US,D,20240924,000000,2.56,3.0777,2.56,2.72,224733,0
MGOL.US,D,20240925,000000,2.72,2.9,2.67,2.87,107876,0
MGOL.US,D,20240926,000000,2.88,2.93,2.75,2.75,35399,0
MGOL.US,D,20240927,000000,2.76,2.8999,2.68,2.73,28984,0
MGOL.US,D,20240930,000000,2.69,2.97,2.69,2.96,129640,0
MGOL.US,D,20241001,000000,2.92,2.99,2.65,2.7,97466,0
MGOL.US,D,20241002,000000,2.7,2.831,2.58,2.6,106586,0
MGOL.US,D,20241003,000000,2.58,2.7015,2.58,2.69,42701,0
MGOL.US,D,20241004,000000,2.74,2.75,2.6008,2.63,62071,0
MGOL.US,D,20241007,000000,2.58,2.63,2.365,2.42,136311,0
MGOL.US,D,20241008,000000,2.44,2.48,2.37,2.42,51912,0
MGOL.US,D,20241009,000000,2.44,2.47,2.38,2.4,19959,0
MGOL.US,D,20241010,000000,2.41,2.61,2.38,2.52,174352,0
MGOL.US,D,20241011,000000,2.6892,2.7595,2.55,2.65,131733,0
MGOL.US,D,20241014,000000,2.63,2.79,2.4904,2.68,97604,0
MGOL.US,D,20241015,000000,2.789,2.789,2.47,2.58,117488,0
MGOL.US,D,20241016,000000,2.5501,2.73,2.5001,2.59,92645,0
MGOL.US,D,20241017,000000,2.6,2.65,2.47,2.58,69696,0
MGOL.US,D,20241018,000000,2.56,2.62,2.51,2.6,20058,0
MGOL.US,D,20241021,000000,2.58,2.88,2.54,2.8,133054,0
MGOL.US,D,20241022,000000,2.794,2.86,2.59,2.67,76995,0
MGOL.US,D,20241023,000000,2.67,2.75,2.38,2.47,118240,0
MGOL.US,D,20241024,000000,2.51,2.58,2.38,2.56,162541,0
MGOL.US,D,20241025,000000,2.528,2.53,2.41,2.47,40668,0
MGOL.US,D,20241028,000000,2.51,2.555,2.45,2.49,49510,0
MGOL.US,D,20241029,000000,2.42,2.53,2.42,2.43,23071,0
MGOL.US,D,20241030,000000,2.45,2.54,2.43,2.48,69950,0
MGOL.US,D,20241031,000000,2.42,2.51,2.4,2.43,102374,0
MGOL.US,D,20241101,000000,2.47,2.52,2.4201,2.49,18318,0
MGOL.US,D,20241104,000000,2.47,2.61,2.4598,2.55,98371,0
MGOL.US,D,20241105,000000,2.45,2.73,2.45,2.61,180216,0
MGOL.US,D,20241106,000000,2.61,2.6762,2.54,2.61,50946,0
MGOL.US,D,20241107,000000,2.63,2.6648,2.545,2.58,53253,0
MGOL.US,D,20241108,000000,2.58,2.65,2.4783,2.5,51620,0
MGOL.US,D,20241111,000000,2.6,2.6,2.46,2.49,47908,0
MGOL.US,D,20241112,000000,2.51,2.5939,2.5,2.56,35640,0
MGOL.US,D,20241113,000000,2.53,2.555,2.35,2.36,39554,0
MGOL.US,D,20241114,000000,2.37,2.43,2.3,2.41,35184,0
MGOL.US,D,20241115,000000,2.4101,2.465,2.35,2.42,18453,0
MGOL.US,D,20241118,000000,2.41,2.5,2.41,2.5,19642,0
MGOL.US,D,20241119,000000,2.44,2.498,2.35,2.37,22282,0
MGOL.US,D,20241120,000000,2.39,2.44,2.35,2.39,22827,0
MGOL.US,D,20241121,000000,2.36,2.39,2.3352,2.35,7986,0
MGOL.US,D,20241122,000000,2.34,2.44,2.34,2.35,9748,0
MGOL.US,D,20241125,000000,2.46,2.46,2.34,2.35,22862,0
MGOL.US,D,20241126,000000,2.4307,2.4499,2.32,2.32,13892,0
MGOL.US,D,20241127,000000,2.32,2.37,2.3,2.37,9241,0
MGOL.US,D,20241129,000000,2.31,2.4,2.3,2.34,19657,0
MGOL.US,D,20241202,000000,2.37,2.3999,2.26,2.36,14916,0
MGOL.US,D,20241203,000000,2.32,2.3419,2.2,2.32,25952,0
MGOL.US,D,20241204,000000,2.26,2.28,2.21,2.22,12765,0
MGOL.US,D,20241205,000000,2.21,2.31,2.12,2.24,18193,0
MGOL.US,D,20241206,000000,2.24,2.28,2.16,2.21,15926,0
MGOL.US,D,20241209,000000,2.25,2.25,2.16,2.23,5897,0
MGOL.US,D,20241210,000000,2.15,2.22,2.1472,2.22,11091,0
MGOL.US,D,20241211,000000,2.185,2.27,2.18,2.27,7263,0
MGOL.US,D,20241212,000000,2.2,2.24,2.1801,2.24,3251,0
MGOL.US,D,20241213,000000,2.21,2.21,2.1,2.1,15380,0
MGOL.US,D,20241216,000000,2.1043,2.15,2.05,2.05,14298,0
MGOL.US,D,20241217,000000,2.085,2.085,1.98,1.98,11861,0
MGOL.US,D,20241218,000000,1.97,1.97,1.58,1.59,54699,0
MGOL.US,D,20241219,000000,1.77,1.83,1.35,1.4,140717,0
MGOL.US,D,20241220,000000,1.4,1.4456,0.9349,0.95,261572,0
MGOL.US,D,20241223,000000,0.37,0.5199,0.36,0.47,14166137,0
MGOL.US,D,20241224,000000,0.4599,0.5,0.412,0.4551,7194490,0
MGOL.US,D,20241226,000000,0.46,0.48,0.4215,0.441,3472875,0
MGOL.US,D,20241227,000000,0.45,0.4689,0.431,0.4524,2115056,0
MGOL.US,D,20241230,000000,0.45,0.77,0.4244,0.6331,22895374,0
MGOL.US,D,20241231,000000,0.5711,0.6025,0.4801,0.564,3561536,0
MGOL.US,D,20250102,000000,0.5766,0.638,0.51,0.591,9402341,0
MGOL.US,D,20250103,000000,0.8287,0.8365,0.643,0.6667,38535965,0
MGOL.US,D,20250106,000000,0.55,0.66,0.55,0.6451,3725601,0
MGOL.US,D,20250107,000000,0.63,0.6413,0.595,0.6021,1422544,0
MGOL.US,D,20250108,000000,0.571,0.6,0.522,0.5605,1379984,0
MGOL.US,D,20250110,000000,0.55,0.575,0.5149,0.5515,645398,0
MGOL.US,D,20250113,000000,0.55,0.6588,0.514049,0.61,4026719,0
MGOL.US,D,20250114,000000,0.61,0.619,0.5463,0.5792,1020170,0
MGOL.US,D,20250115,000000,0.61,0.65,0.58,0.61,2481145,0
MGOL.US,D,20250116,000000,0.6478,0.65,0.561,0.578,2473786,0
MGOL.US,D,20250117,000000,0.5701,0.5995,0.54,0.5799,839424,0
MGOL.US,D,20250121,000000,0.5567,0.5947,0.53,0.541,1277744,0
MGOL.US,D,20250122,000000,0.54,0.5477,0.461,0.481,1812957,0
MGOL.US,D,20250123,000000,0.472,0.5,0.4654,0.489,1274814,0
MGOL.US,D,20250124,000000,0.47,0.4899,0.3425,0.367,6167152,0
MGOL.US,D,20250127,000000,0.3001,0.3088,0.2493,0.283,11154882,0
MGOL.US,D,20250128,000000,0.2071,0.208,0.155,0.1663,38718634,0
MGOL.US,D,20250129,000000,0.1175,0.123,0.1,0.1017,70520465,0
MGOL.US,D,20250130,000000,0.134,0.1407,0.1123,0.118,167920712,0
MGOL.US,D,20250131,000000,0.1251,0.1323,0.1124,0.1199,48324405,0
MGOL.US,D,20250203,000000,0.1258,0.13749,0.1175,0.1245,34577367,0
MGOL.US,D,20250204,000000,0.12,0.141,0.1183,0.14,55104724,0
MGOL.US,D,20250205,000000,0.1349,0.1515,0.1225,0.139,68834099,0
MGOL.US,D,20250206,000000,0.136,0.24,0.1355,0.185,391750206,0
MGOL.US,D,20250207,000000,0.3919,0.4384,0.2825,0.415,816598897,0
MGOL.US,D,20250210,000000,0.6638,0.76,0.56,0.6996,568643904,0
MGOL.US,D,20250211,000000,0.49675,0.61,0.46,0.598,110180918,0
MGOL.US,D,20250212,000000,0.54,0.54,0.43,0.4563,61988005,0
MGOL.US,D,20250213,000000,0.6197,1.05,0.6005,0.845,737007110,0
