<TICKER>,<PER>,<DATE>,<TIME>,<OPEN>,<HIGH>,<LOW>,<CLOSE>,<VOL>,<OPENINT>
MKTW.US,D,20200916,000000,10,10.11,9.93,10.11,101065,0
MKTW.US,D,20200917,000000,10.08,10.08,10,10.01,4770,0
MKTW.US,D,20200918,000000,10,10.13,9.855,10.05,104402,0
MKTW.US,D,20200921,000000,10,10,9.96,9.97,91285,0
MKTW.US,D,20200922,000000,10.1,10.1,9.89,9.94,30756,0
MKTW.US,D,20200923,000000,9.91,9.92,9.86,9.89,46482,0
MKTW.US,D,20200924,000000,9.85,9.91,9.85,9.9,64512,0
MKTW.US,D,20200925,000000,9.91,9.91,9.8301,9.91,2384,0
MKTW.US,D,20200928,000000,9.96,9.9758,9.91,9.96,263479,0
MKTW.US,D,20200929,000000,9.98,9.98,9.9,9.95,42147,0
MKTW.US,D,20200930,000000,9.91,9.99,9.9,9.94,72278,0
MKTW.US,D,20201001,000000,9.94,10.06,9.92,9.95,138540,0
MKTW.US,D,20201002,000000,9.948,9.9899,9.9,9.93,19779,0
MKTW.US,D,20201005,000000,9.8815,9.95,9.85,9.94,112292,0
MKTW.US,D,20201006,000000,9.9864,10.02,9.94,9.94,14399,0
MKTW.US,D,20201007,000000,9.95,9.95,9.85,9.865,571343,0
MKTW.US,D,20201008,000000,9.895,9.91,9.87,9.875,6782,0
MKTW.US,D,20201009,000000,9.91,9.91,9.82,9.85,313367,0
MKTW.US,D,20201012,000000,9.85,9.93,9.8,9.8,101942,0
MKTW.US,D,20201013,000000,9.86,9.88,9.8262,9.8262,34218,0
MKTW.US,D,20201014,000000,9.84,9.855,9.77,9.77,12211,0
MKTW.US,D,20201015,000000,9.86,9.91,9.78,9.85,459645,0
MKTW.US,D,20201016,000000,9.9,9.96,9.8,9.96,63270,0
MKTW.US,D,20201019,000000,9.99,9.99,9.76,9.87,35616,0
MKTW.US,D,20201020,000000,9.83,9.87,9.8,9.825,505950,0
MKTW.US,D,20201021,000000,9.93,9.93,9.78,9.8,55814,0
MKTW.US,D,20201022,000000,9.76,9.8,9.75,9.75,24243,0
MKTW.US,D,20201023,000000,9.74,9.775,9.74,9.75,126194,0
MKTW.US,D,20201026,000000,9.79,9.82,9.75,9.75,38129,0
MKTW.US,D,20201027,000000,9.75,9.8,9.75,9.77,4157,0
MKTW.US,D,20201028,000000,9.77,9.77,9.72,9.72,9305,0
MKTW.US,D,20201029,000000,9.82,9.82,9.715,9.75,125538,0
MKTW.US,D,20201030,000000,9.57,9.79,9.57,9.78,24404,0
MKTW.US,D,20201102,000000,9.78,9.78,9.67,9.78,33990,0
MKTW.US,D,20201103,000000,9.75,9.7764,9.69,9.7764,5647,0
MKTW.US,D,20201104,000000,9.77,9.77,9.75,9.75,11558,0
MKTW.US,D,20201105,000000,9.77,9.83,9.77,9.7994,6192,0
MKTW.US,D,20201106,000000,9.75,9.775,9.72,9.77,103070,0
MKTW.US,D,20201109,000000,9.85,9.85,9.7356,9.74,4132,0
MKTW.US,D,20201110,000000,9.79,9.79,9.6,9.74,50402,0
MKTW.US,D,20201111,000000,9.7,9.75,9.7,9.75,3290,0
MKTW.US,D,20201112,000000,9.73,9.755,9.73,9.75,2868,0
MKTW.US,D,20201116,000000,9.78,9.84,9.72,9.82,84188,0
MKTW.US,D,20201117,000000,9.85,9.87,9.8134,9.85,5208,0
MKTW.US,D,20201118,000000,9.76,9.85,9.76,9.77,12827,0
MKTW.US,D,20201119,000000,9.95,9.95,9.76,9.8,19495,0
MKTW.US,D,20201120,000000,9.76,9.87,9.76,9.85,16701,0
MKTW.US,D,20201123,000000,9.89,9.89,9.76,9.85,63934,0
MKTW.US,D,20201124,000000,9.85,9.8687,9.84,9.86,320974,0
MKTW.US,D,20201125,000000,9.85,9.88,9.85,9.86,184382,0
MKTW.US,D,20201127,000000,9.87,9.95,9.85,9.87,23772,0
MKTW.US,D,20201130,000000,9.97,9.97,9.9236,9.95,59493,0
MKTW.US,D,20201201,000000,9.92,9.96,9.92,9.95,43042,0
MKTW.US,D,20201202,000000,9.95,9.96,9.9,9.9338,8977,0
MKTW.US,D,20201203,000000,9.93,9.97,9.93,9.94,6815,0
MKTW.US,D,20201204,000000,9.9757,9.995,9.94,9.99,60218,0
MKTW.US,D,20201207,000000,10,10.01,9.78,9.95,54142,0
MKTW.US,D,20201208,000000,9.96,10.01,9.87,9.9786,19074,0
MKTW.US,D,20201209,000000,9.98,10,9.91,10,52224,0
MKTW.US,D,20201210,000000,9.95,10.2,9.95,10.01,269004,0
MKTW.US,D,20201211,000000,10.01,10.23,10,10.1,124140,0
MKTW.US,D,20201214,000000,10.07,10.19,10.03,10.06,73091,0
MKTW.US,D,20201215,000000,10.1,10.18,10.07,10.1,106798,0
MKTW.US,D,20201216,000000,10.07,10.21,10.07,10.13,61675,0
MKTW.US,D,20201217,000000,10.2,10.2,10.1192,10.19,87361,0
MKTW.US,D,20201218,000000,10.21,10.21,10.1,10.165,47527,0
MKTW.US,D,20201221,000000,10.1,10.31,10.0718,10.28,259235,0
MKTW.US,D,20201222,000000,10.33,10.5862,10.3247,10.43,384656,0
MKTW.US,D,20201223,000000,10.55,10.55,10.35,10.4199,6641,0
MKTW.US,D,20201224,000000,10.39,10.5,10.3201,10.5,15806,0
MKTW.US,D,20201228,000000,11,11,10.3,10.43,87835,0
MKTW.US,D,20201229,000000,10.5,10.51,10.23,10.23,292725,0
MKTW.US,D,20201230,000000,10.11,10.36,10.11,10.28,48840,0
MKTW.US,D,20201231,000000,10.28,10.33,10.25,10.26,74559,0
MKTW.US,D,20210104,000000,10.29,10.36,10.2,10.36,124914,0
MKTW.US,D,20210105,000000,10.36,10.36,10.2001,10.27,130724,0
MKTW.US,D,20210106,000000,10.21,10.315,10.19,10.27,127999,0
MKTW.US,D,20210107,000000,10.25,10.45,10.21,10.45,91249,0
MKTW.US,D,20210108,000000,10.49,10.49,10.3,10.3825,19750,0
MKTW.US,D,20210111,000000,10.316,10.45,10.316,10.45,123379,0
MKTW.US,D,20210112,000000,10.45,10.56,10.45,10.53,79339,0
MKTW.US,D,20210113,000000,10.55,10.5699,10.41,10.47,734452,0
MKTW.US,D,20210114,000000,10.5747,10.78,10.5,10.63,147977,0
MKTW.US,D,20210115,000000,10.66,10.68,10.3,10.5,282556,0
MKTW.US,D,20210119,000000,10.5,10.54,10.4,10.505,69677,0
MKTW.US,D,20210120,000000,10.54,10.54,10.4,10.49,40639,0
MKTW.US,D,20210121,000000,10.5328,10.7,10.49,10.51,79620,0
MKTW.US,D,20210122,000000,10.51,10.69,10.51,10.55,69833,0
MKTW.US,D,20210125,000000,10.61,10.85,10.49,10.54,158506,0
MKTW.US,D,20210126,000000,10.54,10.54,10.3,10.4,171532,0
MKTW.US,D,20210127,000000,10.36,10.485,10.24,10.28,113853,0
MKTW.US,D,20210128,000000,10.31,10.41,10.07,10.39,121026,0
MKTW.US,D,20210129,000000,10.393,10.5,10.3,10.3,21722,0
MKTW.US,D,20210201,000000,10.31,10.4966,10.11,10.32,103373,0
MKTW.US,D,20210202,000000,10.26,10.6999,10.26,10.44,190218,0
MKTW.US,D,20210203,000000,10.54,10.79,10.47,10.54,114390,0
MKTW.US,D,20210204,000000,10.54,10.84,10.5,10.64,105418,0
MKTW.US,D,20210205,000000,10.79,10.8,10.51,10.62,47321,0
MKTW.US,D,20210208,000000,10.73,11.32,10.66,11,755151,0
MKTW.US,D,20210209,000000,11.2,11.2,10.81,10.98,184228,0
MKTW.US,D,20210210,000000,10.88,11.1,10.85,10.97,99525,0
MKTW.US,D,20210211,000000,10.92,11.04,10.9,10.97,173163,0
MKTW.US,D,20210212,000000,10.96,11.03,10.9001,11.03,55837,0
MKTW.US,D,20210216,000000,11.01,11.03,10.98,11.005,61386,0
MKTW.US,D,20210217,000000,11,11.03,10.88,10.92,77593,0
MKTW.US,D,20210218,000000,10.99,11.05,10.88,10.99,104403,0
MKTW.US,D,20210219,000000,11.05,11.195,11.05,11.06,112362,0
MKTW.US,D,20210222,000000,11.02,11.15,10.9,10.99,41285,0
MKTW.US,D,20210223,000000,10.7,10.83,10.45,10.7,127301,0
MKTW.US,D,20210224,000000,10.58,10.8,10.58,10.72,59148,0
MKTW.US,D,20210225,000000,10.79,10.79,10.31,10.4,121963,0
MKTW.US,D,20210226,000000,10.5,10.69,10.3,10.69,67991,0
MKTW.US,D,20210301,000000,10.59,10.88,10.52,10.59,110527,0
MKTW.US,D,20210302,000000,10.14,10.2,9.86,9.92,13627529,0
MKTW.US,D,20210303,000000,10,10,9.86,9.9,4721443,0
MKTW.US,D,20210304,000000,9.9,10.025,9.87,9.94,2088282,0
MKTW.US,D,20210305,000000,9.95,10,9.8713,9.98,1691396,0
MKTW.US,D,20210308,000000,10,10,9.9,9.95,234723,0
MKTW.US,D,20210309,000000,10,10,9.91,9.95,321015,0
MKTW.US,D,20210310,000000,9.95,9.975,9.91,9.94,256840,0
MKTW.US,D,20210311,000000,9.95,9.99,9.9,9.92,347673,0
MKTW.US,D,20210312,000000,9.94,9.95,9.88,9.95,110830,0
MKTW.US,D,20210315,000000,9.95,9.95,9.9,9.95,187428,0
MKTW.US,D,20210316,000000,9.92,9.96,9.9,9.94,63775,0
MKTW.US,D,20210317,000000,9.95,9.9505,9.92,9.93,306471,0
MKTW.US,D,20210318,000000,9.94,9.94,9.895,9.91,2537414,0
MKTW.US,D,20210319,000000,9.92,9.94,9.87,9.88,1112941,0
MKTW.US,D,20210322,000000,9.86,9.92,9.86,9.88,595147,0
MKTW.US,D,20210323,000000,9.86,9.92,9.82,9.88,497662,0
MKTW.US,D,20210324,000000,9.88,9.9,9.73,9.82,882559,0
MKTW.US,D,20210325,000000,9.8,9.94,9.7089,9.9,2640284,0
MKTW.US,D,20210326,000000,9.93,9.94,9.9,9.91,615274,0
MKTW.US,D,20210329,000000,9.9,9.95,9.9,9.91,250000,0
MKTW.US,D,20210330,000000,9.9,9.92,9.88,9.89,1091910,0
MKTW.US,D,20210331,000000,9.9,9.925,9.88,9.9,302092,0
MKTW.US,D,20210401,000000,9.92,9.99,9.9,9.9,250671,0
MKTW.US,D,20210405,000000,9.98,9.98,9.9,9.93,172859,0
MKTW.US,D,20210406,000000,9.93,9.98,9.9,9.95,299806,0
MKTW.US,D,20210407,000000,9.92,9.93,9.9,9.92,196263,0
MKTW.US,D,20210408,000000,9.96,9.99,9.93,9.96,141096,0
MKTW.US,D,20210409,000000,9.94,9.97,9.93,9.97,43957,0
MKTW.US,D,20210412,000000,9.95,9.97,9.92,9.93,122909,0
MKTW.US,D,20210413,000000,9.96,9.96,9.92,9.95,257355,0
MKTW.US,D,20210414,000000,9.92,9.96,9.92,9.93,65438,0
MKTW.US,D,20210415,000000,9.92,9.955,9.92,9.92,138022,0
MKTW.US,D,20210416,000000,9.92,9.9399,9.88,9.88,202690,0
MKTW.US,D,20210419,000000,9.88,9.924,9.88,9.92,90856,0
MKTW.US,D,20210420,000000,9.9,9.93,9.875,9.88,275037,0
MKTW.US,D,20210421,000000,9.89,9.91,9.885,9.9,213157,0
MKTW.US,D,20210422,000000,9.905,9.95,9.87,9.91,159766,0
MKTW.US,D,20210423,000000,9.92,9.97,9.89,9.96,455444,0
MKTW.US,D,20210426,000000,9.97,9.98,9.92,9.96,218341,0
MKTW.US,D,20210427,000000,9.9,10,9.9,9.96,603193,0
MKTW.US,D,20210428,000000,9.95,10,9.93,9.99,663837,0
MKTW.US,D,20210429,000000,9.99,9.99,9.95,9.97,19670,0
MKTW.US,D,20210430,000000,9.95,9.98,9.92,9.94,36002,0
MKTW.US,D,20210503,000000,9.95,9.99,9.92,9.92,90426,0
MKTW.US,D,20210504,000000,9.935,9.99,9.92,9.98,130388,0
MKTW.US,D,20210505,000000,9.97,9.97,9.92,9.925,49279,0
MKTW.US,D,20210506,000000,9.92,9.96,9.88,9.95,94596,0
MKTW.US,D,20210507,000000,9.95,9.99,9.9001,9.99,75653,0
MKTW.US,D,20210510,000000,9.99,9.99,9.93,9.95,176038,0
MKTW.US,D,20210511,000000,9.87,9.92,9.87,9.91,56609,0
MKTW.US,D,20210512,000000,9.89,9.91,9.86,9.89,626532,0
MKTW.US,D,20210513,000000,9.91,9.92,9.89,9.9,482106,0
MKTW.US,D,20210514,000000,9.9,9.93,9.9,9.9,224686,0
MKTW.US,D,20210517,000000,9.88,9.93,9.88,9.92,37598,0
MKTW.US,D,20210518,000000,9.91,9.93,9.9,9.93,448639,0
MKTW.US,D,20210519,000000,9.91,9.93,9.91,9.92,43373,0
MKTW.US,D,20210520,000000,9.93,9.93,9.9,9.92,81150,0
MKTW.US,D,20210521,000000,9.92,9.92,9.9,9.9,1554819,0
MKTW.US,D,20210524,000000,9.9,9.92,9.89,9.9,614689,0
MKTW.US,D,20210525,000000,9.9,9.92,9.9,9.91,160632,0
MKTW.US,D,20210526,000000,9.92,9.92,9.9,9.9,161767,0
MKTW.US,D,20210527,000000,9.91,9.92,9.9,9.9,641837,0
MKTW.US,D,20210528,000000,9.91,9.915,9.89,9.9,302291,0
MKTW.US,D,20210601,000000,9.93,9.93,9.9,9.93,556722,0
MKTW.US,D,20210602,000000,9.92,9.94,9.91,9.92,90697,0
MKTW.US,D,20210603,000000,9.92,9.94,9.91,9.93,181566,0
MKTW.US,D,20210604,000000,9.94,9.94,9.91,9.94,1211237,0
MKTW.US,D,20210607,000000,9.9344,9.975,9.93,9.96,211858,0
MKTW.US,D,20210608,000000,9.95,9.97,9.95,9.97,412299,0
MKTW.US,D,20210609,000000,9.98,9.99,9.96,9.97,716751,0
MKTW.US,D,20210610,000000,9.97,9.98,9.9564,9.98,111495,0
MKTW.US,D,20210611,000000,9.97,10,9.96,9.98,300667,0
MKTW.US,D,20210614,000000,9.98,9.985,9.965,9.98,213282,0
MKTW.US,D,20210615,000000,9.97,9.97,9.94,9.95,84164,0
MKTW.US,D,20210616,000000,9.95,9.97,9.95,9.96,32913,0
MKTW.US,D,20210617,000000,9.95,9.98,9.95,9.97,142985,0
MKTW.US,D,20210618,000000,9.98,9.98,9.94,9.96,136871,0
MKTW.US,D,20210621,000000,9.96,9.98,9.95,9.95,173365,0
MKTW.US,D,20210622,000000,9.94,9.965,9.94,9.95,87384,0
MKTW.US,D,20210623,000000,9.95,9.98,9.95,9.95,126063,0
MKTW.US,D,20210624,000000,9.95,9.98,9.95,9.96,93024,0
MKTW.US,D,20210625,000000,9.95,9.97,9.95,9.95,18940,0
MKTW.US,D,20210628,000000,9.96,9.98,9.96,9.98,47906,0
MKTW.US,D,20210629,000000,9.97,9.98,9.95,9.97,35572,0
MKTW.US,D,20210630,000000,9.97,9.9703,9.95,9.95,158803,0
MKTW.US,D,20210701,000000,9.95,9.98,9.95,9.96,42297,0
MKTW.US,D,20210702,000000,9.97,9.985,9.97,9.98,920909,0
MKTW.US,D,20210706,000000,9.99,9.99,9.96,9.96,197822,0
MKTW.US,D,20210707,000000,9.96,9.9799,9.96,9.965,130569,0
MKTW.US,D,20210708,000000,9.96,9.975,9.96,9.96,893324,0
MKTW.US,D,20210709,000000,9.97,9.98,9.96,9.98,943610,0
MKTW.US,D,20210712,000000,9.97,9.98,9.97,9.97,701056,0
MKTW.US,D,20210713,000000,9.97,9.98,9.97,9.97,1839943,0
MKTW.US,D,20210714,000000,9.97,9.985,9.97,9.98,646962,0
MKTW.US,D,20210715,000000,9.85,9.85,9.08,9.3,315609,0
MKTW.US,D,20210716,000000,9.34,9.44,9.13,9.13,72500,0
MKTW.US,D,20210719,000000,9.08,9.1,8.65,8.79,96357,0
MKTW.US,D,20210720,000000,8.79,9.0599,8.73,8.77,53974,0
MKTW.US,D,20210721,000000,8.81,9.76,8.81,9.52,195494,0
MKTW.US,D,20210722,000000,9,11.5,9,10.05,411000,0
MKTW.US,D,20210723,000000,10.33,11.2,10.1,10.925,359060,0
MKTW.US,D,20210726,000000,10.96,11.9968,10.95,11.8,604705,0
MKTW.US,D,20210727,000000,12,12.12,10.975,11.16,384171,0
MKTW.US,D,20210728,000000,11.01,11.24,10.56,11.2,176485,0
MKTW.US,D,20210729,000000,11.25,14,11.25,13.79,527847,0
MKTW.US,D,20210730,000000,12.8,16.9687,12.55,14.07,974122,0
MKTW.US,D,20210802,000000,15.1,15.99,14.28,15.06,300043,0
MKTW.US,D,20210803,000000,15.07,15.3,12.05,13.53,436746,0
MKTW.US,D,20210804,000000,13.3,14.37,12.84,13.35,210666,0
MKTW.US,D,20210805,000000,13.35,13.97,12.6,12.83,193803,0
MKTW.US,D,20210806,000000,12.99,13.275,12.54,12.77,61705,0
MKTW.US,D,20210809,000000,12.76,13.71,12.14,13.42,229551,0
MKTW.US,D,20210810,000000,13.4,13.4,12.45,13.09,247392,0
MKTW.US,D,20210811,000000,13.19,13.19,12.15,12.3,229185,0
MKTW.US,D,20210812,000000,12.5,12.74,9.8,10.82,549692,0
MKTW.US,D,20210813,000000,10.94,11.6,9.2,10.03,386851,0
MKTW.US,D,20210816,000000,10.09,10.09,8.7701,8.96,188789,0
MKTW.US,D,20210817,000000,9.01,9.94,8.7801,9.36,297609,0
MKTW.US,D,20210818,000000,9.57,9.99,9.02,9.27,257153,0
MKTW.US,D,20210819,000000,9.2,9.69,8.32,8.4,250491,0
MKTW.US,D,20210820,000000,8.38,8.45,7.89,8.15,286560,0
MKTW.US,D,20210823,000000,8.15,8.15,6.6,6.79,4980169,0
MKTW.US,D,20210824,000000,6.95,7.15,6.76,6.8,2423638,0
MKTW.US,D,20210825,000000,6.96,7.1,6.55,6.9,2975208,0
MKTW.US,D,20210826,000000,6.9,7.38,6.77,7.17,1756679,0
MKTW.US,D,20210827,000000,7.25,7.78,7.21,7.37,1359595,0
MKTW.US,D,20210830,000000,7.38,8.4499,7.35,8.28,783971,0
MKTW.US,D,20210831,000000,8.25,9.5,8.25,9.02,878825,0
MKTW.US,D,20210901,000000,9.2,9.76,8.85,9.55,818591,0
MKTW.US,D,20210902,000000,9.9,10.12,9.03,9.4,671084,0
MKTW.US,D,20210903,000000,9.34,9.54,8.74,9.21,682460,0
MKTW.US,D,20210907,000000,9.34,9.49,8.77,8.88,488325,0
MKTW.US,D,20210908,000000,8.88,9.2,8.5,8.61,429098,0
MKTW.US,D,20210909,000000,8.5,8.92,8.5,8.72,370614,0
MKTW.US,D,20210910,000000,8.63,8.97,8.61,8.61,466370,0
MKTW.US,D,20210913,000000,8.54,8.7,8.0001,8.22,569475,0
MKTW.US,D,20210914,000000,8.18,8.85,8.1281,8.64,364611,0
MKTW.US,D,20210915,000000,8.65,9.1295,8.4468,8.69,642030,0
MKTW.US,D,20210916,000000,8.83,9.08,8.56,9.08,569319,0
MKTW.US,D,20210917,000000,9.26,9.41,8.55,8.55,1597232,0
MKTW.US,D,20210920,000000,8.5,8.83,8.3,8.5,459022,0
MKTW.US,D,20210921,000000,8.69,8.8499,8.23,8.33,459031,0
MKTW.US,D,20210922,000000,8.35,8.9,8.028,8.18,246770,0
MKTW.US,D,20210923,000000,8.21,8.48,8.05,8.29,204390,0
MKTW.US,D,20210924,000000,8.21,8.49,8.09,8.16,107359,0
MKTW.US,D,20210927,000000,8.14,8.41,8.09,8.3,132349,0
MKTW.US,D,20210928,000000,8.34,8.38,7.86,7.99,216628,0
MKTW.US,D,20210929,000000,7.96,8.2,7.87,8.05,123632,0
MKTW.US,D,20210930,000000,8.11,8.26,7.96,8.26,173770,0
MKTW.US,D,20211001,000000,8.23,8.28,7.66,7.92,292664,0
MKTW.US,D,20211004,000000,7.92,8,7.7001,7.94,95481,0
MKTW.US,D,20211005,000000,7.8,7.99,7.51,7.59,378417,0
MKTW.US,D,20211006,000000,7.58,7.79,7.3,7.39,135853,0
MKTW.US,D,20211007,000000,7.42,7.6,7.32,7.33,119737,0
MKTW.US,D,20211008,000000,7.32,7.415,6.94,6.96,255317,0
MKTW.US,D,20211011,000000,7,7.355,7,7.12,360029,0
MKTW.US,D,20211012,000000,7.17,7.22,6.95,7,260085,0
MKTW.US,D,20211013,000000,6.99,7.29,6.94,7.2,154387,0
MKTW.US,D,20211014,000000,7.26,7.44,7.15,7.19,166755,0
MKTW.US,D,20211015,000000,7.25,7.29,7.06,7.08,85291,0
MKTW.US,D,20211018,000000,7.1,7.3,7,7.18,73270,0
MKTW.US,D,20211019,000000,7.23,7.2928,6.99,7.01,93750,0
MKTW.US,D,20211020,000000,7.05,7.29,6.9,7.18,111401,0
MKTW.US,D,20211021,000000,7.24,7.3499,7.1,7.21,153907,0
MKTW.US,D,20211022,000000,7.2,7.34,6.95,7,176652,0
MKTW.US,D,20211025,000000,7,7.35,6.9701,7.2,138075,0
MKTW.US,D,20211026,000000,7.24,7.43,7.105,7.43,155169,0
MKTW.US,D,20211027,000000,7.45,7.605,7.26,7.26,193215,0
MKTW.US,D,20211028,000000,7.31,7.5,7.14,7.16,88168,0
MKTW.US,D,20211029,000000,7.12,7.24,6.85,6.99,151725,0
MKTW.US,D,20211101,000000,6.99,7.5,6.99,7.43,326304,0
MKTW.US,D,20211102,000000,7.47,7.5,7.23,7.5,198788,0
MKTW.US,D,20211103,000000,7.5,8.26,7.5,7.99,412771,0
MKTW.US,D,20211104,000000,8.14,8.215,7.685,8,136793,0
MKTW.US,D,20211105,000000,7.92,8.09,7.814,7.91,118660,0
MKTW.US,D,20211108,000000,8,8.09,7.81,8.01,96386,0
MKTW.US,D,20211109,000000,7.99,8.05,7.67,7.91,132040,0
MKTW.US,D,20211110,000000,7.92,8.03,7.135,7.88,385719,0
MKTW.US,D,20211111,000000,7.38,7.45,6.9037,7.4,1485709,0
MKTW.US,D,20211112,000000,7.47,7.75,7.3312,7.61,195781,0
MKTW.US,D,20211115,000000,7.58,7.87,7.45,7.6,234325,0
MKTW.US,D,20211116,000000,7.55,7.69,7.55,7.65,281954,0
MKTW.US,D,20211117,000000,7.54,7.98,7.53,7.65,146898,0
MKTW.US,D,20211118,000000,7.91,7.91,7.38,7.44,288176,0
MKTW.US,D,20211119,000000,7.47,7.9345,7.22,7.3,133275,0
MKTW.US,D,20211122,000000,7.4,7.52,7.18,7.18,137604,0
MKTW.US,D,20211123,000000,7.13,7.38,7.095,7.18,161421,0
MKTW.US,D,20211124,000000,7.07,7.31,7.06,7.14,267696,0
MKTW.US,D,20211126,000000,7.12,7.39,6.995,7.25,73072,0
MKTW.US,D,20211129,000000,7.15,7.37,7.06,7.09,82124,0
MKTW.US,D,20211130,000000,7.1,7.25,6.91,7.13,175070,0
MKTW.US,D,20211201,000000,7.1,7.1823,6.43,6.53,217663,0
MKTW.US,D,20211202,000000,6.53,6.54,6.395,6.42,178610,0
MKTW.US,D,20211203,000000,6.42,6.55,5.93,6,368536,0
MKTW.US,D,20211206,000000,5.91,6.11,5.79,6.01,440622,0
MKTW.US,D,20211207,000000,6.09,6.57,6.09,6.24,205745,0
MKTW.US,D,20211208,000000,6.28,6.8443,6.188,6.43,191690,0
MKTW.US,D,20211209,000000,6.31,6.55,6.1535,6.25,161460,0
MKTW.US,D,20211210,000000,6.26,6.54,6.21,6.25,230081,0
MKTW.US,D,20211213,000000,6.21,6.59,6.08,6.4,203378,0
MKTW.US,D,20211214,000000,6.28,6.48,6.1,6.14,123791,0
MKTW.US,D,20211215,000000,6.11,6.42,5.96,6.2,308010,0
MKTW.US,D,20211216,000000,6.26,6.4343,6.04,6.07,471626,0
MKTW.US,D,20211217,000000,6.06,6.12,5.59,5.87,517901,0
MKTW.US,D,20211220,000000,5.91,6.4,5.56,6.35,414731,0
MKTW.US,D,20211221,000000,6.35,7.09,6.35,6.77,330275,0
MKTW.US,D,20211222,000000,6.75,7.22,6.75,7.03,157458,0
MKTW.US,D,20211223,000000,7.03,7.84,6.96,7.3,233295,0
MKTW.US,D,20211227,000000,7.24,7.73,7.24,7.4,81473,0
MKTW.US,D,20211228,000000,7.11,7.47,7.11,7.21,135153,0
MKTW.US,D,20211229,000000,7.23,7.23,6.98,7.02,59580,0
MKTW.US,D,20211230,000000,7.17,7.46,7.05,7.21,68879,0
MKTW.US,D,20211231,000000,7.1618,7.619,7.1618,7.54,99923,0
MKTW.US,D,20220103,000000,7.51,7.542,7.05,7.1,123448,0
MKTW.US,D,20220104,000000,7.07,7.32,7.07,7.14,112932,0
MKTW.US,D,20220105,000000,7.06,7.22,6.58,6.58,128924,0
MKTW.US,D,20220106,000000,6.58,7.1,6.51,6.91,76888,0
MKTW.US,D,20220107,000000,6.95,6.95,6.6,6.79,52835,0
MKTW.US,D,20220110,000000,6.67,6.7199,6.39,6.5,115321,0
MKTW.US,D,20220111,000000,6.47,6.655,6.36,6.49,37720,0
MKTW.US,D,20220112,000000,6.5,6.93,6.5,6.57,52990,0
MKTW.US,D,20220113,000000,6.52,6.8018,6.04,6.18,99334,0
MKTW.US,D,20220114,000000,6.08,6.205,5.93,5.95,96035,0
MKTW.US,D,20220118,000000,5.95,6.24,5.8781,6.1,105851,0
MKTW.US,D,20220119,000000,6.1,6.18,5.98,6,40752,0
MKTW.US,D,20220120,000000,6.05,6.24,5.8,5.88,211519,0
MKTW.US,D,20220121,000000,5.7083,6.09,5.68,5.95,121401,0
MKTW.US,D,20220124,000000,5.77,6.16,4.84,6.03,314588,0
MKTW.US,D,20220125,000000,6.32,6.32,5.835,5.96,174009,0
MKTW.US,D,20220126,000000,6.04,6.24,5.765,5.82,117584,0
MKTW.US,D,20220127,000000,5.86,5.96,5.78,5.79,45570,0
MKTW.US,D,20220128,000000,5.8,5.8255,5.58,5.68,73900,0
MKTW.US,D,20220131,000000,5.77,5.97,5.5,5.83,198506,0
MKTW.US,D,20220201,000000,5.73,6.04,5.64,5.95,223022,0
MKTW.US,D,20220202,000000,5.95,6.01,5.71,5.74,84638,0
MKTW.US,D,20220203,000000,5.61,5.77,5.37,5.4,117133,0
MKTW.US,D,20220204,000000,5.35,5.89,5,5.09,353412,0
MKTW.US,D,20220207,000000,5.05,5.44,5.03,5.19,839390,0
MKTW.US,D,20220208,000000,5.15,5.49,5.13,5.28,195369,0
MKTW.US,D,20220209,000000,5.26,5.3898,5.2378,5.27,167113,0
MKTW.US,D,20220210,000000,5.14,5.47,5.14,5.3,206432,0
MKTW.US,D,20220211,000000,5.27,5.58,5.2,5.22,151870,0
MKTW.US,D,20220214,000000,5.18,5.48,5.06,5.36,186947,0
MKTW.US,D,20220215,000000,5.41,5.73,5.41,5.64,139857,0
MKTW.US,D,20220216,000000,5.58,5.58,5.42,5.46,100259,0
MKTW.US,D,20220217,000000,5.39,5.44,5.24,5.27,106133,0
MKTW.US,D,20220218,000000,5.22,5.33,5.12,5.23,124919,0
MKTW.US,D,20220222,000000,5.18,5.6,5.1,5.47,89831,0
MKTW.US,D,20220223,000000,5.47,5.59,5.19,5.27,126421,0
MKTW.US,D,20220224,000000,5.08,5.38,5.05,5.25,169749,0
MKTW.US,D,20220225,000000,5.15,5.55,5,5.38,203140,0
MKTW.US,D,20220228,000000,5.33,5.48,5.14,5.15,114935,0
MKTW.US,D,20220301,000000,5.1,5.25,4.9,5.13,94100,0
MKTW.US,D,20220302,000000,5.11,5.185,4.93,4.97,94751,0
MKTW.US,D,20220303,000000,5.19,5.55,5.09,5.15,272182,0
MKTW.US,D,20220304,000000,5.2,5.61,4.94,4.99,253603,0
MKTW.US,D,20220307,000000,4.96,5,4.65,4.65,170326,0
MKTW.US,D,20220308,000000,4.65,4.83,4.37,4.49,184139,0
MKTW.US,D,20220309,000000,4.61,4.935,4.55,4.6,273965,0
MKTW.US,D,20220310,000000,4.79,5.05,4.34,4.74,448882,0
MKTW.US,D,20220311,000000,4.52,4.9466,4.25,4.26,252836,0
MKTW.US,D,20220314,000000,4.33,4.53,4.23,4.26,185161,0
MKTW.US,D,20220315,000000,4.2,4.4278,4.0327,4.08,154537,0
MKTW.US,D,20220316,000000,4.13,4.68,4.13,4.33,226398,0
MKTW.US,D,20220317,000000,4.35,4.57,4.2,4.43,205795,0
MKTW.US,D,20220318,000000,4.35,4.6,4.27,4.43,197132,0
MKTW.US,D,20220321,000000,4.98,5.33,4.6,5,513454,0
MKTW.US,D,20220322,000000,5.18,5.27,5.03,5.11,280145,0
MKTW.US,D,20220323,000000,5.11,5.45,5.11,5.2,194060,0
MKTW.US,D,20220324,000000,5.28,5.8389,5.21,5.68,253736,0
MKTW.US,D,20220325,000000,5.68,5.73,5.3,5.33,190257,0
MKTW.US,D,20220328,000000,5.25,5.45,5.09,5.1,225020,0
MKTW.US,D,20220329,000000,5.1,5.37,4.91,4.97,228323,0
MKTW.US,D,20220330,000000,4.95,5.23,4.91,5.01,325169,0
MKTW.US,D,20220331,000000,5.04,5.1896,4.72,4.72,221671,0
MKTW.US,D,20220401,000000,4.75,5.085,4.66,4.69,156854,0
MKTW.US,D,20220404,000000,4.73,5,4.73,4.89,187872,0
MKTW.US,D,20220405,000000,4.9,4.9,4.66,4.7,182618,0
MKTW.US,D,20220406,000000,4.65,4.66,4.2,4.24,418221,0
MKTW.US,D,20220407,000000,4.3,4.35,4.11,4.24,187469,0
MKTW.US,D,20220408,000000,4.19,4.38,4.13,4.17,131316,0
MKTW.US,D,20220411,000000,4.2,4.3,4.1,4.13,133156,0
MKTW.US,D,20220412,000000,4.11,4.156,3.9,3.95,230716,0
MKTW.US,D,20220413,000000,4.01,4.11,3.9,4.05,171353,0
MKTW.US,D,20220414,000000,4.08,4.12,3.945,4.03,148558,0
MKTW.US,D,20220418,000000,4,4.08,3.72,4,191451,0
MKTW.US,D,20220419,000000,3.99,4.17,3.9419,3.99,109490,0
MKTW.US,D,20220420,000000,4.04,4.04,3.78,3.81,115582,0
MKTW.US,D,20220421,000000,3.85,4.02,3.808,3.87,256766,0
MKTW.US,D,20220422,000000,3.88,3.91,3.8,3.86,119041,0
MKTW.US,D,20220425,000000,3.79,4.06,3.79,4.03,173168,0
MKTW.US,D,20220426,000000,3.98,4.16,3.82,4.01,191525,0
MKTW.US,D,20220427,000000,3.94,4.051,3.92,4,142294,0
MKTW.US,D,20220428,000000,4,4.59,3.9,4.03,819398,0
MKTW.US,D,20220429,000000,3.97,3.98,3.7,3.78,350547,0
MKTW.US,D,20220502,000000,3.8,3.8,3.56,3.76,172051,0
MKTW.US,D,20220503,000000,3.72,3.79,3.57,3.75,168414,0
MKTW.US,D,20220504,000000,3.76,3.77,3.56,3.77,288516,0
MKTW.US,D,20220505,000000,3.65,3.67,3.52,3.65,320105,0
MKTW.US,D,20220506,000000,3.67,3.8,3.6,3.7,252055,0
MKTW.US,D,20220509,000000,3.48,3.48,2.8101,2.87,456671,0
MKTW.US,D,20220510,000000,2.92,2.98,2.495,2.58,256593,0
MKTW.US,D,20220511,000000,2.6,2.66,2.4,2.46,211660,0
MKTW.US,D,20220512,000000,2.4,2.82,2.28,2.54,326296,0
MKTW.US,D,20220513,000000,2.55,2.6973,2.46,2.62,188314,0
MKTW.US,D,20220516,000000,2.65,2.74,2.52,2.68,288746,0
MKTW.US,D,20220517,000000,2.7,3.01,2.61,2.81,347216,0
MKTW.US,D,20220518,000000,2.77,2.78,2.47,2.48,262264,0
MKTW.US,D,20220519,000000,2.49,2.79,2.49,2.75,141635,0
MKTW.US,D,20220520,000000,2.77,2.8438,2.71,2.82,124177,0
MKTW.US,D,20220523,000000,2.93,3.01,2.81,2.93,110848,0
MKTW.US,D,20220524,000000,2.83,2.86,2.69,2.73,111620,0
MKTW.US,D,20220525,000000,2.7,2.97,2.7,2.85,39592,0
MKTW.US,D,20220526,000000,2.85,2.995,2.78,2.94,87732,0
MKTW.US,D,20220527,000000,2.94,3.27,2.94,3.18,116493,0
MKTW.US,D,20220531,000000,3.17,3.32,3.11,3.2,77312,0
MKTW.US,D,20220601,000000,3.19,3.3,3.071,3.2,79717,0
MKTW.US,D,20220602,000000,3.21,3.3,3.05,3.16,74133,0
MKTW.US,D,20220603,000000,3.07,3.13,2.72,2.85,141220,0
MKTW.US,D,20220606,000000,2.82,2.83,2.5,2.51,250934,0
MKTW.US,D,20220607,000000,2.51,2.51,2.4,2.49,115759,0
MKTW.US,D,20220608,000000,2.5,2.93,2.38,2.77,428250,0
MKTW.US,D,20220609,000000,2.91,3.09,2.7617,3.03,275606,0
MKTW.US,D,20220610,000000,3.15,3.15,2.81,3.11,192444,0
MKTW.US,D,20220613,000000,3,3.1345,2.77,2.99,89465,0
MKTW.US,D,20220614,000000,2.98,4.12,2.9073,3.21,505739,0
MKTW.US,D,20220615,000000,3.29,3.7,3.2625,3.67,180185,0
MKTW.US,D,20220616,000000,3.6,3.75,3.5,3.59,161878,0
MKTW.US,D,20220617,000000,3.65,4.05,3.52,3.68,205617,0
MKTW.US,D,20220621,000000,3.79,3.95,3.63,3.8,140328,0
MKTW.US,D,20220622,000000,3.8,4.025,3.55,3.6,171691,0
MKTW.US,D,20220623,000000,3.61,3.94,3.51,3.71,142898,0
MKTW.US,D,20220624,000000,3.75,4.16,3.64,3.9,1579811,0
MKTW.US,D,20220627,000000,3.89,4.17,3.7701,3.95,84220,0
MKTW.US,D,20220628,000000,3.93,4,3.37,3.57,82195,0
MKTW.US,D,20220629,000000,3.51,3.56,3.37,3.45,76866,0
MKTW.US,D,20220630,000000,3.44,3.62,3.277,3.6,77378,0
MKTW.US,D,20220701,000000,3.58,3.71,3.28,3.44,52581,0
MKTW.US,D,20220705,000000,3.37,3.68,3.305,3.68,97657,0
MKTW.US,D,20220706,000000,3.6,3.68,3.34,3.34,88207,0
MKTW.US,D,20220707,000000,3.33,3.55,3.32,3.49,55532,0
MKTW.US,D,20220708,000000,3.44,3.56,3.25,3.34,31601,0
MKTW.US,D,20220711,000000,3.26,3.26,2.98,3.12,61698,0
MKTW.US,D,20220712,000000,3.16,3.18,2.92,2.96,59802,0
MKTW.US,D,20220713,000000,2.9,3.42,2.9,3.18,98753,0
MKTW.US,D,20220714,000000,3.18,3.42,3.1085,3.25,91974,0
MKTW.US,D,20220715,000000,3.29,3.62,3.08,3.3,228542,0
MKTW.US,D,20220718,000000,3.37,3.515,3.09,3.14,91596,0
MKTW.US,D,20220719,000000,3.14,3.27,3.01,3.07,113183,0
MKTW.US,D,20220720,000000,3.12,3.21,2.94,3.1,89766,0
MKTW.US,D,20220721,000000,3.1,3.17,2.8,2.94,89773,0
MKTW.US,D,20220722,000000,2.9735,2.9735,2.63,2.75,136545,0
MKTW.US,D,20220725,000000,2.72,2.8016,2.66,2.78,221081,0
MKTW.US,D,20220726,000000,2.72,2.72,2.5,2.65,85462,0
MKTW.US,D,20220727,000000,2.7,2.79,2.51,2.74,934883,0
MKTW.US,D,20220728,000000,2.7542,2.7827,2.6,2.66,117450,0
MKTW.US,D,20220729,000000,2.67,2.87,2.58,2.85,123130,0
MKTW.US,D,20220801,000000,3.05,3.05,2.91,3,231313,0
MKTW.US,D,20220802,000000,3.03,3.03,2.86,2.94,202456,0
MKTW.US,D,20220803,000000,2.91,3.145,2.91,3.1,171045,0
MKTW.US,D,20220804,000000,3.15,3.2818,2.84,3.03,269657,0
MKTW.US,D,20220805,000000,3.01,3.17,2.97,3,109012,0
MKTW.US,D,20220808,000000,2.92,3.39,2.86,3.3,343930,0
MKTW.US,D,20220809,000000,3.31,3.6,3.27,3.45,234713,0
MKTW.US,D,20220810,000000,3.45,3.54,3.22,3.49,209384,0
MKTW.US,D,20220811,000000,3.5,3.93,3.5,3.8,231416,0
MKTW.US,D,20220812,000000,3.79,3.93,3.74,3.83,154325,0
MKTW.US,D,20220815,000000,3.83,4.01,3.83,3.99,97011,0
MKTW.US,D,20220816,000000,4.03,4.1,3.85,4.08,80965,0
MKTW.US,D,20220817,000000,3.75,3.75,3.44,3.46,346749,0
MKTW.US,D,20220818,000000,3.41,3.5,3.31,3.365,141137,0
MKTW.US,D,20220819,000000,3.34,3.46,3.2,3.22,153444,0
MKTW.US,D,20220822,000000,3.22,3.26,3.1,3.17,113613,0
MKTW.US,D,20220823,000000,3.18,3.29,3.05,3.08,104517,0
MKTW.US,D,20220824,000000,3.08,3.28,3.06,3.09,168119,0
MKTW.US,D,20220825,000000,3.14,3.17,2.97,3.1,131559,0
MKTW.US,D,20220826,000000,3.09,3.1026,3.01,3.03,51754,0
MKTW.US,D,20220829,000000,3,3.14,2.99,3.02,99486,0
MKTW.US,D,20220830,000000,3.03,3.03,2.92,2.94,68904,0
MKTW.US,D,20220831,000000,2.941,2.941,2.77,2.79,73894,0
MKTW.US,D,20220901,000000,2.72,2.7818,2.63,2.69,106161,0
MKTW.US,D,20220902,000000,2.7,2.79,2.66,2.74,95556,0
MKTW.US,D,20220906,000000,2.72,2.72,2.52,2.56,182393,0
MKTW.US,D,20220907,000000,2.64,2.65,2.49,2.55,285663,0
MKTW.US,D,20220908,000000,2.52,2.64,2.48,2.5,429667,0
MKTW.US,D,20220909,000000,2.49,2.67,2.49,2.64,347194,0
MKTW.US,D,20220912,000000,2.78,2.81,2.66,2.8,234625,0
MKTW.US,D,20220913,000000,2.71,2.7119,2.52,2.55,243374,0
MKTW.US,D,20220914,000000,2.52,2.54,2.49,2.5,248993,0
MKTW.US,D,20220915,000000,2.49,2.61,2.445,2.45,189473,0
MKTW.US,D,20220916,000000,2.4,2.49,2.3,2.43,358820,0
MKTW.US,D,20220919,000000,2.41,2.47,2.39,2.43,82692,0
MKTW.US,D,20220920,000000,2.42,2.4989,2.3,2.36,141078,0
MKTW.US,D,20220921,000000,2.36,2.465,2.25,2.3,267769,0
MKTW.US,D,20220922,000000,2.3,2.32,2.23,2.28,100069,0
MKTW.US,D,20220923,000000,2.27,2.345,2.24,2.31,67906,0
MKTW.US,D,20220926,000000,2.28,2.41,2.25,2.27,74113,0
MKTW.US,D,20220927,000000,2.28,2.31,2.2,2.27,102003,0
MKTW.US,D,20220928,000000,2.25,2.4601,2.235,2.41,110130,0
MKTW.US,D,20220929,000000,2.34,2.34,2.25,2.3,78747,0
MKTW.US,D,20220930,000000,2.28,2.37,2.26,2.28,49930,0
MKTW.US,D,20221003,000000,2.35,2.47,2.28,2.45,100267,0
MKTW.US,D,20221004,000000,2.49,2.6,2.47,2.6,85443,0
MKTW.US,D,20221005,000000,2.53,2.78,2.5,2.75,106815,0
MKTW.US,D,20221006,000000,2.69,2.77,2.56,2.64,36518,0
MKTW.US,D,20221007,000000,2.6,2.74,2.58,2.62,52483,0
MKTW.US,D,20221010,000000,2.63,2.666,2.4,2.6,80956,0
MKTW.US,D,20221011,000000,2.57,2.69,2.5,2.56,213936,0
MKTW.US,D,20221012,000000,2.55,2.62,2.5,2.56,97752,0
MKTW.US,D,20221013,000000,2.5,2.64,2.46,2.61,62112,0
MKTW.US,D,20221014,000000,2.63,2.6336,2.43,2.45,65378,0
MKTW.US,D,20221017,000000,2.49,2.5401,2.35,2.42,126059,0
MKTW.US,D,20221018,000000,2.35,2.57,2.3106,2.49,23528,0
MKTW.US,D,20221019,000000,2.48,2.55,2.41,2.5,59468,0
MKTW.US,D,20221020,000000,2.5,2.65,2.43,2.55,61093,0
MKTW.US,D,20221021,000000,2.59,2.61,2.5,2.6,46210,0
MKTW.US,D,20221024,000000,2.6,2.61,2.37,2.47,158678,0
MKTW.US,D,20221025,000000,2.46,2.57,2.41,2.53,56580,0
MKTW.US,D,20221026,000000,2.52,2.6,2.47,2.495,30482,0
MKTW.US,D,20221027,000000,2.49,2.53,2.465,2.49,55399,0
MKTW.US,D,20221028,000000,2.49,2.63,2.47,2.54,54543,0
MKTW.US,D,20221031,000000,2.53,2.53,2.41,2.46,56405,0
MKTW.US,D,20221101,000000,2.46,2.53,2.39,2.49,114465,0
MKTW.US,D,20221102,000000,2.48,2.55,2.34,2.34,117448,0
MKTW.US,D,20221103,000000,2.25,2.39,1.6929,1.91,242744,0
MKTW.US,D,20221104,000000,1.88,1.99,1.83,1.93,85170,0
MKTW.US,D,20221107,000000,1.93,2.04,1.93,2,72296,0
MKTW.US,D,20221108,000000,2.01,2.17,2,2.17,88429,0
MKTW.US,D,20221109,000000,2.15,2.31,2.15,2.19,71549,0
MKTW.US,D,20221110,000000,2.21,2.38,2.21,2.34,105387,0
MKTW.US,D,20221111,000000,2.4,2.49,2.35,2.42,79649,0
MKTW.US,D,20221114,000000,2.52,2.52,2.35,2.36,36441,0
MKTW.US,D,20221115,000000,2.4,2.498,2.3701,2.47,99321,0
MKTW.US,D,20221116,000000,2.44,2.46,2.29,2.3,90066,0
MKTW.US,D,20221117,000000,2.35,2.35,2.13,2.28,177187,0
MKTW.US,D,20221118,000000,2.31,2.41,2.18,2.39,165620,0
MKTW.US,D,20221121,000000,2.37,2.37,2.15,2.19,83681,0
MKTW.US,D,20221122,000000,2.15,2.22,2.13,2.21,151648,0
MKTW.US,D,20221123,000000,2.18,2.23,2.11,2.21,165597,0
MKTW.US,D,20221125,000000,2.18,2.343,2.15,2.16,9597,0
MKTW.US,D,20221128,000000,2.13,2.18,2.0904,2.12,30585,0
MKTW.US,D,20221129,000000,2.13,2.17,1.78,1.8,317330,0
MKTW.US,D,20221130,000000,1.88,1.9,1.8,1.9,210416,0
MKTW.US,D,20221201,000000,1.85,1.9591,1.8,1.9,263797,0
MKTW.US,D,20221202,000000,1.87,2.06,1.8,1.92,995980,0
MKTW.US,D,20221205,000000,1.95,2.23,1.88,1.94,470041,0
MKTW.US,D,20221206,000000,1.91,2.1,1.79,1.84,640776,0
MKTW.US,D,20221207,000000,1.85,2.02,1.85,1.95,324498,0
MKTW.US,D,20221208,000000,1.97,2.005,1.83,1.9,277156,0
MKTW.US,D,20221209,000000,1.88,1.98,1.82,1.84,49906,0
MKTW.US,D,20221212,000000,1.92,1.96,1.7901,1.85,153110,0
MKTW.US,D,20221213,000000,1.95,1.97,1.8,1.92,202522,0
MKTW.US,D,20221214,000000,1.92,1.99,1.79,1.94,241633,0
MKTW.US,D,20221215,000000,1.9,1.93,1.76,1.82,128065,0
MKTW.US,D,20221216,000000,1.8,1.94,1.73,1.76,230956,0
MKTW.US,D,20221219,000000,1.79,1.84,1.73,1.78,71484,0
MKTW.US,D,20221220,000000,1.78,1.84,1.7,1.7,924148,0
MKTW.US,D,20221221,000000,1.7,1.78,1.6,1.6,269823,0
MKTW.US,D,20221222,000000,1.59,1.67,1.56,1.62,50649,0
MKTW.US,D,20221223,000000,1.63,1.65,1.57,1.62,42465,0
MKTW.US,D,20221227,000000,1.62,1.65,1.52,1.58,95028,0
MKTW.US,D,20221228,000000,1.56,1.64,1.52,1.57,84776,0
MKTW.US,D,20221229,000000,1.55,1.7,1.5426,1.69,115987,0
MKTW.US,D,20221230,000000,1.67,1.72,1.64,1.68,153257,0
MKTW.US,D,20230103,000000,1.69,1.75,1.66,1.69,37534,0
MKTW.US,D,20230104,000000,1.66,1.8,1.64,1.76,37081,0
MKTW.US,D,20230105,000000,1.72,1.7518,1.66,1.66,62170,0
MKTW.US,D,20230106,000000,1.705,1.74,1.64,1.7,49593,0
MKTW.US,D,20230109,000000,1.7234,1.7424,1.71,1.72,46645,0
MKTW.US,D,20230110,000000,1.76,1.8299,1.76,1.81,66367,0
MKTW.US,D,20230111,000000,1.85,1.9,1.85,1.9,75679,0
MKTW.US,D,20230112,000000,1.92,2.09,1.856,2.02,105929,0
MKTW.US,D,20230113,000000,2.02,2.05,1.92,2.01,46435,0
MKTW.US,D,20230117,000000,2.03,2.08,1.9127,2.03,57663,0
MKTW.US,D,20230118,000000,2.03,2.19,1.98,2.05,59528,0
MKTW.US,D,20230119,000000,2.01,2.18,1.99,2.08,41164,0
MKTW.US,D,20230120,000000,2.12,2.23,2.07,2.19,65965,0
MKTW.US,D,20230123,000000,2.26,2.43,2.23,2.42,287216,0
MKTW.US,D,20230124,000000,2.48,2.48,2.2601,2.34,84432,0
MKTW.US,D,20230125,000000,2.28,2.45,2.22,2.43,85273,0
MKTW.US,D,20230126,000000,2.43,2.55,2.2,2.24,150481,0
MKTW.US,D,20230127,000000,2.25,2.5,2.25,2.43,48591,0
MKTW.US,D,20230130,000000,2.47,2.47,2.3,2.3,41033,0
MKTW.US,D,20230131,000000,2.3,2.3696,2.16,2.22,72866,0
MKTW.US,D,20230201,000000,2.22,2.4499,2.19,2.42,136357,0
MKTW.US,D,20230202,000000,2.5,2.62,2.4501,2.56,187848,0
MKTW.US,D,20230203,000000,2.54,2.65,2.4573,2.61,44321,0
MKTW.US,D,20230206,000000,2.64,2.65,2.56,2.65,43195,0
MKTW.US,D,20230207,000000,2.65,2.65,2.5,2.55,53037,0
MKTW.US,D,20230208,000000,2.62,2.62,2.29,2.39,49217,0
MKTW.US,D,20230209,000000,2.39,2.39,2.02,2.23,110604,0
MKTW.US,D,20230210,000000,2.25,2.28,2.12,2.15,22594,0
MKTW.US,D,20230213,000000,2.25,2.25,2.04,2.14,54069,0
MKTW.US,D,20230214,000000,2.09,2.2,2.09,2.09,28360,0
MKTW.US,D,20230215,000000,2.01,2.09,1.91,1.98,100644,0
MKTW.US,D,20230216,000000,1.95,2.06,1.92,2.02,39453,0
MKTW.US,D,20230217,000000,2.06,2.09,1.99,2.06,78895,0
MKTW.US,D,20230221,000000,2.03,2.1,2,2.03,28919,0
MKTW.US,D,20230222,000000,2.01,2.015,1.9,1.91,52769,0
MKTW.US,D,20230223,000000,1.9107,2,1.9,1.96,25383,0
MKTW.US,D,20230224,000000,1.96,2.0793,1.95,2.01,22641,0
MKTW.US,D,20230227,000000,1.9192,2.06,1.85,2.06,46459,0
MKTW.US,D,20230228,000000,2.06,2.07,1.95,1.97,33997,0
MKTW.US,D,20230301,000000,2,2.08,1.95,2.06,92590,0
MKTW.US,D,20230302,000000,2.045,2.06,2.01,2.05,20089,0
MKTW.US,D,20230303,000000,2.06,2.09,2.05,2.05,24354,0
MKTW.US,D,20230306,000000,2.05,2.065,1.85,1.88,94256,0
MKTW.US,D,20230307,000000,1.9,1.9799,1.9,1.96,21260,0
MKTW.US,D,20230308,000000,1.96,1.99,1.92,1.96,10714,0
MKTW.US,D,20230309,000000,1.99,2.03,1.86,1.87,23804,0
MKTW.US,D,20230310,000000,1.87,2.02,1.8672,1.94,25754,0
MKTW.US,D,20230313,000000,1.78,1.96,1.78,1.94,68167,0
MKTW.US,D,20230314,000000,1.86,1.97,1.86,1.89,76767,0
MKTW.US,D,20230315,000000,1.852,1.86,1.75,1.78,38237,0
MKTW.US,D,20230316,000000,1.73,1.7722,1.6501,1.76,57095,0
MKTW.US,D,20230317,000000,1.7,1.75,1.63,1.65,106917,0
MKTW.US,D,20230320,000000,1.7,1.71,1.62,1.65,60057,0
MKTW.US,D,20230321,000000,1.68,1.708,1.65,1.7,32435,0
MKTW.US,D,20230322,000000,1.68,1.83,1.59,1.61,63400,0
MKTW.US,D,20230323,000000,1.62,1.6675,1.62,1.64,37804,0
MKTW.US,D,20230324,000000,1.6136,1.67,1.58,1.65,54664,0
MKTW.US,D,20230327,000000,1.6177,1.6699,1.61,1.66,13589,0
MKTW.US,D,20230328,000000,1.66,1.83,1.65,1.68,93148,0
MKTW.US,D,20230329,000000,1.68,1.74,1.68,1.71,17833,0
MKTW.US,D,20230330,000000,1.86,1.968,1.7509,1.85,125723,0
MKTW.US,D,20230331,000000,1.85,1.88,1.69,1.85,89385,0
MKTW.US,D,20230403,000000,1.81,1.81,1.55,1.615,268437,0
MKTW.US,D,20230404,000000,1.62,1.67,1.55,1.62,161371,0
MKTW.US,D,20230405,000000,1.59,1.64,1.55,1.59,30982,0
MKTW.US,D,20230406,000000,1.6,1.61,1.55,1.6,34691,0
MKTW.US,D,20230410,000000,1.58,1.62,1.5655,1.61,56357,0
MKTW.US,D,20230411,000000,1.56,1.74,1.56,1.7,37245,0
MKTW.US,D,20230412,000000,1.7,1.7,1.645,1.645,29039,0
MKTW.US,D,20230413,000000,1.62,1.69,1.6,1.69,41998,0
MKTW.US,D,20230414,000000,1.67,1.69,1.58,1.61,33818,0
MKTW.US,D,20230417,000000,1.6,1.6,1.49,1.53,72355,0
MKTW.US,D,20230418,000000,1.53,1.59,1.5153,1.59,14092,0
MKTW.US,D,20230419,000000,1.55,1.6,1.45,1.51,73089,0
MKTW.US,D,20230420,000000,1.54,1.58,1.5,1.56,25705,0
MKTW.US,D,20230421,000000,1.53,1.62,1.53,1.59,17263,0
MKTW.US,D,20230424,000000,1.57,1.63,1.55,1.61,34188,0
MKTW.US,D,20230425,000000,1.545,1.61,1.52,1.6,46033,0
MKTW.US,D,20230426,000000,1.56,1.65,1.56,1.585,49284,0
MKTW.US,D,20230427,000000,1.615,1.64,1.59,1.64,23511,0
MKTW.US,D,20230428,000000,1.59,1.85,1.56,1.84,44118,0
MKTW.US,D,20230501,000000,1.8,1.84,1.67,1.68,73153,0
MKTW.US,D,20230502,000000,1.74,1.74,1.5987,1.64,20094,0
MKTW.US,D,20230503,000000,1.63,1.6899,1.58,1.64,24512,0
MKTW.US,D,20230504,000000,1.67,1.69,1.55,1.58,20664,0
MKTW.US,D,20230505,000000,1.59,1.66,1.59,1.66,18373,0
MKTW.US,D,20230508,000000,1.69,1.69,1.58,1.61,22669,0
MKTW.US,D,20230509,000000,1.54,1.73,1.54,1.67,25562,0
MKTW.US,D,20230510,000000,1.71,1.71,1.5757,1.66,50776,0
MKTW.US,D,20230511,000000,1.65,1.86,1.65,1.79,101634,0
MKTW.US,D,20230512,000000,1.85,1.88,1.8,1.82,38944,0
MKTW.US,D,20230515,000000,1.8,1.83,1.8,1.83,46537,0
MKTW.US,D,20230516,000000,1.82,1.84,1.79,1.79,63574,0
MKTW.US,D,20230517,000000,1.83,1.84,1.8,1.84,77437,0
MKTW.US,D,20230518,000000,1.83,1.84,1.77,1.83,49942,0
MKTW.US,D,20230519,000000,1.83,1.83,1.72,1.76,67182,0
MKTW.US,D,20230522,000000,1.79,1.94,1.7766,1.94,113587,0
MKTW.US,D,20230523,000000,1.95,2.25,1.93,2.19,364644,0
MKTW.US,D,20230524,000000,2.21,2.445,2.15,2.24,439076,0
MKTW.US,D,20230525,000000,2.2,2.255,2.03,2.1,72436,0
MKTW.US,D,20230526,000000,2.1014,2.29,2.04,2.2,45305,0
MKTW.US,D,20230530,000000,2.2,2.41,2.2,2.38,98605,0
MKTW.US,D,20230531,000000,2.42,2.42,2.25,2.26,57834,0
MKTW.US,D,20230601,000000,2.31,2.38,2.2803,2.34,40685,0
MKTW.US,D,20230602,000000,2.33,2.5,2.3027,2.49,67284,0
MKTW.US,D,20230605,000000,2.5,2.75,2.5,2.62,255905,0
MKTW.US,D,20230606,000000,2.64,2.82,2.6285,2.69,88017,0
MKTW.US,D,20230607,000000,2.67,2.85,2.61,2.64,86473,0
MKTW.US,D,20230608,000000,2.7,2.71,2.43,2.45,117951,0
MKTW.US,D,20230609,000000,2.48,2.53,2.41,2.41,48865,0
MKTW.US,D,20230612,000000,2.52,2.58,2.4227,2.43,290355,0
MKTW.US,D,20230613,000000,2.44,2.53,2.37,2.41,69646,0
MKTW.US,D,20230614,000000,2.45,2.49,2.4,2.41,55838,0
MKTW.US,D,20230615,000000,2.445,2.51,2.41,2.44,102199,0
MKTW.US,D,20230616,000000,2.49,2.51,2.41,2.45,157290,0
MKTW.US,D,20230620,000000,2.53,2.57,2.34,2.41,150829,0
MKTW.US,D,20230621,000000,2.4,2.46,2.31,2.4,104624,0
MKTW.US,D,20230622,000000,2.39,2.53,2.31,2.39,66774,0
MKTW.US,D,20230623,000000,2.36,2.56,2.29,2.54,2029894,0
MKTW.US,D,20230626,000000,2.3,2.54,2.13,2.19,203232,0
MKTW.US,D,20230627,000000,2.15,2.18,1.985,1.99,219370,0
MKTW.US,D,20230628,000000,1.99,2.02,1.93,1.97,49716,0
MKTW.US,D,20230629,000000,1.96,2.065,1.9355,1.99,42669,0
MKTW.US,D,20230630,000000,2.02,2.11,1.9813,2,141432,0
MKTW.US,D,20230703,000000,1.92,2.01,1.91,2,53192,0
MKTW.US,D,20230705,000000,2.02,2.05,1.9513,2,108956,0
MKTW.US,D,20230706,000000,1.99,1.99,1.9,1.96,108700,0
MKTW.US,D,20230707,000000,1.99,2,1.95,1.96,93469,0
MKTW.US,D,20230710,000000,1.93,1.9899,1.79,1.79,322770,0
MKTW.US,D,20230711,000000,1.79,1.86,1.7553,1.8,95425,0
MKTW.US,D,20230712,000000,1.84,1.885,1.77,1.78,146521,0
MKTW.US,D,20230713,000000,1.84,1.85,1.79,1.8,59742,0
MKTW.US,D,20230714,000000,1.83,1.83,1.78,1.78,71684,0
MKTW.US,D,20230717,000000,1.78,1.8,1.77,1.78,47823,0
MKTW.US,D,20230718,000000,1.79,1.81,1.77,1.79,23716,0
MKTW.US,D,20230719,000000,1.8,1.85,1.76,1.79,173918,0
MKTW.US,D,20230720,000000,1.8,1.82,1.77,1.8,33985,0
MKTW.US,D,20230721,000000,1.8,1.8,1.79,1.79,55061,0
MKTW.US,D,20230724,000000,1.8,1.97,1.7801,1.95,148884,0
MKTW.US,D,20230725,000000,1.95,2.09,1.95,2.08,74664,0
MKTW.US,D,20230726,000000,2.09,2.09,1.9,1.94,76613,0
MKTW.US,D,20230727,000000,1.96,1.96,1.87,1.88,43118,0
MKTW.US,D,20230728,000000,1.91,1.93,1.84,1.93,88467,0
MKTW.US,D,20230731,000000,1.94,1.9622,1.8109,1.92,202263,0
MKTW.US,D,20230801,000000,1.92,1.92,1.88,1.89,39194,0
MKTW.US,D,20230802,000000,1.87,1.88,1.83,1.88,86112,0
MKTW.US,D,20230803,000000,1.89,1.93,1.82,1.89,138979,0
MKTW.US,D,20230804,000000,1.89,1.89,1.84,1.85,45889,0
MKTW.US,D,20230807,000000,1.85,1.89,1.83,1.84,31251,0
MKTW.US,D,20230808,000000,1.86,1.8635,1.79,1.82,53102,0
MKTW.US,D,20230809,000000,1.82,1.86,1.8,1.85,104531,0
MKTW.US,D,20230810,000000,1.82,1.93,1.4,1.47,350050,0
MKTW.US,D,20230811,000000,1.5,1.85,1.5,1.745,207589,0
MKTW.US,D,20230814,000000,1.86,1.86,1.51,1.64,179230,0
MKTW.US,D,20230815,000000,1.9,1.91,1.65,1.655,253584,0
MKTW.US,D,20230816,000000,1.7,1.72,1.59,1.6,113297,0
MKTW.US,D,20230817,000000,1.6,1.63,1.55,1.55,77789,0
MKTW.US,D,20230818,000000,1.55,1.5587,1.51,1.55,123584,0
MKTW.US,D,20230821,000000,1.55,1.605,1.53,1.54,52754,0
MKTW.US,D,20230822,000000,1.53,1.55,1.43,1.44,77077,0
MKTW.US,D,20230823,000000,1.45,1.49,1.41,1.42,99739,0
MKTW.US,D,20230824,000000,1.42,1.48,1.39,1.39,154320,0
MKTW.US,D,20230825,000000,1.3999,1.4313,1.3513,1.4,99167,0
MKTW.US,D,20230828,000000,1.38,1.3879,1.32,1.34,79131,0
MKTW.US,D,20230829,000000,1.34,1.39,1.26,1.29,210850,0
MKTW.US,D,20230830,000000,1.3,1.41,1.24,1.36,262806,0
MKTW.US,D,20230831,000000,1.4,1.41,1.3,1.35,94684,0
MKTW.US,D,20230901,000000,1.33,1.55,1.33,1.53,119480,0
MKTW.US,D,20230905,000000,1.53,1.64,1.5107,1.6,141730,0
MKTW.US,D,20230906,000000,1.61,1.61,1.39,1.42,144684,0
MKTW.US,D,20230907,000000,1.43,1.43,1.38,1.38,119725,0
MKTW.US,D,20230908,000000,1.37,1.41,1.25,1.38,63565,0
MKTW.US,D,20230911,000000,1.45,1.97,1.43,1.81,1256769,0
MKTW.US,D,20230912,000000,1.77,1.85,1.69,1.795,304542,0
MKTW.US,D,20230913,000000,1.79,1.84,1.67,1.75,343342,0
MKTW.US,D,20230914,000000,1.77,1.78,1.69,1.74,111190,0
MKTW.US,D,20230915,000000,1.74,1.775,1.72,1.75,227650,0
MKTW.US,D,20230918,000000,1.75,1.8,1.7,1.73,83566,0
MKTW.US,D,20230919,000000,1.7229,1.755,1.69,1.71,48290,0
MKTW.US,D,20230920,000000,1.73,1.77,1.69,1.72,38838,0
MKTW.US,D,20230921,000000,1.69,1.7,1.56,1.58,69355,0
MKTW.US,D,20230922,000000,1.58,1.69,1.56,1.6,61781,0
MKTW.US,D,20230925,000000,1.61,1.65,1.585,1.59,34034,0
MKTW.US,D,20230926,000000,1.6,1.61,1.56,1.58,42492,0
MKTW.US,D,20230927,000000,1.58,1.655,1.57,1.61,71938,0
MKTW.US,D,20230928,000000,1.57,1.62,1.57,1.6,27301,0
MKTW.US,D,20230929,000000,1.6069,1.64,1.59,1.6,25989,0
MKTW.US,D,20231002,000000,1.59,1.6,1.52,1.54,37970,0
MKTW.US,D,20231003,000000,1.52,1.54,1.4,1.49,81536,0
MKTW.US,D,20231004,000000,1.49,1.54,1.4576,1.495,31295,0
MKTW.US,D,20231005,000000,1.46,1.52,1.44,1.49,64574,0
MKTW.US,D,20231006,000000,1.45,1.59,1.41,1.51,77032,0
MKTW.US,D,20231009,000000,1.52,1.55,1.48,1.5,54731,0
MKTW.US,D,20231010,000000,1.5,1.58,1.48,1.49,43868,0
MKTW.US,D,20231011,000000,1.4801,1.6283,1.48,1.5,58686,0
MKTW.US,D,20231012,000000,1.53,1.53,1.42,1.44,28329,0
MKTW.US,D,20231013,000000,1.44,1.47,1.44,1.45,28445,0
MKTW.US,D,20231016,000000,1.44,1.52,1.43,1.49,48816,0
MKTW.US,D,20231017,000000,1.44,1.52,1.33,1.5,77593,0
MKTW.US,D,20231018,000000,1.5,1.53,1.49,1.5,39370,0
MKTW.US,D,20231019,000000,1.68,1.81,1.55,1.645,1042323,0
MKTW.US,D,20231020,000000,1.66,1.73,1.62,1.71,209876,0
MKTW.US,D,20231023,000000,1.75,2.19,1.69,1.99,1155567,0
MKTW.US,D,20231024,000000,1.91,2.13,1.91,1.98,230795,0
MKTW.US,D,20231025,000000,1.96,2.08,1.883,1.91,156674,0
MKTW.US,D,20231026,000000,1.98,1.98,1.77,1.81,146535,0
MKTW.US,D,20231027,000000,1.81,1.94,1.8,1.91,69266,0
MKTW.US,D,20231030,000000,2,2.35,2,2.24,528661,0
MKTW.US,D,20231031,000000,2.38,2.38,2.1,2.17,201524,0
MKTW.US,D,20231101,000000,2.2,2.2823,2.15,2.22,100142,0
MKTW.US,D,20231102,000000,2.25,2.25,2.11,2.14,123818,0
MKTW.US,D,20231103,000000,2.18,2.44,2.18,2.38,174001,0
MKTW.US,D,20231106,000000,2.45,2.45,2.28,2.31,231103,0
MKTW.US,D,20231107,000000,2.38,2.39,2.25,2.38,92122,0
MKTW.US,D,20231108,000000,2.38,2.51,2.3,2.44,431773,0
MKTW.US,D,20231109,000000,2.07,2.43,2.07,2.35,246844,0
MKTW.US,D,20231110,000000,2.35,2.49,2.26,2.41,227109,0
MKTW.US,D,20231113,000000,2.41,2.75,2.3715,2.72,453637,0
MKTW.US,D,20231114,000000,2.77,3.0999,2.7,2.86,483427,0
MKTW.US,D,20231115,000000,2.85,3,2.72,2.79,181657,0
MKTW.US,D,20231116,000000,2.8,3.05,2.79,2.94,203367,0
MKTW.US,D,20231117,000000,2.97,3.03,2.9,3.01,179544,0
MKTW.US,D,20231120,000000,3.11,3.62,3.02,3.1,355806,0
MKTW.US,D,20231121,000000,3.05,3.19,3,3.12,204967,0
MKTW.US,D,20231122,000000,3.15,3.29,3.04,3.12,205298,0
MKTW.US,D,20231124,000000,3.11,3.3299,3.106,3.3,178415,0
MKTW.US,D,20231127,000000,3.28,3.39,2.8,3.39,479701,0
MKTW.US,D,20231128,000000,3.38,3.38,3.12,3.13,150343,0
MKTW.US,D,20231129,000000,3.13,3.5,3.13,3.32,207101,0
MKTW.US,D,20231130,000000,3.37,3.4262,3.12,3.19,136516,0
MKTW.US,D,20231201,000000,3.13,3.19,3.03,3.06,165068,0
MKTW.US,D,20231204,000000,3.11,3.37,3.06,3.19,177585,0
MKTW.US,D,20231205,000000,3.15,3.205,3.03,3.13,107080,0
MKTW.US,D,20231206,000000,3.14,3.29,3.08,3.09,90670,0
MKTW.US,D,20231207,000000,3.1,3.14,3.05,3.06,123768,0
MKTW.US,D,20231208,000000,3.03,3.11,2.51,2.74,308526,0
MKTW.US,D,20231211,000000,2.67,2.88,2.577,2.785,248618,0
MKTW.US,D,20231212,000000,2.78,2.915,2.71,2.74,176869,0
MKTW.US,D,20231213,000000,2.73,2.9499,2.73,2.86,222989,0
MKTW.US,D,20231214,000000,3,3.05,2.79,2.83,187376,0
MKTW.US,D,20231215,000000,2.87,3.03,2.69,2.84,378537,0
MKTW.US,D,20231218,000000,2.82,3.0282,2.72,2.81,137210,0
MKTW.US,D,20231219,000000,2.82,3.04,2.8155,3.01,229332,0
MKTW.US,D,20231220,000000,3.05,3.17,2.76,2.83,309187,0
MKTW.US,D,20231221,000000,2.87,3.1,2.86,3.07,140243,0
MKTW.US,D,20231222,000000,3.09,3.13,2.97,3,150079,0
MKTW.US,D,20231226,000000,3,3.07,2.88,3,180787,0
MKTW.US,D,20231227,000000,3,3.0699,2.9,2.96,185281,0
MKTW.US,D,20231228,000000,3,3,2.83,2.88,183616,0
MKTW.US,D,20231229,000000,2.9,2.95,2.66,2.73,293117,0
MKTW.US,D,20240102,000000,2.73,2.76,2.65,2.74,135847,0
MKTW.US,D,20240103,000000,2.7,2.815,2.57,2.61,231498,0
MKTW.US,D,20240104,000000,2.61,2.64,2.51,2.56,265783,0
MKTW.US,D,20240105,000000,2.55,2.61,2.49,2.51,189816,0
MKTW.US,D,20240108,000000,2.53,2.63,2.53,2.6,50329,0
MKTW.US,D,20240109,000000,2.6,2.6454,2.49,2.49,110213,0
MKTW.US,D,20240110,000000,2.49,2.56,2.36,2.48,253899,0
MKTW.US,D,20240111,000000,2.52,2.52,2.36,2.42,120783,0
MKTW.US,D,20240112,000000,2.45,2.51,2.4,2.42,64003,0
MKTW.US,D,20240116,000000,2.4,2.46,2.4,2.43,151281,0
MKTW.US,D,20240117,000000,2.4,2.42,2.19,2.24,222573,0
MKTW.US,D,20240118,000000,2.23,2.29,2.15,2.24,102636,0
MKTW.US,D,20240119,000000,2.26,2.4,2.21,2.4,82608,0
MKTW.US,D,20240122,000000,2.39,2.49,2.39,2.45,85601,0
MKTW.US,D,20240123,000000,2.49,2.55,2.4595,2.51,72122,0
MKTW.US,D,20240124,000000,2.56,2.63,2.48,2.5,74636,0
MKTW.US,D,20240125,000000,2.56,2.71,2.5167,2.58,121847,0
MKTW.US,D,20240126,000000,2.6,2.6,2.5149,2.54,24844,0
MKTW.US,D,20240129,000000,2.54,2.61,2.4,2.46,71411,0
MKTW.US,D,20240130,000000,2.43,2.69,2.43,2.53,101716,0
MKTW.US,D,20240131,000000,2.5,2.5499,2.32,2.33,87900,0
MKTW.US,D,20240201,000000,2.36,2.56,2.32,2.46,60570,0
MKTW.US,D,20240202,000000,2.42,2.43,2.27,2.28,81508,0
MKTW.US,D,20240205,000000,2.28,2.31,2.1,2.12,112682,0
MKTW.US,D,20240206,000000,2.1,2.31,2.1,2.22,64265,0
MKTW.US,D,20240207,000000,2.25,2.32,2.16,2.22,54397,0
MKTW.US,D,20240208,000000,2.22,2.3484,2.2,2.27,68907,0
MKTW.US,D,20240209,000000,2.31,2.42,2.18,2.22,52964,0
MKTW.US,D,20240212,000000,2.19,2.22,1.96,2.1,336983,0
MKTW.US,D,20240213,000000,2.09,2.09,1.85,1.88,220153,0
MKTW.US,D,20240214,000000,1.87,2.11,1.87,2.075,129348,0
MKTW.US,D,20240215,000000,2.03,2.14,1.95,2.1,89400,0
MKTW.US,D,20240216,000000,2.13,2.13,2,2.04,55656,0
MKTW.US,D,20240220,000000,2,2.04,1.805,1.92,322239,0
MKTW.US,D,20240221,000000,1.86,1.91,1.72,1.76,138002,0
MKTW.US,D,20240222,000000,1.8,1.84,1.8,1.805,134432,0
MKTW.US,D,20240223,000000,1.8,1.85,1.76,1.83,124598,0
MKTW.US,D,20240226,000000,1.81,1.88,1.81,1.82,106984,0
MKTW.US,D,20240227,000000,1.8,1.95,1.7301,1.88,86249,0
MKTW.US,D,20240228,000000,1.86,1.88,1.81,1.81,30089,0
MKTW.US,D,20240229,000000,1.87,1.87,1.7633,1.81,69809,0
MKTW.US,D,20240301,000000,1.8738,1.8738,1.8,1.85,43327,0
MKTW.US,D,20240304,000000,1.87,1.87,1.8,1.81,57502,0
MKTW.US,D,20240305,000000,1.85,1.86,1.75,1.76,53401,0
MKTW.US,D,20240306,000000,1.76,1.86,1.7511,1.84,64145,0
MKTW.US,D,20240307,000000,1.84,2,1.82,1.98,180723,0
MKTW.US,D,20240308,000000,1.92,2.1219,1.78,1.9,220534,0
MKTW.US,D,20240311,000000,1.94,2.0785,1.9,1.92,188176,0
MKTW.US,D,20240312,000000,1.97,2.0699,1.9,1.93,116012,0
MKTW.US,D,20240313,000000,1.94,2.0199,1.91,2,94271,0
MKTW.US,D,20240314,000000,1.98,1.98,1.82,1.89,128440,0
MKTW.US,D,20240315,000000,1.85,1.97,1.85,1.91,156844,0
MKTW.US,D,20240318,000000,1.95,1.97,1.85,1.89,106295,0
MKTW.US,D,20240319,000000,1.86,1.86,1.71,1.74,183010,0
MKTW.US,D,20240320,000000,1.73,1.77,1.64,1.74,223722,0
MKTW.US,D,20240321,000000,1.78,1.8,1.68,1.77,212930,0
MKTW.US,D,20240322,000000,1.81,1.81,1.71,1.77,199597,0
MKTW.US,D,20240325,000000,1.74,1.81,1.71,1.75,192677,0
MKTW.US,D,20240326,000000,1.71,1.77,1.7,1.73,104275,0
MKTW.US,D,20240327,000000,1.76,1.77,1.71,1.75,47123,0
MKTW.US,D,20240328,000000,1.77,1.8,1.71,1.73,72928,0
MKTW.US,D,20240401,000000,1.7,1.71,1.64,1.66,127129,0
MKTW.US,D,20240402,000000,1.65,1.71,1.59,1.68,110258,0
MKTW.US,D,20240403,000000,1.65,1.73,1.64,1.7,72171,0
MKTW.US,D,20240404,000000,1.72,1.73,1.61,1.62,90224,0
MKTW.US,D,20240405,000000,1.59,1.65,1.54,1.64,155571,0
MKTW.US,D,20240408,000000,1.66,1.709,1.6,1.61,79999,0
MKTW.US,D,20240409,000000,1.62,1.67,1.61,1.62,70903,0
MKTW.US,D,20240410,000000,1.59,1.62,1.55,1.56,115454,0
MKTW.US,D,20240411,000000,1.59,1.69,1.55,1.65,97759,0
MKTW.US,D,20240412,000000,1.65,1.6899,1.55,1.57,88680,0
MKTW.US,D,20240415,000000,1.6,1.67,1.57,1.59,92434,0
MKTW.US,D,20240416,000000,1.58,1.6,1.55,1.58,81148,0
MKTW.US,D,20240417,000000,1.6,1.65,1.58,1.6,30695,0
MKTW.US,D,20240418,000000,1.59,1.64,1.5696,1.59,59646,0
MKTW.US,D,20240419,000000,1.58,1.64,1.5702,1.64,76402,0
MKTW.US,D,20240422,000000,1.62,1.64,1.58,1.61,98611,0
MKTW.US,D,20240423,000000,1.6,1.73,1.6,1.72,152761,0
MKTW.US,D,20240424,000000,1.69,1.695,1.63,1.64,137914,0
MKTW.US,D,20240425,000000,1.6,1.7,1.5684,1.61,97630,0
MKTW.US,D,20240426,000000,1.66,1.66,1.57,1.61,34058,0
MKTW.US,D,20240429,000000,1.62,1.6358,1.55,1.56,141597,0
MKTW.US,D,20240430,000000,1.54,1.59,1.54,1.56,70693,0
MKTW.US,D,20240501,000000,1.57,1.65,1.57,1.61,33898,0
MKTW.US,D,20240502,000000,1.67,1.67,1.585,1.61,40487,0
MKTW.US,D,20240503,000000,1.63,1.65,1.58,1.61,65234,0
MKTW.US,D,20240506,000000,1.61,1.7,1.6,1.69,71007,0
MKTW.US,D,20240507,000000,1.71,1.71,1.63,1.63,46262,0
MKTW.US,D,20240508,000000,1.64,1.65,1.58,1.59,43778,0
MKTW.US,D,20240509,000000,1.61,1.61,1.46,1.5,134659,0
MKTW.US,D,20240510,000000,1.52,1.55,1.48,1.53,68023,0
MKTW.US,D,20240513,000000,1.54,1.5765,1.5,1.54,55854,0
MKTW.US,D,20240514,000000,1.55,1.6,1.5301,1.58,35484,0
MKTW.US,D,20240515,000000,1.6,1.6,1.55,1.56,56613,0
MKTW.US,D,20240516,000000,1.55,1.68,1.5,1.62,110525,0
MKTW.US,D,20240517,000000,1.61,1.65,1.5,1.55,232919,0
MKTW.US,D,20240520,000000,1.52,1.61,1.48,1.58,96765,0
MKTW.US,D,20240521,000000,1.61,1.61,1.55,1.55,68117,0
MKTW.US,D,20240522,000000,1.53,1.58,1.5105,1.55,71296,0
MKTW.US,D,20240523,000000,1.55,1.59,1.49,1.57,123035,0
MKTW.US,D,20240524,000000,1.6,1.6,1.33,1.44,555138,0
MKTW.US,D,20240528,000000,1.46,1.5,1.3455,1.395,132831,0
MKTW.US,D,20240529,000000,1.36,1.44,1.31,1.33,251255,0
MKTW.US,D,20240530,000000,1.34,1.34,1.27,1.3,441555,0
MKTW.US,D,20240531,000000,1.3,1.32,1.275,1.3,210972,0
MKTW.US,D,20240603,000000,1.32,1.45,1.31,1.41,94057,0
MKTW.US,D,20240604,000000,1.41,1.41,1.31,1.33,65979,0
MKTW.US,D,20240605,000000,1.36,1.36,1.3,1.33,84674,0
MKTW.US,D,20240606,000000,1.33,1.36,1.31,1.32,57424,0
MKTW.US,D,20240607,000000,1.31,1.38,1.19,1.2,318506,0
MKTW.US,D,20240610,000000,1.2,1.26,1.15,1.19,210276,0
MKTW.US,D,20240611,000000,1.19,1.25,1.19,1.23,202168,0
MKTW.US,D,20240612,000000,1.23,1.24,1.2107,1.23,123657,0
MKTW.US,D,20240613,000000,1.21,1.35,1.21,1.29,106194,0
MKTW.US,D,20240614,000000,1.25,1.29,1.2,1.23,294073,0
MKTW.US,D,20240617,000000,1.25,1.2792,1.21,1.25,58594,0
MKTW.US,D,20240618,000000,1.25,1.29,1.21,1.22,170958,0
MKTW.US,D,20240620,000000,1.23,1.27,1.2,1.24,108450,0
MKTW.US,D,20240621,000000,1.24,1.24,1.17,1.2,495355,0
MKTW.US,D,20240624,000000,1.2,1.355,1.2,1.28,114579,0
MKTW.US,D,20240625,000000,1.26,1.26,1.13,1.135,237275,0
MKTW.US,D,20240626,000000,1.15,1.16,1.12,1.13,217687,0
MKTW.US,D,20240627,000000,1.15,1.18,1.13,1.15,132949,0
MKTW.US,D,20240628,000000,1.2,1.2596,1.13,1.16,1143820,0
MKTW.US,D,20240701,000000,1.16,1.18,1.13,1.14,142868,0
MKTW.US,D,20240702,000000,1.12,1.165,1.12,1.13,117657,0
MKTW.US,D,20240703,000000,1.16,1.16,1.12,1.15,69360,0
MKTW.US,D,20240705,000000,1.12,1.155,1.12,1.14,173308,0
MKTW.US,D,20240708,000000,1.19,1.19,1.13,1.15,170943,0
MKTW.US,D,20240709,000000,1.14,1.21,1.12,1.14,424371,0
MKTW.US,D,20240710,000000,1.18,1.18,1.13,1.15,74307,0
MKTW.US,D,20240711,000000,1.16,1.17,1.14,1.15,131438,0
MKTW.US,D,20240712,000000,1.18,1.18,1.13,1.14,94162,0
MKTW.US,D,20240715,000000,1.19,1.19,1.13,1.16,116112,0
MKTW.US,D,20240716,000000,1.16,1.1612,1.14,1.15,173589,0
MKTW.US,D,20240717,000000,1.14,1.17,1.0968,1.11,232451,0
MKTW.US,D,20240718,000000,1.13,1.15,1.11,1.13,74989,0
MKTW.US,D,20240719,000000,1.14,1.15,1.12,1.12,102320,0
MKTW.US,D,20240722,000000,1.13,1.15,1.11,1.15,192802,0
MKTW.US,D,20240723,000000,1.14,1.185,1.1304,1.15,469864,0
MKTW.US,D,20240724,000000,1.15,1.15,1.11,1.12,76102,0
MKTW.US,D,20240725,000000,1.14,1.17,1.11,1.15,104465,0
MKTW.US,D,20240726,000000,1.15,1.17,1.13,1.15,58838,0
MKTW.US,D,20240729,000000,1.15,1.16,1.07,1.09,195403,0
MKTW.US,D,20240730,000000,1.11,1.1299,1.08,1.12,90586,0
MKTW.US,D,20240731,000000,1.13,1.16,1.12,1.14,124828,0
MKTW.US,D,20240801,000000,1.14,1.15,1.09,1.11,115505,0
MKTW.US,D,20240802,000000,1.1,1.108,1.01,1.01,191523,0
MKTW.US,D,20240805,000000,1.03,1.03,0.9687,0.99,295407,0
MKTW.US,D,20240806,000000,0.98,1.04,0.98,0.998,249048,0
MKTW.US,D,20240807,000000,0.99,1.03,0.99,1,67994,0
MKTW.US,D,20240808,000000,1,1.05,1,1.02,98710,0
MKTW.US,D,20240809,000000,1.05,1.08,1,1.08,64689,0
MKTW.US,D,20240812,000000,0.9,0.9353,0.7304,0.783,989118,0
MKTW.US,D,20240813,000000,0.752,0.78,0.7414,0.75,315892,0
MKTW.US,D,20240814,000000,0.73,0.76,0.72,0.725,301893,0
MKTW.US,D,20240815,000000,0.7469,0.918,0.72,0.89,484474,0
MKTW.US,D,20240816,000000,0.895,0.895,0.8005,0.8425,176388,0
MKTW.US,D,20240819,000000,0.84,0.8699,0.7951,0.825,149136,0
MKTW.US,D,20240820,000000,0.8356,0.84,0.7513,0.791,88772,0
MKTW.US,D,20240821,000000,0.8006,0.8599,0.78,0.822,105888,0
MKTW.US,D,20240822,000000,0.85,0.85,0.7854,0.7923,138620,0
MKTW.US,D,20240823,000000,0.81,0.846,0.78,0.831,119109,0
MKTW.US,D,20240826,000000,0.83,0.87,0.7557,0.8351,339331,0
MKTW.US,D,20240827,000000,0.845,0.845,0.7991,0.8098,67439,0
MKTW.US,D,20240828,000000,0.8276,0.84,0.7657,0.7734,109977,0
MKTW.US,D,20240829,000000,0.8,0.8298,0.765,0.791,99838,0
MKTW.US,D,20240830,000000,0.8,0.829899,0.7517,0.791,119320,0
MKTW.US,D,20240903,000000,0.8,0.8151,0.7799,0.7917,195250,0
MKTW.US,D,20240904,000000,0.771,0.8,0.77,0.7764,58428,0
MKTW.US,D,20240905,000000,0.7957,0.83,0.7605,0.8,52694,0
MKTW.US,D,20240906,000000,0.795,0.8,0.7517,0.752,114576,0
MKTW.US,D,20240909,000000,0.7485,0.7847,0.7,0.725,294685,0
MKTW.US,D,20240910,000000,0.7287,0.7305,0.707,0.726,87229,0
MKTW.US,D,20240911,000000,0.748,0.748,0.7169,0.7325,91892,0
MKTW.US,D,20240912,000000,0.76,0.76,0.7241,0.7321,56036,0
MKTW.US,D,20240913,000000,0.75,0.7575,0.724,0.743,142235,0
MKTW.US,D,20240916,000000,0.759,0.7911,0.6868,0.7072,153807,0
MKTW.US,D,20240917,000000,0.7,0.75,0.68,0.7,162477,0
MKTW.US,D,20240918,000000,0.701539,0.729799,0.695,0.6965,167644,0
MKTW.US,D,20240919,000000,0.69,0.74,0.69,0.7,207515,0
MKTW.US,D,20240920,000000,0.6936,0.716,0.6899,0.7022,321467,0
MKTW.US,D,20240923,000000,0.7,0.716,0.653,0.6892,253564,0
MKTW.US,D,20240924,000000,0.675,0.705,0.675,0.6948,125658,0
MKTW.US,D,20240925,000000,0.6764,0.6915,0.6499,0.6814,210225,0
MKTW.US,D,20240926,000000,0.69,0.7,0.665,0.6925,339622,0
MKTW.US,D,20240927,000000,0.682,0.71,0.6613,0.6872,200557,0
MKTW.US,D,20240930,000000,0.6735,0.7075,0.659,0.6683,250738,0
MKTW.US,D,20241001,000000,0.6477,0.6602,0.5905,0.5978,501327,0
MKTW.US,D,20241002,000000,0.605,0.6541,0.605,0.6201,260172,0
MKTW.US,D,20241003,000000,0.6233,0.64,0.6051,0.6111,179705,0
MKTW.US,D,20241004,000000,0.6266,0.63,0.6101,0.6166,76519,0
MKTW.US,D,20241007,000000,0.63,0.6649,0.5931,0.5932,232531,0
MKTW.US,D,20241008,000000,0.61,0.61,0.55,0.5579,424695,0
MKTW.US,D,20241009,000000,0.561,0.5877,0.5261,0.5486,251919,0
MKTW.US,D,20241010,000000,0.547,0.6124,0.5355,0.5927,1368642,0
MKTW.US,D,20241011,000000,0.5988,0.6599,0.5685,0.63,455227,0
MKTW.US,D,20241014,000000,0.63,0.6598,0.6104,0.6171,126340,0
MKTW.US,D,20241015,000000,0.62,0.6299,0.6018,0.6157,52536,0
MKTW.US,D,20241016,000000,0.63,0.63,0.61,0.62,75691,0
MKTW.US,D,20241017,000000,0.601,0.6199,0.565,0.5735,209476,0
MKTW.US,D,20241018,000000,0.57,0.5995,0.5612,0.5952,230057,0
MKTW.US,D,20241021,000000,0.5995,0.6,0.5701,0.5856,6949046,0
MKTW.US,D,20241022,000000,0.671,0.69,0.5261,0.605,6987842,0
MKTW.US,D,20241023,000000,0.59,0.669,0.58,0.6653,1007481,0
MKTW.US,D,20241024,000000,0.6653,0.6653,0.6028,0.61,405428,0
MKTW.US,D,20241025,000000,0.6,0.6213,0.575,0.5777,401440,0
MKTW.US,D,20241028,000000,0.5895,0.64,0.575,0.6221,348594,0
MKTW.US,D,20241029,000000,0.62,0.6305,0.59141,0.6002,314827,0
MKTW.US,D,20241030,000000,0.59,0.625,0.581,0.6149,260392,0
MKTW.US,D,20241031,000000,0.61,0.62,0.58,0.58,194215,0
MKTW.US,D,20241101,000000,0.6,0.6158,0.58,0.5931,284720,0
MKTW.US,D,20241104,000000,0.5956,0.6005,0.571,0.5998,340988,0
MKTW.US,D,20241105,000000,0.5971,0.6098,0.585,0.5997,160913,0
MKTW.US,D,20241106,000000,0.6,0.66,0.5877,0.62,423653,0
MKTW.US,D,20241107,000000,0.665,0.7,0.5975,0.623,2608981,0
MKTW.US,D,20241108,000000,0.609,0.6314,0.59,0.5949,525126,0
MKTW.US,D,20241111,000000,0.6,0.6034,0.48,0.487,1526938,0
MKTW.US,D,20241112,000000,0.51,0.5656,0.49,0.5352,591212,0
MKTW.US,D,20241113,000000,0.5352,0.5352,0.4652,0.5008,856013,0
MKTW.US,D,20241114,000000,0.5027,0.529599,0.5,0.5161,384625,0
MKTW.US,D,20241115,000000,0.5371,0.5371,0.491,0.4993,781741,0
MKTW.US,D,20241118,000000,0.4993,0.53,0.4993,0.51,407239,0
MKTW.US,D,20241119,000000,0.501,0.556032,0.5,0.552,251712,0
MKTW.US,D,20241120,000000,0.56,0.561,0.5318,0.5397,217147,0
MKTW.US,D,20241121,000000,0.531,0.5569,0.531,0.5568,227230,0
MKTW.US,D,20241122,000000,0.56,0.5642,0.5088,0.5304,425878,0
MKTW.US,D,20241125,000000,0.5479,0.55,0.516,0.516,265876,0
MKTW.US,D,20241126,000000,0.5199,0.534,0.4973,0.507,364630,0
MKTW.US,D,20241127,000000,0.51,0.5101,0.485,0.5,365022,0
MKTW.US,D,20241129,000000,0.519,0.525,0.504,0.5199,172845,0
MKTW.US,D,20241202,000000,0.53,0.54,0.505,0.52,217227,0
MKTW.US,D,20241203,000000,0.52,0.53,0.4757,0.4858,652153,0
MKTW.US,D,20241204,000000,0.49,0.5099,0.486,0.5007,126887,0
MKTW.US,D,20241205,000000,0.498,0.528,0.4882,0.503,175371,0
MKTW.US,D,20241206,000000,0.505,0.5474,0.4856,0.539,427272,0
MKTW.US,D,20241209,000000,0.54,0.571,0.522599,0.57,452061,0
MKTW.US,D,20241210,000000,0.571,0.584,0.5504,0.5761,280593,0
MKTW.US,D,20241211,000000,0.5769,0.58,0.5522,0.5599,154481,0
MKTW.US,D,20241212,000000,0.55,0.576,0.502,0.5078,182851,0
MKTW.US,D,20241213,000000,0.51,0.528,0.49,0.5069,216794,0
MKTW.US,D,20241216,000000,0.514,0.5297,0.5069,0.5197,203867,0
MKTW.US,D,20241217,000000,0.5177,0.5255,0.5001,0.523,96914,0
MKTW.US,D,20241218,000000,0.526,0.526,0.492,0.5,335600,0
MKTW.US,D,20241219,000000,0.494,0.519524,0.494,0.5141,166401,0
MKTW.US,D,20241220,000000,0.5034,0.5545,0.5,0.5,472862,0
MKTW.US,D,20241223,000000,0.5222,0.53,0.495,0.5012,227972,0
MKTW.US,D,20241224,000000,0.5012,0.5384,0.5012,0.519,295155,0
MKTW.US,D,20241226,000000,0.5314,0.534815,0.461,0.4791,620002,0
MKTW.US,D,20241227,000000,0.5,0.5095,0.4867,0.491,269575,0
MKTW.US,D,20241230,000000,0.4968,0.609499,0.47,0.5863,970335,0
MKTW.US,D,20241231,000000,0.6,0.638,0.5259,0.5675,1290798,0
MKTW.US,D,20250102,000000,0.5633,0.6058,0.5328,0.5566,634444,0
MKTW.US,D,20250103,000000,0.5775,0.598199,0.56,0.5692,389707,0
MKTW.US,D,20250106,000000,0.61,0.619899,0.5527,0.5578,431922,0
MKTW.US,D,20250107,000000,0.5629,0.567,0.52,0.5326,426084,0
MKTW.US,D,20250108,000000,0.52005,0.5391,0.505,0.5198,413452,0
MKTW.US,D,20250110,000000,0.5239,0.5264,0.5009,0.509,190167,0
MKTW.US,D,20250113,000000,0.517,0.5264,0.494,0.526,202918,0
MKTW.US,D,20250114,000000,0.5284,0.5299,0.50001,0.5079,91049,0
MKTW.US,D,20250115,000000,0.55,0.638,0.5159,0.6379,2997001,0
MKTW.US,D,20250116,000000,0.64,0.71,0.63,0.67,1577037,0
MKTW.US,D,20250117,000000,0.692,0.692,0.593,0.6022,947638,0
MKTW.US,D,20250121,000000,0.609,0.6457,0.587,0.6332,744620,0
MKTW.US,D,20250122,000000,0.6333,0.6598,0.5901,0.6055,650288,0
MKTW.US,D,20250123,000000,0.601,0.65,0.601,0.6402,487483,0
MKTW.US,D,20250124,000000,0.6404,0.645,0.6155,0.6213,275282,0
MKTW.US,D,20250127,000000,0.6256,0.655,0.6105,0.6487,409561,0
MKTW.US,D,20250128,000000,0.647,0.65,0.623,0.6439,543505,0
MKTW.US,D,20250129,000000,0.6178,0.619,0.584,0.5932,402106,0
MKTW.US,D,20250130,000000,0.59,0.5932,0.5651,0.5716,390135,0
MKTW.US,D,20250131,000000,0.58,0.5897,0.545,0.5551,365856,0
MKTW.US,D,20250203,000000,0.56,0.5896,0.555,0.587,258584,0
MKTW.US,D,20250204,000000,0.59,0.5999,0.575,0.5894,147192,0
MKTW.US,D,20250205,000000,0.59,0.594999,0.56,0.5756,344063,0
MKTW.US,D,20250206,000000,0.5701,0.5787,0.557,0.5723,152170,0
MKTW.US,D,20250207,000000,0.5786,0.5949,0.5613,0.57,158574,0
MKTW.US,D,20250210,000000,0.56,0.5928,0.557,0.5787,195983,0
MKTW.US,D,20250211,000000,0.572,0.5993,0.572,0.5892,225122,0
MKTW.US,D,20250212,000000,0.585,0.5998,0.575,0.59,138853,0
MKTW.US,D,20250213,000000,0.59,0.6194,0.588,0.619,167940,0
