<TICKER>,<PER>,<DATE>,<TIME>,<OPEN>,<HIGH>,<LOW>,<CLOSE>,<VOL>,<OPENINT>
MMVVF.US,D,20210610,000000,10.52,10.53,9.6875,9.6875,176655,0
MMVVF.US,D,20210611,000000,10.11,10.15,9.9,9.9,11864,0
MMVVF.US,D,20210614,000000,9.9,10,9.9,9.9,85526,0
MMVVF.US,D,20210615,000000,9.9,9.9,9.85,9.9,36939,0
MMVVF.US,D,20210616,000000,9.82,9.91,9.82,9.9,3224,0
MMVVF.US,D,20210617,000000,9.98,9.98,9.88,9.89,209999,0
MMVVF.US,D,20210618,000000,9.97,9.97,9.89,9.89,601,0
MMVVF.US,D,20210621,000000,9.97,9.97,9.88,9.88,14507,0
MMVVF.US,D,20210622,000000,9.89,9.89,9.88,9.89,4942,0
MMVVF.US,D,20210623,000000,9.85,9.85,9.85,9.85,2002,0
MMVVF.US,D,20210624,000000,9.89,9.89,9.8745,9.8745,2152,0
MMVVF.US,D,20210628,000000,9.87,9.87,9.87,9.87,600,0
MMVVF.US,D,20210629,000000,9.86,9.86,9.86,9.86,4001,0
MMVVF.US,D,20210701,000000,9.87,9.87,9.87,9.87,198253,0
MMVVF.US,D,20210707,000000,9.89,9.89,9.89,9.89,6815,0
MMVVF.US,D,20210708,000000,9.9,9.9,9.9,9.9,14755,0
MMVVF.US,D,20210709,000000,9.91,9.91,9.91,9.91,30100,0
MMVVF.US,D,20210713,000000,9.91,9.91,9.87,9.87,190339,0
MMVVF.US,D,20210714,000000,9.89,9.89,9.86,9.86,26801,0
MMVVF.US,D,20210719,000000,9.85,9.85,9.85,9.85,112,0
MMVVF.US,D,20210720,000000,9.86,9.875,9.85,9.85,50214,0
MMVVF.US,D,20210721,000000,9.85,9.86,9.84,9.85,97885,0
MMVVF.US,D,20210722,000000,9.86,9.875,9.8495,9.85,12006,0
MMVVF.US,D,20210723,000000,9.85,9.85,9.85,9.85,1902,0
MMVVF.US,D,20210726,000000,9.85,9.85,9.85,9.85,7100,0
MMVVF.US,D,20210727,000000,9.89,9.89,9.82,9.82,60588,0
MMVVF.US,D,20210728,000000,9.83,9.83,9.82,9.83,52010,0
MMVVF.US,D,20210729,000000,9.83,9.83,9.829,9.83,69775,0
MMVVF.US,D,20210730,000000,9.84,9.85,9.8296,9.83,70443,0
MMVVF.US,D,20210802,000000,9.84,9.84,9.82,9.82,134269,0
MMVVF.US,D,20210804,000000,9.89,9.89,9.89,9.89,102,0
MMVVF.US,D,20210805,000000,9.9,9.9,9.82,9.9,1477,0
MMVVF.US,D,20210806,000000,9.89,9.89,9.81,9.89,1302,0
MMVVF.US,D,20210809,000000,9.8641,9.99,9.81,9.93,87912,0
MMVVF.US,D,20210810,000000,9.8499,9.96,9.8499,9.95,78405,0
MMVVF.US,D,20210811,000000,9.9225,9.94,9.9,9.94,25376,0
MMVVF.US,D,20210812,000000,9.91,9.93,9.88,9.92,29518,0
MMVVF.US,D,20210813,000000,9.9167,9.94,9.91,9.93,27651,0
MMVVF.US,D,20210816,000000,9.93,9.94,9.91,9.94,16143,0
MMVVF.US,D,20210817,000000,9.91,9.92,9.89,9.9,19385,0
MMVVF.US,D,20210818,000000,9.91,9.91,9.87,9.88,12106,0
MMVVF.US,D,20210819,000000,9.88,9.9,9.87,9.885,5907,0
MMVVF.US,D,20210820,000000,9.885,9.9,9.87,9.9,3036,0
MMVVF.US,D,20210823,000000,9.885,9.9,9.87,9.87,1600,0
MMVVF.US,D,20210824,000000,9.86,9.88,9.86,9.88,11024,0
MMVVF.US,D,20210826,000000,9.868,9.9,9.868,9.89,23889,0
MMVVF.US,D,20210830,000000,9.89,9.89,9.89,9.89,1517,0
MMVVF.US,D,20210901,000000,9.8728,9.915,9.87,9.9,8300,0
MMVVF.US,D,20210902,000000,9.9,9.9,9.9,9.9,1553,0
MMVVF.US,D,20210903,000000,9.9,9.9,9.9,9.9,5102,0
MMVVF.US,D,20210908,000000,9.905,9.905,9.9,9.9,580,0
MMVVF.US,D,20210909,000000,9.91,9.91,9.91,9.91,5024,0
MMVVF.US,D,20210910,000000,9.93,9.93,9.9074,9.93,3310,0
MMVVF.US,D,20210913,000000,9.91,9.93,9.91,9.925,8845,0
MMVVF.US,D,20210914,000000,9.93,9.945,9.92,9.94,24724,0
MMVVF.US,D,20210915,000000,9.94,9.94,9.94,9.94,55000,0
MMVVF.US,D,20210917,000000,9.95,9.95,9.95,9.95,4618,0
MMVVF.US,D,20210920,000000,9.93,9.93,9.93,9.93,15000,0
MMVVF.US,D,20210921,000000,9.93,9.95,9.9,9.95,59053,0
MMVVF.US,D,20210922,000000,9.93,9.95,9.93,9.95,15638,0
MMVVF.US,D,20210923,000000,9.93,9.93,9.93,9.93,1049,0
MMVVF.US,D,20210924,000000,9.94,9.945,9.91,9.945,8305,0
MMVVF.US,D,20210927,000000,9.94,9.94,9.94,9.94,5900,0
MMVVF.US,D,20210928,000000,9.93,9.95,9.93,9.95,18205,0
MMVVF.US,D,20210929,000000,9.95,9.97,9.9391,9.97,29040,0
MMVVF.US,D,20210930,000000,9.97,9.99,9.97,9.98,8599,0
MMVVF.US,D,20211001,000000,9.98,9.9814,9.98,9.98,9122,0
MMVVF.US,D,20211005,000000,9.97,9.99,9.97,9.99,18351,0
MMVVF.US,D,20211007,000000,10,10,10,10,12006,0
MMVVF.US,D,20211013,000000,10,10.01,10,10.01,2194,0
MMVVF.US,D,20211018,000000,10.1,10.1,10.01,10.01,4087,0
MMVVF.US,D,20211019,000000,10,10.0016,10,10,3756,0
MMVVF.US,D,20211020,000000,9.98,10,9.94,10,66383,0
MMVVF.US,D,20211021,000000,10,10,9.99,9.99,17579,0
MMVVF.US,D,20211022,000000,9.99,9.99,9.99,9.99,75015,0
MMVVF.US,D,20211025,000000,9.99,9.99,9.99,9.99,5007,0
MMVVF.US,D,20211026,000000,9.98,10.01,9.98,10.01,10133,0
MMVVF.US,D,20211027,000000,9.99,9.99,9.98,9.99,18660,0
MMVVF.US,D,20211028,000000,9.99,11.6499,9.99,10.57,4139702,0
MMVVF.US,D,20211029,000000,10.33,10.41,9.98,10.07,784057,0
MMVVF.US,D,20211101,000000,10.07,10.14,10,10.07,244122,0
MMVVF.US,D,20211102,000000,10.13,10.1899,9.94,9.95,323946,0
MMVVF.US,D,20211103,000000,9.96,10.2,9.9448,10.05,221246,0
MMVVF.US,D,20211104,000000,10.05,10.0599,9.97,9.99,114745,0
MMVVF.US,D,20211105,000000,9.99,10.06,9.96,9.98,113901,0
MMVVF.US,D,20211108,000000,9.97,10,9.95,9.95,99500,0
MMVVF.US,D,20211109,000000,9.96,10.01,9.96,10,54025,0
MMVVF.US,D,20211110,000000,10.01,10.01,9.96,9.96,41787,0
MMVVF.US,D,20211111,000000,9.96,10,9.96,9.98,6253,0
MMVVF.US,D,20211112,000000,10,10,9.98,9.99,15459,0
MMVVF.US,D,20211115,000000,10.03,10.1599,9.98,10.06,178224,0
MMVVF.US,D,20211116,000000,10.065,10.07,10.0281,10.03,15843,0
MMVVF.US,D,20211117,000000,10.03,10.03,9.99,10.0157,36980,0
MMVVF.US,D,20211118,000000,10.03,10.05,9.98,10.03,271058,0
MMVVF.US,D,20211119,000000,10.04,10.04,9.97,9.97,124527,0
MMVVF.US,D,20211122,000000,10.01,10.02,9.98,10.02,130252,0
MMVVF.US,D,20211123,000000,10.0076,10.0076,9.97,9.97,44303,0
MMVVF.US,D,20211124,000000,10,10.02,9.99,10.01,4407,0
MMVVF.US,D,20211126,000000,9.9809,9.99,9.98,9.99,12317,0
MMVVF.US,D,20211129,000000,10.03,10.03,9.99,10.03,5701,0
MMVVF.US,D,20211130,000000,10,10.02,9.98,10.02,8110,0
MMVVF.US,D,20211201,000000,10,10.0099,9.97,9.97,160943,0
MMVVF.US,D,20211202,000000,9.97,10.01,9.96,9.98,8180,0
MMVVF.US,D,20211203,000000,9.98,10,9.97,10,18261,0
MMVVF.US,D,20211206,000000,10.03,10.03,9.96,9.97,76181,0
MMVVF.US,D,20211207,000000,9.97,9.9707,9.96,9.97,13701,0
MMVVF.US,D,20211208,000000,9.97,9.98,9.97,9.98,409,0
MMVVF.US,D,20211209,000000,9.97,9.98,9.96,9.97,25413,0
MMVVF.US,D,20211210,000000,10.013,10.013,9.97,9.97,2620,0
MMVVF.US,D,20211213,000000,10.03,10.03,9.97,9.99,4085,0
MMVVF.US,D,20211214,000000,10.09,10.09,9.96,9.96,22796,0
MMVVF.US,D,20211215,000000,9.9601,9.97,9.96,9.96,14359,0
MMVVF.US,D,20211216,000000,9.9601,9.97,9.96,9.97,2079,0
MMVVF.US,D,20211217,000000,9.97,9.98,9.97,9.98,637,0
MMVVF.US,D,20211220,000000,10.03,10.03,9.96,9.97,43556,0
MMVVF.US,D,20211221,000000,9.96,9.98,9.96,9.98,14667,0
MMVVF.US,D,20211222,000000,9.96,10.03,9.96,9.97,1453,0
MMVVF.US,D,20211223,000000,9.9701,9.98,9.97,9.97,2820,0
MMVVF.US,D,20211227,000000,9.98,9.98,9.97,9.97,32971,0
MMVVF.US,D,20211228,000000,10,10,9.97,9.97,3258,0
MMVVF.US,D,20211229,000000,9.98,10.01,9.98,10.01,9439,0
MMVVF.US,D,20211230,000000,9.98,9.98,9.98,9.98,344,0
MMVVF.US,D,20211231,000000,9.98,9.99,9.98,9.99,5651,0
MMVVF.US,D,20220103,000000,9.94,9.9905,9.94,9.99,38368,0
MMVVF.US,D,20220104,000000,9.99,10.0002,9.99,10,11374,0
MMVVF.US,D,20220105,000000,10.01,10.03,10.01,10.03,15849,0
MMVVF.US,D,20220106,000000,10.01,10.01,10.01,10.01,1673,0
MMVVF.US,D,20220107,000000,10.0136,10.0136,10.01,10.01,1020,0
MMVVF.US,D,20220110,000000,10,10.01,10,10.01,23797,0
MMVVF.US,D,20220111,000000,10,10,10,10,325,0
MMVVF.US,D,20220112,000000,10.01,10.0189,10.005,10.01,66723,0
MMVVF.US,D,20220113,000000,10.01,10.0101,10.01,10.01,3425,0
MMVVF.US,D,20220114,000000,10.01,10.01,10.01,10.01,4711,0
MMVVF.US,D,20220118,000000,10.01,10.01,10.01,10.01,576,0
MMVVF.US,D,20220119,000000,10.01,10.01,9.96,9.99,275881,0
MMVVF.US,D,20220120,000000,9.99,10,9.99,10,8067,0
MMVVF.US,D,20220121,000000,10.01,10.01,10,10.01,24395,0
MMVVF.US,D,20220124,000000,10.01,10.02,10.01,10.02,43844,0
MMVVF.US,D,20220125,000000,9.99,10.02,9.99,10.01,17689,0
MMVVF.US,D,20220126,000000,10.04,10.04,10.01,10.02,26604,0
MMVVF.US,D,20220127,000000,10.02,10.03,10.02,10.03,3188,0
MMVVF.US,D,20220128,000000,10.02,10.02,10.02,10.02,2000,0
MMVVF.US,D,20220131,000000,10.02,10.02,10.02,10.02,2529,0
MMVVF.US,D,20220201,000000,10.03,10.03,10.03,10.03,214,0
MMVVF.US,D,20220202,000000,10.03,10.07,10.02,10.06,127546,0
MMVVF.US,D,20220203,000000,10.03,10.04,10.03,10.04,41035,0
MMVVF.US,D,20220204,000000,10.05,10.0569,10.03,10.05,103802,0
MMVVF.US,D,20220207,000000,10.04,10.0401,10.04,10.0401,230,0
MMVVF.US,D,20220208,000000,10.04,10.04,10.04,10.04,516,0
MMVVF.US,D,20220209,000000,10.05,10.05,10.0491,10.05,1374,0
MMVVF.US,D,20220215,000000,10.0588,10.0588,10.0588,10.0588,376,0
MMVVF.US,D,20220218,000000,10.05,10.05,10.05,10.05,14413,0
MMVVF.US,D,20220222,000000,10.06,10.06,10.05,10.05,260510,0
MMVVF.US,D,20220224,000000,10.05,10.05,10.05,10.05,235,0
MMVVF.US,D,20220225,000000,10.0501,10.0501,10.0501,10.0501,214,0
MMVVF.US,D,20220228,000000,10.05,10.05,10.05,10.05,5126,0
MMVVF.US,D,20220301,000000,10.07,10.085,10.07,10.08,95279,0
MMVVF.US,D,20220302,000000,10.08,10.08,10.07,10.07,4199,0
MMVVF.US,D,20220303,000000,10.08,10.08,10.08,10.08,355,0
MMVVF.US,D,20220304,000000,10.075,10.075,10.07,10.07,91189,0
MMVVF.US,D,20220307,000000,10.07,10.0765,10.07,10.0765,3728,0
MMVVF.US,D,20220308,000000,10.07,10.08,10.07,10.08,266,0
MMVVF.US,D,20220309,000000,10.07,10.08,10.07,10.08,13112,0
MMVVF.US,D,20220310,000000,10.07,10.07,10.07,10.07,213,0
MMVVF.US,D,20220311,000000,10.0837,10.0837,10.0837,10.0837,352,0
MMVVF.US,D,20220316,000000,10.08,10.09,10.08,10.09,1441,0
MMVVF.US,D,20220317,000000,10.09,10.09,10.0701,10.0701,1161,0
MMVVF.US,D,20220318,000000,10.08,10.08,10.08,10.08,3423,0
MMVVF.US,D,20220321,000000,10.09,10.09,10.09,10.09,633,0
MMVVF.US,D,20220322,000000,10.08,10.08,10.08,10.08,370,0
MMVVF.US,D,20220323,000000,10.085,10.085,10.085,10.085,487,0
MMVVF.US,D,20220324,000000,10.0801,10.085,10.0801,10.085,207,0
MMVVF.US,D,20220325,000000,10.0896,10.0896,10.0896,10.0896,202,0
MMVVF.US,D,20220328,000000,10.09,10.09,10.08,10.08,561,0
MMVVF.US,D,20220329,000000,10.08,10.0833,10.08,10.0833,24522,0
MMVVF.US,D,20220330,000000,10.08,10.0801,10.075,10.08,53559,0
MMVVF.US,D,20220331,000000,10.1,10.14,10.1,10.125,63541,0
MMVVF.US,D,20220401,000000,10.13,10.13,10.1201,10.124,6723,0
MMVVF.US,D,20220404,000000,10.14,10.14,10.13,10.13,246,0
MMVVF.US,D,20220405,000000,10.14,10.165,10.14,10.15,35864,0
MMVVF.US,D,20220406,000000,10.15,10.15,10.15,10.15,816,0
MMVVF.US,D,20220408,000000,10.15,10.17,10.14,10.165,13812,0
MMVVF.US,D,20220411,000000,10.16,10.16,10.16,10.16,972,0
MMVVF.US,D,20220412,000000,10.16,10.16,10.1586,10.1586,1077,0
MMVVF.US,D,20220418,000000,10.15,10.16,10.15,10.16,4303,0
MMVVF.US,D,20220419,000000,10.14,10.1501,10.14,10.1501,1692,0
MMVVF.US,D,20220421,000000,10.16,10.16,10.16,10.16,297,0
MMVVF.US,D,20220425,000000,10.2,10.2,10.16,10.1636,1166,0
MMVVF.US,D,20220426,000000,10.16,10.16,10.16,10.16,2505,0
MMVVF.US,D,20220428,000000,10.7,10.7,10.16,10.16,5981,0
MMVVF.US,D,20220429,000000,10.16,10.16,10.16,10.16,293,0
MMVVF.US,D,20220502,000000,10.19,10.19,10.16,10.18,1654,0
MMVVF.US,D,20220503,000000,10.7,10.7,10.16,10.16,5994,0
MMVVF.US,D,20220504,000000,10.18,10.18,10.18,10.18,500,0
MMVVF.US,D,20220505,000000,10.16,10.17,10.16,10.17,54637,0
MMVVF.US,D,20220509,000000,10.17,10.17,10.16,10.16,44297,0
MMVVF.US,D,20220510,000000,10.16,10.17,10.15,10.15,4902,0
MMVVF.US,D,20220511,000000,10.15,10.15,10.15,10.15,1942,0
MMVVF.US,D,20220512,000000,10.16,10.16,10.14,10.14,603,0
MMVVF.US,D,20220513,000000,10.14,10.14,10.14,10.14,6028,0
MMVVF.US,D,20220518,000000,10.14,10.15,10.14,10.15,10113,0
MMVVF.US,D,20220523,000000,10.1401,10.1401,10.14,10.14,400,0
MMVVF.US,D,20220524,000000,10.16,10.16,10.15,10.15,1184,0
MMVVF.US,D,20220525,000000,10.16,10.16,10.15,10.1501,3091,0
MMVVF.US,D,20220526,000000,10.16,10.16,10.15,10.15,2131,0
MMVVF.US,D,20220527,000000,10.16,10.17,10.16,10.16,31668,0
MMVVF.US,D,20220601,000000,10.15,10.16,10.15,10.16,2451,0
MMVVF.US,D,20220603,000000,10.17,10.17,10.16,10.16,25401,0
MMVVF.US,D,20220606,000000,10.17,10.17,10.165,10.165,1410,0
MMVVF.US,D,20220607,000000,10.17,10.17,10.17,10.17,990,0
MMVVF.US,D,20220614,000000,10.18,10.18,10.16,10.16,38554,0
MMVVF.US,D,20220615,000000,10.21,10.21,10.17,10.17,10417,0
MMVVF.US,D,20220616,000000,10.17,10.17,10.17,10.17,2501,0
MMVVF.US,D,20220617,000000,10.17,10.17,10.17,10.17,2506,0
MMVVF.US,D,20220621,000000,10.17,10.17,10.1693,10.17,30703,0
MMVVF.US,D,20220622,000000,10.17,10.17,10.17,10.17,34898,0
MMVVF.US,D,20220627,000000,10.18,10.18,10.18,10.18,3396,0
MMVVF.US,D,20220628,000000,10.18,10.18,10.18,10.18,500,0
MMVVF.US,D,20220629,000000,10.18,10.18,10.18,10.18,1421,0
MMVVF.US,D,20220630,000000,10.19,10.19,10.19,10.19,470,0
MMVVF.US,D,20220707,000000,10.2,10.2,10.2,10.2,435,0
MMVVF.US,D,20220708,000000,10.2,10.2,10.2,10.2,47052,0
MMVVF.US,D,20220711,000000,10.2,10.2,10.2,10.2,205,0
MMVVF.US,D,20220712,000000,10.21,10.21,10.21,10.21,10057,0
MMVVF.US,D,20220715,000000,10.22,10.22,10.22,10.22,150,0
MMVVF.US,D,20220718,000000,10.23,10.23,10.23,10.23,305,0
MMVVF.US,D,20220719,000000,10.22,10.22,10.21,10.21,20661,0
MMVVF.US,D,20220721,000000,10.21,10.2101,10.21,10.21,4102,0
MMVVF.US,D,20220722,000000,10.21,10.2101,10.21,10.21,3101,0
MMVVF.US,D,20220725,000000,10.22,10.22,10.22,10.22,83256,0
MMVVF.US,D,20220726,000000,10.22,10.23,10.22,10.22,114861,0
MMVVF.US,D,20220727,000000,10.23,10.23,10.22,10.22,613,0
MMVVF.US,D,20220728,000000,10.22,10.23,10.22,10.23,10624,0
MMVVF.US,D,20220729,000000,10.23,10.23,10.23,10.23,113673,0
MMVVF.US,D,20220801,000000,10.23,10.23,10.22,10.23,5718,0
MMVVF.US,D,20220802,000000,10.23,10.23,10.22,10.2298,5421,0
MMVVF.US,D,20220803,000000,10.23,10.23,10.22,10.23,21506,0
MMVVF.US,D,20220808,000000,10.7,10.7,10.24,10.24,599,0
MMVVF.US,D,20220810,000000,10.25,10.26,10.25,10.2501,7620,0
MMVVF.US,D,20220811,000000,10.7,10.7,10.25,10.25,29554,0
MMVVF.US,D,20220812,000000,10.75,10.75,10.25,10.25,1175,0
MMVVF.US,D,20220815,000000,10.25,10.28,10.25,10.27,6305,0
MMVVF.US,D,20220816,000000,10.26,10.26,10.26,10.26,10588,0
MMVVF.US,D,20220817,000000,10.65,10.65,10.26,10.26,22335,0
MMVVF.US,D,20220818,000000,10.27,10.28,10.27,10.28,10126,0
MMVVF.US,D,20220819,000000,10.29,10.3,10.29,10.29,22384,0
MMVVF.US,D,20220822,000000,10.29,10.29,10.29,10.29,203,0
MMVVF.US,D,20220823,000000,10.3,10.3,10.29,10.29,873,0
MMVVF.US,D,20220825,000000,10.29,10.29,10.29,10.29,203,0
MMVVF.US,D,20220826,000000,10.3,10.3,10.29,10.3,12242,0
MMVVF.US,D,20220830,000000,10.29,10.29,10.28,10.29,17491,0
MMVVF.US,D,20220831,000000,10.31,10.35,10.29,10.35,11941,0
MMVVF.US,D,20220906,000000,10.29,10.29,10.29,10.29,479,0
MMVVF.US,D,20220907,000000,10.3,10.3,10.29,10.29,427,0
MMVVF.US,D,20220909,000000,10.75,10.75,10.29,10.29,17960,0
MMVVF.US,D,20220912,000000,10.58,10.58,10.3,10.31,38538,0
MMVVF.US,D,20220913,000000,10.31,10.32,10.31,10.31,54954,0
MMVVF.US,D,20220914,000000,10.31,10.32,10.31,10.32,53781,0
MMVVF.US,D,20220915,000000,10.32,10.33,10.3199,10.32,60952,0
MMVVF.US,D,20220916,000000,10.31,10.31,10.31,10.31,199,0
MMVVF.US,D,20220919,000000,10.31,10.83,10.31,10.32,11586,0
MMVVF.US,D,20220920,000000,10.32,10.3214,10.32,10.32,6483,0
MMVVF.US,D,20220921,000000,10.4,10.4,10.32,10.34,15603,0
MMVVF.US,D,20220922,000000,10.43,10.43,10.32,10.33,5925,0
MMVVF.US,D,20220923,000000,10.33,10.34,10.33,10.34,3052,0
MMVVF.US,D,20220926,000000,10.75,10.75,10.32,10.33,37469,0
MMVVF.US,D,20220927,000000,10.33,10.3493,10.3,10.32,11966,0
MMVVF.US,D,20220928,000000,10.29,10.33,10.29,10.29,11040,0
MMVVF.US,D,20220929,000000,10.29,10.3299,10.27,10.3299,8216,0
MMVVF.US,D,20220930,000000,10.33,10.33,10.29,10.33,5204,0
MMVVF.US,D,20221003,000000,10.35,10.35,10.29,10.34,8552,0
MMVVF.US,D,20221004,000000,10.35,10.35,10.31,10.32,305418,0
MMVVF.US,D,20221005,000000,10.32,10.36,10.3,10.3,8610,0
MMVVF.US,D,20221006,000000,10.36,10.36,10.36,10.36,197,0
MMVVF.US,D,20221007,000000,10.36,10.36,10.36,10.36,313,0
MMVVF.US,D,20221010,000000,10.34,10.34,10.34,10.34,1517,0
MMVVF.US,D,20221011,000000,10.34,10.34,10.34,10.34,522,0
MMVVF.US,D,20221014,000000,10.34,10.3501,10.34,10.35,3190,0
MMVVF.US,D,20221017,000000,10.38,10.43,10.38,10.43,16363,0
MMVVF.US,D,20221018,000000,10.43,10.43,10.43,10.43,5230,0
MMVVF.US,D,20221019,000000,10.42,10.45,10.42,10.45,608,0
MMVVF.US,D,20221021,000000,10.43,10.43,10.43,10.43,1518,0
MMVVF.US,D,20221024,000000,10.4,10.41,10.4,10.4012,7619,0
MMVVF.US,D,20221025,000000,10.41,10.42,10.41,10.42,13229,0
MMVVF.US,D,20221027,000000,10.45,10.46,10.45,10.46,57401,0
MMVVF.US,D,20221031,000000,10.46,10.46,10.46,10.46,10110,0
MMVVF.US,D,20221102,000000,10.46,10.46,10.46,10.46,10746,0
MMVVF.US,D,20221103,000000,10.41,10.48,10.4084,10.48,27774,0
MMVVF.US,D,20221104,000000,10.48,10.55,10.48,10.54,15661,0
MMVVF.US,D,20221107,000000,10.5323,10.55,10.51,10.51,3835,0
MMVVF.US,D,20221109,000000,10.48,10.48,10.48,10.48,852,0
MMVVF.US,D,20221110,000000,10.4201,10.4201,10.42,10.4201,1400,0
MMVVF.US,D,20221111,000000,10.42,10.43,10.42,10.42,2621,0
MMVVF.US,D,20221114,000000,10.4396,10.4396,10.42,10.42,5726,0
MMVVF.US,D,20221115,000000,10.43,10.43,10.42,10.43,79861,0
MMVVF.US,D,20221116,000000,10.42,10.42,10.42,10.42,5000,0
MMVVF.US,D,20221117,000000,10.4193,10.42,10.4193,10.42,10364,0
MMVVF.US,D,20221122,000000,10.42,10.4201,10.42,10.42,3817,0
MMVVF.US,D,20221123,000000,10.437,10.48,10.437,10.48,443,0
MMVVF.US,D,20221125,000000,10.437,10.47,10.41,10.42,11694,0
MMVVF.US,D,20221128,000000,10.48,10.48,10.42,10.43,5346,0
MMVVF.US,D,20221201,000000,10.48,10.48,10.48,10.48,2421,0
MMVVF.US,D,20221202,000000,10.49,10.5,10.47,10.5,2537,0
MMVVF.US,D,20221205,000000,10.5,10.64,10.5,10.6397,6740,0
MMVVF.US,D,20221206,000000,10.55,10.59,10.45,10.59,25278,0
MMVVF.US,D,20221207,000000,10.57,10.58,10.57,10.58,1450,0
MMVVF.US,D,20221208,000000,10.5,10.57,10.5,10.57,6159,0
MMVVF.US,D,20221209,000000,10.47,10.48,10.44,10.44,17230,0
MMVVF.US,D,20221212,000000,10.47,10.5,10.43,10.44,20673,0
MMVVF.US,D,20221213,000000,10.505,10.525,10.5,10.525,6892,0
MMVVF.US,D,20221214,000000,10.44,10.87,10.44,10.87,10769,0
MMVVF.US,D,20221215,000000,10.03,10.85,9.45,9.78,26782,0
MMVVF.US,D,20221216,000000,9.8,11.05,9.8,10.31,6201,0
MMVVF.US,D,20221219,000000,10.3073,11.3799,10,10.5,26582,0
MMVVF.US,D,20221220,000000,10.25,14.85,10.01,11.09,75883,0
MMVVF.US,D,20221221,000000,11.8,11.8,10.3,10.3,31785,0
MMVVF.US,D,20221222,000000,10.12,10.8,10.12,10.7999,34106,0
MMVVF.US,D,20221223,000000,10.4697,10.99,10.44,10.68,41061,0
MMVVF.US,D,20221227,000000,10.27,14.95,10.27,13.62,89690,0
MMVVF.US,D,20221228,000000,13.02,15.15,6.0175,8.78,472456,0
MMVVF.US,D,20221229,000000,8.3,8.3,7,8,134004,0
MMVVF.US,D,20221230,000000,7.9,9.38,7.5001,7.6,76916,0
MMVVF.US,D,20230103,000000,7.67,8.89,7.146,8.4,46298,0
MMVVF.US,D,20230104,000000,8.62,12.12,6.555,7.99,337927,0
MMVVF.US,D,20230105,000000,7,7.4587,5.5,6.39,387700,0
MMVVF.US,D,20230106,000000,7.28,17.75,6.75,11.63,3244600,0
MMVVF.US,D,20230109,000000,12.7,13.15,2.4,3.175,16188700,0
MMVVF.US,D,20230110,000000,2.89,3.18,2.4,2.74,3868600,0
MMVVF.US,D,20230111,000000,2.64,3.03,2.51,2.635,1793200,0
MMVVF.US,D,20230112,000000,3.25,4.35,3.05,3.43,27733700,0
MMVVF.US,D,20230113,000000,3.28,3.28,2.87,2.92,1314400,0
MMVVF.US,D,20230117,000000,3.02,3.16,2.8,2.87,653800,0
MMVVF.US,D,20230118,000000,2.85,3.03,2.63,2.74,511300,0
MMVVF.US,D,20230119,000000,2.64,2.785,2.6,2.65,279700,0
MMVVF.US,D,20230120,000000,2.73,2.85,2.52,2.66,339200,0
MMVVF.US,D,20230123,000000,2.61,2.75,2.6,2.61,211479,0
MMVVF.US,D,20230124,000000,2.57,2.61,2.45,2.48,324230,0
MMVVF.US,D,20230125,000000,2.44,2.44,2.24,2.33,291106,0
MMVVF.US,D,20230126,000000,2.31,2.4233,2.145,2.34,428221,0
MMVVF.US,D,20230127,000000,2.31,2.315,2.1701,2.18,230246,0
MMVVF.US,D,20230130,000000,2.21,2.27,2.1673,2.22,173024,0
MMVVF.US,D,20230131,000000,2.23,2.2922,2.21,2.25,277617,0
MMVVF.US,D,20230201,000000,2.32,2.33,2.0901,2.24,332756,0
MMVVF.US,D,20230202,000000,2.2,2.37,2.04,2.17,431697,0
MMVVF.US,D,20230203,000000,2.24,2.2763,2.11,2.11,253627,0
MMVVF.US,D,20230206,000000,2.16,2.16,2,2.07,218540,0
MMVVF.US,D,20230207,000000,2.05,2.06,1.85,1.8799,287410,0
MMVVF.US,D,20230208,000000,1.93,1.97,1.81,1.91,221369,0
MMVVF.US,D,20230209,000000,1.9,1.97,1.85,1.9,96988,0
MMVVF.US,D,20230210,000000,1.88,1.92,1.83,1.86,85003,0
MMVVF.US,D,20230213,000000,1.83,1.99,1.81,1.88,124819,0
MMVVF.US,D,20230214,000000,1.87,2.06,1.8,1.84,161388,0
MMVVF.US,D,20230215,000000,1.84,1.95,1.84,1.87,200190,0
MMVVF.US,D,20230216,000000,1.96,1.96,1.87,1.93,88967,0
MMVVF.US,D,20230217,000000,1.94,1.94,1.8,1.82,124881,0
MMVVF.US,D,20230221,000000,1.85,1.85,1.7,1.72,103638,0
MMVVF.US,D,20230222,000000,1.7,1.725,1.6,1.64,120878,0
MMVVF.US,D,20230223,000000,1.64,1.7,1.5,1.54,160128,0
MMVVF.US,D,20230224,000000,1.49,1.5826,1.43,1.49,146111,0
MMVVF.US,D,20230227,000000,1.46,1.6,1.43,1.48,123067,0
MMVVF.US,D,20230228,000000,1.42,1.4772,1.25,1.29,229858,0
MMVVF.US,D,20230301,000000,1.28,1.39,1.28,1.34,97417,0
MMVVF.US,D,20230302,000000,1.32,1.39,1.32,1.39,35383,0
MMVVF.US,D,20230303,000000,1.35,1.59,1.35,1.56,301190,0
MMVVF.US,D,20230306,000000,1.61,1.67,1.38,1.5,177005,0
MMVVF.US,D,20230307,000000,1.42,1.4999,1.28,1.42,80530,0
MMVVF.US,D,20230308,000000,1.4,1.4399,1.3027,1.39,37717,0
MMVVF.US,D,20230309,000000,1.37,1.4,1.32,1.36,10320,0
MMVVF.US,D,20230310,000000,1.33,1.3711,1.22,1.3,64049,0
MMVVF.US,D,20230313,000000,1.3235,1.3235,1.18,1.22,40806,0
MMVVF.US,D,20230314,000000,1.19,1.2388,1.14,1.1595,87944,0
MMVVF.US,D,20230315,000000,1.1779,1.21,1.1,1.12,55880,0
MMVVF.US,D,20230316,000000,1.0368,1.1164,1.02,1.04,62893,0
MMVVF.US,D,20230317,000000,1.03,1.2,1.03,1.09,65926,0
MMVVF.US,D,20230320,000000,1.06,1.0664,0.9401,1.01,47719,0
MMVVF.US,D,20230321,000000,0.95,1.15,0.8836,0.974,172154,0
MMVVF.US,D,20230322,000000,1.02,1.03,0.947,0.9675,30394,0
MMVVF.US,D,20230323,000000,0.97,1.07,0.9127,1,58035,0
MMVVF.US,D,20230324,000000,0.97,1.02,0.97,0.974,18652,0
MMVVF.US,D,20230327,000000,1.03,1.0512,0.93,0.981,26131,0
MMVVF.US,D,20230328,000000,1,1.0399,0.98,0.9801,20341,0
MMVVF.US,D,20230329,000000,0.985,1.02,0.985,0.991,23488,0
MMVVF.US,D,20230330,000000,1,1.2093,1,1.125,332607,0
MMVVF.US,D,20230331,000000,1.104,1.22,1.04,1.09,138209,0
MMVVF.US,D,20230403,000000,1.07,1.1,1.04,1.04,59796,0
MMVVF.US,D,20230404,000000,1.05,1.05,0.94,1,45564,0
MMVVF.US,D,20230405,000000,1.08,1.08,0.92,0.9526,63768,0
MMVVF.US,D,20230406,000000,0.93,1,0.93,1,39583,0
MMVVF.US,D,20230410,000000,0.98,1,0.9199,0.96,63707,0
MMVVF.US,D,20230411,000000,0.9632,1.0299,0.95,0.98,39316,0
MMVVF.US,D,20230412,000000,0.98,0.992699,0.92,0.94,76262,0
MMVVF.US,D,20230413,000000,1,1,0.922,0.922,23568,0
MMVVF.US,D,20230414,000000,0.98,1.14,0.955,1.0499,159211,0
MMVVF.US,D,20230417,000000,1.17,1.32,1.1,1.16,1404908,0
MMVVF.US,D,20230418,000000,1.36,1.38,0.931,1.05,1188464,0
MMVVF.US,D,20230419,000000,0.99,1.13,0.95,1.08,254272,0
MMVVF.US,D,20230420,000000,1.1,1.15,1.04,1.0899,127600,0
MMVVF.US,D,20230421,000000,1.09,1.12,1.05,1.09,66544,0
MMVVF.US,D,20230424,000000,1.02,1.055,0.97,1.04,69147,0
MMVVF.US,D,20230425,000000,1.02,1.05,0.96,1.04,46343,0
MMVVF.US,D,20230426,000000,1.0301,1.0524,0.97,1.0524,38903,0
MMVVF.US,D,20230427,000000,1,1.05,0.99,1.01,41459,0
MMVVF.US,D,20230428,000000,1.03,1.5,1,1.37,1118196,0
MMVVF.US,D,20230501,000000,1.25,1.74,1.2001,1.55,652035,0
MMVVF.US,D,20230502,000000,1.6,1.84,1.51,1.67,498972,0
MMVVF.US,D,20230503,000000,1.66,1.7,1.221,1.27,136075,0
MMVVF.US,D,20230504,000000,1.2804,1.2969,1.17,1.19,68713,0
MMVVF.US,D,20230505,000000,1.18,1.34,1.17,1.18,103684,0
MMVVF.US,D,20230508,000000,1.22,1.38,1.21,1.33,44009,0
MMVVF.US,D,20230509,000000,1.3699,1.37,1.28,1.29,26776,0
MMVVF.US,D,20230510,000000,1.2901,1.33,1.22,1.2999,14535,0
MMVVF.US,D,20230511,000000,1.2508,1.2936,1.24,1.25,20240,0
MMVVF.US,D,20230512,000000,1.24,1.3007,1.2,1.3,31680,0
MMVVF.US,D,20230515,000000,1.26,1.31,1.21,1.28,23085,0
MMVVF.US,D,20230516,000000,1.2999,1.3,1.14,1.1713,47264,0
MMVVF.US,D,20230517,000000,1.13,1.219,1.1,1.2,64644,0
MMVVF.US,D,20230518,000000,1.18,1.24,1.12,1.239,16057,0
MMVVF.US,D,20230519,000000,1.209,1.28,1.13,1.28,44488,0
MMVVF.US,D,20230522,000000,1.2,1.2797,1.15,1.1799,34059,0
MMVVF.US,D,20230523,000000,1.14,1.17,0.98,1.14,94543,0
MMVVF.US,D,20230524,000000,1.11,1.2,1.07,1.07,19007,0
MMVVF.US,D,20230525,000000,1.04,1.07,1,1.0188,36210,0
MMVVF.US,D,20230526,000000,1.06,1.1,1,1.0699,35611,0
MMVVF.US,D,20230530,000000,1.04,1.05,0.9805,1.03,47220,0
MMVVF.US,D,20230531,000000,1,1.0725,0.98,0.9901,47964,0
MMVVF.US,D,20230601,000000,0.9846,1.06,0.92,0.955,54121,0
MMVVF.US,D,20230602,000000,2.98,4,2,2.04,92869058,0
MMVVF.US,D,20230605,000000,2.37,2.46,2,2.2,8696005,0
MMVVF.US,D,20230606,000000,2.01,2.03,1.65,1.85,1398787,0
MMVVF.US,D,20230607,000000,1.75,1.7699,1.5,1.63,824214,0
MMVVF.US,D,20230608,000000,1.83,1.83,1.54,1.62,728535,0
MMVVF.US,D,20230609,000000,1.62,1.7199,1.52,1.63,470351,0
MMVVF.US,D,20230612,000000,1.7,1.7,1.5,1.54,204232,0
MMVVF.US,D,20230613,000000,1.47,1.55,1.35,1.54,338816,0
MMVVF.US,D,20230614,000000,1.5,1.578,1.46,1.53,146802,0
MMVVF.US,D,20230615,000000,1.49,1.52,1.43,1.48,162767,0
MMVVF.US,D,20230616,000000,1.51,1.53,1.41,1.49,126574,0
MMVVF.US,D,20230620,000000,1.49,1.51,1.42,1.46,96993,0
MMVVF.US,D,20230621,000000,1.45,1.45,1.36,1.41,151922,0
MMVVF.US,D,20230622,000000,1.39,1.44,1.3,1.33,91688,0
MMVVF.US,D,20230623,000000,1.37,1.4015,1.26,1.26,127648,0
MMVVF.US,D,20230626,000000,1.26,1.32,1.1,1.23,109513,0
MMVVF.US,D,20230627,000000,1.23,1.34,1.18,1.27,89201,0
MMVVF.US,D,20230628,000000,1.26,1.2723,1.22,1.27,34000,0
MMVVF.US,D,20230629,000000,1.26,1.29,1.24,1.27,51486,0
MMVVF.US,D,20230630,000000,1.3,1.35,1.252,1.29,81172,0
MMVVF.US,D,20230703,000000,1.3,1.3729,1.27,1.3729,60377,0
MMVVF.US,D,20230705,000000,1.34,1.44,1.33,1.41,105480,0
MMVVF.US,D,20230706,000000,1.37,1.45,1.34,1.41,91224,0
MMVVF.US,D,20230707,000000,1.39,1.4,1.3,1.38,67919,0
MMVVF.US,D,20230710,000000,1.34,1.38,1.31,1.35,38602,0
MMVVF.US,D,20230711,000000,1.38,1.3898,1.32,1.33,52819,0
MMVVF.US,D,20230712,000000,1.34,1.34,1.23,1.28,132974,0
MMVVF.US,D,20230713,000000,1.31,1.33,1.23,1.3,111214,0
MMVVF.US,D,20230714,000000,1.22,1.3,1.22,1.23,59306,0
MMVVF.US,D,20230717,000000,1.26,1.28,1.2001,1.242,35790,0
MMVVF.US,D,20230718,000000,1.25,1.26,1.05,1.255,50267,0
MMVVF.US,D,20230719,000000,1.2,1.33,1.2,1.22,36899,0
MMVVF.US,D,20230720,000000,1.21,1.2581,1.18,1.23,18515,0
MMVVF.US,D,20230721,000000,1.24,1.26,1.15,1.24,37020,0
MMVVF.US,D,20230724,000000,1.23,1.26,1.16,1.2,57423,0
MMVVF.US,D,20230725,000000,1.19,1.24,1.18,1.205,25979,0
MMVVF.US,D,20230726,000000,1.26,1.26,1.16,1.2,32616,0
MMVVF.US,D,20230727,000000,1.215,1.2505,1.15,1.1721,30034,0
MMVVF.US,D,20230728,000000,1.21,1.23,1.17,1.2,35350,0
MMVVF.US,D,20230731,000000,1.18,1.2392,1.16,1.21,28585,0
MMVVF.US,D,20230801,000000,1.2,1.23,1.16,1.185,48098,0
MMVVF.US,D,20230802,000000,1.17,1.1881,1.12,1.12,14232,0
MMVVF.US,D,20230803,000000,1.11,1.18,1.05,1.11,67481,0
MMVVF.US,D,20230804,000000,1.14,1.14,1.06,1.07,51455,0
MMVVF.US,D,20230807,000000,1.13,1.13,1.06,1.07,33341,0
MMVVF.US,D,20230808,000000,1.08,1.08,1.05,1.06,15053,0
MMVVF.US,D,20230809,000000,1.05,1.0994,1.02,1.0501,28632,0
MMVVF.US,D,20230810,000000,1.04,1.065,1,1.0299,36895,0
MMVVF.US,D,20230811,000000,1.04,1.05,1.0084,1.04,14348,0
MMVVF.US,D,20230814,000000,1.02,1.04,0.9603,1,37303,0
MMVVF.US,D,20230815,000000,0.99,1.03,0.98,0.98,27215,0
MMVVF.US,D,20230816,000000,0.98,0.985,0.96,0.96,35218,0
MMVVF.US,D,20230817,000000,0.96,1.04,0.96,1.04,24069,0
MMVVF.US,D,20230818,000000,1,1.01,0.97,0.97,7014,0
MMVVF.US,D,20230821,000000,0.97,0.9886,0.8472,0.9354,21848,0
MMVVF.US,D,20230822,000000,0.98,0.98,0.93,0.9355,14144,0
MMVVF.US,D,20230823,000000,0.94,0.9999,0.9,0.97,20290,0
MMVVF.US,D,20230824,000000,0.9631,0.9899,0.9139,0.9899,17855,0
MMVVF.US,D,20230825,000000,0.952,1.03,0.952,0.99,27322,0
MMVVF.US,D,20230828,000000,0.9872,1.05,0.95,0.99,28083,0
MMVVF.US,D,20230829,000000,0.88,1,0.88,0.9515,16108,0
MMVVF.US,D,20230830,000000,0.97,1.1737,0.97,1.11,87692,0
MMVVF.US,D,20230831,000000,1.1,1.45,1.0301,1.425,344677,0
MMVVF.US,D,20230901,000000,1.27,1.4312,1.27,1.36,105533,0
MMVVF.US,D,20230905,000000,1.34,1.39,1.2852,1.32,36495,0
MMVVF.US,D,20230906,000000,1.32,1.5,1.31,1.36,98538,0
MMVVF.US,D,20230907,000000,1.38,1.44,1.28,1.3,71278,0
MMVVF.US,D,20230908,000000,1.37,1.37,1.26,1.2612,30137,0
MMVVF.US,D,20230911,000000,1.4,1.4,1.27,1.37,48935,0
MMVVF.US,D,20230912,000000,1.335,1.46,1.335,1.4298,111707,0
MMVVF.US,D,20230913,000000,1.3701,1.49,1.33,1.44,43413,0
MMVVF.US,D,20230914,000000,1.42,1.44,1.37,1.43,33579,0
MMVVF.US,D,20230915,000000,1.39,1.5,1.36,1.43,64684,0
MMVVF.US,D,20230918,000000,1.43,1.59,1.43,1.48,64851,0
MMVVF.US,D,20230919,000000,1.45,1.51,1.38,1.42,44588,0
MMVVF.US,D,20230920,000000,1.5,1.5,1.3301,1.34,24667,0
MMVVF.US,D,20230921,000000,1.4,1.4,1.31,1.35,17879,0
MMVVF.US,D,20230922,000000,1.33,1.3534,1.2,1.2,19768,0
MMVVF.US,D,20230925,000000,1.29,1.29,1.21,1.23,13070,0
MMVVF.US,D,20230926,000000,1.2653,1.27,1.18,1.2,7512,0
MMVVF.US,D,20230927,000000,1.221,1.35,1.06,1.13,48938,0
MMVVF.US,D,20230928,000000,1.11,1.38,1.069,1.16,45753,0
MMVVF.US,D,20230929,000000,1.17,1.27,1.14,1.1726,30773,0
MMVVF.US,D,20231002,000000,1.11,1.24,1.11,1.11,53983,0
MMVVF.US,D,20231003,000000,1.11,1.3895,1.09,1.24,156441,0
MMVVF.US,D,20231004,000000,1.23,1.36,1.21,1.25,33081,0
MMVVF.US,D,20231005,000000,1.33,1.39,1.3015,1.39,7841,0
MMVVF.US,D,20231006,000000,1.3487,1.41,1.2501,1.38,103700,0
MMVVF.US,D,20231009,000000,1.34,1.41,1.2811,1.3,101286,0
MMVVF.US,D,20231010,000000,1.32,1.32,1.21,1.22,18086,0
MMVVF.US,D,20231011,000000,1.23,1.3203,1.2252,1.29,15286,0
MMVVF.US,D,20231012,000000,1.27,1.31,1.27,1.31,27119,0
MMVVF.US,D,20231013,000000,1.29,1.29,1.21,1.21,14398,0
MMVVF.US,D,20231016,000000,1.21,1.21,1.15,1.2,12285,0
MMVVF.US,D,20231017,000000,1.2,1.3,1.2,1.26,16418,0
MMVVF.US,D,20231018,000000,1.215,1.23,1.16,1.18,55235,0
MMVVF.US,D,20231019,000000,1.145,1.27,1.12,1.27,38014,0
MMVVF.US,D,20231020,000000,1.21,1.2756,1.1601,1.27,15213,0
MMVVF.US,D,20231023,000000,1.24,1.25,1.17,1.17,23500,0
MMVVF.US,D,20231024,000000,1.18,1.22,1.17,1.17,9485,0
MMVVF.US,D,20231025,000000,1.18,1.225,1.15,1.1677,11744,0
MMVVF.US,D,20231026,000000,1.13,1.17,1.03,1.06,28449,0
MMVVF.US,D,20231027,000000,1.13,1.2387,1.04,1.1767,18997,0
MMVVF.US,D,20231030,000000,1.12,1.2,1.12,1.17,5810,0
MMVVF.US,D,20231031,000000,1.15,1.21,1.15,1.17,18784,0
MMVVF.US,D,20231101,000000,1.177,1.27,1.177,1.27,24336,0
MMVVF.US,D,20231102,000000,1.21,1.29,1.1842,1.27,17056,0
MMVVF.US,D,20231103,000000,1.26,1.4,1.25,1.4,25696,0
MMVVF.US,D,20231106,000000,1.39,1.44,1.3,1.3,38145,0
MMVVF.US,D,20231107,000000,1.3,1.34,1.25,1.3,21703,0
MMVVF.US,D,20231108,000000,1.32,1.4,1.28,1.4,48112,0
MMVVF.US,D,20231109,000000,1.38,1.4,1.3205,1.36,16785,0
MMVVF.US,D,20231110,000000,1.3906,1.4399,1.3501,1.43,22672,0
MMVVF.US,D,20231113,000000,1.4,1.48,1.34,1.47,27575,0
MMVVF.US,D,20231114,000000,1.44,1.47,1.4002,1.46,26261,0
MMVVF.US,D,20231115,000000,1.44,1.49,1.44,1.49,23831,0
MMVVF.US,D,20231116,000000,1.45,1.47,1.41,1.46,20014,0
MMVVF.US,D,20231117,000000,1.45,1.47,1.44,1.46,9699,0
MMVVF.US,D,20231120,000000,1.43,1.485,1.32,1.44,33938,0
MMVVF.US,D,20231121,000000,1.4795,1.4795,1.3759,1.43,2852,0
MMVVF.US,D,20231122,000000,1.36,1.47,1.35,1.45,23204,0
MMVVF.US,D,20231124,000000,1.4,1.45,1.4,1.4,3297,0
MMVVF.US,D,20231127,000000,1.3602,1.4,1.2299,1.36,27355,0
MMVVF.US,D,20231128,000000,1.285,1.34,1.21,1.28,29195,0
MMVVF.US,D,20231129,000000,1.2537,1.36,1.21,1.36,29388,0
MMVVF.US,D,20231130,000000,1.24,1.31,1.23,1.3,26254,0
MMVVF.US,D,20231201,000000,1.32,1.35,1.26,1.32,20934,0
MMVVF.US,D,20231204,000000,1.28,1.28,1.0101,1.24,44455,0
MMVVF.US,D,20231205,000000,1.25,1.27,1.11,1.17,7180,0
MMVVF.US,D,20231206,000000,1.17,1.305,1.1005,1.1567,37736,0
MMVVF.US,D,20231207,000000,1.2282,1.28,1.15,1.25,19471,0
MMVVF.US,D,20231208,000000,1.19,1.22,1.07,1.16,19490,0
MMVVF.US,D,20231211,000000,1.13,1.16,1.04,1.14,17090,0
MMVVF.US,D,20231212,000000,1.14,1.4,1.0701,1.18,97092,0
MMVVF.US,D,20231213,000000,1.28,1.35,1.18,1.27,31596,0
MMVVF.US,D,20231214,000000,1.235,1.3,1.15,1.28,22295,0
MMVVF.US,D,20231215,000000,1.15,1.27,1.15,1.26,30747,0
MMVVF.US,D,20231218,000000,1.19,1.3,1.19,1.27,56159,0
MMVVF.US,D,20231219,000000,1.2385,1.3,1.22,1.27,9795,0
MMVVF.US,D,20231220,000000,1.28,1.3,1.21,1.23,38447,0
MMVVF.US,D,20231221,000000,1.2,1.26,1.2,1.26,6633,0
MMVVF.US,D,20231222,000000,1.26,1.39,1.15,1.39,48900,0
MMVVF.US,D,20231226,000000,1.36,1.36,1.22,1.22,15166,0
MMVVF.US,D,20231227,000000,1.22,1.29,1.16,1.29,20727,0
MMVVF.US,D,20231228,000000,1.22,1.29,1.22,1.23,12452,0
MMVVF.US,D,20231229,000000,1.23,1.3492,1.14,1.14,8184,0
MMVVF.US,D,20240102,000000,1.16,1.22,1.16,1.18,2374,0
MMVVF.US,D,20240103,000000,1.18,1.22,1.15,1.15,4368,0
MMVVF.US,D,20240104,000000,1.2,1.2,1.15,1.18,10046,0
MMVVF.US,D,20240105,000000,1.15,1.19,1.14,1.14,1559,0
MMVVF.US,D,20240108,000000,1.15,1.15,1.1,1.11,6037,0
MMVVF.US,D,20240109,000000,1.11,1.19,1.08,1.12,31618,0
MMVVF.US,D,20240110,000000,1.1,1.17,1.08,1.14,11416,0
MMVVF.US,D,20240111,000000,1.12,1.15,1.09,1.115,8219,0
MMVVF.US,D,20240112,000000,1.18,1.2,1.12,1.12,22180,0
MMVVF.US,D,20240116,000000,1.11,1.18,1.02,1.03,13509,0
MMVVF.US,D,20240117,000000,1.02,1.12,1.0101,1.095,20460,0
MMVVF.US,D,20240118,000000,1.05,1.1,1.05,1.0501,7263,0
MMVVF.US,D,20240119,000000,1.06,1.1,1.04,1.0401,18331,0
MMVVF.US,D,20240122,000000,1.05,1.05,1.03,1.03,12763,0
MMVVF.US,D,20240123,000000,1.03,1.06,1.03,1.06,12761,0
MMVVF.US,D,20240124,000000,1.17,1.17,1.03,1.04,7777,0
MMVVF.US,D,20240125,000000,1.03,1.0525,1.03,1.05,8256,0
MMVVF.US,D,20240126,000000,1.05,1.05,0.97,1.01,39980,0
MMVVF.US,D,20240129,000000,1.01,1.01,0.95,0.99,13548,0
MMVVF.US,D,20240130,000000,1.05,1.05,0.96,0.965221,13610,0
MMVVF.US,D,20240131,000000,0.96,0.96,0.87,0.949999,8069,0
MMVVF.US,D,20240201,000000,0.95,0.95,0.9,0.9,2877,0
MMVVF.US,D,20240202,000000,0.9,0.99,0.87,0.92,37532,0
MMVVF.US,D,20240205,000000,0.9,0.9255,0.88,0.9255,4787,0
MMVVF.US,D,20240206,000000,0.89,0.97,0.88,0.88,10712,0
MMVVF.US,D,20240207,000000,0.89,0.98,0.889712,0.896,9392,0
MMVVF.US,D,20240208,000000,0.88,0.9699,0.87,0.9,4295,0
MMVVF.US,D,20240209,000000,0.914,0.97,0.914,0.97,6812,0
MMVVF.US,D,20240212,000000,0.97,1.2415,0.94,1.2415,102303,0
MMVVF.US,D,20240213,000000,1.12,1.33,1.06,1.23,102014,0
MMVVF.US,D,20240214,000000,1.22,1.22,1.0501,1.1,27012,0
MMVVF.US,D,20240215,000000,1.09,1.23,1.06,1.14,36203,0
MMVVF.US,D,20240216,000000,1.14,1.43,1.08,1.3,570915,0
MMVVF.US,D,20240220,000000,1.24,1.29,1.11,1.15,62170,0
MMVVF.US,D,20240221,000000,1.16,1.1874,1.03,1.15,66555,0
MMVVF.US,D,20240222,000000,1.12,1.12,0.975,0.9972,49739,0
MMVVF.US,D,20240223,000000,1.03,1.05,0.9367,0.98,21604,0
MMVVF.US,D,20240226,000000,0.9201,0.98,0.9201,0.93,5707,0
MMVVF.US,D,20240227,000000,1.01,1.06,0.92,0.93,19216,0
MMVVF.US,D,20240228,000000,1.01,1.01,0.94,0.96,26174,0
MMVVF.US,D,20240229,000000,1,1,0.92,0.92,24729,0
MMVVF.US,D,20240301,000000,0.95,0.99,0.9,0.9501,53957,0
MMVVF.US,D,20240304,000000,0.9316,1.1699,0.9201,1.1,1962506,0
MMVVF.US,D,20240305,000000,1,1.04,0.84,0.9,330858,0
MMVVF.US,D,20240306,000000,0.883,0.935,0.8406,0.841,97147,0
MMVVF.US,D,20240307,000000,0.863,0.95,0.7202,0.9292,158211,0
MMVVF.US,D,20240308,000000,0.9062,0.9292,0.827,0.85,30797,0
MMVVF.US,D,20240311,000000,0.85,0.9,0.7716,0.8201,27026,0
MMVVF.US,D,20240312,000000,0.8201,0.889,0.77,0.798,37915,0
MMVVF.US,D,20240313,000000,0.7862,0.8799,0.7643,0.81,27363,0
MMVVF.US,D,20240314,000000,0.81,0.8498,0.81,0.849,7509,0
MMVVF.US,D,20240315,000000,0.8,0.92,0.78,0.916,80003,0
MMVVF.US,D,20240318,000000,0.95,0.95,0.812,0.92,60138,0
MMVVF.US,D,20240319,000000,0.8924,0.94,0.8145,0.9,6470,0
MMVVF.US,D,20240320,000000,0.873,0.9364,0.8501,0.883801,15509,0
MMVVF.US,D,20240321,000000,0.88,0.8837,0.8501,0.8747,8143,0
MMVVF.US,D,20240322,000000,0.91,0.91,0.851,0.865,17765,0
MMVVF.US,D,20240325,000000,0.9082,0.9082,0.7831,0.8495,20469,0
MMVVF.US,D,20240326,000000,0.899,0.899,0.8122,0.898,17009,0
MMVVF.US,D,20240327,000000,0.9,0.9,0.82,0.85,5311,0
MMVVF.US,D,20240328,000000,0.86,0.8888,0.837,0.88879,15566,0
MMVVF.US,D,20240401,000000,0.8584,0.9,0.8361,0.875001,2322,0
MMVVF.US,D,20240402,000000,0.88531,0.9095,0.8383,0.8802,36028,0
MMVVF.US,D,20240403,000000,0.86,0.8725,0.8041,0.8505,52409,0
MMVVF.US,D,20240404,000000,0.821,0.8405,0.8,0.8007,19358,0
MMVVF.US,D,20240405,000000,0.8,0.8,0.7299,0.7894,34630,0
MMVVF.US,D,20240408,000000,0.7504,0.805,0.7404,0.7983,5620,0
MMVVF.US,D,20240409,000000,0.8125,0.8126,0.7563,0.812599,10322,0
MMVVF.US,D,20240410,000000,0.8181,0.8181,0.79,0.79,14627,0
MMVVF.US,D,20240411,000000,0.792,0.81,0.792,0.8001,1352,0
MMVVF.US,D,20240412,000000,0.8216,0.8216,0.8,0.819,10141,0
MMVVF.US,D,20240415,000000,0.8216,0.8216,0.796,0.796,7837,0
MMVVF.US,D,20240416,000000,0.82,0.82,0.79,0.8,2045,0
MMVVF.US,D,20240417,000000,0.8,0.8,0.6797,0.68,33062,0
MMVVF.US,D,20240418,000000,0.7,0.7,0.612,0.67,90296,0
MMVVF.US,D,20240419,000000,0.67,0.68,0.6501,0.6737,17819,0
MMVVF.US,D,20240422,000000,0.7073,0.7073,0.6575,0.6825,12493,0
MMVVF.US,D,20240423,000000,0.6898,0.7339,0.6898,0.7,6539,0
MMVVF.US,D,20240424,000000,0.71,0.71,0.65,0.66,11901,0
MMVVF.US,D,20240425,000000,0.64,0.6599,0.4888,0.4888,49759,0
MMVVF.US,D,20240426,000000,0.4887,0.6738,0.4887,0.6,162016,0
MMVVF.US,D,20240429,000000,0.64,0.64,0.55,0.5639,24468,0
MMVVF.US,D,20240430,000000,0.575,0.580719,0.5199,0.5275,17819,0
MMVVF.US,D,20240501,000000,0.53,0.5637,0.5286,0.5361,15972,0
MMVVF.US,D,20240502,000000,0.559715,0.5995,0.5202,0.526,9078,0
MMVVF.US,D,20240503,000000,0.54,0.5709,0.52,0.549,16361,0
MMVVF.US,D,20240506,000000,0.545262,0.5709,0.52,0.5203,29340,0
MMVVF.US,D,20240507,000000,0.53,0.5709,0.4937,0.54,36637,0
MMVVF.US,D,20240508,000000,0.5143,0.550248,0.5143,0.55,5068,0
MMVVF.US,D,20240509,000000,0.521232,0.5709,0.521232,0.55,19175,0
MMVVF.US,D,20240510,000000,0.5557,0.56,0.528,0.528,10941,0
MMVVF.US,D,20240513,000000,0.559,0.5982,0.5465,0.548,12021,0
MMVVF.US,D,20240514,000000,0.55,0.57,0.5143,0.5287,59664,0
MMVVF.US,D,20240515,000000,0.5234,0.528,0.4501,0.5028,36791,0
MMVVF.US,D,20240516,000000,0.5146,0.54,0.5,0.52,29319,0
MMVVF.US,D,20240517,000000,0.521,0.6325,0.511,0.5908,4327866,0
MMVVF.US,D,20240520,000000,1.17,2.05,0.999,1.33,129916847,0
MMVVF.US,D,20240521,000000,1.03,1.1,0.85,0.92,4724974,0
MMVVF.US,D,20240522,000000,0.8,0.9576,0.72,0.95,1597699,0
MMVVF.US,D,20240523,000000,0.8896,0.9,0.7693,0.7962,409729,0
MMVVF.US,D,20240524,000000,0.75,0.8,0.7031,0.7201,418508,0
MMVVF.US,D,20240528,000000,0.73,0.73,0.62,0.68,280311,0
MMVVF.US,D,20240529,000000,0.66,0.7495,0.66,0.7349,324203,0
MMVVF.US,D,20240530,000000,0.7002,0.72,0.66,0.69,271849,0
MMVVF.US,D,20240531,000000,0.6693,0.676,0.57,0.5927,279157,0
MMVVF.US,D,20240603,000000,0.609,0.63,0.56,0.5753,219326,0
MMVVF.US,D,20240604,000000,0.57,0.583,0.5499,0.57,149375,0
MMVVF.US,D,20240605,000000,0.567,0.6264,0.5602,0.618,211081,0
MMVVF.US,D,20240606,000000,0.5966,0.622,0.5881,0.595,157465,0
MMVVF.US,D,20240607,000000,0.5978,0.5978,0.5331,0.555,187954,0
MMVVF.US,D,20240610,000000,0.569,0.5905,0.55,0.582,76845,0
MMVVF.US,D,20240611,000000,0.584,0.62,0.5831,0.6,78920,0
MMVVF.US,D,20240612,000000,0.6,0.689799,0.57,0.661,383052,0
MMVVF.US,D,20240613,000000,0.66,0.66,0.595,0.6,140643,0
MMVVF.US,D,20240614,000000,0.58,0.6098,0.58,0.599,61847,0
MMVVF.US,D,20240617,000000,0.573,0.6576,0.57,0.616,162682,0
MMVVF.US,D,20240618,000000,0.6,0.615,0.57,0.5979,108041,0
MMVVF.US,D,20240620,000000,0.59,0.6252,0.5897,0.6006,89288,0
MMVVF.US,D,20240621,000000,0.61,0.6614,0.61,0.6103,31865,0
MMVVF.US,D,20240624,000000,0.62,0.65,0.6103,0.6366,90543,0
MMVVF.US,D,20240625,000000,0.65,0.65,0.57,0.5746,178233,0
MMVVF.US,D,20240626,000000,0.57,0.5952,0.55,0.564,111368,0
MMVVF.US,D,20240627,000000,0.5601,0.65,0.5503,0.61,71884,0
MMVVF.US,D,20240628,000000,0.601,0.6078,0.5798,0.6,12649,0
MMVVF.US,D,20240701,000000,0.5704,0.59,0.5704,0.5898,15123,0
MMVVF.US,D,20240702,000000,0.6505,0.756,0.64,0.718,1649251,0
MMVVF.US,D,20240703,000000,0.689,0.7065,0.6652,0.6712,307107,0
MMVVF.US,D,20240705,000000,0.6561,0.67,0.5867,0.62,259719,0
MMVVF.US,D,20240708,000000,0.635,0.6493,0.612,0.6122,575937,0
MMVVF.US,D,20240709,000000,0.62,0.621,0.5801,0.5994,160129,0
MMVVF.US,D,20240710,000000,0.5914,0.6379,0.5801,0.595431,101728,0
MMVVF.US,D,20240711,000000,0.55,0.55,0.5348,0.545,234064,0
MMVVF.US,D,20240712,000000,0.56,0.561,0.511201,0.5396,164454,0
MMVVF.US,D,20240715,000000,0.5334,0.555,0.5227,0.5405,47865,0
MMVVF.US,D,20240716,000000,0.528,0.5639,0.5214,0.56,69479,0
MMVVF.US,D,20240717,000000,0.554,0.677499,0.5375,0.65,3230078,0
MMVVF.US,D,20240718,000000,0.7,0.701,0.4851,0.5383,2064315,0
MMVVF.US,D,20240719,000000,0.5301,0.5874,0.523301,0.5515,159065,0
MMVVF.US,D,20240722,000000,0.5519,0.58,0.540001,0.5698,137369,0
MMVVF.US,D,20240723,000000,0.5527,0.75,0.55,0.652796,588071,0
MMVVF.US,D,20240724,000000,0.626,0.6527,0.5801,0.6096,99495,0
MMVVF.US,D,20240725,000000,0.59,0.6,0.58,0.596,56913,0
MMVVF.US,D,20240726,000000,0.5931,0.6866,0.593,0.6542,261293,0
MMVVF.US,D,20240729,000000,0.62,0.7199,0.62,0.699899,117846,0
MMVVF.US,D,20240730,000000,0.6999,0.6999,0.6506,0.6846,94539,0
MMVVF.US,D,20240731,000000,0.6869,0.6869,0.6511,0.6672,86169,0
MMVVF.US,D,20240801,000000,0.676,0.72,0.6511,0.6604,121364,0
MMVVF.US,D,20240802,000000,0.6506,0.75,0.6403,0.660099,422772,0
MMVVF.US,D,20240805,000000,0.6508,0.652,0.5501,0.579,281341,0
MMVVF.US,D,20240806,000000,0.58,0.6372,0.5785,0.588,74279,0
MMVVF.US,D,20240807,000000,0.5723,0.7188,0.565,0.6383,506937,0
MMVVF.US,D,20240808,000000,0.6381,0.6494,0.5289,0.5332,526210,0
MMVVF.US,D,20240809,000000,0.54,0.59,0.54,0.5456,97305,0
MMVVF.US,D,20240812,000000,0.561,0.59,0.545,0.55,54865,0
MMVVF.US,D,20240813,000000,0.5733,0.618501,0.5733,0.6042,55727,0
MMVVF.US,D,20240814,000000,0.59,0.6034,0.5601,0.5869,11802,0
MMVVF.US,D,20240815,000000,0.565772,0.5867,0.5602,0.5867,19267,0
MMVVF.US,D,20240816,000000,0.5601,0.5773,0.56,0.5639,26504,0
MMVVF.US,D,20240819,000000,0.58,0.6,0.5607,0.5756,138303,0
MMVVF.US,D,20240820,000000,0.57,0.6199,0.5607,0.5949,138972,0
MMVVF.US,D,20240821,000000,0.59,0.648537,0.59,0.63,263248,0
MMVVF.US,D,20240822,000000,0.6211,0.66,0.6022,0.6242,350173,0
MMVVF.US,D,20240823,000000,0.6,0.624,0.5735,0.61,350224,0
MMVVF.US,D,20240826,000000,0.59,0.63,0.5652,0.5702,85162,0
MMVVF.US,D,20240827,000000,0.57,0.63,0.5623,0.6,455639,0
MMVVF.US,D,20240828,000000,0.634,0.6617,0.5301,0.55,703316,0
MMVVF.US,D,20240829,000000,0.57,0.57,0.5401,0.5401,23479,0
MMVVF.US,D,20240830,000000,0.5502,0.598,0.5502,0.555,21848,0
MMVVF.US,D,20240903,000000,0.559,0.5704,0.5321,0.5323,22289,0
MMVVF.US,D,20240904,000000,0.54,0.55,0.4914,0.515,56463,0
MMVVF.US,D,20240905,000000,0.515,0.5157,0.5018,0.5052,28496,0
MMVVF.US,D,20240906,000000,0.515,0.53,0.4901,0.5,82353,0
MMVVF.US,D,20240909,000000,0.51,0.51,0.41,0.5,50098,0
MMVVF.US,D,20240910,000000,0.54,0.54,0.493,0.495,17464,0
MMVVF.US,D,20240911,000000,0.498,0.5102,0.4801,0.49,61688,0
MMVVF.US,D,20240912,000000,0.49,0.54,0.4604,0.4835,60368,0
MMVVF.US,D,20240913,000000,0.4877,0.5116,0.4824,0.4901,56837,0
MMVVF.US,D,20240916,000000,0.4905,0.5097,0.46,0.4676,60856,0
MMVVF.US,D,20240917,000000,0.47,0.48,0.46,0.4602,35007,0
MMVVF.US,D,20240918,000000,0.4633,0.4895,0.4633,0.4819,65375,0
MMVVF.US,D,20240919,000000,0.488,0.4951,0.488,0.49,33159,0
MMVVF.US,D,20240920,000000,0.4711,0.5,0.46,0.46,30988,0
MMVVF.US,D,20240923,000000,0.4568,0.56,0.4426,0.521201,281983,0
MMVVF.US,D,20240924,000000,0.5375,0.5375,0.48,0.4983,166117,0
MMVVF.US,D,20240925,000000,0.499,0.5449,0.4705,0.5448,290105,0
MMVVF.US,D,20240926,000000,0.518,0.5327,0.4554,0.522,278449,0
MMVVF.US,D,20240927,000000,0.507,0.5339,0.5059,0.5339,270716,0
MMVVF.US,D,20240930,000000,0.56,0.5899,0.56,0.5701,100033,0
MMVVF.US,D,20241001,000000,0.5701,0.5889,0.5211,0.55,111760,0
MMVVF.US,D,20241002,000000,0.5799,0.5799,0.5305,0.556,290651,0
MMVVF.US,D,20241003,000000,0.56,0.56,0.523,0.537099,133433,0
MMVVF.US,D,20241004,000000,0.5425,0.5565,0.511,0.5276,141911,0
MMVVF.US,D,20241007,000000,0.5008,0.51,0.458,0.48,246158,0
MMVVF.US,D,20241008,000000,0.4801,0.5075,0.477,0.48,22476,0
MMVVF.US,D,20241009,000000,0.461,0.497,0.4303,0.497,73601,0
MMVVF.US,D,20241010,000000,0.465,0.465,0.438,0.464899,30269,0
MMVVF.US,D,20241011,000000,0.4516,0.4895,0.441,0.475,104883,0
MMVVF.US,D,20241014,000000,0.475,0.4889,0.4422,0.4566,47885,0
MMVVF.US,D,20241015,000000,0.448,0.45325,0.382,0.4035,164210,0
MMVVF.US,D,20241016,000000,0.4035,0.415,0.3971,0.4101,59118,0
MMVVF.US,D,20241017,000000,0.4101,0.485,0.4009,0.438,85349,0
MMVVF.US,D,20241018,000000,0.4255,0.455,0.4101,0.42,109505,0
MMVVF.US,D,20241021,000000,0.4457,0.4628,0.42,0.4211,106268,0
MMVVF.US,D,20241022,000000,0.4212,0.4599,0.41,0.4209,45772,0
MMVVF.US,D,20241023,000000,0.4102,0.4249,0.3975,0.4199,62643,0
MMVVF.US,D,20241024,000000,0.410284,0.444,0.3908,0.4,53701,0
MMVVF.US,D,20241025,000000,0.401,0.43,0.3902,0.4293,29320,0
MMVVF.US,D,20241028,000000,0.429,0.45,0.4007,0.4437,82764,0
MMVVF.US,D,20241029,000000,0.415,0.45,0.4014,0.45,60188,0
MMVVF.US,D,20241030,000000,0.452,0.452,0.42,0.4393,33660,0
MMVVF.US,D,20241031,000000,0.421,0.4393,0.401,0.421,470715,0
MMVVF.US,D,20241101,000000,0.337,0.3594,0.3231,0.34,165001,0
MMVVF.US,D,20241104,000000,0.356,0.36,0.332982,0.3358,37573,0
MMVVF.US,D,20241105,000000,0.3358,0.3479,0.335,0.3405,29855,0
MMVVF.US,D,20241106,000000,0.3426,0.36,0.34,0.3511,87435,0
MMVVF.US,D,20241107,000000,0.3477,0.3673,0.3477,0.3673,17932,0
MMVVF.US,D,20241108,000000,0.3601,0.38,0.3601,0.37029,32603,0
MMVVF.US,D,20241111,000000,0.39,0.42,0.38,0.39,4197941,0
MMVVF.US,D,20241112,000000,0.4239,0.4499,0.403,0.426,9626317,0
MMVVF.US,D,20241113,000000,0.3846,0.386,0.3513,0.3521,956860,0
MMVVF.US,D,20241114,000000,0.34,0.398,0.32,0.3728,476882,0
MMVVF.US,D,20241115,000000,0.3498,0.385,0.3305,0.36,207173,0
MMVVF.US,D,20241118,000000,0.3492,0.41,0.325,0.3834,173388,0
MMVVF.US,D,20241119,000000,0.3819,0.3833,0.36,0.3714,121738,0
MMVVF.US,D,20241120,000000,0.355,0.38,0.34,0.3533,87306,0
MMVVF.US,D,20241121,000000,0.36,0.38,0.3501,0.3701,196234,0
MMVVF.US,D,20241122,000000,0.359,0.4292,0.34,0.41,114909,0
MMVVF.US,D,20241125,000000,0.3862,0.4,0.33,0.3952,130205,0
MMVVF.US,D,20241126,000000,0.3833,0.4769,0.3833,0.4742,449540,0
MMVVF.US,D,20241127,000000,0.46,0.4818,0.435,0.4702,105358,0
MMVVF.US,D,20241129,000000,0.44,0.46,0.44,0.453,18764,0
MMVVF.US,D,20241202,000000,0.44,0.4653,0.4049,0.43,1660406,0
MMVVF.US,D,20241203,000000,0.39,0.4045,0.3567,0.3681,1100323,0
MMVVF.US,D,20241204,000000,0.378,0.4,0.337,0.4,236522,0
MMVVF.US,D,20241205,000000,0.388,0.3983,0.3705,0.373,73895,0
MMVVF.US,D,20241206,000000,0.37,0.38,0.35,0.38,59160,0
MMVVF.US,D,20241209,000000,0.3505,0.487,0.3505,0.4366,582283,0
MMVVF.US,D,20241210,000000,0.4235,0.58,0.4235,0.4628,970240,0
MMVVF.US,D,20241211,000000,0.4588,0.55,0.437201,0.539,429214,0
MMVVF.US,D,20241212,000000,0.54,0.57,0.51,0.5468,126622,0
MMVVF.US,D,20241213,000000,0.5406,0.58,0.520001,0.55,221056,0
MMVVF.US,D,20241216,000000,0.5384,0.55,0.4408,0.5,246218,0
MMVVF.US,D,20241217,000000,0.485,0.5999,0.485,0.5999,409310,0
MMVVF.US,D,20241218,000000,0.6,0.678,0.59,0.6381,446818,0
MMVVF.US,D,20241219,000000,0.638,0.65,0.5985,0.6269,229766,0
MMVVF.US,D,20241220,000000,0.6,0.8,0.5999,0.7769,548116,0
MMVVF.US,D,20241223,000000,0.78,1.16,0.7769,1.03,2887210,0
MMVVF.US,D,20241224,000000,1.05,1.16,1.0301,1.09,392096,0
MMVVF.US,D,20241226,000000,1.1,1.1,0.92,0.97,276238,0
MMVVF.US,D,20241227,000000,1,1.08,0.9409,0.9752,152561,0
MMVVF.US,D,20241230,000000,0.9459,1.06,0.9459,1.06,344607,0
MMVVF.US,D,20241231,000000,1.01,1.07,1.01,1.01,173387,0
MMVVF.US,D,20250102,000000,1.01,1.01,0.9809,1,170550,0
MMVVF.US,D,20250103,000000,1.005,1.065,0.9839,1.055,257213,0
MMVVF.US,D,20250106,000000,1,1.06,0.9104,0.9104,332403,0
MMVVF.US,D,20250107,000000,0.93,1.0088,0.93,0.98,120830,0
MMVVF.US,D,20250108,000000,0.931,0.931,0.4755,0.48,1568644,0
