<TICKER>,<PER>,<DATE>,<TIME>,<OPEN>,<HIGH>,<LOW>,<CLOSE>,<VOL>,<OPENINT>
MOND.US,D,20210325,000000,9.64,9.91,9.51,9.91,3109,0
MOND.US,D,20210329,000000,9.68,9.68,9.68,9.68,148223,0
MOND.US,D,20210330,000000,9.51,9.7,9.51,9.69,1284,0
MOND.US,D,20210331,000000,9.75,9.75,9.75,9.75,10849,0
MOND.US,D,20210401,000000,9.66,9.66,9.66,9.66,251337,0
MOND.US,D,20210405,000000,9.65,9.65,9.65,9.65,1005,0
MOND.US,D,20210406,000000,9.7,9.75,9.7,9.75,35019,0
MOND.US,D,20210407,000000,9.8,9.87,9.8,9.85,26220,0
MOND.US,D,20210408,000000,9.8062,9.81,9.8,9.8,3949,0
MOND.US,D,20210409,000000,9.84,9.86,9.8,9.8,17991,0
MOND.US,D,20210412,000000,9.71,9.85,9.71,9.85,12813,0
MOND.US,D,20210413,000000,9.81,9.85,9.76,9.85,13466,0
MOND.US,D,20210414,000000,9.82,9.85,9.8,9.85,45867,0
MOND.US,D,20210415,000000,9.8,9.85,9.8,9.85,33150,0
MOND.US,D,20210416,000000,10,10,9.86,9.86,251,0
MOND.US,D,20210419,000000,9.85,9.86,9.77,9.83,2621,0
MOND.US,D,20210420,000000,9.72,9.85,9.65,9.84,119601,0
MOND.US,D,20210421,000000,9.8,9.85,9.8,9.85,46925,0
MOND.US,D,20210422,000000,9.84,9.85,9.83,9.85,8027,0
MOND.US,D,20210423,000000,9.85,9.85,9.85,9.85,2072,0
MOND.US,D,20210426,000000,9.85,9.85,9.85,9.85,101624,0
MOND.US,D,20210427,000000,9.7,9.7,9.69,9.69,810,0
MOND.US,D,20210429,000000,9.73,9.99,9.66,9.7,50987,0
MOND.US,D,20210430,000000,9.74,9.75,9.73,9.75,5521,0
MOND.US,D,20210503,000000,9.75,9.75,9.71,9.75,9645,0
MOND.US,D,20210504,000000,9.7,9.74,9.68,9.74,6229,0
MOND.US,D,20210506,000000,9.7,9.7,9.7,9.7,301,0
MOND.US,D,20210507,000000,9.73,9.73,9.67,9.69,13425,0
MOND.US,D,20210511,000000,9.61,9.73,9.61,9.73,1964,0
MOND.US,D,20210512,000000,9.68,9.68,9.68,9.68,212,0
MOND.US,D,20210513,000000,9.76,9.7703,9.72,9.72,6186,0
MOND.US,D,20210514,000000,9.71,9.71,9.71,9.71,211,0
MOND.US,D,20210517,000000,9.69,9.72,9.69,9.72,998,0
MOND.US,D,20210525,000000,9.72,9.72,9.72,9.72,35781,0
MOND.US,D,20210526,000000,9.7902,9.8,9.71,9.71,1000,0
MOND.US,D,20210527,000000,9.69,9.71,9.61,9.61,60880,0
MOND.US,D,20210601,000000,9.66,9.71,9.63,9.71,2534,0
MOND.US,D,20210602,000000,9.7,9.72,9.7,9.72,980,0
MOND.US,D,20210604,000000,9.66,9.66,9.6,9.63,102065,0
MOND.US,D,20210607,000000,9.6,9.64,9.6,9.64,112909,0
MOND.US,D,20210608,000000,9.61,9.65,9.61,9.65,1246,0
MOND.US,D,20210609,000000,9.65,9.66,9.64,9.65,18321,0
MOND.US,D,20210610,000000,9.67,9.68,9.66,9.67,2321,0
MOND.US,D,20210611,000000,9.67,9.7,9.67,9.7,17986,0
MOND.US,D,20210614,000000,9.68,9.7,9.62,9.69,11703,0
MOND.US,D,20210615,000000,9.68,9.7,9.68,9.69,4382,0
MOND.US,D,20210617,000000,9.69,9.7,9.64,9.69,12511,0
MOND.US,D,20210618,000000,9.69,9.69,9.69,9.69,103,0
MOND.US,D,20210622,000000,9.68,9.68,9.68,9.68,292,0
MOND.US,D,20210623,000000,9.68,9.7,9.65,9.7,357002,0
MOND.US,D,20210624,000000,9.65,9.68,9.64,9.68,5817,0
MOND.US,D,20210625,000000,9.68,9.68,9.68,9.68,337,0
MOND.US,D,20210628,000000,9.64,9.7,9.64,9.7,274310,0
MOND.US,D,20210630,000000,9.64,9.73,9.62,9.72,180500,0
MOND.US,D,20210702,000000,9.815,9.815,9.75,9.75,337,0
MOND.US,D,20210706,000000,9.82,9.82,9.66,9.69,2033,0
MOND.US,D,20210708,000000,9.669,9.74,9.66,9.74,6095,0
MOND.US,D,20210709,000000,9.7,9.7,9.65,9.65,224,0
MOND.US,D,20210712,000000,9.7,9.7,9.7,9.7,763,0
MOND.US,D,20210714,000000,9.7,9.7,9.66,9.66,202252,0
MOND.US,D,20210715,000000,9.66,9.7,9.64,9.7,2467,0
MOND.US,D,20210716,000000,9.66,9.68,9.66,9.66,2850,0
MOND.US,D,20210719,000000,9.66,9.7,9.61,9.61,4118,0
MOND.US,D,20210720,000000,9.66,9.68,9.63,9.68,202737,0
MOND.US,D,20210721,000000,9.67,9.84,9.63,9.66,475009,0
MOND.US,D,20210722,000000,9.66,9.83,9.65,9.65,21521,0
MOND.US,D,20210723,000000,9.65,9.66,9.65,9.65,8500,0
MOND.US,D,20210726,000000,9.65,9.71,9.64,9.65,114536,0
MOND.US,D,20210727,000000,9.66,9.685,9.66,9.68,127737,0
MOND.US,D,20210728,000000,9.66,9.69,9.64,9.69,1352,0
MOND.US,D,20210729,000000,9.69,9.69,9.69,9.69,2200,0
MOND.US,D,20210730,000000,9.69,9.86,9.69,9.77,7000,0
MOND.US,D,20210802,000000,9.68,9.73,9.65,9.65,13810,0
MOND.US,D,20210803,000000,9.65,9.77,9.65,9.74,1000,0
MOND.US,D,20210804,000000,9.625,9.7,9.625,9.7,8214,0
MOND.US,D,20210805,000000,9.7,9.89,9.7,9.89,500,0
MOND.US,D,20210806,000000,9.86,9.86,9.86,9.86,152,0
MOND.US,D,20210809,000000,9.82,9.82,9.82,9.82,160,0
MOND.US,D,20210811,000000,9.65,9.7,9.65,9.7,311,0
MOND.US,D,20210817,000000,9.67,9.67,9.67,9.67,350,0
MOND.US,D,20210818,000000,9.65,9.85,9.65,9.85,8856,0
MOND.US,D,20210819,000000,9.79,9.79,9.6,9.6,2604,0
MOND.US,D,20210820,000000,9.64,9.64,9.64,9.64,103,0
MOND.US,D,20210823,000000,9.65,9.65,9.63,9.64,13933,0
MOND.US,D,20210825,000000,9.65,9.65,9.63,9.63,2514,0
MOND.US,D,20210826,000000,9.6489,9.685,9.63,9.685,2902,0
MOND.US,D,20210827,000000,9.63,9.7,9.63,9.69,139190,0
MOND.US,D,20210902,000000,9.65,9.65,9.65,9.65,100019,0
MOND.US,D,20210903,000000,9.65,9.71,9.65,9.71,1102,0
MOND.US,D,20210907,000000,9.65,9.69,9.64,9.69,15141,0
MOND.US,D,20210908,000000,9.6766,9.74,9.65,9.7,2503,0
MOND.US,D,20210910,000000,9.65,9.72,9.6458,9.71,58920,0
MOND.US,D,20210913,000000,9.65,9.72,9.65,9.72,1969,0
MOND.US,D,20210914,000000,9.68,9.72,9.67,9.72,112777,0
MOND.US,D,20210915,000000,9.7,9.83,9.7,9.83,124129,0
MOND.US,D,20210916,000000,9.75,9.75,9.7,9.7,2377,0
MOND.US,D,20210917,000000,9.67,9.9,9.67,9.9,1237,0
MOND.US,D,20210920,000000,9.75,9.75,9.67,9.67,2118,0
MOND.US,D,20210921,000000,9.68,9.73,9.68,9.72,7592,0
MOND.US,D,20210922,000000,9.75,9.75,9.68,9.7,11925,0
MOND.US,D,20210923,000000,9.7,9.74,9.7,9.73,9635,0
MOND.US,D,20210924,000000,9.71,9.71,9.71,9.71,50012,0
MOND.US,D,20210927,000000,9.68,9.78,9.68,9.78,204756,0
MOND.US,D,20210929,000000,9.75,9.75,9.69,9.7,4390,0
MOND.US,D,20210930,000000,9.7,9.7,9.7,9.7,513,0
MOND.US,D,20211001,000000,9.75,9.76,9.74,9.76,53205,0
MOND.US,D,20211004,000000,9.7,9.84,9.7,9.77,35320,0
MOND.US,D,20211005,000000,9.71,9.84,9.7,9.74,23250,0
MOND.US,D,20211006,000000,9.72,9.74,9.7,9.73,68438,0
MOND.US,D,20211007,000000,9.7,9.73,9.69,9.73,33237,0
MOND.US,D,20211008,000000,9.73,9.75,9.73,9.75,14310,0
MOND.US,D,20211013,000000,9.71,9.74,9.7,9.71,23825,0
MOND.US,D,20211015,000000,9.73,9.76,9.7,9.7,69413,0
MOND.US,D,20211020,000000,9.72,9.75,9.72,9.75,19472,0
MOND.US,D,20211021,000000,9.75,9.75,9.75,9.75,579,0
MOND.US,D,20211025,000000,9.76,9.76,9.73,9.74,16745,0
MOND.US,D,20211027,000000,9.72,9.76,9.72,9.76,1877,0
MOND.US,D,20211028,000000,9.7598,9.76,9.73,9.75,3825,0
MOND.US,D,20211101,000000,9.74,9.75,9.74,9.75,2113,0
MOND.US,D,20211103,000000,9.74,9.76,9.74,9.76,4082,0
MOND.US,D,20211104,000000,9.74,9.74,9.74,9.74,779,0
MOND.US,D,20211105,000000,9.76,9.78,9.76,9.78,1010,0
MOND.US,D,20211108,000000,9.74,9.76,9.74,9.76,8996,0
MOND.US,D,20211109,000000,9.76,9.76,9.71,9.71,2885,0
MOND.US,D,20211110,000000,9.72,9.77,9.72,9.75,3447,0
MOND.US,D,20211112,000000,9.74,9.76,9.74,9.76,10585,0
MOND.US,D,20211115,000000,9.8,9.8,9.76,9.76,1650,0
MOND.US,D,20211116,000000,9.76,9.8,9.75,9.8,97911,0
MOND.US,D,20211117,000000,9.73,9.78,9.73,9.78,50962,0
MOND.US,D,20211118,000000,9.75,9.78,9.75,9.78,4860,0
MOND.US,D,20211119,000000,9.78,9.79,9.77,9.77,1912,0
MOND.US,D,20211122,000000,9.73,9.73,9.73,9.73,602,0
MOND.US,D,20211123,000000,9.76,9.76,9.76,9.76,479,0
MOND.US,D,20211124,000000,9.765,9.765,9.765,9.765,388,0
MOND.US,D,20211126,000000,9.76,9.76,9.76,9.76,911,0
MOND.US,D,20211129,000000,9.77,9.77,9.75,9.77,1399,0
MOND.US,D,20211130,000000,9.75,9.76,9.75,9.76,4216,0
MOND.US,D,20211201,000000,9.75,9.75,9.75,9.75,178,0
MOND.US,D,20211202,000000,9.75,9.75,9.75,9.75,4674,0
MOND.US,D,20211203,000000,9.74,9.76,9.74,9.75,7157,0
MOND.US,D,20211206,000000,9.77,9.77,9.74,9.74,10603,0
MOND.US,D,20211209,000000,9.765,9.78,9.74,9.75,52305,0
MOND.US,D,20211210,000000,9.75,9.75,9.74,9.7476,7680,0
MOND.US,D,20211214,000000,9.75,9.75,9.74,9.74,4046,0
MOND.US,D,20211215,000000,9.74,9.75,9.73,9.75,3409,0
MOND.US,D,20211216,000000,9.74,9.775,9.74,9.775,59009,0
MOND.US,D,20211217,000000,9.735,9.77,9.735,9.77,58735,0
MOND.US,D,20211220,000000,9.82,9.825,9.78,9.8,626402,0
MOND.US,D,20211221,000000,9.8,9.83,9.77,9.77,336543,0
MOND.US,D,20211222,000000,9.81,9.85,9.79,9.8,182736,0
MOND.US,D,20211223,000000,9.8499,9.8499,9.8,9.805,7440,0
MOND.US,D,20211227,000000,9.78,9.78,9.78,9.78,493,0
MOND.US,D,20211228,000000,9.78,9.83,9.78,9.83,145283,0
MOND.US,D,20211229,000000,9.8116,9.8116,9.8116,9.8116,1203,0
MOND.US,D,20211230,000000,9.81,9.81,9.78,9.79,73415,0
MOND.US,D,20211231,000000,9.78,9.82,9.78,9.82,5160,0
MOND.US,D,20220103,000000,9.7906,9.82,9.78,9.78,125405,0
MOND.US,D,20220104,000000,9.8,9.82,9.78,9.79,29842,0
MOND.US,D,20220105,000000,9.79,9.8,9.79,9.8,15829,0
MOND.US,D,20220106,000000,9.8,9.8,9.8,9.8,528,0
MOND.US,D,20220107,000000,9.81,9.81,9.79,9.79,1640,0
MOND.US,D,20220110,000000,9.79,9.81,9.79,9.8,9288,0
MOND.US,D,20220111,000000,9.8,9.815,9.8,9.81,2055,0
MOND.US,D,20220112,000000,9.83,9.83,9.83,9.83,221,0
MOND.US,D,20220113,000000,9.8,9.81,9.79,9.7901,35168,0
MOND.US,D,20220114,000000,9.8,9.8,9.78,9.78,151539,0
MOND.US,D,20220118,000000,9.78,9.8,9.77,9.8,122475,0
MOND.US,D,20220119,000000,9.8029,9.8029,9.8,9.8,2211,0
MOND.US,D,20220120,000000,9.8,9.81,9.8,9.8,23677,0
MOND.US,D,20220121,000000,9.8,9.8,9.76,9.77,70448,0
MOND.US,D,20220124,000000,9.77,9.81,9.77,9.81,6384,0
MOND.US,D,20220125,000000,9.795,9.81,9.795,9.81,379,0
MOND.US,D,20220126,000000,9.8,9.8,9.8,9.8,200,0
MOND.US,D,20220127,000000,9.75,9.81,9.75,9.81,312929,0
MOND.US,D,20220128,000000,9.79,9.8,9.77,9.77,19288,0
MOND.US,D,20220131,000000,9.77,9.82,9.77,9.79,327960,0
MOND.US,D,20220201,000000,9.8,9.81,9.7901,9.7901,26282,0
MOND.US,D,20220202,000000,9.83,9.84,9.815,9.83,50215,0
MOND.US,D,20220203,000000,9.84,9.84,9.83,9.84,861004,0
MOND.US,D,20220204,000000,9.86,9.86,9.83,9.835,66203,0
MOND.US,D,20220207,000000,9.84,9.84,9.83,9.83,16512,0
MOND.US,D,20220208,000000,9.845,9.85,9.83,9.85,134738,0
MOND.US,D,20220209,000000,9.85,9.85,9.83,9.83,79923,0
MOND.US,D,20220210,000000,9.85,9.86,9.84,9.86,73701,0
MOND.US,D,20220211,000000,9.85,9.86,9.82,9.8516,924,0
MOND.US,D,20220214,000000,9.85,9.86,9.85,9.86,51519,0
MOND.US,D,20220215,000000,9.81,9.865,9.79,9.865,525992,0
MOND.US,D,20220216,000000,9.79,9.86,9.79,9.86,1384,0
MOND.US,D,20220217,000000,9.86,9.87,9.86,9.87,509,0
MOND.US,D,20220218,000000,9.87,9.87,9.8267,9.8267,5159,0
MOND.US,D,20220222,000000,9.87,9.87,9.86,9.86,1088,0
MOND.US,D,20220223,000000,9.83,9.87,9.83,9.86,19037,0
MOND.US,D,20220224,000000,9.83,9.8379,9.82,9.82,26300,0
MOND.US,D,20220225,000000,9.8281,9.87,9.82,9.86,10874,0
MOND.US,D,20220228,000000,9.8208,9.86,9.82,9.85,15273,0
MOND.US,D,20220301,000000,9.83,9.83,9.8,9.8,26659,0
MOND.US,D,20220302,000000,9.835,9.835,9.83,9.83,4533,0
MOND.US,D,20220303,000000,9.83,9.84,9.83,9.84,24940,0
MOND.US,D,20220304,000000,9.84,9.84,9.83,9.83,6658,0
MOND.US,D,20220307,000000,9.83,9.89,9.8201,9.89,518064,0
MOND.US,D,20220314,000000,9.83,9.89,9.83,9.87,179057,0
MOND.US,D,20220315,000000,9.85,9.85,9.83,9.85,29654,0
MOND.US,D,20220317,000000,9.84,9.84,9.84,9.84,7933,0
MOND.US,D,20220318,000000,9.84,9.84,9.84,9.84,3161,0
MOND.US,D,20220321,000000,9.84,9.89,9.84,9.89,390,0
MOND.US,D,20220322,000000,9.87,9.87,9.87,9.87,616,0
MOND.US,D,20220323,000000,9.89,9.89,9.89,9.89,203,0
MOND.US,D,20220324,000000,9.86,9.89,9.86,9.89,36790,0
MOND.US,D,20220325,000000,9.87,9.89,9.86,9.89,1693,0
MOND.US,D,20220328,000000,9.8641,9.87,9.8641,9.87,1742,0
MOND.US,D,20220329,000000,9.86,9.86,9.86,9.86,100,0
MOND.US,D,20220330,000000,9.88,9.88,9.88,9.88,33755,0
MOND.US,D,20220331,000000,9.9,9.9,9.87,9.87,10402,0
MOND.US,D,20220401,000000,9.84,9.88,9.84,9.88,9842,0
MOND.US,D,20220405,000000,9.85,9.86,9.84,9.84,44876,0
MOND.US,D,20220406,000000,9.85,9.85,9.84,9.845,25517,0
MOND.US,D,20220407,000000,9.87,9.87,9.84,9.84,427,0
MOND.US,D,20220408,000000,9.84,9.865,9.84,9.848,60114,0
MOND.US,D,20220412,000000,9.84,9.85,9.84,9.85,2435,0
MOND.US,D,20220413,000000,9.8469,9.88,9.84,9.84,6736,0
MOND.US,D,20220414,000000,9.84,9.87,9.84,9.87,17335,0
MOND.US,D,20220418,000000,9.865,9.865,9.84,9.84,66581,0
MOND.US,D,20220419,000000,9.87,9.87,9.81,9.84,6553,0
MOND.US,D,20220420,000000,10.3,10.3,9.85,9.855,16549,0
MOND.US,D,20220421,000000,9.85,9.865,9.84,9.84,28656,0
MOND.US,D,20220422,000000,9.83,9.875,9.655,9.84,45630,0
MOND.US,D,20220425,000000,9.89,9.89,9.89,9.89,745,0
MOND.US,D,20220426,000000,9.92,9.92,9.85,9.85,11260,0
MOND.US,D,20220427,000000,9.85,9.85,9.85,9.85,382,0
MOND.US,D,20220428,000000,9.85,9.85,9.85,9.85,2759,0
MOND.US,D,20220429,000000,9.85,9.87,9.85,9.85,3064,0
MOND.US,D,20220502,000000,9.8789,9.8789,9.85,9.8519,66713,0
MOND.US,D,20220503,000000,9.85,9.87,9.84,9.85,24125,0
MOND.US,D,20220504,000000,9.85,9.865,9.84,9.84,5196,0
MOND.US,D,20220505,000000,9.84,9.84,9.84,9.84,2094,0
MOND.US,D,20220506,000000,9.84,9.84,9.83,9.83,26821,0
MOND.US,D,20220509,000000,9.84,9.84,9.84,9.84,18568,0
MOND.US,D,20220510,000000,9.82,9.87,9.82,9.86,54220,0
MOND.US,D,20220511,000000,9.82,9.82,9.81,9.81,1503,0
MOND.US,D,20220512,000000,9.82,9.84,9.8,9.81,42819,0
MOND.US,D,20220516,000000,9.8,9.81,9.8,9.81,9280,0
MOND.US,D,20220517,000000,9.818,9.818,9.8,9.81,15112,0
MOND.US,D,20220518,000000,9.8,9.81,9.8,9.8071,2492,0
MOND.US,D,20220519,000000,9.8,9.82,9.79,9.8038,115874,0
MOND.US,D,20220520,000000,9.8,9.81,9.8,9.8,463060,0
MOND.US,D,20220524,000000,9.82,9.82,9.82,9.82,303,0
MOND.US,D,20220525,000000,9.8,9.8001,9.8,9.8001,410,0
MOND.US,D,20220526,000000,9.8,9.8199,9.8,9.81,3235,0
MOND.US,D,20220527,000000,9.819,9.84,9.819,9.84,14552,0
MOND.US,D,20220531,000000,9.84,9.85,9.81,9.83,16721,0
MOND.US,D,20220601,000000,9.83,9.84,9.83,9.8371,1685,0
MOND.US,D,20220602,000000,9.85,9.87,9.85,9.86,17092,0
MOND.US,D,20220603,000000,9.87,9.91,9.85,9.85,10726,0
MOND.US,D,20220606,000000,9.83,9.83,9.82,9.82,2409,0
MOND.US,D,20220607,000000,9.85,9.85,9.81,9.815,168254,0
MOND.US,D,20220608,000000,9.84,9.84,9.84,9.84,164,0
MOND.US,D,20220609,000000,9.8236,9.83,9.82,9.83,6165,0
MOND.US,D,20220610,000000,9.84,9.84,9.84,9.84,2101,0
MOND.US,D,20220613,000000,9.84,9.84,9.825,9.84,20557,0
MOND.US,D,20220614,000000,9.83,9.835,9.8,9.83,325321,0
MOND.US,D,20220615,000000,9.85,9.85,9.835,9.84,5442,0
MOND.US,D,20220616,000000,9.82,9.85,9.82,9.85,6124,0
MOND.US,D,20220617,000000,9.8201,9.85,9.82,9.8211,11853,0
MOND.US,D,20220621,000000,9.82,9.83,9.82,9.82,49646,0
MOND.US,D,20220623,000000,9.8581,9.865,9.845,9.845,31242,0
MOND.US,D,20220627,000000,9.86,9.86,9.86,9.86,39635,0
MOND.US,D,20220628,000000,9.9,9.94,9.9,9.93,622607,0
MOND.US,D,20220629,000000,9.94,9.95,9.93,9.94,403557,0
MOND.US,D,20220630,000000,9.95,9.96,9.93,9.96,363503,0
MOND.US,D,20220701,000000,9.94,9.96,9.94,9.95,172182,0
MOND.US,D,20220705,000000,9.95,9.96,9.94,9.96,147351,0
MOND.US,D,20220706,000000,9.94,9.954,9.94,9.95,42280,0
MOND.US,D,20220707,000000,9.95,9.96,9.95,9.95,165357,0
MOND.US,D,20220708,000000,9.96,9.98,9.955,9.98,122002,0
MOND.US,D,20220711,000000,9.96,9.98,9.96,9.98,578285,0
MOND.US,D,20220712,000000,9.65,9.65,9.1085,9.4142,24011,0
MOND.US,D,20220713,000000,9.48,10.06,9.39,10.058,120756,0
MOND.US,D,20220714,000000,9.925,9.9599,9.77,9.95,29665,0
MOND.US,D,20220715,000000,9.96,15.87,9.96,13.99,732373,0
MOND.US,D,20220718,000000,16.52,16.98,9.5,10.13,1559480,0
MOND.US,D,20220719,000000,11.05,11.69,9,9.185,340513,0
MOND.US,D,20220720,000000,9,9,7.5001,7.99,176035,0
MOND.US,D,20220721,000000,8.3,11.48,8,8.17,807734,0
MOND.US,D,20220722,000000,8.11,8.11,6.8,7.62,441240,0
MOND.US,D,20220725,000000,7.44,8,7.1901,7.49,133828,0
MOND.US,D,20220726,000000,7.41,7.9846,6.86,7.78,585940,0
MOND.US,D,20220727,000000,7.6,7.7555,7.0701,7.35,377642,0
MOND.US,D,20220728,000000,7.38,8.9,7.2501,8.64,135558,0
MOND.US,D,20220729,000000,8.65,9.99,8.61,9.33,155925,0
MOND.US,D,20220801,000000,9.14,9.4243,8.41,8.61,82794,0
MOND.US,D,20220802,000000,8.8,8.9999,8.2,8.45,23882,0
MOND.US,D,20220803,000000,9.1,9.1,7.76,8.25,47441,0
MOND.US,D,20220804,000000,7.8838,8.37,7.2601,7.8,169794,0
MOND.US,D,20220805,000000,7.6,8.24,7.53,7.87,55535,0
MOND.US,D,20220808,000000,7.88,8.39,7.88,8.1,53373,0
MOND.US,D,20220809,000000,7.99,8.48,7.99,8.21,13123,0
MOND.US,D,20220810,000000,8.475,8.9096,8.3336,8.43,25677,0
MOND.US,D,20220811,000000,8.252,8.675,8.1,8.1,17555,0
MOND.US,D,20220812,000000,8.2,8.91,8.102,8.87,34253,0
MOND.US,D,20220815,000000,8.95,10.49,8.95,10.25,93843,0
MOND.US,D,20220816,000000,10.33,11.4,9.79,10.96,53346,0
MOND.US,D,20220817,000000,10.75,11,10.05,10.8,28211,0
MOND.US,D,20220818,000000,10.81,11.4,10.02,11.11,43956,0
MOND.US,D,20220819,000000,10.96,11.3999,10.555,11.36,50139,0
MOND.US,D,20220822,000000,11.14,12,10.48,11.9895,45525,0
MOND.US,D,20220823,000000,12.52,12.95,12.47,12.95,43033,0
MOND.US,D,20220824,000000,12.64,13,11.765,12.99,39153,0
MOND.US,D,20220825,000000,13,13.25,12.42,12.9,34487,0
MOND.US,D,20220826,000000,12.81,12.99,12.32,12.65,15797,0
MOND.US,D,20220829,000000,13.2,13.2,12,12.76,28610,0
MOND.US,D,20220830,000000,12.57,12.93,12.57,12.57,18515,0
MOND.US,D,20220831,000000,12.58,12.985,11.955,12.69,25374,0
MOND.US,D,20220901,000000,12.51,12.52,11.0601,12.1,215596,0
MOND.US,D,20220902,000000,12.55,12.55,11.75,12.34,40219,0
MOND.US,D,20220906,000000,12.13,12.5,11.505,11.72,41529,0
MOND.US,D,20220907,000000,12.37,12.49,11.86,12.22,19301,0
MOND.US,D,20220908,000000,11.895,12.45,11.292,12.4499,16410,0
MOND.US,D,20220909,000000,12.36,13.3,12.001,13.07,14066,0
MOND.US,D,20220912,000000,12.55,13.26,12.37,12.76,24849,0
MOND.US,D,20220913,000000,13.3,13.3,12.1,12.86,28206,0
MOND.US,D,20220914,000000,13.14,13.79,12.002,13.79,51555,0
MOND.US,D,20220915,000000,13.5,14.15,11.71,12,97407,0
MOND.US,D,20220916,000000,11.72,11.95,10.49,10.6,48570,0
MOND.US,D,20220919,000000,11.33,12,10.54,11,31278,0
MOND.US,D,20220920,000000,11,11.62,11,11.14,9820,0
MOND.US,D,20220921,000000,11.06,11.5,10.47,10.47,5237,0
MOND.US,D,20220922,000000,10.71,11.5,10.45,10.71,20849,0
MOND.US,D,20220923,000000,11,11.05,10.5523,10.79,3556,0
MOND.US,D,20220926,000000,10.27,10.8975,9.84,10.04,39574,0
MOND.US,D,20220927,000000,10.53,10.53,8.61,8.82,63310,0
MOND.US,D,20220928,000000,9,10.85,8.9,9.12,27342,0
MOND.US,D,20220929,000000,8.79,10.0499,8.51,9.13,14156,0
MOND.US,D,20220930,000000,9.38,9.9041,7.81,7.81,37417,0
MOND.US,D,20221003,000000,7.9,9.05,7.9,8.47,16551,0
MOND.US,D,20221004,000000,8.15,8.25,7.25,7.44,123168,0
MOND.US,D,20221005,000000,7.35,8.1,7.35,7.8576,27180,0
MOND.US,D,20221006,000000,8.13,8.8,7.75,7.89,27607,0
MOND.US,D,20221007,000000,7.8501,8.25,7.8501,8.25,10032,0
MOND.US,D,20221010,000000,7.93,8.42,7.5,8.4,102592,0
MOND.US,D,20221011,000000,8.2856,8.49,8.1,8.16,2495,0
MOND.US,D,20221012,000000,8.4474,9.54,8.0975,8.75,47072,0
MOND.US,D,20221013,000000,8.53,8.73,7.4,7.66,145088,0
MOND.US,D,20221014,000000,7.61,8.28,6.74,8.05,72512,0
MOND.US,D,20221017,000000,7.5909,8.65,7.59,8.2,35115,0
MOND.US,D,20221018,000000,8.2,8.46,7.58,7.58,6458,0
MOND.US,D,20221019,000000,7.99,8.1,7.65,8.0423,6539,0
MOND.US,D,20221020,000000,8.03,8.0575,7.6,7.6,12197,0
MOND.US,D,20221021,000000,8.0044,8.0218,7.39,7.39,10220,0
MOND.US,D,20221024,000000,7.8,7.805,7.15,7.36,17224,0
MOND.US,D,20221025,000000,7.44,8.06,7.44,8.05,22937,0
MOND.US,D,20221026,000000,7.81,8.275,7.81,8.1003,18664,0
MOND.US,D,20221027,000000,8,8.2,7.78,8.151,5341,0
MOND.US,D,20221028,000000,7.8,8.11,7.8,7.97,3525,0
MOND.US,D,20221031,000000,7.91,9.76,7.76,9.76,37723,0
MOND.US,D,20221101,000000,8.95,9.44,8.6,9.4103,12091,0
MOND.US,D,20221102,000000,8.9542,9.715,8.51,8.75,19141,0
MOND.US,D,20221103,000000,9.05,9.8,8.4,9.51,26701,0
MOND.US,D,20221104,000000,9.01,9.675,8.77,8.87,22013,0
MOND.US,D,20221107,000000,8.85,10.1,8.59,10.03,16933,0
MOND.US,D,20221108,000000,9.97,10.1,9.5001,9.87,20650,0
MOND.US,D,20221109,000000,9.62,10.3291,9.22,10.01,249211,0
MOND.US,D,20221110,000000,9.99,10.39,9.46,9.7,56081,0
MOND.US,D,20221111,000000,10,10,9.18,9.9,16417,0
MOND.US,D,20221114,000000,9.5,9.9,9.5,9.5624,12525,0
MOND.US,D,20221115,000000,9.4,9.7499,9.08,9.405,9932,0
MOND.US,D,20221116,000000,9.49,9.5,9.16,9.25,4407,0
MOND.US,D,20221117,000000,9.05,9.2,8.97,8.9863,34397,0
MOND.US,D,20221118,000000,9,9.2,8.89,9.18,13781,0
MOND.US,D,20221121,000000,8.95,9.3,8.88,9,9809,0
MOND.US,D,20221122,000000,8.85,9,8.507,8.71,10849,0
MOND.US,D,20221123,000000,8.4,8.7,8.37,8.5999,31845,0
MOND.US,D,20221125,000000,8.5485,8.5485,7.95,8,4481,0
MOND.US,D,20221128,000000,8.25,8.25,8,8.15,13971,0
MOND.US,D,20221129,000000,8.01,8.45,7.7,7.9999,108399,0
MOND.US,D,20221130,000000,7.8,8,7.6,7.705,31306,0
MOND.US,D,20221201,000000,7.8616,8,7.5,7.6,10798,0
MOND.US,D,20221202,000000,7.89,7.95,7.65,7.78,9666,0
MOND.US,D,20221205,000000,7.68,7.87,7.24,7.6,19456,0
MOND.US,D,20221206,000000,7.85,7.91,7.271,7.8801,19750,0
MOND.US,D,20221207,000000,7.605,8.5,7.605,8.4106,36774,0
MOND.US,D,20221208,000000,8.34,8.35,7.94,8.12,9613,0
MOND.US,D,20221209,000000,8.3,8.35,8.01,8.02,9465,0
MOND.US,D,20221212,000000,8.2,9.5,8.125,8.62,45169,0
MOND.US,D,20221213,000000,9.48,9.48,7.68,8.73,11043,0
MOND.US,D,20221214,000000,9.5,9.5,8.75,9.15,50381,0
MOND.US,D,20221215,000000,9.49,10.585,9.19,10.585,33072,0
MOND.US,D,20221216,000000,10.19,12.37,9.6001,12.25,229158,0
MOND.US,D,20221219,000000,12,12,10.05,11.3,57622,0
MOND.US,D,20221220,000000,11.31,11.63,11.06,11.375,53953,0
MOND.US,D,20221221,000000,11,11.81,11,11.772,38084,0
MOND.US,D,20221222,000000,11.5343,11.86,10.27,11.8,30518,0
MOND.US,D,20221223,000000,11.5,11.75,11.11,11.75,23640,0
MOND.US,D,20221227,000000,11.33,11.5,10.22,10.22,48113,0
MOND.US,D,20221228,000000,10.5,10.8725,9.95,9.95,26388,0
MOND.US,D,20221229,000000,11.26,11.26,10.3,10.4,6076,0
MOND.US,D,20221230,000000,10.8851,10.8851,9.96,10.8806,14523,0
MOND.US,D,20230103,000000,10.31,10.6,9.9,10.18,13845,0
MOND.US,D,20230104,000000,10.25,10.475,9.86,10.06,14847,0
MOND.US,D,20230105,000000,10.18,10.62,9.995,9.995,5806,0
MOND.US,D,20230106,000000,10.13,10.55,9.64,9.67,15904,0
MOND.US,D,20230109,000000,10,10.5,9.67,10.12,9846,0
MOND.US,D,20230110,000000,9.6703,10.2,9.6703,10.1,5977,0
MOND.US,D,20230111,000000,9.7995,9.85,9.7965,9.8165,1445,0
MOND.US,D,20230112,000000,9.9,10,9.67,9.89,5522,0
MOND.US,D,20230113,000000,9.8724,9.9,9.19,9.9,20792,0
MOND.US,D,20230117,000000,9.45,9.45,8.75,8.8,6390,0
MOND.US,D,20230118,000000,9,10.0081,8.75,9.24,23645,0
MOND.US,D,20230119,000000,9.1,10.14,8.78,9.7272,43859,0
MOND.US,D,20230120,000000,10,10,9.22,9.22,35295,0
MOND.US,D,20230123,000000,9.25,10.17,8.7106,9.4427,65436,0
MOND.US,D,20230124,000000,9.1999,9.77,9.1999,9.77,27941,0
MOND.US,D,20230125,000000,9.65,9.7283,9.27,9.41,8005,0
MOND.US,D,20230126,000000,9.22,9.69,9.22,9.42,6409,0
MOND.US,D,20230127,000000,9.73,10.75,9.6,10.41,83077,0
MOND.US,D,20230130,000000,10.4,10.75,9.57,10.69,23987,0
MOND.US,D,20230131,000000,10.6331,11.15,10.342,10.9,44327,0
MOND.US,D,20230201,000000,10.46,11,10.46,10.73,26146,0
MOND.US,D,20230202,000000,10.4687,10.9979,10.2407,10.65,19746,0
MOND.US,D,20230203,000000,10.3325,11,9.9201,11,18623,0
MOND.US,D,20230206,000000,10.63,11.25,10.556,11.1,41875,0
MOND.US,D,20230207,000000,11.2399,11.25,10.83,11.25,22585,0
MOND.US,D,20230208,000000,11.25,11.9,11.2,11.9,35862,0
MOND.US,D,20230209,000000,11.51,11.65,11.2,11.6,19113,0
MOND.US,D,20230210,000000,11.8,11.8,11.29,11.58,13912,0
MOND.US,D,20230213,000000,11.3,12.9257,11.3,12.73,32518,0
MOND.US,D,20230214,000000,12.16,12.452,11.8,11.91,27525,0
MOND.US,D,20230215,000000,10.83,12.49,9.23,11.89,14644,0
MOND.US,D,20230216,000000,12.1949,12.47,11.71,12.15,22308,0
MOND.US,D,20230217,000000,12.04,12.325,11.9,12.27,7076,0
MOND.US,D,20230221,000000,11.75,11.75,11.31,11.7,16116,0
MOND.US,D,20230222,000000,11.6394,12,11.6,11.6,26641,0
MOND.US,D,20230223,000000,11.74,12.492,11.5,11.65,19405,0
MOND.US,D,20230224,000000,12.005,12.4,11.57,12.03,27248,0
MOND.US,D,20230227,000000,12.6,12.6,11.07,11.65,26797,0
MOND.US,D,20230228,000000,11.95,11.98,10.7085,11,54969,0
MOND.US,D,20230301,000000,11.33,11.75,10.7,11.24,21496,0
MOND.US,D,20230302,000000,10.5206,11.33,10.52,10.9,14446,0
MOND.US,D,20230303,000000,10.99,11.324,10.8,10.97,11307,0
MOND.US,D,20230306,000000,10.85,11.2,10.4,10.6,16098,0
MOND.US,D,20230307,000000,10.7,10.835,10.49,10.79,7775,0
MOND.US,D,20230308,000000,10.56,11.19,10.15,10.33,27054,0
MOND.US,D,20230309,000000,10.6,11.23,9.75,9.75,33845,0
MOND.US,D,20230310,000000,9.75,10.86,9.75,10.86,17081,0
MOND.US,D,20230313,000000,11.23,11.52,10.3,11.17,28317,0
MOND.US,D,20230314,000000,11.25,12.1,11.25,11.76,26453,0
MOND.US,D,20230315,000000,11.7,12.53,11.62,12.2,41482,0
MOND.US,D,20230316,000000,12.07,14.25,12.07,13.64,48963,0
MOND.US,D,20230317,000000,13.39,13.98,12.86,13.45,22460,0
MOND.US,D,20230320,000000,13.28,13.28,12.01,12.6,18867,0
MOND.US,D,20230321,000000,12.8,13.4,12.2601,12.53,12521,0
MOND.US,D,20230322,000000,12.35,13.2,12.35,13,5376,0
MOND.US,D,20230323,000000,13.55,14.2269,12.2,12.51,45192,0
MOND.US,D,20230324,000000,11.99,13.06,11.99,12.96,21357,0
MOND.US,D,20230327,000000,12.96,13.23,12.64,13.23,9522,0
MOND.US,D,20230328,000000,13,13,12.7,13,3441,0
MOND.US,D,20230329,000000,12.6,12.99,12.6,12.99,2558,0
MOND.US,D,20230330,000000,12.97,13.3301,11.01,11.01,40629,0
MOND.US,D,20230331,000000,11.4,11.85,11.05,11.16,21471,0
MOND.US,D,20230403,000000,11.01,11.94,11.01,11.89,13708,0
MOND.US,D,20230404,000000,11.91,12,11.62,11.85,7944,0
MOND.US,D,20230405,000000,12,12.15,11.7,11.7,19791,0
MOND.US,D,20230406,000000,11.95,12.15,11.5,12,18085,0
MOND.US,D,20230410,000000,11.95,11.95,11.4001,11.41,21125,0
MOND.US,D,20230411,000000,11.72,11.72,11.09,11.25,6728,0
MOND.US,D,20230412,000000,11.1,11.85,10.51,10.66,110731,0
MOND.US,D,20230413,000000,10.9,11,10.1,10.2399,25027,0
MOND.US,D,20230414,000000,10.355,10.5,10.2,10.21,54510,0
MOND.US,D,20230417,000000,10.23,10.24,9.89,9.89,43497,0
MOND.US,D,20230418,000000,9.95,10.7,9.9,10.7,31644,0
MOND.US,D,20230419,000000,10.205,10.33,10.1,10.2,24366,0
MOND.US,D,20230420,000000,10.25,10.7,10.09,10.48,52698,0
MOND.US,D,20230421,000000,10.25,10.4,10.05,10.05,28125,0
MOND.US,D,20230424,000000,10.11,10.11,9.435,9.69,19257,0
MOND.US,D,20230425,000000,9.81,9.96,9.3,9.59,44951,0
MOND.US,D,20230426,000000,9.55,10.28,9.5001,10.11,52432,0
MOND.US,D,20230427,000000,10.09,10.72,9.98,10.24,59059,0
MOND.US,D,20230428,000000,10.14,10.8,10.14,10.35,53416,0
MOND.US,D,20230501,000000,10.1,10.1,9,9.19,32111,0
MOND.US,D,20230502,000000,9.24,9.7,9,9.58,39474,0
MOND.US,D,20230503,000000,9.87,9.87,9.33,9.33,8279,0
MOND.US,D,20230504,000000,9.22,9.4,9,9.15,47336,0
MOND.US,D,20230505,000000,9,9.5,9,9.35,23846,0
MOND.US,D,20230508,000000,9.5,9.75,9.5,9.74,15977,0
MOND.US,D,20230509,000000,9.9,9.9,9.4,9.74,10021,0
MOND.US,D,20230510,000000,9.98,9.98,9.41,9.75,46160,0
MOND.US,D,20230511,000000,9.55,9.7,9.43,9.43,9642,0
MOND.US,D,20230512,000000,9.62,9.8,9.27,9.8,86959,0
MOND.US,D,20230515,000000,9.85,10.09,9.3758,9.85,28179,0
MOND.US,D,20230516,000000,9.85,9.97,9.51,9.51,17705,0
MOND.US,D,20230517,000000,9.53,10,9.5,9.6,12510,0
MOND.US,D,20230518,000000,9.79,9.99,9.5,9.59,42489,0
MOND.US,D,20230519,000000,9.63,9.96,9.085,9.79,51460,0
MOND.US,D,20230522,000000,10.65,11.9899,10.2701,11.79,221029,0
MOND.US,D,20230523,000000,11.44,11.8,11.02,11.57,128546,0
MOND.US,D,20230524,000000,11.71,12,11.25,11.79,103127,0
MOND.US,D,20230525,000000,11.55,12.24,11.55,11.97,86007,0
MOND.US,D,20230526,000000,12,12.4205,11.65,11.7,75442,0
MOND.US,D,20230530,000000,11.81,12.35,11.47,11.58,73729,0
MOND.US,D,20230531,000000,11.35,11.6,11.19,11.6,46250,0
MOND.US,D,20230601,000000,11.6,12.39,11.13,12,177866,0
MOND.US,D,20230602,000000,11.99,12.2,11.835,12.2,163270,0
MOND.US,D,20230605,000000,12.2,13.2,12.06,12.7,231571,0
MOND.US,D,20230606,000000,12.7,12.7,12.21,12.7,80755,0
MOND.US,D,20230607,000000,9.28,9.6,9.01,9.26,4157582,0
MOND.US,D,20230608,000000,9.03,9.45,9.01,9.25,639525,0
MOND.US,D,20230609,000000,9.03,9.37,8.81,9.14,449221,0
MOND.US,D,20230612,000000,9,9.16,8.44,9.06,337312,0
MOND.US,D,20230613,000000,8.92,9.39,8.65,8.81,528150,0
MOND.US,D,20230614,000000,8.81,8.97,8.64,8.88,216522,0
MOND.US,D,20230615,000000,8.75,9.3,8.75,9.16,280881,0
MOND.US,D,20230616,000000,9.18,9.28,8.5,8.5,355519,0
MOND.US,D,20230620,000000,8.5,9.01,8.5,8.73,252847,0
MOND.US,D,20230621,000000,8.74,9.22,8.61,9.1,257963,0
MOND.US,D,20230622,000000,9.19,9.37,8.72,9.24,308662,0
MOND.US,D,20230623,000000,9.17,9.18,8.5,8.85,5814386,0
MOND.US,D,20230626,000000,8.9,9.11,8.55,9.01,635235,0
MOND.US,D,20230627,000000,9.2,9.29,8.77,8.87,244022,0
MOND.US,D,20230628,000000,8.92,9.25,8.762,9.16,180593,0
MOND.US,D,20230629,000000,9.1,9.39,8.9622,9.21,344012,0
MOND.US,D,20230630,000000,9.16,9.3,8.86,8.91,170333,0
MOND.US,D,20230703,000000,8.88,9.11,8.84,8.98,88456,0
MOND.US,D,20230705,000000,9.0984,9.0984,8.51,8.56,148720,0
MOND.US,D,20230706,000000,8.55,8.55,8,8.24,116265,0
MOND.US,D,20230707,000000,8.11,8.37,8.11,8.26,64807,0
MOND.US,D,20230710,000000,8.24,8.55,8.2,8.54,103826,0
MOND.US,D,20230711,000000,8.48,8.66,8.13,8.2,145447,0
MOND.US,D,20230712,000000,8.35,8.39,7.27,7.3,317719,0
MOND.US,D,20230713,000000,7.41,7.45,6.98,7.2,217317,0
MOND.US,D,20230714,000000,7.2,7.2,6.47,6.98,405424,0
MOND.US,D,20230717,000000,6.98,7.32,6.82,6.85,246071,0
MOND.US,D,20230718,000000,6.77,6.82,6.41,6.56,265755,0
MOND.US,D,20230719,000000,6.66,6.96,6.41,6.71,386261,0
MOND.US,D,20230720,000000,6.77,7.15,6.57,6.9,132081,0
MOND.US,D,20230721,000000,7.24,7.41,7.0015,7.31,160224,0
MOND.US,D,20230724,000000,7.62,7.96,7.37,7.75,236737,0
MOND.US,D,20230725,000000,7.75,8.02,7.56,7.95,127366,0
MOND.US,D,20230726,000000,7.93,8.48,7.9,8.45,160423,0
MOND.US,D,20230727,000000,8.5,8.86,8.3615,8.52,162876,0
MOND.US,D,20230728,000000,8.57,8.7999,8.28,8.37,95554,0
MOND.US,D,20230731,000000,8.49,8.78,8.25,8.56,106367,0
MOND.US,D,20230801,000000,8.61,8.63,8.0109,8.32,90662,0
MOND.US,D,20230802,000000,8.32,8.365,7.9,7.94,138834,0
MOND.US,D,20230803,000000,7.94,7.97,7.62,7.69,95755,0
MOND.US,D,20230804,000000,7.69,7.81,7.24,7.34,66741,0
MOND.US,D,20230807,000000,7.39,7.41,6.97,7.32,121595,0
MOND.US,D,20230808,000000,7.26,7.32,7.18,7.24,63203,0
MOND.US,D,20230809,000000,7.24,7.55,7.23,7.36,139203,0
MOND.US,D,20230810,000000,7.33,7.33,6.84,7.01,133912,0
MOND.US,D,20230811,000000,7.11,7.24,6.78,6.96,96742,0
MOND.US,D,20230814,000000,6.96,7.04,6.5,6.87,209749,0
MOND.US,D,20230815,000000,6.5,6.77,5.99,6.08,339432,0
MOND.US,D,20230816,000000,6.12,6.23,5.82,5.98,210847,0
MOND.US,D,20230817,000000,6.14,6.2,5.77,6.07,205442,0
MOND.US,D,20230818,000000,6.28,6.8999,6.25,6.52,249422,0
MOND.US,D,20230821,000000,6.76,6.9,6.68,6.74,87010,0
MOND.US,D,20230822,000000,6.73,6.74,6.3,6.52,92455,0
MOND.US,D,20230823,000000,6.53,6.53,6.23,6.43,128074,0
MOND.US,D,20230824,000000,6.45,6.51,6.2409,6.3,112719,0
MOND.US,D,20230825,000000,6.3,6.32,6.115,6.22,68403,0
MOND.US,D,20230828,000000,6.33,6.5,5.9939,6.48,139905,0
MOND.US,D,20230829,000000,6.46,6.94,6.46,6.82,210439,0
MOND.US,D,20230830,000000,6.8,6.94,6.71,6.75,128406,0
MOND.US,D,20230831,000000,6.75,6.79,6.46,6.47,66120,0
MOND.US,D,20230901,000000,6.43,6.71,6.43,6.6,67896,0
MOND.US,D,20230905,000000,6.62,6.78,6.56,6.66,212006,0
MOND.US,D,20230906,000000,6.66,6.91,6.55,6.62,135328,0
MOND.US,D,20230907,000000,6.4,6.54,6.01,6.06,170923,0
MOND.US,D,20230908,000000,6.04,6.53,6.04,6.31,131369,0
MOND.US,D,20230911,000000,6.32,6.7,6.2475,6.42,219596,0
MOND.US,D,20230912,000000,6.4,6.67,6.4,6.62,206132,0
MOND.US,D,20230913,000000,6.54,6.68,6.33,6.36,236917,0
MOND.US,D,20230914,000000,6.36,6.655,6.36,6.62,185273,0
MOND.US,D,20230915,000000,6.59,7.15,6.54,7.12,2269611,0
MOND.US,D,20230918,000000,7.08,7.15,6.6912,6.775,251193,0
MOND.US,D,20230919,000000,6.68,6.74,6.36,6.4,148069,0
MOND.US,D,20230920,000000,6.34,6.45,4.9,5.03,563477,0
MOND.US,D,20230921,000000,4.89,4.89,3.41,3.48,1242242,0
MOND.US,D,20230922,000000,3.64,4.55,3.6,4.38,3056010,0
MOND.US,D,20230925,000000,4.38,4.7,3.5,3.57,1417072,0
MOND.US,D,20230926,000000,3.49,3.65,3.49,3.54,628370,0
MOND.US,D,20230927,000000,3.6,3.78,3.12,3.23,1021814,0
MOND.US,D,20230928,000000,3.31,3.67,2.98,3.48,905026,0
MOND.US,D,20230929,000000,3.49,3.705,3.36,3.57,471861,0
MOND.US,D,20231002,000000,3.56,4.18,3.56,3.87,590682,0
MOND.US,D,20231003,000000,3.76,4.2,3.74,4.18,490463,0
MOND.US,D,20231004,000000,4.1,4.48,4.06,4.35,378704,0
MOND.US,D,20231005,000000,4.31,4.405,4.15,4.28,375105,0
MOND.US,D,20231006,000000,4.21,4.41,4.131,4.31,397501,0
MOND.US,D,20231009,000000,4.27,4.57,4.07,4.41,329785,0
MOND.US,D,20231010,000000,4.37,4.59,4.19,4.53,335032,0
MOND.US,D,20231011,000000,4.63,4.73,4.46,4.53,296850,0
MOND.US,D,20231012,000000,4.73,4.79,4.5501,4.58,373638,0
MOND.US,D,20231013,000000,4.58,4.6599,4.49,4.52,179530,0
MOND.US,D,20231016,000000,4.52,5.055,4.52,4.95,276583,0
MOND.US,D,20231017,000000,5.02,5.28,5,5.2,407136,0
MOND.US,D,20231018,000000,5.12,5.2579,4.81,4.89,285267,0
MOND.US,D,20231019,000000,4.77,4.92,4.49,4.53,400716,0
MOND.US,D,20231020,000000,4.49,4.65,4.291,4.37,227590,0
MOND.US,D,20231023,000000,4.31,4.46,4.25,4.37,207619,0
MOND.US,D,20231024,000000,4.49,4.685,4.32,4.39,228166,0
MOND.US,D,20231025,000000,4.34,4.48,4.2618,4.38,164115,0
MOND.US,D,20231026,000000,4.39,4.43,4.31,4.4,200628,0
MOND.US,D,20231027,000000,4.4,4.4125,3.985,4.05,240962,0
MOND.US,D,20231030,000000,4.09,4.1796,4,4.07,168647,0
MOND.US,D,20231031,000000,4.1,4.1525,3.66,3.69,259339,0
MOND.US,D,20231101,000000,3.73,3.73,3.36,3.45,398967,0
MOND.US,D,20231102,000000,3.55,3.58,3.35,3.41,417187,0
MOND.US,D,20231103,000000,3.52,3.68,3.49,3.59,370100,0
MOND.US,D,20231106,000000,3.55,3.89,3.55,3.68,160356,0
MOND.US,D,20231107,000000,3.63,3.84,3.55,3.58,191038,0
MOND.US,D,20231108,000000,3.54,3.615,3.39,3.44,153001,0
MOND.US,D,20231109,000000,3.42,3.655,3.23,3.24,181736,0
MOND.US,D,20231110,000000,3.23,3.38,3.05,3.16,384215,0
MOND.US,D,20231113,000000,3.2,3.465,3.19,3.38,282230,0
MOND.US,D,20231114,000000,3.04,3.89,3.04,3.805,281805,0
MOND.US,D,20231115,000000,3.79,4.17,3.79,4.045,204708,0
MOND.US,D,20231116,000000,3.98,4.13,3.54,3.57,247812,0
MOND.US,D,20231117,000000,3.6,3.6,2.855,3.15,626764,0
MOND.US,D,20231120,000000,3.17,3.17,3.0001,3.02,307529,0
MOND.US,D,20231121,000000,3.05,3.05,2.83,2.87,282814,0
MOND.US,D,20231122,000000,2.97,2.97,2.84,2.87,148541,0
MOND.US,D,20231124,000000,2.85,3.24,2.85,3.1,171791,0
MOND.US,D,20231127,000000,3.12,3.37,2.96,2.97,180674,0
MOND.US,D,20231128,000000,3,3,2.73,2.75,378189,0
MOND.US,D,20231129,000000,2.72,2.87,2.67,2.78,339800,0
MOND.US,D,20231130,000000,2.83,2.86,2.5,2.64,719420,0
MOND.US,D,20231201,000000,2.57,3.04,2.57,2.94,421816,0
MOND.US,D,20231204,000000,2.91,3.23,2.82,3.12,395764,0
MOND.US,D,20231205,000000,3.09,3.235,3,3.03,218071,0
MOND.US,D,20231206,000000,3.02,3.13,2.9,3.05,236051,0
MOND.US,D,20231207,000000,3.1,3.175,3.01,3.1,138704,0
MOND.US,D,20231208,000000,3.17,3.25,3.07,3.17,209356,0
MOND.US,D,20231211,000000,3.14,3.185,2.989,3.08,237243,0
MOND.US,D,20231212,000000,3.02,3.06,2.88,2.98,178641,0
MOND.US,D,20231213,000000,2.98,3.06,2.8,3.05,168971,0
MOND.US,D,20231214,000000,3.12,3.19,2.99,3,254755,0
MOND.US,D,20231215,000000,3.03,3.14,2.83,2.92,526215,0
MOND.US,D,20231218,000000,2.93,2.97,2.82,2.84,189380,0
MOND.US,D,20231219,000000,2.82,2.96,2.81,2.86,156632,0
MOND.US,D,20231220,000000,2.81,2.92,2.69,2.71,373084,0
MOND.US,D,20231221,000000,2.79,2.79,2.6233,2.67,193852,0
MOND.US,D,20231222,000000,2.72,2.79,2.72,2.78,171351,0
MOND.US,D,20231226,000000,2.87,2.94,2.78,2.93,310325,0
MOND.US,D,20231227,000000,3.02,3.07,2.97,3.04,335114,0
MOND.US,D,20231228,000000,3.05,3.06,2.86,2.89,300326,0
MOND.US,D,20231229,000000,2.87,2.96,2.64,2.76,390587,0
MOND.US,D,20240102,000000,2.75,2.81,2.56,2.61,171931,0
MOND.US,D,20240103,000000,2.65,2.65,2.4,2.415,205759,0
MOND.US,D,20240104,000000,2.5,2.5,2.18,2.27,325473,0
MOND.US,D,20240105,000000,2.23,2.2643,2.04,2.195,186483,0
MOND.US,D,20240108,000000,2.12,2.17,2.12,2.135,137830,0
MOND.US,D,20240109,000000,2.05,2.18,1.92,2.14,330813,0
MOND.US,D,20240110,000000,2.1,2.29,2.05,2.24,208456,0
MOND.US,D,20240111,000000,2.17,2.24,2.07,2.17,169177,0
MOND.US,D,20240112,000000,2.16,2.25,2.06,2.2,138781,0
MOND.US,D,20240116,000000,2.12,2.22,2.06,2.14,312782,0
MOND.US,D,20240117,000000,2.08,2.19,2.03,2.11,399332,0
MOND.US,D,20240118,000000,2.08,2.17,2.05,2.15,262702,0
MOND.US,D,20240119,000000,2.17,2.3,2.06,2.29,159026,0
MOND.US,D,20240122,000000,2.28,2.68,2.28,2.65,159887,0
MOND.US,D,20240123,000000,2.74,2.74,2.57,2.59,120376,0
MOND.US,D,20240124,000000,2.66,2.66,2.445,2.47,101033,0
MOND.US,D,20240125,000000,2.58,2.6,2.465,2.52,109808,0
MOND.US,D,20240126,000000,2.58,2.58,2.44,2.47,53024,0
MOND.US,D,20240129,000000,2.46,2.51,2.45,2.5,65052,0
MOND.US,D,20240130,000000,2.47,2.71,2.44,2.57,278936,0
MOND.US,D,20240131,000000,2.6,2.63,2.3,2.335,258486,0
MOND.US,D,20240201,000000,2.32,2.387,2.3,2.3,66245,0
MOND.US,D,20240202,000000,2.25,2.25,2.19,2.22,292500,0
MOND.US,D,20240205,000000,2.16,2.16,1.94,2,408121,0
MOND.US,D,20240206,000000,2,2.11,2,2.07,116164,0
MOND.US,D,20240207,000000,2.11,2.249,2.04,2.1,110576,0
MOND.US,D,20240208,000000,2.07,2.24,2.07,2.21,164641,0
MOND.US,D,20240209,000000,2.25,2.3492,2.161,2.28,218593,0
MOND.US,D,20240212,000000,2.31,2.52,2.31,2.43,193949,0
MOND.US,D,20240213,000000,2.25,2.4,2.165,2.21,143035,0
MOND.US,D,20240214,000000,2.26,2.275,2.1,2.24,97310,0
MOND.US,D,20240215,000000,2.3,2.445,2.1691,2.38,137192,0
MOND.US,D,20240216,000000,2.37,2.44,2.31,2.35,155265,0
MOND.US,D,20240220,000000,2.27,2.33,2.19,2.19,88201,0
MOND.US,D,20240221,000000,2.19,2.28,2.17,2.21,66800,0
MOND.US,D,20240222,000000,2.13,2.26,2.13,2.23,86235,0
MOND.US,D,20240223,000000,2.25,2.31,2.1,2.29,128713,0
MOND.US,D,20240226,000000,2.29,2.36,2.165,2.25,202651,0
MOND.US,D,20240227,000000,2.2,2.29,2.15,2.22,170017,0
MOND.US,D,20240228,000000,2.16,2.279,2.13,2.21,102377,0
MOND.US,D,20240229,000000,2.25,2.3,2.23,2.25,96526,0
MOND.US,D,20240301,000000,2.23,2.375,2.18,2.33,69301,0
MOND.US,D,20240304,000000,2.35,2.51,2.28,2.31,161247,0
MOND.US,D,20240305,000000,2.26,2.325,2.26,2.31,51115,0
MOND.US,D,20240306,000000,2.33,2.36,2.26,2.35,46857,0
MOND.US,D,20240307,000000,2.39,2.5,2.35,2.39,99530,0
MOND.US,D,20240308,000000,2.4,2.5199,2.4,2.46,72154,0
MOND.US,D,20240311,000000,2.49,2.58,2.45,2.47,143848,0
MOND.US,D,20240312,000000,2.48,2.48,2.34,2.35,54858,0
MOND.US,D,20240313,000000,2.41,2.53,2.3,2.51,113032,0
MOND.US,D,20240314,000000,2.8,2.8,2.0801,2.29,380397,0
MOND.US,D,20240315,000000,2.18,2.26,2.18,2.21,272384,0
MOND.US,D,20240318,000000,2.19,2.34,2.08,2.24,196774,0
MOND.US,D,20240319,000000,2.24,2.33,2.2,2.3,147542,0
MOND.US,D,20240320,000000,2.26,2.51,2.2313,2.35,175429,0
MOND.US,D,20240321,000000,2.39,2.44,2.29,2.34,305967,0
MOND.US,D,20240322,000000,2.3,2.36,2.13,2.25,69733,0
MOND.US,D,20240325,000000,2.26,2.2844,2.15,2.23,99933,0
MOND.US,D,20240326,000000,2.25,2.325,2.18,2.21,162010,0
MOND.US,D,20240327,000000,2.24,2.32,2.19,2.26,129921,0
MOND.US,D,20240328,000000,2.26,2.39,2.18,2.31,152592,0
MOND.US,D,20240401,000000,2.34,2.37,2.2,2.27,168560,0
MOND.US,D,20240402,000000,2.24,2.27,2.18,2.23,75415,0
MOND.US,D,20240403,000000,2.21,2.21,2.16,2.17,127468,0
MOND.US,D,20240404,000000,2.15,2.21,2,2.04,109206,0
MOND.US,D,20240405,000000,2.09,2.13,2.0301,2.09,70479,0
MOND.US,D,20240408,000000,2.1,2.3,2.1,2.28,127077,0
MOND.US,D,20240409,000000,2.25,2.46,2.25,2.41,83167,0
MOND.US,D,20240410,000000,2.25,2.395,2.2,2.28,108608,0
MOND.US,D,20240411,000000,2.3,2.34,2.28,2.34,49418,0
MOND.US,D,20240412,000000,2.26,2.33,2.23,2.3,32764,0
MOND.US,D,20240415,000000,2.28,2.3599,2.05,2.09,176270,0
MOND.US,D,20240416,000000,2.13,2.37,2.1,2.28,120529,0
MOND.US,D,20240417,000000,2.34,2.34,2.17,2.2,109366,0
MOND.US,D,20240418,000000,2.2,2.24,2.03,2.09,135085,0
MOND.US,D,20240419,000000,2.08,2.19,2.05,2.19,79699,0
MOND.US,D,20240422,000000,2.21,2.38,2.15,2.26,184921,0
MOND.US,D,20240423,000000,2.26,2.31,2.03,2.15,161387,0
MOND.US,D,20240424,000000,2.11,2.33,2.11,2.21,175958,0
MOND.US,D,20240425,000000,2.18,2.24,2.13,2.14,76060,0
MOND.US,D,20240426,000000,2.17,2.34,2.13,2.19,85551,0
MOND.US,D,20240429,000000,2.18,2.3,2.17,2.21,64356,0
MOND.US,D,20240430,000000,2.18,2.3,2.18,2.19,45448,0
MOND.US,D,20240501,000000,2.24,2.3,2.2,2.25,47638,0
MOND.US,D,20240502,000000,2.29,2.49,2.29,2.43,85090,0
MOND.US,D,20240503,000000,2.52,2.55,2.4,2.42,59769,0
MOND.US,D,20240506,000000,2.45,2.52,2.44,2.47,34627,0
MOND.US,D,20240507,000000,2.5,2.63,2.5,2.55,62763,0
MOND.US,D,20240508,000000,2.52,2.5599,2.29,2.34,32405,0
MOND.US,D,20240509,000000,2.35,2.39,2.17,2.29,68178,0
MOND.US,D,20240510,000000,2.22,2.2999,2.13,2.21,58196,0
MOND.US,D,20240513,000000,2.25,2.2943,2.12,2.18,161538,0
MOND.US,D,20240514,000000,2.27,2.27,2.13,2.19,98606,0
MOND.US,D,20240515,000000,2.21,2.38,2.175,2.29,75845,0
MOND.US,D,20240516,000000,2.29,2.3799,2.27,2.32,51696,0
MOND.US,D,20240517,000000,2.33,2.34,2.23,2.28,101163,0
MOND.US,D,20240520,000000,2.28,2.35,2.24,2.35,40387,0
MOND.US,D,20240521,000000,2.31,2.335,2.25,2.33,34223,0
MOND.US,D,20240522,000000,2.3,2.31,2.16,2.26,84117,0
MOND.US,D,20240523,000000,2.26,2.3,2.1,2.15,96067,0
MOND.US,D,20240524,000000,2.18,2.3,2.1301,2.3,171931,0
MOND.US,D,20240528,000000,2.29,2.36,2.1,2.36,330075,0
MOND.US,D,20240529,000000,2.22,2.4,2.13,2.32,205036,0
MOND.US,D,20240530,000000,2.35,2.35,2.17,2.23,99272,0
MOND.US,D,20240531,000000,2.26,2.28,2.13,2.16,101574,0
MOND.US,D,20240603,000000,2.2,2.29,2.11,2.26,181113,0
MOND.US,D,20240604,000000,2.28,2.36,2.15,2.35,147976,0
MOND.US,D,20240605,000000,2.33,2.35,2.18,2.26,151380,0
MOND.US,D,20240606,000000,2.24,2.24,2.14,2.16,80905,0
MOND.US,D,20240607,000000,2.14,2.2,2.06,2.08,52563,0
MOND.US,D,20240610,000000,2.08,2.09,2.01,2.04,72899,0
MOND.US,D,20240611,000000,2.01,2.07,2,2.04,35904,0
MOND.US,D,20240612,000000,2.05,2.14,2.05,2.09,94902,0
MOND.US,D,20240613,000000,2.1,2.11,2,2.05,74408,0
MOND.US,D,20240614,000000,2.05,2.12,2.04,2.11,83679,0
MOND.US,D,20240617,000000,2.08,2.1,2.02,2.1,66423,0
MOND.US,D,20240618,000000,2.08,2.105,2.04,2.1,77757,0
MOND.US,D,20240620,000000,2.1,2.18,2.075,2.14,57868,0
MOND.US,D,20240621,000000,2.1,2.18,2.1,2.18,184612,0
MOND.US,D,20240624,000000,2.19,2.24,2.13,2.17,32048,0
MOND.US,D,20240625,000000,2.14,2.22,2.13,2.19,56615,0
MOND.US,D,20240626,000000,2.18,2.19,2.13,2.17,67589,0
MOND.US,D,20240627,000000,2.19,2.22,2.1,2.22,82275,0
MOND.US,D,20240628,000000,2.22,2.4,2.12,2.4,664233,0
MOND.US,D,20240701,000000,2.37,2.43,2.315,2.4,179876,0
MOND.US,D,20240702,000000,2.4,2.4,2.33,2.36,109619,0
MOND.US,D,20240703,000000,2.39,2.39,2.19,2.22,16388,0
MOND.US,D,20240705,000000,2.21,2.24,2.14,2.21,52841,0
MOND.US,D,20240708,000000,2.23,2.28,2.1457,2.26,55145,0
MOND.US,D,20240709,000000,2.23,2.24,2.18,2.2,24712,0
MOND.US,D,20240710,000000,2.2,2.34,2.18,2.34,100155,0
MOND.US,D,20240711,000000,2.35,2.47,2.31,2.42,166533,0
MOND.US,D,20240712,000000,2.47,2.55,2.4,2.52,138315,0
MOND.US,D,20240715,000000,2.55,2.69,2.52,2.65,142103,0
MOND.US,D,20240716,000000,2.6,2.82,2.525,2.81,217136,0
MOND.US,D,20240717,000000,2.74,2.81,2.7301,2.8,95190,0
MOND.US,D,20240718,000000,2.76,2.78,2.61,2.65,62421,0
MOND.US,D,20240719,000000,2.66,2.73,2.65,2.72,44733,0
MOND.US,D,20240722,000000,2.71,2.8,2.61,2.78,152784,0
MOND.US,D,20240723,000000,2.78,2.8,2.74,2.79,106283,0
MOND.US,D,20240724,000000,2.76,2.79,2.53,2.77,56369,0
MOND.US,D,20240725,000000,2.79,2.8,2.69,2.76,145101,0
MOND.US,D,20240726,000000,2.79,2.8,2.735,2.8,127217,0
MOND.US,D,20240729,000000,2.81,3.09,2.79,2.97,126079,0
MOND.US,D,20240730,000000,3,3.16,2.89,3.13,186761,0
MOND.US,D,20240731,000000,3.15,3.17,2.99,2.99,147766,0
MOND.US,D,20240801,000000,2.99,2.99,2.64,2.71,126724,0
MOND.US,D,20240802,000000,2.56,2.64,2.36,2.39,83631,0
MOND.US,D,20240805,000000,2.16,2.31,2.12,2.26,116812,0
MOND.US,D,20240806,000000,2.25,2.37,2.235,2.275,61914,0
MOND.US,D,20240807,000000,2.33,2.4786,2.15,2.2,88511,0
MOND.US,D,20240808,000000,2.25,2.335,2.205,2.32,48289,0
MOND.US,D,20240809,000000,2.26,2.28,2.21,2.27,37643,0
MOND.US,D,20240812,000000,2.24,2.289,2.12,2.15,83100,0
MOND.US,D,20240813,000000,2.14,2.255,2.12,2.14,75974,0
MOND.US,D,20240814,000000,2.03,2.11,1.92,1.94,125758,0
MOND.US,D,20240815,000000,2.04,2.16,2.03,2.1,125015,0
MOND.US,D,20240816,000000,2.09,2.12,1.97,1.99,72748,0
MOND.US,D,20240819,000000,1.99,2.1284,1.98,2.1,63131,0
MOND.US,D,20240820,000000,2.07,2.14,1.97,2.02,72787,0
MOND.US,D,20240821,000000,2.03,2.03,1.97,1.97,35228,0
MOND.US,D,20240822,000000,1.97,1.99,1.9,1.9,73368,0
MOND.US,D,20240823,000000,1.96,1.97,1.87,1.9,124146,0
MOND.US,D,20240826,000000,1.95,2.05,1.85,1.86,200769,0
MOND.US,D,20240827,000000,1.91,1.91,1.77,1.8,46971,0
MOND.US,D,20240828,000000,1.79,1.83,1.76,1.82,46455,0
MOND.US,D,20240829,000000,1.88,1.91,1.83,1.9,91294,0
MOND.US,D,20240830,000000,1.95,2.07,1.91,2,96371,0
MOND.US,D,20240903,000000,1.96,1.96,1.76,1.785,136444,0
MOND.US,D,20240904,000000,1.77,1.83,1.77,1.82,50800,0
MOND.US,D,20240905,000000,1.85,1.8799,1.76,1.77,31091,0
MOND.US,D,20240906,000000,1.76,1.7999,1.76,1.76,45384,0
MOND.US,D,20240909,000000,1.8,1.8,1.36,1.685,257391,0
MOND.US,D,20240910,000000,1.66,1.78,1.57,1.78,97659,0
MOND.US,D,20240911,000000,1.74,1.75,1.5801,1.6,78258,0
MOND.US,D,20240912,000000,1.63,1.69,1.4602,1.655,91753,0
MOND.US,D,20240913,000000,1.72,1.725,1.585,1.72,87154,0
MOND.US,D,20240916,000000,1.72,1.72,1.55,1.66,124915,0
MOND.US,D,20240917,000000,1.68,1.68,1.49,1.52,222345,0
MOND.US,D,20240918,000000,1.57,1.61,1.54,1.56,150162,0
MOND.US,D,20240919,000000,1.65,1.65,1.51,1.6,205241,0
MOND.US,D,20240920,000000,1.57,1.6,1.4,1.46,936144,0
MOND.US,D,20240923,000000,1.42,1.5,1.405,1.48,89559,0
MOND.US,D,20240924,000000,1.47,1.49,1.44,1.45,43749,0
MOND.US,D,20240925,000000,1.45,1.45,1.4,1.42,49013,0
MOND.US,D,20240926,000000,1.48,1.48,1.4,1.41,38581,0
MOND.US,D,20240927,000000,1.41,1.4286,1.39,1.4,109356,0
MOND.US,D,20240930,000000,1.38,1.39,1.35,1.39,105496,0
MOND.US,D,20241001,000000,1.36,1.39,1.27,1.27,54500,0
MOND.US,D,20241002,000000,1.29,1.3,1.21,1.26,105017,0
MOND.US,D,20241003,000000,1.25,1.3,1.25,1.28,235098,0
MOND.US,D,20241004,000000,1.31,1.31,1.195,1.24,85702,0
MOND.US,D,20241007,000000,1.24,1.25,1.19,1.21,50789,0
MOND.US,D,20241008,000000,1.19,1.27,1.18,1.24,82372,0
MOND.US,D,20241009,000000,1.23,1.25,1.185,1.21,50798,0
MOND.US,D,20241010,000000,1.19,1.23,1.16,1.17,53458,0
MOND.US,D,20241011,000000,1.18,1.225,1.13,1.15,78884,0
MOND.US,D,20241014,000000,1.16,1.16,1.1,1.15,92266,0
MOND.US,D,20241015,000000,1.165,1.208,1.13,1.15,141860,0
MOND.US,D,20241016,000000,1.18,1.4,1.15,1.37,229738,0
MOND.US,D,20241017,000000,1.39,1.39,1.325,1.33,63747,0
MOND.US,D,20241018,000000,1.34,1.35,1.28,1.3,79530,0
MOND.US,D,20241021,000000,1.3505,1.37,1.28,1.3,68956,0
MOND.US,D,20241022,000000,1.3,1.33,1.25,1.26,138885,0
MOND.US,D,20241023,000000,1.24,1.26,1.21,1.26,71793,0
MOND.US,D,20241024,000000,1.26,1.291,1.2,1.22,51156,0
MOND.US,D,20241025,000000,1.23,1.23,1.1901,1.2,35492,0
MOND.US,D,20241028,000000,1.21,1.3,1.21,1.3,63739,0
MOND.US,D,20241029,000000,1.3,1.3,1.26,1.28,41475,0
MOND.US,D,20241030,000000,1.28,1.32,1.26,1.3,34639,0
MOND.US,D,20241031,000000,1.28,1.31,1.25,1.27,55334,0
MOND.US,D,20241101,000000,1.28,1.28,1.24,1.26,33986,0
MOND.US,D,20241104,000000,1.22,1.26,1.2006,1.26,55639,0
MOND.US,D,20241105,000000,1.28,1.35,1.265,1.32,162962,0
MOND.US,D,20241106,000000,1.35,1.58,1.32,1.43,272942,0
MOND.US,D,20241107,000000,1.43,1.48,1.35,1.36,133227,0
MOND.US,D,20241108,000000,1.45,1.45,1.37,1.45,51446,0
MOND.US,D,20241111,000000,1.45,1.54,1.44,1.46,261960,0
MOND.US,D,20241112,000000,1.46,1.52,1.41,1.46,111973,0
MOND.US,D,20241113,000000,1.5,1.5,1.3,1.31,220767,0
MOND.US,D,20241114,000000,1.31,1.31,1.18,1.195,62693,0
MOND.US,D,20241115,000000,1.21,1.21,1.12,1.15,150845,0
MOND.US,D,20241118,000000,1.39,1.4,0.8164,0.87,490239,0
MOND.US,D,20241119,000000,0.869,0.988199,0.6804,0.8874,314336,0
MOND.US,D,20241120,000000,0.8617,1.01,0.84475,0.9627,357607,0
MOND.US,D,20241121,000000,0.9649,1.02,0.9301,0.9826,124351,0
MOND.US,D,20241122,000000,1.01,1.02,0.9169,0.9945,78609,0
MOND.US,D,20241125,000000,0.9945,1.09,0.988,1.02,87238,0
MOND.US,D,20241126,000000,1.04,1.04,0.922,0.9579,105394,0
MOND.US,D,20241127,000000,0.74,1.14,0.7,0.8832,958942,0
MOND.US,D,20241129,000000,0.906,0.906,0.71,0.7102,297632,0
MOND.US,D,20241202,000000,0.552,0.6,0.362,0.3751,2891449,0
MOND.US,D,20241203,000000,0.3824,0.394399,0.27,0.2951,2550243,0
MOND.US,D,20241204,000000,0.29,0.295,0.181,0.1993,4097407,0
MOND.US,D,20241205,000000,0.1915,0.23,0.1536,0.1565,4585860,0
