<TICKER>,<PER>,<DATE>,<TIME>,<OPEN>,<HIGH>,<LOW>,<CLOSE>,<VOL>,<OPENINT>
MORF.US,D,20190627,000000,18,21,17.53,18,1051289,0
MORF.US,D,20190628,000000,17.89,21,15.72,19.82,233419,0
MORF.US,D,20190701,000000,19.87,24.5,18.57,23.23,119808,0
MORF.US,D,20190702,000000,23.53,25.15,21.79,22.67,222496,0
MORF.US,D,20190703,000000,22.69,24,20.26,22.99,125288,0
MORF.US,D,20190705,000000,22.96,25.19,22.95,23.86,71749,0
MORF.US,D,20190708,000000,23.77,25.19,21.12,21.21,198885,0
MORF.US,D,20190709,000000,20.92,22.9,18.7005,19.98,117763,0
MORF.US,D,20190710,000000,19.8,21.88,18.13,18.65,116094,0
MORF.US,D,20190711,000000,18.65,19.31,17.24,19.27,35243,0
MORF.US,D,20190712,000000,19.41,20.8,18.9693,19.725,34612,0
MORF.US,D,20190715,000000,18.81,21.5,18.81,20.8,104054,0
MORF.US,D,20190716,000000,20.38,21.68,20.1,20.7,31182,0
MORF.US,D,20190717,000000,20.35,21.55,19.3,19.66,70402,0
MORF.US,D,20190718,000000,19.22,20.7622,18.1338,19.22,77389,0
MORF.US,D,20190719,000000,18.97,20.5,18,18.9,70100,0
MORF.US,D,20190722,000000,19.05,20.77,19.05,19.63,83738,0
MORF.US,D,20190723,000000,19.81,20.93,19.81,20.47,72428,0
MORF.US,D,20190724,000000,21.05,21.05,20.07,20.71,37217,0
MORF.US,D,20190725,000000,20.58,21.215,19.13,19.74,96468,0
MORF.US,D,20190726,000000,19.84,20.3413,19,20.25,23656,0
MORF.US,D,20190729,000000,20.2,21,18.6026,20.38,74567,0
MORF.US,D,20190730,000000,20.61,21.77,19.8,21.11,13748,0
MORF.US,D,20190731,000000,20.85,23.3057,20.54,22.58,20465,0
MORF.US,D,20190801,000000,22.18,24.7195,22.18,22.8,21174,0
MORF.US,D,20190802,000000,22.62,24.875,22.62,23.75,67151,0
MORF.US,D,20190805,000000,23.07,24.15,21.9894,22.15,31570,0
MORF.US,D,20190806,000000,22.21,23.8,22.13,23.49,40668,0
MORF.US,D,20190807,000000,23.48,31.41,22.7298,29.05,90427,0
MORF.US,D,20190808,000000,29.1,33.5,25.11,27.19,113954,0
MORF.US,D,20190809,000000,26.78,29.09,25.6778,28.3,98927,0
MORF.US,D,20190812,000000,28.3,28.73,25.55,26.08,31382,0
MORF.US,D,20190813,000000,25.7,26.77,23.1,23.99,77718,0
MORF.US,D,20190814,000000,23.42,23.65,18.51,22.38,143033,0
MORF.US,D,20190815,000000,20.6646,23.38,20.6646,21.1,48214,0
MORF.US,D,20190816,000000,20.92,23,20.5,21.38,77384,0
MORF.US,D,20190819,000000,21.27,22.76,20.9,22.05,49550,0
MORF.US,D,20190820,000000,22.18,23.4,20.1,22.53,60596,0
MORF.US,D,20190821,000000,22.47,24.18,21.82,22.93,49020,0
MORF.US,D,20190822,000000,22.77,23.97,21.03,22.04,77373,0
MORF.US,D,20190823,000000,21.66,22.6233,21.01,21.01,17255,0
MORF.US,D,20190826,000000,20.92,20.92,19.15,20.02,155245,0
MORF.US,D,20190827,000000,20.02,20.2411,18.91,19.62,30779,0
MORF.US,D,20190828,000000,18.98,20.18,18.7,19,33907,0
MORF.US,D,20190829,000000,19.01,20,17.84,18.55,70876,0
MORF.US,D,20190830,000000,19.3766,19.3766,18.13,18.5,16207,0
MORF.US,D,20190903,000000,18.65,19.225,17.59,17.99,90525,0
MORF.US,D,20190904,000000,18.28,19.27,17.55,19.03,68118,0
MORF.US,D,20190905,000000,18.5904,20.95,18.24,20.15,31077,0
MORF.US,D,20190906,000000,19.96,22.377,19.96,21.53,46674,0
MORF.US,D,20190909,000000,21.27,22.76,19.83,20.94,69544,0
MORF.US,D,20190910,000000,21.31,21.31,19.21,20.97,60666,0
MORF.US,D,20190911,000000,20.7,21.45,19.075,20.49,66696,0
MORF.US,D,20190912,000000,20.31,21.34,19.91,20.9,47010,0
MORF.US,D,20190913,000000,20.8,22.44,19.6,21.48,57425,0
MORF.US,D,20190916,000000,21.24,21.24,18.325,19.05,139558,0
MORF.US,D,20190917,000000,18.74,19.575,18.16,18.18,95062,0
MORF.US,D,20190918,000000,17.9,19.45,17,17.58,99381,0
MORF.US,D,20190919,000000,18,18.35,17.33,17.46,46434,0
MORF.US,D,20190920,000000,17.7,19.49,16.82,17.77,779441,0
MORF.US,D,20190923,000000,18.29,21,17.765,20.85,114563,0
MORF.US,D,20190924,000000,20.34,20.7,18.8249,19.59,132128,0
MORF.US,D,20190925,000000,19.26,20.18,18.47,18.73,119491,0
MORF.US,D,20190926,000000,18.44,19.6,18.23,18.7,63739,0
MORF.US,D,20190927,000000,18.5,19.28,17.515,17.9,116768,0
MORF.US,D,20190930,000000,17.81,18.87,17.22,18.11,128213,0
MORF.US,D,20191001,000000,17.82,19,17.31,18.4,74796,0
MORF.US,D,20191002,000000,18.09,18.74,17.25,17.46,72136,0
MORF.US,D,20191003,000000,17.4,17.6,16.53,16.83,30040,0
MORF.US,D,20191004,000000,16.89,17.5,15.5,15.8,56553,0
MORF.US,D,20191007,000000,15.55,16.2701,14.95,15.13,80214,0
MORF.US,D,20191008,000000,14.45,15.49,14.12,14.8,50049,0
MORF.US,D,20191009,000000,14.47,17.32,14.47,15.03,35467,0
MORF.US,D,20191010,000000,14.95,15.0774,14.3,14.68,118685,0
MORF.US,D,20191011,000000,14.77,15.44,13.32,13.63,222694,0
MORF.US,D,20191014,000000,13.48,14.08,12.52,13.02,42684,0
MORF.US,D,20191015,000000,13.62,15.35,12.6,15.12,63965,0
MORF.US,D,20191016,000000,15.17,17.14,13.268,14.94,95532,0
MORF.US,D,20191017,000000,14.9,15.038,14.02,14.43,39784,0
MORF.US,D,20191018,000000,14.01,14.32,13.01,13.31,21569,0
MORF.US,D,20191021,000000,13.31,13.95,13,13.2,32043,0
MORF.US,D,20191022,000000,13.5,13.99,13.01,13.68,38344,0
MORF.US,D,20191023,000000,13.48,13.72,13.13,13.29,21695,0
MORF.US,D,20191024,000000,13.37,14.19,13.07,13.88,37606,0
MORF.US,D,20191025,000000,13.32,14.56,13.11,14.41,29661,0
MORF.US,D,20191028,000000,14.1,15.1957,13.5,14.99,38676,0
MORF.US,D,20191029,000000,14.3,15.25,13.86,14.76,62698,0
MORF.US,D,20191030,000000,14.48,14.99,13.93,14.54,34702,0
MORF.US,D,20191031,000000,14.4,14.79,13.77,14,56060,0
MORF.US,D,20191101,000000,14.14,16.26,13.88,15.33,62975,0
MORF.US,D,20191104,000000,15.35,16,15.0501,15.71,53219,0
MORF.US,D,20191105,000000,15.83,15.83,14.595,15.01,66102,0
MORF.US,D,20191106,000000,12.0301,15.3175,12.0301,14.12,61932,0
MORF.US,D,20191107,000000,14.3602,15.6269,14.2902,15.44,42128,0
MORF.US,D,20191108,000000,15.43,15.55,15,15.07,42778,0
MORF.US,D,20191111,000000,14.62,15.75,14.6,15.37,41184,0
MORF.US,D,20191112,000000,14.85,15.51,14.4,15.02,59124,0
MORF.US,D,20191113,000000,15.4,15.4,14.63,15.01,80519,0
MORF.US,D,20191114,000000,14.9,16.12,14.175,15.93,47663,0
MORF.US,D,20191115,000000,16.04,16.42,15.155,15.29,63240,0
MORF.US,D,20191118,000000,15.48,15.7,15,15.1,72649,0
MORF.US,D,20191119,000000,14.89,17.67,14.89,17.5,69845,0
MORF.US,D,20191120,000000,17.54,19.4848,17.5,19.01,67298,0
MORF.US,D,20191121,000000,18.97,19.4999,18.14,18.44,84439,0
MORF.US,D,20191122,000000,18.34,18.56,16.47,16.78,65065,0
MORF.US,D,20191125,000000,16.79,17.3801,15.66,16,50035,0
MORF.US,D,20191126,000000,15.96,16.67,15.35,15.85,99875,0
MORF.US,D,20191127,000000,15.56,16.49,15.56,16.22,57976,0
MORF.US,D,20191129,000000,16.41,16.6399,15.57,15.88,49381,0
MORF.US,D,20191202,000000,16,16.54,15.04,15.58,64339,0
MORF.US,D,20191203,000000,15.57,15.74,14.75,15.02,54515,0
MORF.US,D,20191204,000000,15.1,15.37,13.97,14.47,58185,0
MORF.US,D,20191205,000000,14.28,15.9,14.28,15.72,47095,0
MORF.US,D,20191206,000000,15.7745,16.69,15.755,16.41,65365,0
MORF.US,D,20191209,000000,16.44,16.68,16.1,16.32,58778,0
MORF.US,D,20191210,000000,16.25,16.64,15.94,16.42,55066,0
MORF.US,D,20191211,000000,16.35,16.65,16,16.39,75978,0
MORF.US,D,20191212,000000,16.21,16.58,14.9289,15.49,81881,0
MORF.US,D,20191213,000000,15.55,15.7,14.72,15.31,42775,0
MORF.US,D,20191216,000000,15.32,15.7,14.21,14.62,62232,0
MORF.US,D,20191217,000000,14.52,15.5,13.89,14,47617,0
MORF.US,D,20191218,000000,14.19,15.2,14.19,14.72,54033,0
MORF.US,D,20191219,000000,14.7,15.16,14.56,15.03,18810,0
MORF.US,D,20191220,000000,15.03,16.5,15.03,16,35541,0
MORF.US,D,20191223,000000,16.16,17.03,15.9663,16.79,40924,0
MORF.US,D,20191224,000000,16.86,19.21,16.86,19.2,25850,0
MORF.US,D,20191226,000000,18.09,20,18.09,19.5,135761,0
MORF.US,D,20191227,000000,19.47,20.03,17.59,18.67,83608,0
MORF.US,D,20191230,000000,18.22,18.72,17.11,17.67,90594,0
MORF.US,D,20191231,000000,17.49,17.82,16.65,17.16,53361,0
MORF.US,D,20200102,000000,17.16,17.16,16.45,17.06,15542,0
MORF.US,D,20200103,000000,16.26,17.23,16.254,16.7,21878,0
MORF.US,D,20200106,000000,16.7,17.75,16.7,16.94,20726,0
MORF.US,D,20200107,000000,16.75,17.13,16.6,17.12,10245,0
MORF.US,D,20200108,000000,16.9,17.71,16.55,17.53,42550,0
MORF.US,D,20200109,000000,17.56,18.24,17.42,18.06,30083,0
MORF.US,D,20200110,000000,18.21,18.63,17.74,18.13,52896,0
MORF.US,D,20200113,000000,17.46,18.7,17.46,18.63,83352,0
MORF.US,D,20200114,000000,18.17,19.56,18.17,19,80688,0
MORF.US,D,20200115,000000,19.09,20.99,19.055,20,71514,0
MORF.US,D,20200116,000000,19.88,20.5,19.8,20.14,72767,0
MORF.US,D,20200117,000000,20.28,20.86,19.07,19.69,71009,0
MORF.US,D,20200121,000000,19.51,20.5,18.51,19.87,73396,0
MORF.US,D,20200122,000000,19.83,20.05,18.96,19.43,78368,0
MORF.US,D,20200123,000000,19.13,19.55,17.9,18.86,63507,0
MORF.US,D,20200124,000000,18.66,19.52,18.54,18.96,65175,0
MORF.US,D,20200127,000000,18.66,20.15,18.15,19.36,138237,0
MORF.US,D,20200128,000000,19.36,22.69,19.35,20.76,148328,0
MORF.US,D,20200129,000000,20.76,21.45,20.57,20.85,162860,0
MORF.US,D,20200130,000000,20.61,21.22,19.9,19.95,124556,0
MORF.US,D,20200131,000000,19.76,20.455,19.09,20.1,100565,0
MORF.US,D,20200203,000000,20.03,20.95,19.27,19.92,98006,0
MORF.US,D,20200204,000000,20.11,20.5055,19.85,20,65960,0
MORF.US,D,20200205,000000,19.99,20.2,19.45,19.84,75927,0
MORF.US,D,20200206,000000,19.76,20.315,19.66,20.15,48280,0
MORF.US,D,20200207,000000,19.85,20.78,17.6211,19.34,1181082,0
MORF.US,D,20200210,000000,19.36,19.9,19.29,19.9,33832,0
MORF.US,D,20200211,000000,19.79,20.12,19.2,19.69,129841,0
MORF.US,D,20200212,000000,17.83,18.485,16.35,17.5,387974,0
MORF.US,D,20200213,000000,17.15,18.3,16.98,17.2,79179,0
MORF.US,D,20200214,000000,17.11,17.595,15.515,15.52,167008,0
MORF.US,D,20200218,000000,15.9,17.5,14.96,15.42,80026,0
MORF.US,D,20200219,000000,15.36,15.86,13.86,13.95,157612,0
MORF.US,D,20200220,000000,14,17.255,14,17.03,244431,0
MORF.US,D,20200221,000000,17.3,17.8366,15.92,16.54,82792,0
MORF.US,D,20200224,000000,14.54,16.59,14.54,15.75,74505,0
MORF.US,D,20200225,000000,15.69,16.54,14.64,15.09,42219,0
MORF.US,D,20200226,000000,15.05,15.88,14.915,15.67,78463,0
MORF.US,D,20200227,000000,15.09,15.84,14.069,15.39,85930,0
MORF.US,D,20200228,000000,15.5,16.23,14.649,15.8,126076,0
MORF.US,D,20200302,000000,15.69,16.21,15.04,15.9,70231,0
MORF.US,D,20200303,000000,15.7,15.99,15.1041,15.64,67454,0
MORF.US,D,20200304,000000,15.82,18.28,15.265,17.95,355247,0
MORF.US,D,20200305,000000,17.51,18.06,15.76,17.78,143434,0
MORF.US,D,20200306,000000,17.13,17.63,16.67,17.18,92826,0
MORF.US,D,20200309,000000,11.7,15.145,11.7,14.97,76772,0
MORF.US,D,20200310,000000,14.33,16.13,14.33,15.41,114336,0
MORF.US,D,20200311,000000,14.93,15.31,14.15,14.41,83431,0
MORF.US,D,20200312,000000,13.62,14.83,11.97,12.16,48260,0
MORF.US,D,20200313,000000,12.63,12.83,11.01,12.77,71433,0
MORF.US,D,20200316,000000,11.44,12.35,10.32,10.84,139334,0
MORF.US,D,20200317,000000,11,13.17,9.9,13,176424,0
MORF.US,D,20200318,000000,11.13,13.57,10.1,12.41,104028,0
MORF.US,D,20200319,000000,12.78,14.47,12.22,13.6,78299,0
MORF.US,D,20200320,000000,14.11,15.25,12.99,13.42,934298,0
MORF.US,D,20200323,000000,13.78,14.49,11.09,12,109633,0
MORF.US,D,20200324,000000,12.73,13.65,12.73,13.3,89616,0
MORF.US,D,20200325,000000,13.22,13.84,12.57,13.04,89754,0
MORF.US,D,20200326,000000,13.13,13.68,12.81,13.48,109604,0
MORF.US,D,20200327,000000,13.01,14.45,12.78,14.01,62523,0
MORF.US,D,20200330,000000,14.12,15.435,13.57,14.62,111337,0
MORF.US,D,20200331,000000,14.37,15.43,13.51,14.68,48620,0
MORF.US,D,20200401,000000,14.38,14.59,13.13,13.61,41757,0
MORF.US,D,20200402,000000,13.27,14.21,12.9,14.21,25009,0
MORF.US,D,20200403,000000,13.9,14.02,12.48,13.61,56506,0
MORF.US,D,20200406,000000,13.92,15.5,13.92,15,46417,0
MORF.US,D,20200407,000000,15.32,15.77,12.62,13.13,38588,0
MORF.US,D,20200408,000000,13.17,13.765,12.58,13.7,49977,0
MORF.US,D,20200409,000000,13.98,15.41,13.65,15.41,32735,0
MORF.US,D,20200413,000000,15.22,15.36,13.93,14.35,24545,0
MORF.US,D,20200414,000000,14.78,14.88,13.71,14.06,92102,0
MORF.US,D,20200415,000000,13.86,14.41,12.64,13.26,57562,0
MORF.US,D,20200416,000000,13.26,13.57,12.09,12.65,55218,0
MORF.US,D,20200417,000000,13.35,15.12,12.91,15.06,49275,0
MORF.US,D,20200420,000000,14.62,15.77,13.95,15.22,42497,0
MORF.US,D,20200421,000000,14.75,15.49,13.65,15.18,32638,0
MORF.US,D,20200422,000000,14.85,15.67,14.5,14.99,10966,0
MORF.US,D,20200423,000000,14.91,17.3,14.27,14.73,31022,0
MORF.US,D,20200424,000000,14.72,15.4,14.42,14.96,38512,0
MORF.US,D,20200427,000000,15.06,15.27,14.46,14.52,30527,0
MORF.US,D,20200428,000000,14.65,14.65,13.42,13.75,27584,0
MORF.US,D,20200429,000000,14.2,15.715,14.1,15.1,45154,0
MORF.US,D,20200430,000000,14.59,14.88,13.47,13.61,36772,0
MORF.US,D,20200501,000000,13.01,14.34,12.5,12.99,44499,0
MORF.US,D,20200504,000000,12.7,13.43,12.25,13.33,43067,0
MORF.US,D,20200505,000000,13.72,14.97,13.72,14.59,28394,0
MORF.US,D,20200506,000000,14.88,14.88,14.03,14.2,23309,0
MORF.US,D,20200507,000000,14.53,16.2,13.872,15.12,81486,0
MORF.US,D,20200508,000000,15.55,16.015,15.3,15.54,26698,0
MORF.US,D,20200511,000000,15.25,15.93,14.57,15.61,62526,0
MORF.US,D,20200512,000000,15.61,16.25,14.94,15.17,30550,0
MORF.US,D,20200513,000000,15.03,16.38,15,15.45,35296,0
MORF.US,D,20200514,000000,14.98,15.81,14.5,15.3,26622,0
MORF.US,D,20200515,000000,15.25,16.15,15.01,15.64,42122,0
MORF.US,D,20200518,000000,16.25,18.43,16.01,17.81,57629,0
MORF.US,D,20200519,000000,18.03,18.95,17.995,18.4,37341,0
MORF.US,D,20200520,000000,18.45,19.92,17.205,19.5,55727,0
MORF.US,D,20200521,000000,19.74,20.33,19.44,19.65,42990,0
MORF.US,D,20200522,000000,19.89,20.96,19.89,20.91,40854,0
MORF.US,D,20200526,000000,21.76,23.74,21.07,22.29,60218,0
MORF.US,D,20200527,000000,22.56,23.41,20.57,22.78,43473,0
MORF.US,D,20200528,000000,23.2,23.23,21.03,21.08,70973,0
MORF.US,D,20200529,000000,20.87,20.94,19.36,20.78,61154,0
MORF.US,D,20200601,000000,20.4,20.98,19.56,20.01,51617,0
MORF.US,D,20200602,000000,20.34,21.3648,19.14,20.75,60448,0
MORF.US,D,20200603,000000,21.26,23.99,20.8501,23.88,75498,0
MORF.US,D,20200604,000000,23.43,24.005,22.535,23.23,54331,0
MORF.US,D,20200605,000000,24.2,24.2,21.57,21.93,65492,0
MORF.US,D,20200608,000000,22,23.655,21.885,23.02,149135,0
MORF.US,D,20200609,000000,22.48,25,22.48,24.35,76286,0
MORF.US,D,20200610,000000,24.16,24.57,22.53,23.03,83277,0
MORF.US,D,20200611,000000,22.1,22.95,21.72,22.08,89187,0
MORF.US,D,20200612,000000,22.5,22.85,21.03,22.49,70570,0
MORF.US,D,20200615,000000,21.51,22.4,21.49,22.15,110366,0
MORF.US,D,20200616,000000,22.66,22.66,21.805,22.16,96120,0
MORF.US,D,20200617,000000,22.39,24.1,22.39,23.19,224580,0
MORF.US,D,20200618,000000,23.01,23.96,21.88,22.96,140571,0
MORF.US,D,20200619,000000,23,28.25,22.83,27.13,340021,0
MORF.US,D,20200622,000000,27.54,30.54,27.27,29.57,176712,0
MORF.US,D,20200623,000000,28.97,29.965,26.76,27.5,346490,0
MORF.US,D,20200624,000000,27.35,27.815,26.85,26.87,115085,0
MORF.US,D,20200625,000000,27.23,28.17,26.48,27.2,100560,0
MORF.US,D,20200626,000000,26.73,27.56,24.54,25.54,629849,0
MORF.US,D,20200629,000000,25.53,27.63,24.72,26.9,107550,0
MORF.US,D,20200630,000000,26.59,27.24,26.17,27.05,78049,0
MORF.US,D,20200701,000000,27.13,27.565,25.89,26.07,66290,0
MORF.US,D,20200702,000000,26.61,26.89,25.83,25.98,62155,0
MORF.US,D,20200706,000000,26.48,26.48,25.43,25.79,49393,0
MORF.US,D,20200707,000000,25.56,27.07,25.23,25.31,50497,0
MORF.US,D,20200708,000000,25.16,26,24.38,25,43296,0
MORF.US,D,20200709,000000,25.09,26.41,24.67,25.53,59932,0
MORF.US,D,20200710,000000,25.48,26.14,24.95,25.67,114877,0
MORF.US,D,20200713,000000,26.09,26.09,24.4,24.49,33969,0
MORF.US,D,20200714,000000,24.44,25.4,22,24.74,40268,0
MORF.US,D,20200715,000000,25.42,26.09,24.31,25.67,50665,0
MORF.US,D,20200716,000000,25.13,25.74,24.06,25.28,45434,0
MORF.US,D,20200717,000000,25.37,26.41,24.97,25.37,44945,0
MORF.US,D,20200720,000000,25.4,27.375,25.4,26.62,91477,0
MORF.US,D,20200721,000000,26.92,27.49,26.53,26.77,58839,0
MORF.US,D,20200722,000000,26.51,27.24,26.4,26.83,27180,0
MORF.US,D,20200723,000000,26.64,27.795,25.02,25.44,26832,0
MORF.US,D,20200724,000000,25.25,25.25,23.85,24.83,33539,0
MORF.US,D,20200727,000000,24.82,27.11,24.82,27.02,43853,0
MORF.US,D,20200728,000000,26.81,28.178,25.45,26.13,102586,0
MORF.US,D,20200729,000000,26.03,27.44,25.895,26.75,28808,0
MORF.US,D,20200730,000000,26.23,26.57,24.31,24.65,35775,0
MORF.US,D,20200731,000000,24.51,25.1505,22.1,22.51,91855,0
MORF.US,D,20200803,000000,22.8,23.91,22.765,23.6,24268,0
MORF.US,D,20200804,000000,23.4,24.02,22.686,23,57084,0
MORF.US,D,20200805,000000,23.5,24.6,22.98,24.355,68821,0
MORF.US,D,20200806,000000,24.54,25.47,24.04,24.47,23666,0
MORF.US,D,20200807,000000,24.61,25.91,24.61,25.39,22712,0
MORF.US,D,20200810,000000,25.89,28.6855,25.89,27.81,68379,0
MORF.US,D,20200811,000000,28.88,29.29,27.52,27.68,39093,0
MORF.US,D,20200812,000000,28.25,28.79,25.68,27.98,247917,0
MORF.US,D,20200813,000000,27.98,30.53,24.77,30.11,112833,0
MORF.US,D,20200814,000000,30.3,31,25,26.06,86602,0
MORF.US,D,20200817,000000,25.97,27,25.6262,26.62,31206,0
MORF.US,D,20200818,000000,26.56,27.1,25.92,26.95,25089,0
MORF.US,D,20200819,000000,26.03,27.92,26.03,27.26,41358,0
MORF.US,D,20200820,000000,26.87,27.49,26.87,27.32,35230,0
MORF.US,D,20200821,000000,27.17,27.17,26.1,26.49,26153,0
MORF.US,D,20200824,000000,26.89,26.89,25.85,26.37,18019,0
MORF.US,D,20200825,000000,26.57,27.09,25.53,26.78,70371,0
MORF.US,D,20200826,000000,26.77,26.77,25.655,25.78,20313,0
MORF.US,D,20200827,000000,25.79,25.79,25.19,25.43,24447,0
MORF.US,D,20200828,000000,25.55,27.23,24.97,26.93,156440,0
MORF.US,D,20200831,000000,26.66,27.1,25.9273,26.5,34528,0
MORF.US,D,20200901,000000,26.29,27.355,26.012,27.17,23030,0
MORF.US,D,20200902,000000,26.86,26.86,25.9326,26.53,41130,0
MORF.US,D,20200903,000000,26.41,26.71,25.1277,26.49,39679,0
MORF.US,D,20200904,000000,26.57,27.04,25.54,26.33,25371,0
MORF.US,D,20200908,000000,26.11,26.95,25.21,26.11,52176,0
MORF.US,D,20200909,000000,26.23,27.815,25.97,26.34,53213,0
MORF.US,D,20200910,000000,26.87,27.11,25.53,25.68,26488,0
MORF.US,D,20200911,000000,26.13,26.13,25.3809,25.4,37397,0
MORF.US,D,20200914,000000,25.91,27.67,25.91,27.36,50788,0
MORF.US,D,20200915,000000,27.65,27.675,26.16,26.91,24738,0
MORF.US,D,20200916,000000,27.24,29,26.94,28.37,79141,0
MORF.US,D,20200917,000000,28.29,29.71,28.29,28.86,73154,0
MORF.US,D,20200918,000000,29.54,29.54,28.6,28.88,182831,0
MORF.US,D,20200921,000000,28.24,28.267,26.62,26.98,63371,0
MORF.US,D,20200922,000000,27.16,27.16,25.715,26.71,59650,0
MORF.US,D,20200923,000000,26.94,27.38,24.54,24.95,87293,0
MORF.US,D,20200924,000000,24.85,26.405,24.52,25.06,51663,0
MORF.US,D,20200925,000000,24.92,27.33,24.92,26.75,63679,0
MORF.US,D,20200928,000000,26.89,27.35,26.74,26.9,22091,0
MORF.US,D,20200929,000000,26.77,27.725,26.74,27.35,60947,0
MORF.US,D,20200930,000000,27.45,28.0665,26.85,27.34,33319,0
MORF.US,D,20201001,000000,27.65,28.25,27.04,27.66,37084,0
MORF.US,D,20201002,000000,26.87,27.54,25.43,25.78,22084,0
MORF.US,D,20201005,000000,25.98,27,25.98,26.7,23433,0
MORF.US,D,20201006,000000,26.93,26.93,25.79,25.81,30396,0
MORF.US,D,20201007,000000,26.06,27,25.35,26.72,62490,0
MORF.US,D,20201008,000000,26.83,27,25.89,26.97,21397,0
MORF.US,D,20201009,000000,27,27,26.235,26.9,19933,0
MORF.US,D,20201012,000000,26.87,27.48,26.7,27.3,83318,0
MORF.US,D,20201013,000000,27.26,27.66,27.025,27.35,65417,0
MORF.US,D,20201014,000000,27.35,27.85,26.99,27.45,75025,0
MORF.US,D,20201015,000000,27.16,27.38,25.8,26.59,59552,0
MORF.US,D,20201016,000000,26.39,27.635,26,27.5,45667,0
MORF.US,D,20201019,000000,27.5,28.23,26.15,26.7,65103,0
MORF.US,D,20201020,000000,27.09,27.315,25.96,26.25,58908,0
MORF.US,D,20201021,000000,26.27,27.215,26,26.18,71744,0
MORF.US,D,20201022,000000,26.45,27.26,25.95,26.89,66248,0
MORF.US,D,20201023,000000,27.32,28.74,26.625,28.66,41434,0
MORF.US,D,20201026,000000,29.31,29.7248,27.18,27.22,49484,0
MORF.US,D,20201027,000000,27.22,27.3,26.71,26.82,14663,0
MORF.US,D,20201028,000000,26.02,26.735,25.31,26.32,47499,0
MORF.US,D,20201029,000000,26.03,26.6,25.5,25.97,81080,0
MORF.US,D,20201030,000000,25.85,26.91,25.75,26.91,42346,0
MORF.US,D,20201102,000000,27,27,24.94,25.66,99103,0
MORF.US,D,20201103,000000,26.12,26.47,25.12,26.19,90115,0
MORF.US,D,20201104,000000,26.21,27,26,26.64,51754,0
MORF.US,D,20201105,000000,26.51,27.2,26.16,26.92,54743,0
MORF.US,D,20201106,000000,26.89,26.92,25.72,26.28,65486,0
MORF.US,D,20201109,000000,27.5,28,26.72,27.39,100176,0
MORF.US,D,20201110,000000,27.5,29,26.99,28.09,185851,0
MORF.US,D,20201111,000000,27.96,29.95,27.84,29.87,100873,0
MORF.US,D,20201112,000000,28.7,30,28.7,29.65,232143,0
MORF.US,D,20201113,000000,29.99,30.1399,28.31,29.71,75960,0
MORF.US,D,20201116,000000,30.09,30.145,29.63,29.99,56381,0
MORF.US,D,20201117,000000,29.99,30.36,29.69,29.9,72347,0
MORF.US,D,20201118,000000,31.065,31.065,27.74,28.17,119566,0
MORF.US,D,20201119,000000,28.16,29.34,27.1231,29.17,43596,0
MORF.US,D,20201120,000000,28.78,29.685,28.37,29.51,53513,0
MORF.US,D,20201123,000000,29.9,31.91,29.43,30.84,105854,0
MORF.US,D,20201124,000000,30.5,31.6989,30.5,31.33,170863,0
MORF.US,D,20201125,000000,31.69,34.48,31.52,32.57,107622,0
MORF.US,D,20201127,000000,32.36,33.2599,31,32.08,41384,0
MORF.US,D,20201130,000000,32.5,33.25,30.83,31.37,163352,0
MORF.US,D,20201201,000000,31.63,32.05,30.91,31,48996,0
MORF.US,D,20201202,000000,32.39,32.78,30.56,31.19,104791,0
MORF.US,D,20201203,000000,31.53,32.48,30.73,31.07,106798,0
MORF.US,D,20201204,000000,30.5335,31.86,30.53,31.74,40247,0
MORF.US,D,20201207,000000,32.15,32.8185,31.42,31.69,41686,0
MORF.US,D,20201208,000000,31.15,32.4,30.56,31.98,102982,0
MORF.US,D,20201209,000000,32.45,36.59,31.41,33.51,439507,0
MORF.US,D,20201210,000000,33.37,33.38,32.25,32.98,55779,0
MORF.US,D,20201211,000000,32.57,33.27,32.13,32.45,288590,0
MORF.US,D,20201214,000000,32.96,34.94,31.03,33.61,57599,0
MORF.US,D,20201215,000000,33.9,34.25,31.73,32,101674,0
MORF.US,D,20201216,000000,35.57,36.65,32,32.27,282901,0
MORF.US,D,20201217,000000,32.62,33.99,32.445,33.75,97437,0
MORF.US,D,20201218,000000,33.9,34.71,33.11,34.06,224077,0
MORF.US,D,20201221,000000,33.34,35.0958,33.07,34.32,188145,0
MORF.US,D,20201222,000000,34.39,35.29,34.39,34.55,68839,0
MORF.US,D,20201223,000000,34.95,35.5851,32.63,33.43,133361,0
MORF.US,D,20201224,000000,33.31,33.495,32.1,33.02,32488,0
MORF.US,D,20201228,000000,33.25,33.4,31.79,32.31,100248,0
MORF.US,D,20201229,000000,32.41,33.212,31.28,31.4,127548,0
MORF.US,D,20201230,000000,31.71,33.82,31.62,33.57,202596,0
MORF.US,D,20201231,000000,33.24,34.53,33.24,33.55,62142,0
MORF.US,D,20210104,000000,33.68,34.15,32.06,32.5,133404,0
MORF.US,D,20210105,000000,32.29,34.1682,30.575,30.76,150489,0
MORF.US,D,20210106,000000,31.36,32.176,29.21,29.78,412248,0
MORF.US,D,20210107,000000,30.23,30.56,29.3046,29.97,184464,0
MORF.US,D,20210108,000000,30.31,30.76,29.52,30.64,129299,0
MORF.US,D,20210111,000000,30.54,31,29.3707,29.77,186244,0
MORF.US,D,20210112,000000,29.91,30.6,29.66,30.11,75638,0
MORF.US,D,20210113,000000,29.67,30.31,29.42,30.16,80204,0
MORF.US,D,20210114,000000,30.47,31.36,29.6,31.17,244463,0
MORF.US,D,20210115,000000,30.3,31.1,30,30.19,255373,0
MORF.US,D,20210119,000000,30.365,30.56,29.7564,30.1,284438,0
MORF.US,D,20210120,000000,30.1,30.655,29.6,29.93,156699,0
MORF.US,D,20210121,000000,30.05,30.13,29.34,29.79,59436,0
MORF.US,D,20210122,000000,29.53,31.3,29.52,31.19,132951,0
MORF.US,D,20210125,000000,30.95,31.75,30.03,31.55,71039,0
MORF.US,D,20210126,000000,31.56,33.22,31.515,32.37,100448,0
MORF.US,D,20210127,000000,31.77,32.97,30.6001,32.46,115927,0
MORF.US,D,20210128,000000,32.47,34.3,32.4,33.6,122148,0
MORF.US,D,20210129,000000,33.6,34.368,32.94,33.66,132879,0
MORF.US,D,20210201,000000,33.67,34.97,32.84,34.81,111839,0
MORF.US,D,20210202,000000,35.92,37.26,35,36.85,311781,0
MORF.US,D,20210203,000000,37.41,38.9,37.375,38.57,313226,0
MORF.US,D,20210204,000000,38.89,39,37.18,37.85,102083,0
MORF.US,D,20210205,000000,39.075,39.075,37.13,37.98,88530,0
MORF.US,D,20210208,000000,38.16,40.25,38.16,39.93,180194,0
MORF.US,D,20210209,000000,39.99,41,39.17,39.3,63601,0
MORF.US,D,20210210,000000,39.13,39.56,36.56,37.32,64815,0
MORF.US,D,20210211,000000,37.56,38.76,37.12,38.21,41826,0
MORF.US,D,20210212,000000,37.615,38.78,36.79,37.69,38110,0
MORF.US,D,20210216,000000,37.09,37.875,35.83,36,75412,0
MORF.US,D,20210217,000000,36.03,37.11,35.18,36.06,76899,0
MORF.US,D,20210218,000000,35.8,36.15,34.24,34.91,114430,0
MORF.US,D,20210219,000000,35.04,37.5568,34,36.36,64834,0
MORF.US,D,20210222,000000,35.73,36.01,34.13,34.43,78625,0
MORF.US,D,20210223,000000,34.09,34.09,33,34.09,79662,0
MORF.US,D,20210224,000000,33.67,35.42,33.63,34.88,35366,0
MORF.US,D,20210225,000000,35.03,36.05,32.85,32.85,105045,0
MORF.US,D,20210226,000000,33.29,36.3,32.56,36.16,238694,0
MORF.US,D,20210301,000000,45,93,42.93,84.85,12970204,0
MORF.US,D,20210302,000000,74.5,79.77,65.87,71.06,1570948,0
MORF.US,D,20210303,000000,69.5449,73.25,63.775,71.49,1723825,0
MORF.US,D,20210304,000000,67.94,75.95,65.2,69.09,718082,0
MORF.US,D,20210305,000000,70.25,70.99,65.49,70.05,455927,0
MORF.US,D,20210308,000000,70.05,71.09,62.71,62.94,347469,0
MORF.US,D,20210309,000000,65.85,68.84,64.13,65.02,306398,0
MORF.US,D,20210310,000000,66,68.85,65.1366,65.94,301033,0
MORF.US,D,20210311,000000,66.7722,70,66.345,69.93,284212,0
MORF.US,D,20210312,000000,68.94,69.42,66.6201,69.09,58604,0
MORF.US,D,20210315,000000,69.21,69.78,63.18,67.18,371864,0
MORF.US,D,20210316,000000,68.38,68.38,61.84,64.51,340347,0
MORF.US,D,20210317,000000,65,65.54,62.95,64.23,170713,0
MORF.US,D,20210318,000000,63.03,65.34,61.95,64.26,232585,0
MORF.US,D,20210319,000000,64,65.11,61.4158,64.51,275061,0
MORF.US,D,20210322,000000,65,65.75,62.99,64.65,82721,0
MORF.US,D,20210323,000000,63.66,63.66,60.06,62.46,200906,0
MORF.US,D,20210324,000000,62.65,63.4,56.7,58.52,352644,0
MORF.US,D,20210325,000000,56.19,61.01,55.67,60.67,384198,0
MORF.US,D,20210326,000000,60.02,62.03,58.38,61.16,131018,0
MORF.US,D,20210329,000000,60.11,61.5145,57.2901,59.24,178300,0
MORF.US,D,20210330,000000,58.15,63.55,57.63,62,202639,0
MORF.US,D,20210331,000000,62.01,64.52,61.4386,63.28,218014,0
MORF.US,D,20210401,000000,62.95,66.8,62.5,64.98,141158,0
MORF.US,D,20210405,000000,64.74,65.98,60.4,61.57,124103,0
MORF.US,D,20210406,000000,61.55,62.48,60.16,61,225147,0
MORF.US,D,20210407,000000,60.53,62.07,59.84,60.68,162189,0
MORF.US,D,20210408,000000,60.6,61.32,59.97,61.13,163457,0
MORF.US,D,20210409,000000,60.6,62.06,57.56,59.35,126609,0
MORF.US,D,20210412,000000,59.41,59.41,56.14,57.73,157242,0
MORF.US,D,20210413,000000,57.68,58.47,56.1,57.66,72665,0
MORF.US,D,20210414,000000,57.27,59.67,55.17,55.98,153709,0
MORF.US,D,20210415,000000,56.38,58.62,54.4269,55.4,139656,0
MORF.US,D,20210416,000000,55.89,56.62,52.7,55.08,78913,0
MORF.US,D,20210419,000000,54.82,55.325,53.36,54.11,150263,0
MORF.US,D,20210420,000000,54.09,55.67,53.49,54.26,109045,0
MORF.US,D,20210421,000000,53.63,58.17,52.79,57.61,92239,0
MORF.US,D,20210422,000000,57.33,60,55.18,56.44,141234,0
MORF.US,D,20210423,000000,56.4,57.185,54.01,55.14,104122,0
MORF.US,D,20210426,000000,55.26,57.8,54.57,56.51,54917,0
MORF.US,D,20210427,000000,56.05,56.65,53.86,55.46,81065,0
MORF.US,D,20210428,000000,54.91,56.27,53,55.94,39313,0
MORF.US,D,20210429,000000,55.69,55.69,52.59,54.57,84194,0
MORF.US,D,20210430,000000,53.64,55.8,53.64,55.4,122760,0
MORF.US,D,20210503,000000,55.47,56.995,52.635,52.87,138660,0
MORF.US,D,20210504,000000,52.19,52.86,49.62,51.31,293565,0
MORF.US,D,20210505,000000,50.68,51.33,47.49,48,164097,0
MORF.US,D,20210506,000000,47.64,49.83,45.64,49.51,201650,0
MORF.US,D,20210507,000000,49.51,50.99,48.39,48.7,164136,0
MORF.US,D,20210510,000000,47.63,49.89,46.835,47.93,169400,0
MORF.US,D,20210511,000000,46.17,49.67,46.17,47.94,90131,0
MORF.US,D,20210512,000000,46.17,49.72,46.17,49.25,173542,0
MORF.US,D,20210513,000000,49.43,50.24,47.18,48,162640,0
MORF.US,D,20210514,000000,48.89,49.39,46.49,46.83,86045,0
MORF.US,D,20210517,000000,46.29,47.34,45.96,46.55,81006,0
MORF.US,D,20210518,000000,46.49,48.88,46.01,47.13,117917,0
MORF.US,D,20210519,000000,46.01,47.95,45.24,45.75,88041,0
MORF.US,D,20210520,000000,45.8,46.36,45.35,45.5,96090,0
MORF.US,D,20210521,000000,46.21,47,44.79,45.5,73325,0
MORF.US,D,20210524,000000,45.51,47.33,44.87,45.13,231822,0
MORF.US,D,20210525,000000,45.45,46.8,44.65,45.32,293052,0
MORF.US,D,20210526,000000,47.15,48.3191,46.09,47.1,323251,0
MORF.US,D,20210527,000000,48.27,50.59,48.0501,49.84,919844,0
MORF.US,D,20210528,000000,50.62,51.1386,47.88,49.36,401057,0
MORF.US,D,20210601,000000,49.37,51.66,49.06,49.63,187186,0
MORF.US,D,20210602,000000,49.56,55.49,49.05,52.63,680565,0
MORF.US,D,20210603,000000,52.8,54.41,51.39,54.27,220055,0
MORF.US,D,20210604,000000,54.15,55.99,53.11,53.48,136935,0
MORF.US,D,20210607,000000,54.16,56.39,53.19,55.71,262457,0
MORF.US,D,20210608,000000,55.96,57.0099,54.37,56.87,97573,0
MORF.US,D,20210609,000000,56.64,59.3999,56.64,59.36,125002,0
MORF.US,D,20210610,000000,59.5,60.62,58.15,60.09,215660,0
MORF.US,D,20210611,000000,60.61,63.16,60.1,63.16,198829,0
MORF.US,D,20210614,000000,63.21,65.02,62.96,64.99,257227,0
MORF.US,D,20210615,000000,65,65,61.81,63.35,173542,0
MORF.US,D,20210616,000000,62.78,65.07,62.78,64.79,215884,0
MORF.US,D,20210617,000000,65,65,63.04,64.66,161639,0
MORF.US,D,20210618,000000,63.81,65,61.4172,64.28,983489,0
MORF.US,D,20210621,000000,64.78,64.81,62.36,62.84,176688,0
MORF.US,D,20210622,000000,62.27,63.32,57.78,60.37,221856,0
MORF.US,D,20210623,000000,59.91,61.2,58.7263,59.43,144035,0
MORF.US,D,20210624,000000,60.5,60.84,58.8,59.57,165427,0
MORF.US,D,20210625,000000,59.3,60.74,57.32,58.26,1053927,0
MORF.US,D,20210628,000000,58.52,61.21,58.495,59.76,111512,0
MORF.US,D,20210629,000000,59.405,60.59,57.71,57.92,528219,0
MORF.US,D,20210630,000000,57.61,60,56.3036,57.39,251835,0
MORF.US,D,20210701,000000,57.21,58.71,56.225,58.65,143175,0
MORF.US,D,20210702,000000,58.17,59.98,58.005,59.24,91652,0
MORF.US,D,20210706,000000,58.92,59.6614,56.64,57.68,106505,0
MORF.US,D,20210707,000000,57.97,60,55.61,56.88,270843,0
MORF.US,D,20210708,000000,55.86,57.9999,55.2106,57.61,146064,0
MORF.US,D,20210709,000000,58.29,61.505,57.5945,61.28,209878,0
MORF.US,D,20210712,000000,61,62.29,60.52,61.28,116111,0
MORF.US,D,20210713,000000,61,61.6,58.9048,60.34,90219,0
MORF.US,D,20210714,000000,60.77,61.905,57.63,57.67,221678,0
MORF.US,D,20210715,000000,57.15,57.95,56.32,57.63,67582,0
MORF.US,D,20210716,000000,58.27,59.09,57,58.55,62551,0
MORF.US,D,20210719,000000,56.64,59.5,56.5838,58,127748,0
MORF.US,D,20210720,000000,58.33,60.47,57.53,59.58,122254,0
MORF.US,D,20210721,000000,60.58,61.49,58.25,60.77,90982,0
MORF.US,D,20210722,000000,60.43,61.3,58.58,60.09,155280,0
MORF.US,D,20210723,000000,60.6,61,59.385,60.29,56126,0
MORF.US,D,20210726,000000,60.85,61.53,58.88,59.24,113833,0
MORF.US,D,20210727,000000,60.885,62.22,57.265,58.51,97729,0
MORF.US,D,20210728,000000,59.165,60.38,57.41,59.77,118232,0
MORF.US,D,20210729,000000,60.1,61.2074,59.27,59.6,104219,0
MORF.US,D,20210730,000000,59.6,60.315,57.13,57.62,104231,0
MORF.US,D,20210802,000000,57.41,59.395,57.02,57.99,260686,0
MORF.US,D,20210803,000000,57.94,57.94,53.17,53.61,147438,0
MORF.US,D,20210804,000000,52.79,55.98,51,55.08,491578,0
MORF.US,D,20210805,000000,54.75,60,52.1201,57.49,245063,0
MORF.US,D,20210806,000000,56.46,58.4,56.05,57.94,149617,0
MORF.US,D,20210809,000000,57.94,59.25,56.5,58.77,96166,0
MORF.US,D,20210810,000000,59,60,57.8523,59.65,137599,0
MORF.US,D,20210811,000000,59.54,60.28,56.76,60.17,298144,0
MORF.US,D,20210812,000000,59.78,61.12,59.37,60.22,171325,0
MORF.US,D,20210813,000000,60.65,61.29,59.37,60.84,299380,0
MORF.US,D,20210816,000000,59.99,60.8,57.29,57.79,175125,0
MORF.US,D,20210817,000000,57.29,57.96,55.195,56.67,90651,0
MORF.US,D,20210818,000000,56.79,58.18,55,55.16,153251,0
MORF.US,D,20210819,000000,54.55,57.37,54.14,56.3,149980,0
MORF.US,D,20210820,000000,56.16,57.82,55.11,57.24,117671,0
MORF.US,D,20210823,000000,59.13,61.5,59.023,60.71,247122,0
MORF.US,D,20210824,000000,60.13,61.555,56.9,60.84,81824,0
MORF.US,D,20210825,000000,60.47,62.23,60.2,62.13,199144,0
MORF.US,D,20210826,000000,62.5,63.37,61.32,62.01,170037,0
MORF.US,D,20210827,000000,62,63.16,61.003,62.5,184449,0
MORF.US,D,20210830,000000,62.87,64.58,61.6,61.84,110495,0
MORF.US,D,20210831,000000,62.23,63.25,61.39,63.01,111609,0
MORF.US,D,20210901,000000,64.16,64.16,62.42,63.27,136568,0
MORF.US,D,20210902,000000,63.52,64.75,62.41,64.71,113369,0
MORF.US,D,20210903,000000,64.66,64.66,62.62,62.89,89497,0
MORF.US,D,20210907,000000,63.19,64.6253,62.1,64.34,186253,0
MORF.US,D,20210908,000000,64.5,64.5,60.36,60.48,131122,0
MORF.US,D,20210909,000000,60.22,62.085,59.01,60.57,135205,0
MORF.US,D,20210910,000000,60.81,65.73,59.21,64.04,181969,0
MORF.US,D,20210913,000000,64.25,67.41,63.475,65.48,157390,0
MORF.US,D,20210914,000000,65.49,67,65.44,66.86,163615,0
MORF.US,D,20210915,000000,66.72,68.32,66.425,67,151021,0
MORF.US,D,20210916,000000,64.29,67.335,64.29,66.79,141527,0
MORF.US,D,20210917,000000,67.16,68.03,65.81,67.5,972927,0
MORF.US,D,20210920,000000,66.83,67.3,61.85,63.89,175691,0
MORF.US,D,20210921,000000,64.02,65.86,62.8,63.19,102204,0
MORF.US,D,20210922,000000,63.61,63.955,60.5285,63.06,71127,0
MORF.US,D,20210923,000000,63.53,64.88,62.905,64.71,114594,0
MORF.US,D,20210924,000000,64.39,65.215,63.36,64.41,138531,0
MORF.US,D,20210927,000000,64.46,65.235,63.38,63.98,85935,0
MORF.US,D,20210928,000000,63.66,64.35,61.39,61.4,111530,0
MORF.US,D,20210929,000000,62.86,63.97,58.63,59.3,129847,0
MORF.US,D,20210930,000000,59.21,59.99,56.51,56.64,313463,0
MORF.US,D,20211001,000000,56.34,56.4,53.6,53.96,194936,0
MORF.US,D,20211004,000000,53.42,54.53,52.12,52.94,173958,0
MORF.US,D,20211005,000000,53.44,56.32,52.72,54.04,120821,0
MORF.US,D,20211006,000000,53.38,54.99,52.76,53.93,122951,0
MORF.US,D,20211007,000000,54.65,57.88,54.31,56.58,255806,0
MORF.US,D,20211008,000000,56.56,57.97,55.39,57.76,86803,0
MORF.US,D,20211011,000000,58.22,58.84,55.765,58.01,79050,0
MORF.US,D,20211012,000000,58.48,59.86,58,58.93,80977,0
MORF.US,D,20211013,000000,59.38,60,58.88,59.95,64475,0
MORF.US,D,20211014,000000,60,60.33,58.59,59.6,144882,0
MORF.US,D,20211015,000000,60,60,58.57,58.75,75212,0
MORF.US,D,20211018,000000,58.16,59.5,53.02,53.44,187991,0
MORF.US,D,20211019,000000,53.86,54.58,52.25,54.07,219932,0
MORF.US,D,20211020,000000,54.29,57.86,53.38,57.16,147666,0
MORF.US,D,20211021,000000,57.42,58.129,56.45,57.63,125541,0
MORF.US,D,20211022,000000,57.91,58.61,56.365,58.09,74512,0
MORF.US,D,20211025,000000,57.99,59.48,57.17,58.17,90008,0
MORF.US,D,20211026,000000,58.25,59.955,55.9879,58.83,100886,0
MORF.US,D,20211027,000000,58.53,59.3,56.96,57.07,73958,0
MORF.US,D,20211028,000000,57.24,58.89,57.24,58.63,97249,0
MORF.US,D,20211029,000000,58.05,59.44,57.175,57.5,129766,0
MORF.US,D,20211101,000000,57.28,63.13,57.28,62.89,197749,0
MORF.US,D,20211102,000000,62.28,63.985,61.87,63.41,77460,0
MORF.US,D,20211103,000000,62.8,65,60.616,64.76,184144,0
MORF.US,D,20211104,000000,65,66.28,64.375,65.72,79273,0
MORF.US,D,20211105,000000,65.03,68.75,61.95,63.25,246007,0
MORF.US,D,20211108,000000,63.41,65.515,60.15,61.71,146792,0
MORF.US,D,20211109,000000,61.32,62.77,59.9684,62.38,108950,0
MORF.US,D,20211110,000000,62.53,63.4,60.64,61.04,74246,0
MORF.US,D,20211111,000000,61.41,63.39,60.14,62.21,57391,0
MORF.US,D,20211112,000000,61.95,62.96,61.44,62.74,72471,0
MORF.US,D,20211115,000000,63.1,63.1,54.87,55.32,269242,0
MORF.US,D,20211116,000000,53.56,57.4,52.8902,56.43,178086,0
MORF.US,D,20211117,000000,55.46,56.11,53.12,53.25,128320,0
MORF.US,D,20211118,000000,54.26,55.07,52.46,53.45,129056,0
MORF.US,D,20211119,000000,53.17,54.55,52.895,53.1,116989,0
MORF.US,D,20211122,000000,53.52,54.095,50.68,50.89,111900,0
MORF.US,D,20211123,000000,50.78,51.5,48.685,51.14,133496,0
MORF.US,D,20211124,000000,50.51,52.45,50.09,51.59,110311,0
MORF.US,D,20211126,000000,50.96,51.45,47.5817,48.68,116226,0
MORF.US,D,20211129,000000,49.56,49.56,46.2,46.47,252152,0
MORF.US,D,20211130,000000,46.12,48.2,45.69,47.7,176341,0
MORF.US,D,20211201,000000,48.05,49.35,44.96,45.21,148601,0
MORF.US,D,20211202,000000,45.19,47.23,43.925,47.02,113517,0
MORF.US,D,20211203,000000,47.38,47.38,43.26,44.21,271981,0
MORF.US,D,20211206,000000,44.61,48.07,43.42,47.72,166691,0
MORF.US,D,20211207,000000,48.64,51.1,46.905,49.47,185291,0
MORF.US,D,20211208,000000,49.91,50.93,48.13,49.35,228212,0
MORF.US,D,20211209,000000,48.62,49.84,45.54,46.49,155682,0
MORF.US,D,20211210,000000,47.22,48.4,45.21,45.59,130201,0
MORF.US,D,20211213,000000,45.4,47.335,44,45.71,189924,0
MORF.US,D,20211214,000000,45.35,46.025,43.35,44.48,210919,0
MORF.US,D,20211215,000000,44.67,46,43.16,45.15,275779,0
MORF.US,D,20211216,000000,45.98,47.47,42.63,43.27,191874,0
MORF.US,D,20211217,000000,43.3,47.705,42.6,46.78,539735,0
MORF.US,D,20211220,000000,45.78,48.25,44.935,47.37,213402,0
MORF.US,D,20211221,000000,47.93,49.05,46.83,48.64,164666,0
MORF.US,D,20211222,000000,48.31,49.05,47.8,48.81,104281,0
MORF.US,D,20211223,000000,48.69,51.89,48.69,51.42,107243,0
MORF.US,D,20211227,000000,51.08,51.39,49.33,49.8,105241,0
MORF.US,D,20211228,000000,49.69,51.17,45.06,48.91,118835,0
MORF.US,D,20211229,000000,48.8,49.59,47.52,48.4,63704,0
MORF.US,D,20211230,000000,48.28,49.35,47.68,47.88,113979,0
MORF.US,D,20211231,000000,48.08,49.62,46.91,47.38,254604,0
MORF.US,D,20220103,000000,46.44,51.18,46.435,50.91,91005,0
MORF.US,D,20220104,000000,50.34,52.19,50.34,52.02,141799,0
MORF.US,D,20220105,000000,51.83,52.335,48.2,48.32,237364,0
MORF.US,D,20220106,000000,48.56,49.165,46.485,48.28,135316,0
MORF.US,D,20220107,000000,47.99,48.75,47.08,47.78,111410,0
MORF.US,D,20220110,000000,47.47,47.97,45.72,47.22,159403,0
MORF.US,D,20220111,000000,47.24,48.26,45.81,46.56,108029,0
MORF.US,D,20220112,000000,46.77,47.68,45.39,45.58,367848,0
MORF.US,D,20220113,000000,45.49,46.19,41.83,42.05,301445,0
MORF.US,D,20220114,000000,42.1,45.095,41.01,44.75,221195,0
MORF.US,D,20220118,000000,43.59,43.59,41.12,41.5,234750,0
MORF.US,D,20220119,000000,42.02,43.5809,40.88,41.15,117769,0
MORF.US,D,20220120,000000,41.68,43.04,40.04,40.36,132789,0
MORF.US,D,20220121,000000,39.81,41.605,38.6814,40.01,223494,0
MORF.US,D,20220124,000000,39.74,41.77,38.19,41.17,230406,0
MORF.US,D,20220125,000000,40.1,41.5,38.5411,41.01,199209,0
MORF.US,D,20220126,000000,41.86,43.93,40.35,41.25,260502,0
MORF.US,D,20220127,000000,41.78,42.365,38.065,38.26,221901,0
MORF.US,D,20220128,000000,38.86,41.09,37.645,40.95,202432,0
MORF.US,D,20220131,000000,40.7,43.425,40.7,42.43,217455,0
MORF.US,D,20220201,000000,42.7,43.66,41.06,42.66,139606,0
MORF.US,D,20220202,000000,42.81,43.66,40.485,40.76,144656,0
MORF.US,D,20220203,000000,39.85,41.23,39.52,40.51,265117,0
MORF.US,D,20220204,000000,40.54,41.56,39.93,40.85,206056,0
MORF.US,D,20220207,000000,40.71,43.77,40.4,43.33,173542,0
MORF.US,D,20220208,000000,43.39,47.66,40.825,43.15,115791,0
MORF.US,D,20220209,000000,43.21,45.52,43.21,45.38,193290,0
MORF.US,D,20220210,000000,43.76,46.72,42.87,43.92,192054,0
MORF.US,D,20220211,000000,44.68,44.68,41.195,41.87,208730,0
MORF.US,D,20220214,000000,42.22,42.97,40.92,41.21,129250,0
MORF.US,D,20220215,000000,42.13,42.63,40.73,42.44,235256,0
MORF.US,D,20220216,000000,41.96,42.18,41.03,41.74,170867,0
MORF.US,D,20220217,000000,41.12,42.09,39.755,40.02,281290,0
MORF.US,D,20220218,000000,39.69,40.35,39.37,39.97,214971,0
MORF.US,D,20220222,000000,39.41,42.6,39.105,41.44,213451,0
MORF.US,D,20220223,000000,41.61,41.89,39.435,39.61,434675,0
MORF.US,D,20220224,000000,38.47,39.98,36.88,39.94,362777,0
MORF.US,D,20220225,000000,40,41.93,39.4,40.89,149844,0
MORF.US,D,20220228,000000,40.57,41.51,39.615,39.86,236947,0
MORF.US,D,20220301,000000,39.98,41.06,38.75,39.64,227919,0
MORF.US,D,20220302,000000,40.03,41.06,39.37,40.68,80692,0
MORF.US,D,20220303,000000,41.24,41.24,37.725,38.17,113228,0
MORF.US,D,20220304,000000,37.69,38.72,37.69,38.01,135349,0
MORF.US,D,20220307,000000,38.09,39.005,37.87,37.93,281540,0
MORF.US,D,20220308,000000,37.9,38.86,37.13,38,304681,0
MORF.US,D,20220309,000000,38.98,39.63,38.15,38.79,253287,0
MORF.US,D,20220310,000000,38.05,38.73,36.01,37.68,143551,0
MORF.US,D,20220311,000000,38.25,38.32,35.9,36.25,201081,0
MORF.US,D,20220314,000000,36.26,37.46,35.99,36.75,299695,0
MORF.US,D,20220315,000000,36.75,38.39,36.51,37.78,194561,0
MORF.US,D,20220316,000000,38.58,40.09,37.51,40.09,233805,0
MORF.US,D,20220317,000000,39.61,43.16,39.51,42.69,215525,0
MORF.US,D,20220318,000000,42.76,45.35,42.75,44.58,510075,0
MORF.US,D,20220321,000000,44.01,44.61,42.35,43.05,279335,0
MORF.US,D,20220322,000000,43.61,44.035,41.56,43.6,222740,0
MORF.US,D,20220323,000000,43.42,44.52,42.47,42.77,98331,0
MORF.US,D,20220324,000000,43.34,43.35,41.905,42.82,140653,0
MORF.US,D,20220325,000000,42.75,42.75,40.81,41.15,244355,0
MORF.US,D,20220328,000000,41.06,41.45,39.66,40.49,274836,0
MORF.US,D,20220329,000000,41.08,42.57,41.08,42.5,167516,0
MORF.US,D,20220330,000000,42.19,42.755,40.27,40.32,141384,0
MORF.US,D,20220331,000000,41.94,42.84,39.44,40.15,247326,0
MORF.US,D,20220401,000000,40.35,41.87,39.87,41.7,1100239,0
MORF.US,D,20220404,000000,42.2,43.09,41.51,43.01,182631,0
MORF.US,D,20220405,000000,42.93,43.34,40.72,40.8,124153,0
MORF.US,D,20220406,000000,40.18,41.54,39.45,41.23,141208,0
MORF.US,D,20220407,000000,41.09,41.84,39.99,40.63,349978,0
MORF.US,D,20220408,000000,40.56,41.745,39.01,40.67,217668,0
MORF.US,D,20220411,000000,40.16,40.17,37.98,39.27,316366,0
MORF.US,D,20220412,000000,39.68,40.59,38.47,39.29,268889,0
MORF.US,D,20220413,000000,39.63,41.535,39.63,41.12,783300,0
MORF.US,D,20220414,000000,40.98,43.04,40.15,42.75,515268,0
MORF.US,D,20220418,000000,42.8,42.8,37.35,37.85,330835,0
MORF.US,D,20220419,000000,38.19,38.43,35.625,35.85,300681,0
MORF.US,D,20220420,000000,36.54,36.96,33.31,33.64,294660,0
MORF.US,D,20220421,000000,34.21,34.705,29.97,30.14,512734,0
MORF.US,D,20220422,000000,30.08,30.43,28.59,28.91,492769,0
MORF.US,D,20220425,000000,29.01,30.14,29.01,29.79,444878,0
MORF.US,D,20220426,000000,29.25,36.98,29.25,31.87,1776438,0
MORF.US,D,20220427,000000,31.55,32.4699,30.29,30.42,536414,0
MORF.US,D,20220428,000000,30.74,31.12,28.53,31,502588,0
MORF.US,D,20220429,000000,30.56,30.77,29.79,30.31,425820,0
MORF.US,D,20220502,000000,30.28,33.06,30.2,32.91,522241,0
MORF.US,D,20220503,000000,32.75,33.6975,31.905,33.16,531337,0
MORF.US,D,20220504,000000,32.62,34.81,30.95,34.55,350314,0
MORF.US,D,20220505,000000,33.83,33.95,32.815,32.95,717494,0
MORF.US,D,20220506,000000,32.28,32.75,29.42,29.45,512926,0
MORF.US,D,20220509,000000,29.34,29.71,26.62,26.65,453473,0
MORF.US,D,20220510,000000,27.74,28.485,25.41,25.85,946073,0
MORF.US,D,20220511,000000,25.57,26.15,22.29,22.31,666461,0
MORF.US,D,20220512,000000,22.21,23.3,21.2,22.05,731402,0
MORF.US,D,20220513,000000,22.57,24.33,22.32,24.01,493823,0
MORF.US,D,20220516,000000,23.83,24.58,23.22,23.74,314835,0
MORF.US,D,20220517,000000,24.51,24.74,23.925,24.53,210922,0
MORF.US,D,20220518,000000,23.72,24.39,22.83,22.99,363059,0
MORF.US,D,20220519,000000,22.94,23.385,21.89,22.33,316754,0
MORF.US,D,20220520,000000,22.86,22.86,21.56,22.44,242829,0
MORF.US,D,20220523,000000,22.72,23.59,22.22,23.31,420645,0
MORF.US,D,20220524,000000,22.86,23.035,21.785,22.25,358362,0
MORF.US,D,20220525,000000,22.08,22.61,21.35,21.52,211749,0
MORF.US,D,20220526,000000,21.895,23.5,21.1,22.53,686224,0
MORF.US,D,20220527,000000,22.61,24.39,22.13,23.51,370737,0
MORF.US,D,20220531,000000,22.97,23.605,22.43,23.44,291739,0
MORF.US,D,20220601,000000,23.76,23.85,22.59,22.86,284945,0
MORF.US,D,20220602,000000,22.81,23.3199,22.28,23.27,217819,0
MORF.US,D,20220603,000000,23.03,23.93,22.78,23.78,277683,0
MORF.US,D,20220606,000000,24.12,24.12,21.86,22.02,223725,0
MORF.US,D,20220607,000000,21.7,23.97,21.7,23.89,234854,0
MORF.US,D,20220608,000000,23.86,25.1,23.72,24.49,209053,0
MORF.US,D,20220609,000000,24.56,24.56,23.18,23.28,226602,0
MORF.US,D,20220610,000000,22.56,22.56,20.59,20.83,253160,0
MORF.US,D,20220613,000000,20.15,20.435,19.23,19.74,375098,0
MORF.US,D,20220614,000000,19.79,20.865,19.72,20.63,282122,0
MORF.US,D,20220615,000000,20.62,21.53,20.26,20.98,376433,0
MORF.US,D,20220616,000000,20.15,20.48,19.27,20.3,517105,0
MORF.US,D,20220617,000000,20.54,22.98,20.54,21.91,1383786,0
MORF.US,D,20220621,000000,22.4,23.48,21.755,21.82,537404,0
MORF.US,D,20220622,000000,21.82,22.21,20.74,21.25,497638,0
MORF.US,D,20220623,000000,21.39,23.629,21.39,23.55,619781,0
MORF.US,D,20220624,000000,23.83,24.17,22.828,23.08,769347,0
MORF.US,D,20220627,000000,23.07,23.37,22.4,22.64,211975,0
MORF.US,D,20220628,000000,22.64,22.64,20.98,21.22,241189,0
MORF.US,D,20220629,000000,21.46,21.9,20.41,21.17,295358,0
MORF.US,D,20220630,000000,20.71,22,20.495,21.7,390969,0
MORF.US,D,20220701,000000,21.87,22.565,21.2348,22.23,288564,0
MORF.US,D,20220705,000000,21.8,23.82,21.62,23.75,497598,0
MORF.US,D,20220706,000000,23.81,24.765,23.13,23.58,480995,0
MORF.US,D,20220707,000000,23.57,24.52,23.02,23.47,467670,0
MORF.US,D,20220708,000000,23.37,25.31,22.79,25.23,500371,0
MORF.US,D,20220711,000000,24.79,24.79,23.69,24.43,543447,0
MORF.US,D,20220712,000000,24.38,24.96,23.13,24.83,440852,0
MORF.US,D,20220713,000000,24.11,25.74,23.8,24.81,489474,0
MORF.US,D,20220714,000000,24.59,25.02,23.52,23.83,237927,0
MORF.US,D,20220715,000000,24.3,24.3,23.285,24.21,267554,0
MORF.US,D,20220718,000000,24.54,25.19,23.22,23.61,305299,0
MORF.US,D,20220719,000000,24.1,25.28,23.015,24.99,322141,0
MORF.US,D,20220720,000000,26.01,26.61,25.18,26.27,383429,0
MORF.US,D,20220721,000000,26.17,27.33,25.285,27.17,239837,0
MORF.US,D,20220722,000000,27.24,27.96,24.8,25,494263,0
MORF.US,D,20220725,000000,24.99,25.46,24.22,25.09,217930,0
MORF.US,D,20220726,000000,24.88,26.04,24.7,25.43,257873,0
MORF.US,D,20220727,000000,25.71,26.725,25.2,26.46,213843,0
MORF.US,D,20220728,000000,26.37,27.05,25.58,26.81,183360,0
MORF.US,D,20220729,000000,26.69,27.17,25.955,26.47,188301,0
MORF.US,D,20220801,000000,26.23,26.995,24.885,25.01,236534,0
MORF.US,D,20220802,000000,24.85,25.75,24.61,25.05,683500,0
MORF.US,D,20220803,000000,26.03,28.8,25.73,28.6,719601,0
MORF.US,D,20220804,000000,29.1,32.03,28.9,31.93,458637,0
MORF.US,D,20220805,000000,30.97,32.91,30.39,32.44,404577,0
MORF.US,D,20220808,000000,32.36,33.45,30.91,31.69,340698,0
MORF.US,D,20220809,000000,31.1,31.41,30.36,31.01,308039,0
MORF.US,D,20220810,000000,31.96,33.62,31.61,33.37,493826,0
MORF.US,D,20220811,000000,33.37,33.55,28.76,29.12,609885,0
MORF.US,D,20220812,000000,29.51,33.14,29.12,33,333673,0
MORF.US,D,20220815,000000,32.62,33.29,32.2941,32.98,279437,0
MORF.US,D,20220816,000000,32.81,33.77,32,32.94,299544,0
MORF.US,D,20220817,000000,32.19,32.58,30.79,30.93,324123,0
MORF.US,D,20220818,000000,31.11,31.11,29.26,30.28,305770,0
MORF.US,D,20220819,000000,29.45,30.84,29.055,30.56,229640,0
MORF.US,D,20220822,000000,29.97,30.735,29.2,29.6,201953,0
MORF.US,D,20220823,000000,29.81,31.24,29.46,30.73,175770,0
MORF.US,D,20220824,000000,30.65,31.97,30.5,31.41,189950,0
MORF.US,D,20220825,000000,31.87,31.99,30.43,31.34,136160,0
MORF.US,D,20220826,000000,31.53,31.53,28.55,28.64,303811,0
MORF.US,D,20220829,000000,28.17,29.115,27.67,27.92,195418,0
MORF.US,D,20220830,000000,28.28,29,26.78,27.46,279869,0
MORF.US,D,20220831,000000,27.96,28.61,27.37,27.52,334607,0
MORF.US,D,20220901,000000,27.38,29.22,26.81,29,437599,0
MORF.US,D,20220902,000000,29.34,30,27.96,28.33,271327,0
MORF.US,D,20220906,000000,28.33,29.165,26.52,27.69,413517,0
MORF.US,D,20220907,000000,28.41,29.19,27.76,29.12,220652,0
MORF.US,D,20220908,000000,28.86,30.4,28.19,30.05,240637,0
MORF.US,D,20220909,000000,30.09,30.13,28.926,29.56,208098,0
MORF.US,D,20220912,000000,29.6,30.18,28.585,30.13,351420,0
MORF.US,D,20220913,000000,28.91,28.97,28.12,28.42,380577,0
MORF.US,D,20220914,000000,28.47,29.105,27.91,28.92,296000,0
MORF.US,D,20220915,000000,28.83,29.72,28.69,29.51,210809,0
MORF.US,D,20220916,000000,28.86,29.3,28.13,28.51,1049186,0
MORF.US,D,20220919,000000,28.26,28.75,27.635,28.33,233090,0
MORF.US,D,20220920,000000,27.99,28.59,27.73,28.26,400716,0
MORF.US,D,20220921,000000,28.6,28.6,26.91,26.99,308674,0
MORF.US,D,20220922,000000,26.88,27.25,26.105,26.89,295245,0
MORF.US,D,20220923,000000,26.54,26.83,25.28,25.98,395308,0
MORF.US,D,20220926,000000,25.95,26.58,25.08,25.24,242923,0
MORF.US,D,20220927,000000,25.81,27,25.35,26.81,653284,0
MORF.US,D,20220928,000000,27.3,29.08,26.58,28.77,846564,0
MORF.US,D,20220929,000000,28.43,28.71,27.495,28,211393,0
MORF.US,D,20220930,000000,28.03,29.8,27.96,28.3,243213,0
MORF.US,D,20221003,000000,28.92,28.92,27.36,28.14,239370,0
MORF.US,D,20221004,000000,28.59,29.625,28.215,28.94,321786,0
MORF.US,D,20221005,000000,28.49,29.08,27.36,28.77,339742,0
MORF.US,D,20221006,000000,28.65,30.48,28.545,30.37,272078,0
MORF.US,D,20221007,000000,29.71,29.879,28.13,28.31,238544,0
MORF.US,D,20221010,000000,28.11,28.28,27.2801,27.81,165788,0
MORF.US,D,20221011,000000,27.81,28.53,26.63,27.98,213884,0
MORF.US,D,20221012,000000,28.05,28.05,26.26,27.49,168400,0
MORF.US,D,20221013,000000,26.33,28.11,26.165,28.02,220049,0
MORF.US,D,20221014,000000,28.33,28.57,26.52,27.79,365905,0
MORF.US,D,20221017,000000,28.18,28.63,26.82,26.98,299173,0
MORF.US,D,20221018,000000,27.53,27.61,26.34,26.65,244761,0
MORF.US,D,20221019,000000,26.46,26.46,24.38,24.56,330844,0
MORF.US,D,20221020,000000,24.7,25.21,24,24.14,210919,0
MORF.US,D,20221021,000000,24.28,24.78,23.6,24.74,313550,0
MORF.US,D,20221024,000000,24.74,25.055,23.03,24.76,179390,0
MORF.US,D,20221025,000000,24.85,27.21,24.85,27.02,282077,0
MORF.US,D,20221026,000000,27.01,28.43,27.01,28.04,312183,0
MORF.US,D,20221027,000000,28.26,28.44,27.02,27.16,166719,0
MORF.US,D,20221028,000000,27.39,29.21,26.77,29.12,237267,0
MORF.US,D,20221031,000000,28.77,29.15,27.93,28.01,233024,0
MORF.US,D,20221101,000000,28.54,30,28.54,29.47,215545,0
MORF.US,D,20221102,000000,28.32,30.48,27.61,28.12,574000,0
MORF.US,D,20221103,000000,27.74,28.555,27.33,27.46,280382,0
MORF.US,D,20221104,000000,27.66,28.12,25.14,26.37,355413,0
MORF.US,D,20221107,000000,26.63,27.58,25.58,26.69,242453,0
MORF.US,D,20221108,000000,27.19,27.5,25.76,26.29,341693,0
MORF.US,D,20221109,000000,26.05,26.955,25.58,26.53,241627,0
MORF.US,D,20221110,000000,29.265,30.71,27.8,30.22,485948,0
MORF.US,D,20221111,000000,29.98,31.72,29.94,30.26,420944,0
MORF.US,D,20221114,000000,30.27,31.43,29.54,30.18,236055,0
MORF.US,D,20221115,000000,31.4,31.4,29.77,29.98,286584,0
MORF.US,D,20221116,000000,29.69,29.765,28.71,28.78,184139,0
MORF.US,D,20221117,000000,28.42,29.975,27.35,27.95,191190,0
MORF.US,D,20221118,000000,28.21,29.44,27.97,28.48,218526,0
MORF.US,D,20221121,000000,28.56,28.56,27.3,27.66,143355,0
MORF.US,D,20221122,000000,27.76,28.83,27.03,28.78,154995,0
MORF.US,D,20221123,000000,28.9,29.71,28.27,28.57,172379,0
MORF.US,D,20221125,000000,28.32,28.51,27.22,27.52,63202,0
MORF.US,D,20221128,000000,27.49,28.5,26.46,26.61,188756,0
MORF.US,D,20221129,000000,26.45,27.25,26.03,26.59,136355,0
MORF.US,D,20221130,000000,26.6,27.69,25.58,27.52,357376,0
MORF.US,D,20221201,000000,27.78,27.9,26.79,27.69,184517,0
MORF.US,D,20221202,000000,27.39,28.775,26.85,28.62,156313,0
MORF.US,D,20221205,000000,28.5,28.5,26.36,26.56,234764,0
MORF.US,D,20221206,000000,26.51,27.369,25.97,26.71,217438,0
MORF.US,D,20221207,000000,26.71,27.18,26.135,26.67,172387,0
MORF.US,D,20221208,000000,26.93,27.5917,26.29,27.19,119203,0
MORF.US,D,20221209,000000,26.93,27.05,25.7,26.09,174633,0
MORF.US,D,20221212,000000,26.23,27.58,25.94,27.55,179523,0
MORF.US,D,20221213,000000,28.6,28.89,27.065,27.37,191739,0
MORF.US,D,20221214,000000,27.2,28.08,26.9,27.47,227760,0
MORF.US,D,20221215,000000,26.77,27.36,26.47,27.02,212349,0
MORF.US,D,20221216,000000,26.4,26.71,24.88,25.65,601973,0
MORF.US,D,20221219,000000,25.65,25.65,23.2,24.44,312703,0
MORF.US,D,20221220,000000,24.43,26.02,24.2,25.82,243101,0
MORF.US,D,20221221,000000,25.9,26.845,25.4,26.41,240146,0
MORF.US,D,20221222,000000,26.03,26.63,25.78,26.44,117935,0
MORF.US,D,20221223,000000,26.4,26.48,25.51,25.81,93431,0
MORF.US,D,20221227,000000,25.7,25.94,24.82,25.19,122544,0
MORF.US,D,20221228,000000,25,25.62,24.795,24.95,100363,0
MORF.US,D,20221229,000000,25.24,26.98,24.99,26.51,176694,0
MORF.US,D,20221230,000000,26.24,26.79,25.69,26.75,155493,0
MORF.US,D,20230103,000000,27.08,27.28,25.92,26.17,164108,0
MORF.US,D,20230104,000000,26.37,27.08,26.1,26.2,271472,0
MORF.US,D,20230105,000000,25.89,26.63,24.945,26.5,260070,0
MORF.US,D,20230106,000000,26.6,27.76,25.42,27.32,213147,0
MORF.US,D,20230109,000000,27.56,27.83,25.76,26.01,287662,0
MORF.US,D,20230110,000000,25.99,26.53,24.87,26.3,201511,0
MORF.US,D,20230111,000000,26.27,26.84,25.48,26.82,466941,0
MORF.US,D,20230112,000000,26.98,31.88,26.29,31.84,513448,0
MORF.US,D,20230113,000000,31.6,34.22,31.07,31.72,484300,0
MORF.US,D,20230117,000000,31.42,31.505,29.84,31.1,261022,0
MORF.US,D,20230118,000000,31.31,32.66,29.89,30.04,300326,0
MORF.US,D,20230119,000000,29.69,30.81,29.07,29.76,125212,0
MORF.US,D,20230120,000000,30.24,30.7,29.36,30.65,245237,0
MORF.US,D,20230123,000000,30.11,30.98,29.065,29.71,246870,0
MORF.US,D,20230124,000000,29.4,31.47,29.21,31.16,259119,0
MORF.US,D,20230125,000000,30.68,32.53,29.94,31.68,234770,0
MORF.US,D,20230126,000000,32.02,32.02,30.62,30.86,166997,0
MORF.US,D,20230127,000000,30.76,32.1568,30.63,31.85,148795,0
MORF.US,D,20230130,000000,31.5,32.75,31.19,32.1,171628,0
MORF.US,D,20230131,000000,32.29,33.04,31.95,32.73,173610,0
MORF.US,D,20230201,000000,32.73,33.89,31.98,33.71,268452,0
MORF.US,D,20230202,000000,34.31,34.5,33.58,34.34,284460,0
MORF.US,D,20230203,000000,33.57,34.68,33.03,34.55,207326,0
MORF.US,D,20230206,000000,34,36.025,33.65,35.28,324469,0
MORF.US,D,20230207,000000,35.38,37.07,34.19,36.81,311645,0
MORF.US,D,20230208,000000,36.75,37.68,35.75,36.45,351723,0
MORF.US,D,20230209,000000,36.64,37.49,35.69,35.88,543435,0
MORF.US,D,20230210,000000,35.6,36.73,34.92,35.35,212795,0
MORF.US,D,20230213,000000,35.58,39.36,35.55,39.01,573376,0
MORF.US,D,20230214,000000,38.95,41.65,37.2915,41.15,596035,0
MORF.US,D,20230215,000000,41,41.46,39.57,39.94,235876,0
MORF.US,D,20230216,000000,39.21,40.05,39.06,39.71,347121,0
MORF.US,D,20230217,000000,39.81,42.27,39.11,41.92,345026,0
MORF.US,D,20230221,000000,41.19,41.855,39.8,39.98,490110,0
MORF.US,D,20230222,000000,40.16,42.5,39.88,42.16,438787,0
MORF.US,D,20230223,000000,43.68,44.66,41.79,42.98,548999,0
MORF.US,D,20230224,000000,40,42.15,37.83,42.05,529744,0
MORF.US,D,20230227,000000,42.7,42.845,41.385,41.58,330784,0
MORF.US,D,20230228,000000,41.51,42.97,41.51,42.52,333680,0
MORF.US,D,20230301,000000,42.52,44.02,42.32,43.68,514535,0
MORF.US,D,20230302,000000,43.19,43.81,42.22,43.75,464053,0
MORF.US,D,20230303,000000,44.06,44.73,42.8357,44.23,315231,0
MORF.US,D,20230306,000000,44.42,44.42,42.8017,43.89,371844,0
MORF.US,D,20230307,000000,43.9,46.1,43.35,45.64,493394,0
MORF.US,D,20230308,000000,46.09,48.99,45.46,48.69,835093,0
MORF.US,D,20230309,000000,48.75,49.24,47.24,47.8,619928,0
MORF.US,D,20230310,000000,47.58,47.58,41.18,42.31,728531,0
MORF.US,D,20230313,000000,42,44.25,41.22,43.25,456562,0
MORF.US,D,20230314,000000,44.47,44.97,42.88,43.54,422258,0
MORF.US,D,20230315,000000,42.7,43.53,41.92,42.3,431430,0
MORF.US,D,20230316,000000,41.85,44.43,41.31,44.33,261963,0
MORF.US,D,20230317,000000,43.79,43.9899,41.49,41.82,957295,0
MORF.US,D,20230320,000000,42.36,42.76,41.455,41.95,208005,0
MORF.US,D,20230321,000000,42.69,42.69,40.23,40.32,397556,0
MORF.US,D,20230322,000000,39.97,40.28,38.39,38.47,332847,0
MORF.US,D,20230323,000000,38.89,39.05,36.28,37.63,544584,0
MORF.US,D,20230324,000000,37.33,37.64,35.89,37.22,570221,0
MORF.US,D,20230327,000000,37.69,38.68,37.125,37.57,341904,0
MORF.US,D,20230328,000000,37.15,37.85,37.075,37.42,486249,0
MORF.US,D,20230329,000000,37.92,38.5,37.54,37.89,255709,0
MORF.US,D,20230330,000000,38,38.37,36.66,37.27,331333,0
MORF.US,D,20230331,000000,37.57,38.5,37.32,37.64,288136,0
MORF.US,D,20230403,000000,37.58,38.33,37.23,37.97,167143,0
MORF.US,D,20230404,000000,38.24,38.24,35.3715,35.97,254495,0
MORF.US,D,20230405,000000,35.55,35.98,34.72,34.79,297454,0
MORF.US,D,20230406,000000,34.65,35.335,33.94,34.33,342077,0
MORF.US,D,20230410,000000,34,35.53,33.92,35.28,446620,0
MORF.US,D,20230411,000000,35.32,35.755,34.4,35.56,273523,0
MORF.US,D,20230412,000000,35.91,36.17,34.82,35.67,258953,0
MORF.US,D,20230413,000000,35.83,37.53,35.555,36.43,256742,0
MORF.US,D,20230414,000000,36.4,36.43,34.57,34.64,230371,0
MORF.US,D,20230417,000000,38.01,43.63,38,42.43,1173487,0
MORF.US,D,20230418,000000,42.54,44.23,42.22,43.96,516610,0
MORF.US,D,20230419,000000,43.66,44.86,43.4,44.72,309871,0
MORF.US,D,20230420,000000,44.24,45.2,42.48,43.17,359940,0
MORF.US,D,20230421,000000,43.24,45,42.13,44.82,286088,0
MORF.US,D,20230424,000000,44.54,45,43.2,43.53,239678,0
MORF.US,D,20230425,000000,54.85,54.97,38.5,46.7,6110100,0
MORF.US,D,20230426,000000,47.89,50.08,45.76,46,1577972,0
MORF.US,D,20230427,000000,45.45,47.41,44.76,46.53,574494,0
MORF.US,D,20230428,000000,46.39,47.97,44.98,47.26,686587,0
MORF.US,D,20230501,000000,47.36,50.2327,47.32,49.39,675316,0
MORF.US,D,20230502,000000,49.45,50.13,47.76,48.49,716008,0
MORF.US,D,20230503,000000,48.21,52.45,47.81,51.19,1852033,0
MORF.US,D,20230504,000000,50.89,53.2,50.34,52.81,984241,0
MORF.US,D,20230505,000000,53.63,55.11,51.5,55.05,979031,0
MORF.US,D,20230508,000000,55.34,55.66,53.05,54.82,545151,0
MORF.US,D,20230509,000000,54.64,58.832,54.48,58.5,607332,0
MORF.US,D,20230510,000000,59,59.54,57.055,57.69,493419,0
MORF.US,D,20230511,000000,57.46,58.25,57.03,57.5,333325,0
MORF.US,D,20230512,000000,57.74,58.095,56.64,57.34,237152,0
MORF.US,D,20230515,000000,57.77,59.03,56.59,57.54,332494,0
MORF.US,D,20230516,000000,56.1,56.53,53.7901,55.3,414952,0
MORF.US,D,20230517,000000,55.66,56.779,54.51,56.47,416189,0
MORF.US,D,20230518,000000,56.24,57.225,55.255,56.61,489686,0
MORF.US,D,20230519,000000,56.79,57.99,55.98,56.97,482357,0
MORF.US,D,20230522,000000,57.51,57.96,56.66,57.07,438961,0
MORF.US,D,20230523,000000,57.07,60.23,56.67,59.5,773553,0
MORF.US,D,20230524,000000,59.09,60.005,57.84,58.8,497256,0
MORF.US,D,20230525,000000,58.92,59.01,56.16,56.38,370306,0
MORF.US,D,20230526,000000,56.38,57.62,54.97,57.28,252087,0
MORF.US,D,20230530,000000,57.22,58.175,54.62,56.63,318790,0
MORF.US,D,20230531,000000,56.87,58.05,56.01,57.5,497176,0
MORF.US,D,20230601,000000,57.51,58.29,56.04,56.47,362934,0
MORF.US,D,20230602,000000,56.96,57.79,56.31,57.04,425502,0
MORF.US,D,20230605,000000,56.57,58.07,55.97,57.59,325098,0
MORF.US,D,20230606,000000,57.61,59.89,56.91,59.44,852044,0
MORF.US,D,20230607,000000,59.36,61.87,59.12,61.57,678739,0
MORF.US,D,20230608,000000,61.25,62.49,60.49,62.11,481455,0
MORF.US,D,20230609,000000,62.21,63,61.21,61.73,375241,0
MORF.US,D,20230612,000000,62.29,63.0825,60.15,61,385554,0
MORF.US,D,20230613,000000,61.08,61.96,58.77,60.08,429529,0
MORF.US,D,20230614,000000,59.82,60.325,58.94,59.82,485613,0
MORF.US,D,20230615,000000,59.62,59.925,58.77,59.33,425213,0
MORF.US,D,20230616,000000,60.09,60.51,57.76,58.5,2135294,0
MORF.US,D,20230620,000000,59.5,61.17,59.5,60.64,568083,0
MORF.US,D,20230621,000000,60.27,62.005,59.8,61.05,583610,0
MORF.US,D,20230622,000000,60.7,61.66,60.27,61.01,337076,0
MORF.US,D,20230623,000000,60.54,61.12,59.7,59.76,1008661,0
MORF.US,D,20230626,000000,59.9,59.9,57.38,58.05,527144,0
MORF.US,D,20230627,000000,58.35,59.37,54.92,55.01,576362,0
MORF.US,D,20230628,000000,55.26,57.72,54.12,56.93,500867,0
MORF.US,D,20230629,000000,56.6,56.6,54.31,54.53,535863,0
MORF.US,D,20230630,000000,54.97,58.06,54.7,57.33,461508,0
MORF.US,D,20230703,000000,57.33,57.69,56.52,57.1,212640,0
MORF.US,D,20230705,000000,57.19,58.55,56.965,58.07,292590,0
MORF.US,D,20230706,000000,57.68,57.83,55.61,57.02,483193,0
MORF.US,D,20230707,000000,56.89,58.425,56.89,57.64,270541,0
MORF.US,D,20230710,000000,57.61,59.835,57.61,59.42,297717,0
MORF.US,D,20230711,000000,59.16,59.16,57.02,57.76,240131,0
MORF.US,D,20230712,000000,58.41,58.6,57.4,58.35,325089,0
MORF.US,D,20230713,000000,58.35,59.33,57.67,58.43,196533,0
MORF.US,D,20230714,000000,58.64,59.07,57.9,58.93,209909,0
MORF.US,D,20230717,000000,59.2,61.6591,59.2,59.34,365477,0
MORF.US,D,20230718,000000,59.17,59.53,56.34,56.47,490971,0
MORF.US,D,20230719,000000,56.42,56.74,54.52,54.97,559773,0
MORF.US,D,20230720,000000,55.16,57.295,55,57.23,352958,0
MORF.US,D,20230721,000000,58,58.8902,56.73,56.87,257583,0
MORF.US,D,20230724,000000,56.54,56.88,53.87,55.47,350145,0
MORF.US,D,20230725,000000,55.48,56.4,54.825,55.48,283501,0
MORF.US,D,20230726,000000,55.76,55.76,53.72,54,229056,0
MORF.US,D,20230727,000000,54.45,54.58,52.845,53.28,269436,0
MORF.US,D,20230728,000000,53.7,55.68,53.0856,55.35,620884,0
MORF.US,D,20230731,000000,55.35,56.75,54.69,56.73,333047,0
MORF.US,D,20230801,000000,56.29,58.14,55.03,57.85,323460,0
MORF.US,D,20230802,000000,57.35,62.08,56.745,58.69,777014,0
MORF.US,D,20230803,000000,55.71,59.02,54.29,57.59,364083,0
MORF.US,D,20230804,000000,58.03,59.96,57.75,59.22,357328,0
MORF.US,D,20230807,000000,59.23,59.23,56.35,56.41,403184,0
MORF.US,D,20230808,000000,56.37,59.28,56.201,58.26,330904,0
MORF.US,D,20230809,000000,56.68,57.15,52.78,54.4,500861,0
MORF.US,D,20230810,000000,54.57,55.015,53.57,54.17,412090,0
MORF.US,D,20230811,000000,54.2,55.28,53.76,54,401834,0
MORF.US,D,20230814,000000,53.46,54.42,52.32,54.42,238708,0
MORF.US,D,20230815,000000,54.48,54.48,52.97,53.4,304983,0
MORF.US,D,20230816,000000,53.35,53.48,51.005,51.5,283498,0
MORF.US,D,20230817,000000,51.59,52.311,50.675,50.75,310043,0
MORF.US,D,20230818,000000,50.24,54.52,50.05,54.22,341831,0
MORF.US,D,20230821,000000,54.12,55.465,53.295,54.93,243618,0
MORF.US,D,20230822,000000,54.92,55.53,53.85,54.24,488477,0
MORF.US,D,20230823,000000,54.6,55.525,54.44,54.54,366060,0
MORF.US,D,20230824,000000,54.54,54.89,53.04,53.64,230336,0
MORF.US,D,20230825,000000,53.78,55.75,53.475,55.09,209362,0
MORF.US,D,20230828,000000,55.17,56.21,54.21,54.78,209122,0
MORF.US,D,20230829,000000,54.67,55.99,53.74,55.05,224622,0
MORF.US,D,20230830,000000,54.87,55.97,54.68,55.7,273530,0
MORF.US,D,20230831,000000,55.46,56.71,54.98,55.08,281356,0
MORF.US,D,20230901,000000,55.42,56.75,55.42,55.91,228336,0
MORF.US,D,20230905,000000,55.91,56.34,54.63,54.84,330553,0
MORF.US,D,20230906,000000,54.76,56.26,52.65,53.94,272218,0
MORF.US,D,20230907,000000,53.57,55.16,52.79,53.57,634504,0
MORF.US,D,20230908,000000,53.74,55.2,53.57,54.42,221977,0
MORF.US,D,20230911,000000,54.45,55.06,53.975,54.21,237622,0
MORF.US,D,20230912,000000,53.98,55.38,53.98,54.75,486957,0
MORF.US,D,20230913,000000,55.15,55.69,53.15,53.2,304567,0
MORF.US,D,20230914,000000,53.31,56.2,53.22,55.12,662074,0
MORF.US,D,20230915,000000,55.29,55.66,52.82,53.22,1250334,0
MORF.US,D,20230918,000000,52.87,53.44,52.4,53.07,303531,0
MORF.US,D,20230919,000000,52.99,53.69,52.33,52.49,174912,0
MORF.US,D,20230920,000000,52.6,53.05,50.65,50.79,307551,0
MORF.US,D,20230921,000000,50.13,52.76,49.6,51.4,677478,0
MORF.US,D,20230922,000000,51.46,52.71,31.55,36.68,5877626,0
MORF.US,D,20230925,000000,33.37,33.91,21.66,23.14,8621286,0
MORF.US,D,20230926,000000,22.48,23.62,21.18,21.33,5725178,0
MORF.US,D,20230927,000000,20.06,23.25,19.8,22.82,5689961,0
MORF.US,D,20230928,000000,22.9,22.9,21.56,22.49,1751938,0
MORF.US,D,20230929,000000,22.55,24.36,21.15,22.91,2548001,0
MORF.US,D,20231002,000000,23.03,23.19,20.72,21.01,1370838,0
MORF.US,D,20231003,000000,21.28,23.91,21.26,23,2238775,0
MORF.US,D,20231004,000000,22.83,23.195,21,21.62,1278857,0
MORF.US,D,20231005,000000,21.73,22.25,21.13,21.49,1866810,0
MORF.US,D,20231006,000000,21.44,23.5,21.12,23.02,1439796,0
MORF.US,D,20231009,000000,22.6,23.335,21.98,22.41,1016646,0
MORF.US,D,20231010,000000,22.41,23.765,21.92,22.87,1439551,0
MORF.US,D,20231011,000000,22.89,23.04,21.9,22.89,1182572,0
MORF.US,D,20231012,000000,23,24.79,21.25,21.89,3271194,0
MORF.US,D,20231013,000000,21.61,21.93,20.44,21.63,1551963,0
MORF.US,D,20231016,000000,22.4,22.75,21.18,21.55,1062146,0
MORF.US,D,20231017,000000,21.38,22.8299,20.98,21.29,786164,0
MORF.US,D,20231018,000000,20.78,21.38,20.54,20.97,523760,0
MORF.US,D,20231019,000000,21.04,21.09,20.39,20.53,887810,0
MORF.US,D,20231020,000000,20.58,21.27,20.4,20.57,856232,0
MORF.US,D,20231023,000000,20.32,20.82,20.02,20.14,457867,0
MORF.US,D,20231024,000000,20.37,20.96,20.19,20.49,567081,0
MORF.US,D,20231025,000000,20.25,20.68,19.962,20.1,498101,0
MORF.US,D,20231026,000000,20.12,20.64,19.852,20.28,402956,0
MORF.US,D,20231027,000000,20.36,20.53,19.37,20.2,736247,0
MORF.US,D,20231030,000000,20.2,20.85,20.12,20.4,621457,0
MORF.US,D,20231031,000000,20.32,20.73,19.79,19.95,408319,0
MORF.US,D,20231101,000000,20.05,20.35,19.345,20.05,771333,0
MORF.US,D,20231102,000000,20.43,21.701,19.4,20.86,526689,0
MORF.US,D,20231103,000000,21.1,22.9,20.9553,22.57,795838,0
MORF.US,D,20231106,000000,22.86,23.26,20.99,21.17,533329,0
MORF.US,D,20231107,000000,21.32,22.43,21.25,22.17,490458,0
MORF.US,D,20231108,000000,22.11,22.138,21.01,21.53,425836,0
MORF.US,D,20231109,000000,21.54,21.55,20.09,20.18,711158,0
MORF.US,D,20231110,000000,20.49,20.68,19.64,20.49,729204,0
MORF.US,D,20231113,000000,20.39,20.94,19.4,20.89,376334,0
MORF.US,D,20231114,000000,22.17,23.18,21.59,22.73,709159,0
MORF.US,D,20231115,000000,22.86,24.2,22.85,23.28,634274,0
MORF.US,D,20231116,000000,23.81,23.81,22.0073,23.11,473810,0
MORF.US,D,20231117,000000,23.28,23.75,22.48,23.4,319839,0
MORF.US,D,20231120,000000,23.36,24.745,22.95,24.09,404180,0
MORF.US,D,20231121,000000,23.76,23.99,23.02,23.2,247650,0
MORF.US,D,20231122,000000,23.42,23.53,22.56,23.13,269408,0
MORF.US,D,20231124,000000,23.13,23.96,22.97,23.72,125692,0
MORF.US,D,20231127,000000,23.53,23.53,22.62,23.25,558698,0
MORF.US,D,20231128,000000,23,23.47,22.6,23.4,243753,0
MORF.US,D,20231129,000000,23.65,24.435,23.43,24.11,324906,0
MORF.US,D,20231130,000000,24.39,24.66,23.12,23.7,661511,0
MORF.US,D,20231201,000000,23.62,25.07,23.29,24.41,661253,0
MORF.US,D,20231204,000000,24.37,25.04,24.22,24.95,401368,0
MORF.US,D,20231205,000000,24.64,25.71,24.43,25.06,511447,0
MORF.US,D,20231206,000000,25.07,26.12,25.01,25.78,574464,0
MORF.US,D,20231207,000000,26.04,26.8,25.36,26.59,502713,0
MORF.US,D,20231208,000000,27.38,28.05,26.29,27.17,694396,0
MORF.US,D,20231211,000000,27.22,27.26,25.395,26.37,679614,0
MORF.US,D,20231212,000000,26.28,27.71,25.58,27.39,471402,0
MORF.US,D,20231213,000000,27.18,29.43,27.055,29.35,591504,0
MORF.US,D,20231214,000000,30.08,30.27,29.19,29.55,745344,0
MORF.US,D,20231215,000000,29.51,31.45,29.51,31,2703184,0
MORF.US,D,20231218,000000,30.69,30.89,29.26,29.41,518629,0
MORF.US,D,20231219,000000,29.65,30.03,29,29.36,894860,0
MORF.US,D,20231220,000000,29.3,29.86,27.79,27.89,621002,0
MORF.US,D,20231221,000000,28.34,29.1889,28.04,28.55,540451,0
MORF.US,D,20231222,000000,28.87,29.74,28.46,28.9,443638,0
MORF.US,D,20231226,000000,29.16,30.185,28.59,30.01,419206,0
MORF.US,D,20231227,000000,30.19,30.7,29.82,30.67,451099,0
MORF.US,D,20231228,000000,30.59,31.225,29.44,29.68,779188,0
MORF.US,D,20231229,000000,29.8,30.44,28.58,28.88,539002,0
MORF.US,D,20240102,000000,28.49,30.29,27.97,28.93,297139,0
MORF.US,D,20240103,000000,28.56,28.99,27.175,27.32,376712,0
MORF.US,D,20240104,000000,27.35,28.36,27.03,27.53,592000,0
MORF.US,D,20240105,000000,27.18,27.95,26.03,27.3,308913,0
MORF.US,D,20240108,000000,27.02,28.44,26.72,28.4,777862,0
MORF.US,D,20240109,000000,27.82,28.64,27.21,28.36,621731,0
MORF.US,D,20240110,000000,28.2,29.35,27.86,28.99,724048,0
MORF.US,D,20240111,000000,28.47,28.64,27.52,27.68,856188,0
MORF.US,D,20240112,000000,28.08,28.97,27.47,27.79,209241,0
MORF.US,D,20240116,000000,27.28,27.93,26.93,27.85,494087,0
MORF.US,D,20240117,000000,27.5,27.87,26.5,27.16,548868,0
MORF.US,D,20240118,000000,27.21,27.62,26.11,26.81,648249,0
MORF.US,D,20240119,000000,26.75,27.09,26.1,26.64,552362,0
MORF.US,D,20240122,000000,27.08,27.54,26.41,27.39,717849,0
MORF.US,D,20240123,000000,27.77,27.88,26.9,27.84,345682,0
MORF.US,D,20240124,000000,28.08,28.37,27.58,28.26,391048,0
MORF.US,D,20240125,000000,28.81,29.67,28.21,29.32,531650,0
MORF.US,D,20240126,000000,29.61,30.51,29.29,30.25,570571,0
MORF.US,D,20240129,000000,30.28,32.18,29.82,32.09,481026,0
MORF.US,D,20240130,000000,31.84,32,30.32,31.05,872710,0
MORF.US,D,20240131,000000,30.92,32.61,30.31,31.69,695092,0
MORF.US,D,20240201,000000,31.78,34.8,31.385,34.68,626996,0
MORF.US,D,20240202,000000,34.14,34.92,32.34,34.75,2150671,0
MORF.US,D,20240205,000000,34.16,36.42,33.475,35.98,828339,0
MORF.US,D,20240206,000000,35.92,38.19,35.54,38.14,646706,0
MORF.US,D,20240207,000000,38.18,38.285,36.8,36.82,639162,0
MORF.US,D,20240208,000000,36.77,39.04,36.61,38.71,348575,0
MORF.US,D,20240209,000000,39.02,40.99,38.88,39.7,401401,0
MORF.US,D,20240212,000000,39.67,41.47,39.38,40.31,832627,0
MORF.US,D,20240213,000000,37.98,39.42,36.24,37.18,839700,0
MORF.US,D,20240214,000000,38.14,38.25,36.93,37.57,695036,0
MORF.US,D,20240215,000000,37.58,38.96,37.58,38.65,550102,0
MORF.US,D,20240216,000000,38.19,38.475,37.3,37.68,394443,0
MORF.US,D,20240220,000000,37.1,38.1363,35.47,35.92,581477,0
MORF.US,D,20240221,000000,35.77,36.42,34.91,35.48,369815,0
MORF.US,D,20240222,000000,35.54,36.11,34.81,35.85,941199,0
MORF.US,D,20240223,000000,35.23,36.07,34.47,35.3,302336,0
MORF.US,D,20240226,000000,35.24,36.17,35.05,35.65,571532,0
MORF.US,D,20240227,000000,35.85,38.33,35.535,38.16,717426,0
MORF.US,D,20240228,000000,37.46,38.39,36.93,37.57,432856,0
MORF.US,D,20240229,000000,38.48,38.48,36.335,36.95,525036,0
MORF.US,D,20240301,000000,37.2,39.71,36.866,39.53,452719,0
MORF.US,D,20240304,000000,39.93,40,37.4,37.69,360332,0
MORF.US,D,20240305,000000,36.9,38.26,36.12,36.66,358548,0
MORF.US,D,20240306,000000,37.72,37.72,36.86,37.4,332117,0
MORF.US,D,20240307,000000,37.7,38.53,35.99,36.08,326928,0
MORF.US,D,20240308,000000,36.87,37.94,36.1,37.18,238386,0
MORF.US,D,20240311,000000,36.93,38.3584,36.86,36.89,394352,0
MORF.US,D,20240312,000000,36.91,37.19,35.2,35.49,273308,0
MORF.US,D,20240313,000000,35.6,36.21,34.28,34.6,374895,0
MORF.US,D,20240314,000000,34.68,36.11,33.82,34.54,480079,0
MORF.US,D,20240315,000000,34.28,35.36,33.91,34.55,735705,0
MORF.US,D,20240318,000000,34.32,34.68,33.36,33.46,398914,0
MORF.US,D,20240319,000000,32.93,34.635,32.5792,33.9,327211,0
MORF.US,D,20240320,000000,33.92,34.74,33.34,34.62,257412,0
MORF.US,D,20240321,000000,35.12,35.88,34.41,34.65,354622,0
MORF.US,D,20240322,000000,34.72,34.93,33.06,33.24,236813,0
MORF.US,D,20240325,000000,33.17,33.76,31.78,32.15,353918,0
MORF.US,D,20240326,000000,32.7,33.45,32.12,32.78,366184,0
MORF.US,D,20240327,000000,33.34,34.57,32.43,34.39,285985,0
MORF.US,D,20240328,000000,34.42,35.53,33.81,35.2,344168,0
MORF.US,D,20240401,000000,35.04,35.56,32.635,32.91,403302,0
MORF.US,D,20240402,000000,32.14,32.66,31.185,31.9,422677,0
MORF.US,D,20240403,000000,31.53,32.09,31.32,31.71,519281,0
MORF.US,D,20240404,000000,31.95,32.27,29.805,30.11,560131,0
MORF.US,D,20240405,000000,29.86,30.67,29.84,30.14,342688,0
MORF.US,D,20240408,000000,30.22,30.66,29.89,30.09,230636,0
MORF.US,D,20240409,000000,30.1,30.77,29.73,30.77,222054,0
MORF.US,D,20240410,000000,29.45,30.24,29.02,30,468751,0
MORF.US,D,20240411,000000,30.37,30.6,29.785,30.32,273333,0
MORF.US,D,20240412,000000,30.01,30.01,28.225,28.66,458113,0
MORF.US,D,20240415,000000,28.58,29.55,28.265,29.51,641843,0
MORF.US,D,20240416,000000,29.18,29.635,27.58,27.85,399799,0
MORF.US,D,20240417,000000,28.05,28.15,27.34,27.87,486129,0
MORF.US,D,20240418,000000,28.08,28.13,27.24,27.51,369158,0
MORF.US,D,20240419,000000,27.27,28.16,27.12,27.98,383671,0
MORF.US,D,20240422,000000,28.3,28.9,27.88,28.5,367504,0
MORF.US,D,20240423,000000,28.41,29.59,28.25,28.75,512154,0
MORF.US,D,20240424,000000,29.05,29.05,27.55,27.69,332732,0
MORF.US,D,20240425,000000,27.29,28.11,26.36,27.98,772240,0
MORF.US,D,20240426,000000,27.9,28.83,27.31,28.07,530609,0
MORF.US,D,20240429,000000,28.04,28.75,27.56,27.97,354206,0
MORF.US,D,20240430,000000,27.69,28.06,27.19,27.27,328000,0
MORF.US,D,20240501,000000,27.28,28.59,27.09,27.97,559611,0
MORF.US,D,20240502,000000,28.41,29.17,28.09,28.71,335352,0
MORF.US,D,20240503,000000,29.85,30.26,29.075,29.9,312236,0
MORF.US,D,20240506,000000,30.09,30.645,29.71,30.35,343854,0
MORF.US,D,20240507,000000,30.5,30.73,29.98,30.12,478786,0
MORF.US,D,20240508,000000,29.67,30.06,28.91,29.33,332870,0
MORF.US,D,20240509,000000,29.44,29.78,28.85,29.13,281791,0
MORF.US,D,20240510,000000,29.38,29.66,28,28.62,280372,0
MORF.US,D,20240513,000000,28.87,29.5,28.47,28.68,463541,0
MORF.US,D,20240514,000000,29.11,29.17,28.25,28.36,246922,0
MORF.US,D,20240515,000000,29.16,30.98,29.13,30.23,571598,0
MORF.US,D,20240516,000000,30.13,33.87,29.69,32.45,2384589,0
MORF.US,D,20240517,000000,32.7,32.7,28.93,29.23,420858,0
MORF.US,D,20240520,000000,29.05,30.47,28.56,30.41,353440,0
MORF.US,D,20240521,000000,30.31,31.08,29.15,29.49,285659,0
MORF.US,D,20240522,000000,29.66,30.16,28.79,29.26,293096,0
MORF.US,D,20240523,000000,29.5,29.5,27.54,27.76,356224,0
MORF.US,D,20240524,000000,28.01,31,27.47,30.8,823809,0
MORF.US,D,20240528,000000,31.21,31.646,30.56,30.775,378419,0
MORF.US,D,20240529,000000,30.13,30.61,29.625,30.1,386065,0
MORF.US,D,20240530,000000,30.49,31.0325,30.275,30.82,295630,0
MORF.US,D,20240531,000000,31.11,31.42,30.275,30.37,337782,0
MORF.US,D,20240603,000000,31.11,33.75,30.52,30.65,496094,0
MORF.US,D,20240604,000000,30.49,31.4,30.15,30.52,202898,0
MORF.US,D,20240605,000000,30.73,33.42,30.11,33.26,407366,0
MORF.US,D,20240606,000000,33.45,33.45,30.48,30.56,498975,0
MORF.US,D,20240607,000000,29.9,31.46,29.9,30.77,265226,0
MORF.US,D,20240610,000000,30.12,30.33,28.95,29.25,593715,0
MORF.US,D,20240611,000000,28.86,29.495,27.9563,28.2,671364,0
MORF.US,D,20240612,000000,29.62,30.65,27.96,28.76,602512,0
MORF.US,D,20240613,000000,28.63,28.88,27.69,27.75,346064,0
MORF.US,D,20240614,000000,27.26,27.26,26,26.45,456919,0
MORF.US,D,20240617,000000,26.35,26.84,25.6,26.12,467024,0
MORF.US,D,20240618,000000,26.14,26.47,25.25,26.16,354695,0
MORF.US,D,20240620,000000,25.93,27.695,25.87,27.5,683030,0
MORF.US,D,20240621,000000,27.67,29.23,27.52,28.47,1962790,0
MORF.US,D,20240624,000000,28.95,31.99,28.62,31.39,869483,0
MORF.US,D,20240625,000000,31.26,33.61,30.8,33.52,830803,0
MORF.US,D,20240626,000000,33.29,33.29,31.33,32.46,757008,0
MORF.US,D,20240627,000000,32.75,34.16,32.26,34.01,575510,0
MORF.US,D,20240628,000000,34.52,34.7,33.25,34.07,2139701,0
MORF.US,D,20240701,000000,34.08,34.59,31.8,32.55,411094,0
MORF.US,D,20240702,000000,32.38,32.61,31.21,31.28,312216,0
MORF.US,D,20240703,000000,31.58,32.37,31.15,31.83,128510,0
MORF.US,D,20240705,000000,31.75,32.09,31.01,31.84,230274,0
MORF.US,D,20240708,000000,55.8,55.99,55.6,55.74,53241303,0
MORF.US,D,20240709,000000,55.77,55.85,55.59,55.67,11875257,0
MORF.US,D,20240710,000000,55.72,55.8,55.66,55.74,7744268,0
MORF.US,D,20240711,000000,55.79,55.96,55.68,55.75,7444349,0
MORF.US,D,20240712,000000,55.75,55.84,55.69,55.78,5332179,0
MORF.US,D,20240715,000000,55.82,55.94,55.76,55.93,4179947,0
MORF.US,D,20240716,000000,55.95,56.19,55.91,55.99,2715100,0
MORF.US,D,20240717,000000,56.01,56.42,55.97,56.27,2678185,0
MORF.US,D,20240718,000000,56.21,56.38,56.2,56.32,2241913,0
MORF.US,D,20240719,000000,56.4,56.55,56.35,56.52,1913486,0
MORF.US,D,20240722,000000,56.59,56.59,56.46,56.59,1486854,0
MORF.US,D,20240723,000000,56.56,56.6,56.455,56.53,1281033,0
MORF.US,D,20240724,000000,56.52,56.58,56.43,56.55,1506218,0
MORF.US,D,20240725,000000,56.53,56.61,56.5,56.61,1476428,0
MORF.US,D,20240726,000000,56.61,56.64,56.52,56.55,1406891,0
MORF.US,D,20240729,000000,56.6,56.62,56.53,56.6,1236424,0
MORF.US,D,20240730,000000,56.62,56.78,56.56,56.77,1826656,0
MORF.US,D,20240731,000000,56.74,56.74,56.66,56.66,1940230,0
MORF.US,D,20240801,000000,56.82,56.85,56.81,56.82,2780094,0
MORF.US,D,20240802,000000,56.83,56.92,56.81,56.84,3440794,0
MORF.US,D,20240805,000000,56.84,56.9,56.76,56.82,4101498,0
MORF.US,D,20240806,000000,56.86,56.9,56.84,56.87,1462245,0
MORF.US,D,20240807,000000,56.86,56.9,56.85,56.89,1962825,0
MORF.US,D,20240808,000000,56.88,56.92,56.88,56.88,1316956,0
MORF.US,D,20240809,000000,56.91,56.91,56.89,56.9,1331890,0
MORF.US,D,20240812,000000,56.92,56.95,56.92,56.94,998942,0
MORF.US,D,20240813,000000,56.95,56.98,56.95,56.97,1457032,0
MORF.US,D,20240814,000000,56.98,56.98,56.97,56.97,1131124,0
MORF.US,D,20240815,000000,56.98,57,56.97,56.99,1795850,0
