<TICKER>,<PER>,<DATE>,<TIME>,<OPEN>,<HIGH>,<LOW>,<CLOSE>,<VOL>,<OPENINT>
MUU.US,D,20241014,000000,28.371,28.424,27.6,28.28,102443,0
MUU.US,D,20241015,000000,28.37,28.6599,25.4108,26.73,25213,0
MUU.US,D,20241016,000000,27.101,29.04,27.101,28.36,16525,0
MUU.US,D,20241017,000000,29.68,31.04,29.68,30.13,24163,0
MUU.US,D,20241018,000000,29.95,30.26,28.95,29.82,21297,0
MUU.US,D,20241021,000000,29,29.23,27.855,28.51,46110,0
MUU.US,D,20241022,000000,28,28,27.125,27.8,50083,0
MUU.US,D,20241023,000000,27.2,27.2369,25.63,26.36,18071,0
MUU.US,D,20241024,000000,27.23,27.346,26.83,27.26,11479,0
MUU.US,D,20241025,000000,28.1,28.6684,27.731,27.8,46617,0
MUU.US,D,20241028,000000,27.2181,27.44,26.92,27.02,7848,0
MUU.US,D,20241029,000000,27.27,28.12,26.71,28.12,10663,0
MUU.US,D,20241030,000000,26.53,26.98,25.669,25.79,18187,0
MUU.US,D,20241031,000000,24.94,24.94,23.349,23.57,15482,0
MUU.US,D,20241101,000000,23.704,23.82,23.5,23.5501,3048,0
MUU.US,D,20241104,000000,24.34,25.4167,24.34,24.53,13727,0
MUU.US,D,20241105,000000,24.57,26.36,24.57,26.36,18968,0
MUU.US,D,20241106,000000,27.66,29.56,27.14,29.41,25583,0
MUU.US,D,20241107,000000,29.9,30.49,29.36,30.2502,27240,0
MUU.US,D,20241108,000000,29.53,30.35,28.81,29.49,24187,0
MUU.US,D,20241111,000000,29.1,29.1,26.7787,27.69,40162,0
MUU.US,D,20241112,000000,25.05,25.6,24.559,25.41,40824,0
MUU.US,D,20241113,000000,24.66,24.861,23.32,23.32,74515,0
MUU.US,D,20241114,000000,23.85,24.21,22.72,23.02,28920,0
MUU.US,D,20241115,000000,22,22.29,21.4601,21.68,40312,0
MUU.US,D,20241118,000000,21.61,22.399,21.389,22.19,29593,0
MUU.US,D,20241119,000000,22.01,22.409,21.75,22.29,19811,0
MUU.US,D,20241120,000000,22.4,22.58,21.8566,22.58,46745,0
MUU.US,D,20241121,000000,23.3,24.8,22.51,24.58,148370,0
MUU.US,D,20241122,000000,24.32,24.925,24.03,24.49,35167,0
MUU.US,D,20241125,000000,25.16,26.1625,25.12,25.31,46313,0
MUU.US,D,20241126,000000,24.92,24.92,23.32,24,172838,0
MUU.US,D,20241127,000000,23.261,23.41,21.649,22.34,54408,0
MUU.US,D,20241129,000000,21.9,22.225,21.3989,22.19,40029,0
MUU.US,D,20241202,000000,22.11,23.09,22.04,22.46,54084,0
MUU.US,D,20241203,000000,23.68,24.72,22.94,23.05,86407,0
MUU.US,D,20241204,000000,23.43,24.6278,23.164,24.6,82491,0
MUU.US,D,20241205,000000,24.78,25.05,23.34,23.48,75832,0
MUU.US,D,20241206,000000,23.46,23.99,23.08,23.61,39405,0
MUU.US,D,20241209,000000,23.5,25.06,23.5,24.35,117824,0
MUU.US,D,20241210,000000,25.28,25.28,21.75,22.12,379970,0
MUU.US,D,20241211,000000,22.76,24.082,22.1843,23.85,209253,0
MUU.US,D,20241212,000000,23.66,23.66,21.865,22.1,261770,0
MUU.US,D,20241213,000000,23.14,24.2299,22.75,23.99,456821,0
MUU.US,D,20241216,000000,25.52,27.99,24.9718,26.63,1341815,0
MUU.US,D,20241217,000000,27.34,27.71,26.34,26.82,922748,0
MUU.US,D,20241218,000000,27.6,28.48,23.9501,24.54,2012775,0
MUU.US,D,20241219,000000,18.11,18.28,15.3636,16.55,1588835,0
MUU.US,D,20241220,000000,15.75,17.66,15.2082,17.63,642544,0
MUU.US,D,20241223,000000,17.6,17.97,16.96,17.5,324391,0
MUU.US,D,20241224,000000,17.35,17.4,16.91,17.26,212349,0
MUU.US,D,20241226,000000,16.93,17.7931,16.85,17.45,240988,0
MUU.US,D,20241227,000000,17.13,17.31,16.59,16.98,214664,0
MUU.US,D,20241230,000000,16.33,16.33,15.48,15.79,273728,0
MUU.US,D,20241231,000000,15.84,16.1532,15.31,15.31,199477,0
MUU.US,D,20250102,000000,15.65,16.6,15.55,16.46,160952,0
MUU.US,D,20250103,000000,16.67,17.5108,16.56,17.41,235488,0
MUU.US,D,20250106,000000,19.56,21.905,19.56,21.03,551526,0
MUU.US,D,20250107,000000,22.87,24.19,21.85,22.19,798502,0
MUU.US,D,20250108,000000,22.67,22.78,20.61,21.09,388495,0
MUU.US,D,20250110,000000,20.55,21.5539,20,21,264294,0
MUU.US,D,20250113,000000,19.42,19.52,18.32,19.19,211041,0
MUU.US,D,20250114,000000,19.95,20.15,19.33,20.15,128632,0
MUU.US,D,20250115,000000,21.03,22.8,21.01,22.53,332393,0
MUU.US,D,20250116,000000,23,23.14,21.9501,22.23,252111,0
MUU.US,D,20250117,000000,23.25,23.62,22.2413,23.57,221099,0
MUU.US,D,20250121,000000,23.4,25.59,23.4,25.18,319453,0
MUU.US,D,20250122,000000,25.13,25.79,24.46,25.13,355434,0
MUU.US,D,20250123,000000,23.06,23.6816,22.45,23.09,343605,0
MUU.US,D,20250124,000000,23.35,23.43,22.1888,22.34,157699,0
MUU.US,D,20250127,000000,18.82,19.205,15.955,17.14,510672,0
MUU.US,D,20250128,000000,17.62,17.95,15.98,16.06,415043,0
MUU.US,D,20250129,000000,16.5689,16.77,15.89,16.36,310232,0
MUU.US,D,20250130,000000,16.87,17.83,16.8,17.64,397233,0
MUU.US,D,20250131,000000,17.14,18.23,17.0642,17.13,306655,0
MUU.US,D,20250203,000000,16.12,17.09,15.91,16.6,234158,0
MUU.US,D,20250204,000000,16.3,17.1299,16.2,16.86,166856,0
MUU.US,D,20250205,000000,16.7,17.95,16.69,17.92,218971,0
MUU.US,D,20250206,000000,18.4,19.06,17.955,18.26,246483,0
MUU.US,D,20250207,000000,18.65,18.79,17.15,17.42,325947,0
MUU.US,D,20250210,000000,17.71,18.88,17.71,18.74,820350,0
MUU.US,D,20250211,000000,18.13,18.72,17.85,18.06,175957,0
MUU.US,D,20250212,000000,16.3,17.4578,15.44,17.09,530585,0
MUU.US,D,20250213,000000,17.36,18.7299,17.36,18.62,347498,0
