<TICKER>,<PER>,<DATE>,<TIME>,<OPEN>,<HIGH>,<LOW>,<CLOSE>,<VOL>,<OPENINT>
NCNCF.US,D,20230829,000000,2.08,2.38,1.73,2,5778171,0
NCNCF.US,D,20230830,000000,1.96,2.0053,1.58,1.6,6882493,0
NCNCF.US,D,20230831,000000,2.34,2.75,2,2.1,49335318,0
NCNCF.US,D,20230901,000000,1.83,1.87,1.63,1.74,3932573,0
NCNCF.US,D,20230905,000000,1.75,1.77,1.45,1.51,3594971,0
NCNCF.US,D,20230906,000000,1.43,1.45,1.2501,1.29,2103349,0
NCNCF.US,D,20230907,000000,1.26,1.2812,0.97,1.04,2410883,0
NCNCF.US,D,20230908,000000,1.04,1.05,0.901,0.9185,1196555,0
NCNCF.US,D,20230911,000000,1,1.46,0.9862,1.23,18547644,0
NCNCF.US,D,20230912,000000,1.34,1.34,1.13,1.31,4380811,0
NCNCF.US,D,20230913,000000,1.3,1.3,1.18,1.28,1138775,0
NCNCF.US,D,20230914,000000,1.24,1.24,1.04,1.14,1335694,0
NCNCF.US,D,20230915,000000,1.16,1.17,1.09,1.13,508769,0
NCNCF.US,D,20230918,000000,1.1,1.11,1,1.03,682190,0
NCNCF.US,D,20230919,000000,1.04,1.06,0.86,0.9584,1153463,0
NCNCF.US,D,20230920,000000,1.01,1.01,0.825,1,805223,0
NCNCF.US,D,20230921,000000,0.97,1.01,0.97,0.9997,327828,0
NCNCF.US,D,20230922,000000,1,1,0.97,0.973,223719,0
NCNCF.US,D,20230925,000000,0.99,1.02,0.94,0.9401,322192,0
NCNCF.US,D,20230926,000000,0.95,1.03,0.93,1.03,358529,0
NCNCF.US,D,20230927,000000,1.08,1.1,1.01,1.03,324502,0
NCNCF.US,D,20230928,000000,1.08,1.08,1.03,1.07,891614,0
NCNCF.US,D,20230929,000000,1.07,1.23,1.04,1.18,954938,0
NCNCF.US,D,20231002,000000,1.17,1.17,1.07,1.11,392850,0
NCNCF.US,D,20231003,000000,1.12,1.12,1.02,1.03,288609,0
NCNCF.US,D,20231004,000000,1.06,1.08,0.97,0.9768,230664,0
NCNCF.US,D,20231005,000000,1.04,1.04,0.9675,0.98,179440,0
NCNCF.US,D,20231006,000000,0.9803,0.99,0.9462,0.95,259470,0
NCNCF.US,D,20231009,000000,0.97,0.97,0.9115,0.9223,172056,0
NCNCF.US,D,20231010,000000,0.95,0.974,0.879899,0.88,316957,0
NCNCF.US,D,20231011,000000,0.9443,0.9443,0.835,0.84,278186,0
NCNCF.US,D,20231012,000000,0.8417,0.855499,0.752,0.752,355789,0
NCNCF.US,D,20231013,000000,0.7665,0.7665,0.6708,0.6851,336975,0
NCNCF.US,D,20231016,000000,0.7,0.719,0.63,0.6652,304484,0
NCNCF.US,D,20231017,000000,0.655,0.689,0.628,0.631,204165,0
NCNCF.US,D,20231018,000000,0.65,0.6517,0.54,0.5409,537407,0
NCNCF.US,D,20231019,000000,0.55,0.5562,0.44,0.451,627420,0
NCNCF.US,D,20231020,000000,0.45,0.4557,0.4,0.4171,498831,0
NCNCF.US,D,20231023,000000,0.44,0.44,0.398,0.3992,957419,0
NCNCF.US,D,20231024,000000,0.4054,0.417,0.35,0.41,5755846,0
NCNCF.US,D,20231025,000000,0.4129,0.42,0.381,0.4,1036195,0
NCNCF.US,D,20231026,000000,0.42,0.42,0.3521,0.369,841880,0
NCNCF.US,D,20231027,000000,0.3769,0.3769,0.355001,0.3647,266818,0
NCNCF.US,D,20231030,000000,0.3603,0.3646,0.352,0.362,213391,0
NCNCF.US,D,20231031,000000,0.36,0.372,0.36,0.372,334526,0
NCNCF.US,D,20231101,000000,0.3769,0.408,0.37,0.4071,524127,0
NCNCF.US,D,20231102,000000,0.4336,0.4336,0.3802,0.3979,796518,0
NCNCF.US,D,20231103,000000,0.389,0.39,0.3621,0.382,1005693,0
NCNCF.US,D,20231106,000000,0.383,0.3987,0.3252,0.33,1119414,0
NCNCF.US,D,20231107,000000,0.3453,0.3453,0.3,0.307,995813,0
NCNCF.US,D,20231108,000000,0.35,0.3501,0.28,0.3125,1756215,0
NCNCF.US,D,20231109,000000,0.34,0.379,0.3125,0.3741,6256684,0
NCNCF.US,D,20231110,000000,0.38,0.386999,0.2826,0.299,4428656,0
NCNCF.US,D,20231113,000000,0.287,0.305,0.2204,0.229,2968426,0
NCNCF.US,D,20231114,000000,0.2348,0.2563,0.23,0.2458,1019352,0
NCNCF.US,D,20231115,000000,0.2574,0.265,0.248,0.261,738936,0
NCNCF.US,D,20231116,000000,0.26,0.2787,0.26,0.269,1054576,0
NCNCF.US,D,20231117,000000,0.2643,0.289,0.2531,0.268,972039,0
NCNCF.US,D,20231120,000000,0.28,0.28,0.2501,0.2549,990550,0
NCNCF.US,D,20231121,000000,0.2542,0.26,0.2329,0.245,863010,0
NCNCF.US,D,20231122,000000,0.244,0.259,0.22,0.2298,1069881,0
NCNCF.US,D,20231124,000000,0.2389,0.2389,0.2301,0.2315,269919,0
NCNCF.US,D,20231127,000000,0.25,0.265,0.2015,0.2132,3447392,0
NCNCF.US,D,20231128,000000,0.2121,0.22,0.21,0.22,1052777,0
NCNCF.US,D,20231129,000000,0.2167,0.255,0.213,0.2465,1038027,0
NCNCF.US,D,20231130,000000,0.259,0.259,0.233,0.2451,382887,0
NCNCF.US,D,20231201,000000,0.2445,0.275,0.239,0.2567,867600,0
NCNCF.US,D,20231204,000000,0.26,0.2637,0.26,0.26,544518,0
NCNCF.US,D,20231205,000000,0.26,0.2656,0.26,0.264,347707,0
NCNCF.US,D,20231206,000000,0.27,0.2745,0.2447,0.2649,324062,0
NCNCF.US,D,20231207,000000,0.265,0.265,0.2301,0.249,298881,0
NCNCF.US,D,20231208,000000,0.26,0.27,0.2501,0.255,526060,0
NCNCF.US,D,20231211,000000,0.256,0.265,0.255,0.256,632619,0
NCNCF.US,D,20231212,000000,0.26,0.265,0.26,0.26,1299207,0
NCNCF.US,D,20231213,000000,0.26,0.26,0.23475,0.24,535347,0
NCNCF.US,D,20231214,000000,0.24,0.2468,0.23,0.233,201906,0
NCNCF.US,D,20231215,000000,0.23,0.2307,0.2,0.205,1400065,0
NCNCF.US,D,20231218,000000,0.2099,0.213,0.1821,0.185,888426,0
NCNCF.US,D,20231219,000000,0.185,0.19,0.167,0.17,751359,0
NCNCF.US,D,20231220,000000,0.174,0.1832,0.174,0.1818,368254,0
NCNCF.US,D,20231221,000000,0.18,0.185,0.1692,0.174,470096,0
NCNCF.US,D,20231222,000000,0.1774,0.181,0.1735,0.1798,383468,0
NCNCF.US,D,20231226,000000,0.1835,0.19,0.1753,0.187,2249649,0
NCNCF.US,D,20231227,000000,0.199,0.219,0.1843,0.197,10253082,0
NCNCF.US,D,20231228,000000,0.2097,0.223,0.198,0.2118,14464757,0
NCNCF.US,D,20231229,000000,0.2,0.2,0.175,0.1853,2679623,0
NCNCF.US,D,20240102,000000,0.183,0.1953,0.18,0.1916,1579135,0
NCNCF.US,D,20240103,000000,0.1887,0.189,0.1709,0.177,2293070,0
NCNCF.US,D,20240104,000000,0.17,0.1764,0.1651,0.1731,1629785,0
NCNCF.US,D,20240105,000000,0.17,0.171,0.1606,0.163,1140722,0
NCNCF.US,D,20240108,000000,0.16,0.162,0.1544,0.1555,1469902,0
NCNCF.US,D,20240109,000000,0.159,0.159,0.1545,0.157,638968,0
NCNCF.US,D,20240110,000000,0.158,0.16,0.154,0.1552,727983,0
NCNCF.US,D,20240111,000000,0.156,0.156,0.154,0.1549,357748,0
NCNCF.US,D,20240112,000000,0.159,0.1681,0.155,0.1672,943466,0
NCNCF.US,D,20240116,000000,0.175,0.1766,0.1529,0.159,1718946,0
NCNCF.US,D,20240117,000000,0.1619,0.162,0.1539,0.159,802867,0
NCNCF.US,D,20240118,000000,0.1599,0.1599,0.149,0.151,550339,0
NCNCF.US,D,20240119,000000,0.15,0.152,0.14,0.1424,727782,0
NCNCF.US,D,20240122,000000,0.14,0.141,0.1275,0.13515,872614,0
NCNCF.US,D,20240123,000000,0.1346,0.14,0.1314,0.1374,316373,0
NCNCF.US,D,20240124,000000,0.1368,0.1398,0.128,0.13,298302,0
NCNCF.US,D,20240125,000000,0.13,0.1317,0.1241,0.128,455132,0
NCNCF.US,D,20240126,000000,0.1273,0.1398,0.1273,0.1367,454420,0
NCNCF.US,D,20240129,000000,0.136,0.149,0.131,0.1406,474777,0
NCNCF.US,D,20240130,000000,0.14,0.1489,0.135,0.1488,644162,0
NCNCF.US,D,20240131,000000,0.18,0.18,0.1413,0.149,1373172,0
NCNCF.US,D,20240201,000000,0.15,0.1534,0.14,0.149,289559,0
NCNCF.US,D,20240202,000000,0.15,0.1644,0.15,0.1643,609280,0
NCNCF.US,D,20240205,000000,0.17,0.1989,0.1629,0.1785,4254930,0
NCNCF.US,D,20240206,000000,0.18,0.183,0.1512,0.1682,1378010,0
NCNCF.US,D,20240207,000000,0.17,0.1732,0.1616,0.169,501335,0
NCNCF.US,D,20240208,000000,0.175,0.1796,0.1601,0.171,512488,0
NCNCF.US,D,20240209,000000,0.17,0.1768,0.17,0.1726,452331,0
NCNCF.US,D,20240212,000000,0.18,0.21,0.1726,0.2097,1852398,0
NCNCF.US,D,20240213,000000,0.2068,0.2515,0.2002,0.2425,5124121,0
NCNCF.US,D,20240214,000000,0.27,0.27,0.22,0.227,1431613,0
NCNCF.US,D,20240215,000000,0.2195,0.2195,0.185,0.1959,1194172,0
NCNCF.US,D,20240216,000000,0.1983,0.2088,0.19,0.2046,341826,0
NCNCF.US,D,20240220,000000,0.213,0.2249,0.2,0.205,787921,0
NCNCF.US,D,20240221,000000,0.21,0.21,0.2,0.205,212965,0
NCNCF.US,D,20240222,000000,0.205,0.205,0.1824,0.194,368662,0
NCNCF.US,D,20240223,000000,0.201,0.201,0.175,0.1789,240820,0
NCNCF.US,D,20240226,000000,0.182,0.185,0.1791,0.185,162129,0
NCNCF.US,D,20240227,000000,0.1829,0.185,0.1758,0.1836,198582,0
NCNCF.US,D,20240228,000000,0.19,0.1999,0.1751,0.187,270307,0
NCNCF.US,D,20240229,000000,0.19,0.21,0.19,0.2009,341402,0
NCNCF.US,D,20240301,000000,0.21,0.2199,0.2,0.2043,266531,0
NCNCF.US,D,20240304,000000,0.21,0.2119,0.19,0.206,194839,0
NCNCF.US,D,20240305,000000,0.21,0.225,0.203,0.208,670604,0
NCNCF.US,D,20240306,000000,0.2492,0.2492,0.208,0.218,344557,0
NCNCF.US,D,20240307,000000,0.227,0.29,0.212,0.2286,2204284,0
NCNCF.US,D,20240308,000000,0.2594,0.2645,0.2256,0.2317,479876,0
NCNCF.US,D,20240311,000000,0.22,0.2287,0.211,0.2155,254706,0
NCNCF.US,D,20240312,000000,0.22,0.22,0.1872,0.209,324681,0
NCNCF.US,D,20240313,000000,0.2,0.2175,0.2,0.2095,147781,0
NCNCF.US,D,20240314,000000,0.226,0.27,0.2101,0.224,574089,0
NCNCF.US,D,20240315,000000,0.233,0.25,0.21,0.23,293483,0
NCNCF.US,D,20240318,000000,0.23,0.24,0.2068,0.229,368336,0
NCNCF.US,D,20240319,000000,0.2221,0.2279,0.214,0.223,78467,0
NCNCF.US,D,20240320,000000,0.216,0.24,0.21,0.2317,431526,0
NCNCF.US,D,20240321,000000,0.24,0.24,0.22,0.229,315651,0
NCNCF.US,D,20240322,000000,0.23,0.2496,0.23,0.248,709208,0
NCNCF.US,D,20240325,000000,0.25,0.3428,0.245,0.3255,2110400,0
NCNCF.US,D,20240326,000000,0.33,0.3301,0.2404,0.252,1760362,0
NCNCF.US,D,20240327,000000,0.246,0.28,0.246,0.258,395108,0
NCNCF.US,D,20240328,000000,0.269,0.28755,0.26,0.2699,317058,0
NCNCF.US,D,20240401,000000,0.262,0.2776,0.26,0.267,229424,0
NCNCF.US,D,20240402,000000,0.272,0.3117,0.2602,0.2906,629437,0
NCNCF.US,D,20240403,000000,0.2866,0.2899,0.277,0.288,178210,0
NCNCF.US,D,20240404,000000,0.2899,0.29,0.261486,0.289,204874,0
NCNCF.US,D,20240405,000000,0.2803,0.286,0.202563,0.2502,708084,0
NCNCF.US,D,20240408,000000,0.255101,0.28,0.2511,0.264749,471355,0
NCNCF.US,D,20240409,000000,0.278,0.28,0.2578,0.265,71186,0
NCNCF.US,D,20240410,000000,0.2828,0.2828,0.26,0.2657,81801,0
NCNCF.US,D,20240411,000000,0.266,0.2785,0.2601,0.2758,192508,0
NCNCF.US,D,20240412,000000,0.28,0.28,0.245,0.245,257317,0
NCNCF.US,D,20240415,000000,0.27,0.27,0.212,0.225,874277,0
NCNCF.US,D,20240416,000000,0.22,0.2609,0.22,0.2593,225697,0
NCNCF.US,D,20240417,000000,0.2566,0.2579,0.23,0.24,246845,0
NCNCF.US,D,20240418,000000,0.24,0.257,0.2322,0.2395,53039,0
NCNCF.US,D,20240419,000000,0.2401,0.246,0.2377,0.2377,33419,0
NCNCF.US,D,20240422,000000,0.248,0.248,0.2001,0.24,176986,0
NCNCF.US,D,20240423,000000,0.2356,0.24,0.2201,0.23,117682,0
NCNCF.US,D,20240424,000000,0.22,0.24,0.22,0.223,66395,0
NCNCF.US,D,20240425,000000,0.2295,0.23,0.223,0.229,40357,0
NCNCF.US,D,20240426,000000,0.225,0.239,0.2241,0.2359,31216,0
NCNCF.US,D,20240429,000000,0.24,0.2421,0.2251,0.2369,118670,0
NCNCF.US,D,20240430,000000,0.21,0.2387,0.21,0.2273,42295,0
NCNCF.US,D,20240501,000000,0.237,0.2371,0.2011,0.208,349692,0
NCNCF.US,D,20240502,000000,0.215,0.227799,0.201,0.2178,274315,0
NCNCF.US,D,20240503,000000,0.217,0.217,0.2048,0.205,77672,0
NCNCF.US,D,20240506,000000,0.207,0.2199,0.195999,0.2068,302167,0
NCNCF.US,D,20240507,000000,0.2074,0.2074,0.2,0.2072,54625,0
NCNCF.US,D,20240508,000000,0.2,0.2111,0.1921,0.1951,53305,0
NCNCF.US,D,20240509,000000,0.18,0.1998,0.1736,0.1816,807419,0
NCNCF.US,D,20240510,000000,0.19,0.1916,0.1762,0.1806,198310,0
NCNCF.US,D,20240513,000000,0.186,0.1888,0.1657,0.174,489378,0
NCNCF.US,D,20240514,000000,0.18,0.18,0.1613,0.1662,323853,0
NCNCF.US,D,20240515,000000,0.177,0.177,0.1667,0.17,292775,0
NCNCF.US,D,20240516,000000,0.17,0.19,0.166849,0.183,440858,0
NCNCF.US,D,20240517,000000,0.1995,0.215,0.1805,0.1847,766607,0
NCNCF.US,D,20240520,000000,0.19,0.2059,0.1808,0.188,134046,0
NCNCF.US,D,20240521,000000,0.188,0.188,0.1723,0.1779,200258,0
NCNCF.US,D,20240522,000000,0.18,0.2096,0.18,0.199,347761,0
NCNCF.US,D,20240523,000000,0.197,0.203199,0.191301,0.192,99025,0
NCNCF.US,D,20240524,000000,0.2032,0.2233,0.181,0.216,460757,0
NCNCF.US,D,20240528,000000,0.207,0.2148,0.2036,0.2096,202601,0
NCNCF.US,D,20240529,000000,0.21,0.2169,0.1965,0.2168,115367,0
NCNCF.US,D,20240530,000000,0.21,0.2125,0.1973,0.2056,129318,0
NCNCF.US,D,20240531,000000,0.212,0.212,0.1917,0.1949,82695,0
NCNCF.US,D,20240603,000000,0.1949,0.2,0.181,0.19,157616,0
NCNCF.US,D,20240604,000000,0.19,0.1924,0.1821,0.183,136845,0
NCNCF.US,D,20240605,000000,0.183,0.2025,0.183,0.1988,156869,0
NCNCF.US,D,20240606,000000,0.1911,0.1919,0.1821,0.1919,155496,0
NCNCF.US,D,20240607,000000,0.188,0.188,0.18,0.18105,173982,0
NCNCF.US,D,20240610,000000,0.19,0.195,0.1764,0.187,271178,0
NCNCF.US,D,20240611,000000,0.1863,0.1894,0.1725,0.188,218322,0
NCNCF.US,D,20240612,000000,0.197,0.197,0.188,0.1939,72650,0
NCNCF.US,D,20240613,000000,0.19,0.195,0.1819,0.189,164963,0
NCNCF.US,D,20240614,000000,0.19,0.19,0.1806,0.186,38588,0
NCNCF.US,D,20240617,000000,0.1999,0.1999,0.1749,0.1802,93029,0
NCNCF.US,D,20240618,000000,0.203,0.203,0.1797,0.19,191757,0
NCNCF.US,D,20240620,000000,0.184,0.19,0.18,0.1801,233344,0
NCNCF.US,D,20240621,000000,0.177,0.18,0.1605,0.1661,313550,0
NCNCF.US,D,20240624,000000,0.17,0.199,0.1685,0.1823,1614910,0
NCNCF.US,D,20240625,000000,0.175,0.1805,0.17,0.171,589998,0
NCNCF.US,D,20240626,000000,0.166,0.179,0.161,0.1752,620106,0
NCNCF.US,D,20240627,000000,0.171,0.1825,0.1655,0.167,598552,0
NCNCF.US,D,20240628,000000,0.1717,0.18,0.1685,0.177,382338,0
NCNCF.US,D,20240701,000000,0.171,0.1797,0.1709,0.1742,94060,0
NCNCF.US,D,20240702,000000,0.1742,0.177,0.1708,0.1742,90170,0
NCNCF.US,D,20240703,000000,0.1703,0.18,0.17,0.1755,59501,0
NCNCF.US,D,20240705,000000,0.19,0.205,0.19,0.2012,506739,0
NCNCF.US,D,20240708,000000,0.22,0.22505,0.18145,0.187,1048258,0
NCNCF.US,D,20240709,000000,0.1866,0.19,0.18,0.184,78806,0
NCNCF.US,D,20240710,000000,0.19,0.1997,0.185,0.196,145267,0
NCNCF.US,D,20240711,000000,0.19,0.1988,0.19,0.1988,95050,0
NCNCF.US,D,20240712,000000,0.1987,0.1987,0.1953,0.1968,61221,0
NCNCF.US,D,20240715,000000,0.1967,0.1999,0.1927,0.1998,62847,0
NCNCF.US,D,20240716,000000,0.1997,0.2,0.192,0.1994,94749,0
NCNCF.US,D,20240717,000000,0.2,0.204199,0.195,0.2025,51708,0
NCNCF.US,D,20240718,000000,0.196,0.205,0.196,0.199,60502,0
NCNCF.US,D,20240719,000000,0.207,0.22,0.2,0.2109,274141,0
NCNCF.US,D,20240722,000000,0.218,0.2223,0.2026,0.2122,294792,0
NCNCF.US,D,20240723,000000,0.2134,0.215,0.2037,0.214,59480,0
NCNCF.US,D,20240724,000000,0.21,0.2135,0.204,0.212,48842,0
NCNCF.US,D,20240725,000000,0.207,0.207,0.142,0.1649,1634685,0
NCNCF.US,D,20240726,000000,0.16,0.1635,0.15,0.159,915528,0
NCNCF.US,D,20240729,000000,0.165,0.165,0.1445,0.156,133655,0
NCNCF.US,D,20240730,000000,0.16,0.2,0.14261,0.153,841736,0
NCNCF.US,D,20240731,000000,0.2326,0.3748,0.21,0.287,299314193,0
NCNCF.US,D,20240801,000000,0.21,0.25,0.2,0.232,10098268,0
NCNCF.US,D,20240802,000000,0.2105,0.2105,0.159,0.1761,3232134,0
NCNCF.US,D,20240805,000000,0.1352,0.195,0.135,0.1877,2212735,0
NCNCF.US,D,20240806,000000,0.1735,0.19,0.1676,0.187,810021,0
NCNCF.US,D,20240807,000000,0.1749,0.1866,0.1657,0.1743,502323,0
NCNCF.US,D,20240808,000000,0.17,0.178,0.1611,0.168,339978,0
NCNCF.US,D,20240809,000000,0.1641,0.1723,0.161,0.1638,339621,0
NCNCF.US,D,20240812,000000,0.1665,0.1699,0.1535,0.161,245088,0
NCNCF.US,D,20240813,000000,0.156,0.1699,0.1549,0.1645,275091,0
NCNCF.US,D,20240814,000000,0.1585,0.1888,0.1585,0.1828,534262,0
NCNCF.US,D,20240815,000000,0.1773,0.1888,0.1626,0.188,151336,0
NCNCF.US,D,20240816,000000,0.19,0.19,0.175,0.1815,128991,0
NCNCF.US,D,20240819,000000,0.178,0.2056,0.178,0.1953,500701,0
NCNCF.US,D,20240820,000000,0.2,0.2,0.188,0.1922,89156,0
NCNCF.US,D,20240821,000000,0.1998,0.1998,0.188,0.189,82209,0
NCNCF.US,D,20240822,000000,0.181,0.198,0.181,0.189,76585,0
NCNCF.US,D,20240823,000000,0.186,0.1933,0.186,0.1909,79595,0
NCNCF.US,D,20240826,000000,0.2523,0.2523,0.1771,0.1771,25935959,0
NCNCF.US,D,20240827,000000,0.181,0.19,0.167,0.1828,1168189,0
NCNCF.US,D,20240828,000000,0.1785,0.1857,0.1707,0.1753,713739,0
NCNCF.US,D,20240829,000000,0.17,0.174045,0.166,0.172699,143935,0
NCNCF.US,D,20240830,000000,0.171,0.1807,0.1625,0.1724,135781,0
NCNCF.US,D,20240903,000000,0.1724,0.1724,0.1675,0.1675,161919,0
NCNCF.US,D,20240904,000000,0.172,0.172,0.1587,0.1615,262852,0
NCNCF.US,D,20240905,000000,0.1555,0.1725,0.1453,0.17,593009,0
NCNCF.US,D,20240906,000000,0.1705,0.1705,0.1501,0.1584,205711,0
NCNCF.US,D,20240909,000000,0.15,0.1575,0.1383,0.1383,431833,0
NCNCF.US,D,20240910,000000,0.14,0.169,0.14,0.1673,355478,0
NCNCF.US,D,20240911,000000,0.162,0.1792,0.1535,0.1703,383211,0
NCNCF.US,D,20240912,000000,0.1762,0.1773,0.1612,0.1612,283324,0
NCNCF.US,D,20240913,000000,0.155,0.158,0.1415,0.145,16863873,0
NCNCF.US,D,20240916,000000,0.1428,0.1451,0.13,0.14,1234828,0
NCNCF.US,D,20240917,000000,0.14,0.15,0.135,0.1447,812980,0
NCNCF.US,D,20240918,000000,0.146,0.146,0.137,0.1415,581496,0
NCNCF.US,D,20240919,000000,0.1467,0.1538,0.1218,0.14205,3510408,0
NCNCF.US,D,20240920,000000,0.142,0.1469,0.14,0.1401,502770,0
NCNCF.US,D,20240923,000000,0.1327,0.1399,0.132,0.1357,394477,0
NCNCF.US,D,20240924,000000,0.1342,0.1371,0.13,0.137,289016,0
NCNCF.US,D,20240925,000000,0.137,0.1391,0.1302,0.1311,321926,0
NCNCF.US,D,20240926,000000,0.1311,0.1318,0.13,0.13,409624,0
NCNCF.US,D,20240927,000000,0.13,0.13105,0.1206,0.1255,558360,0
NCNCF.US,D,20240930,000000,0.1255,0.127,0.121,0.1228,309406,0
NCNCF.US,D,20241001,000000,0.1228,0.1241,0.12,0.1239,266297,0
NCNCF.US,D,20241002,000000,0.1239,0.135,0.1215,0.1294,370229,0
NCNCF.US,D,20241003,000000,0.1294,0.1332,0.1251,0.1326,301225,0
NCNCF.US,D,20241004,000000,0.21,0.21,0.1426,0.1426,147382197,0
NCNCF.US,D,20241007,000000,0.128,0.1379,0.112,0.1379,5936003,0
NCNCF.US,D,20241008,000000,0.13,0.132,0.12,0.12,5177283,0
NCNCF.US,D,20241009,000000,0.1132,0.117,0.11,0.117,1530854,0
NCNCF.US,D,20241010,000000,0.109,0.117,0.109,0.1167,1020269,0
NCNCF.US,D,20241011,000000,0.0975,0.111,0.0949,0.11,3449756,0
NCNCF.US,D,20241014,000000,0.103,0.1087,0.0984,0.1038,1125010,0
NCNCF.US,D,20241015,000000,0.1,0.1096,0.0966,0.1,1870793,0
NCNCF.US,D,20241016,000000,0.101,0.11,0.097,0.107,5440120,0
NCNCF.US,D,20241017,000000,0.107,0.107,0.0998,0.102,397311,0
NCNCF.US,D,20241022,000000,0.102,0.3138,0.102,0.14,148644969,0
NCNCF.US,D,20241023,000000,0.1185,0.127,0.1028,0.1134,10013679,0
NCNCF.US,D,20241024,000000,0.1098,0.1165,0.1036,0.1144,2455037,0
NCNCF.US,D,20241025,000000,0.1111,0.1173,0.106,0.1133,2074692,0
NCNCF.US,D,20241028,000000,0.11,0.1117,0.1025,0.1054,1616489,0
NCNCF.US,D,20241029,000000,0.1132,0.1132,0.1019,0.1096,2636156,0
NCNCF.US,D,20241030,000000,0.105,0.108099,0.1012,0.1051,1067877,0
NCNCF.US,D,20241031,000000,0.1025,0.103,0.0929,0.095,1384256,0
NCNCF.US,D,20241101,000000,0.094,0.0999,0.094,0.096,386672,0
NCNCF.US,D,20241104,000000,0.09,0.099,0.09,0.0979,571659,0
NCNCF.US,D,20241105,000000,0.1,0.1,0.0903,0.0977,884884,0
NCNCF.US,D,20241106,000000,0.09,0.1077,0.0844,0.0949,3458314,0
NCNCF.US,D,20241107,000000,0.0971,0.1239,0.0928,0.105,8882900,0
NCNCF.US,D,20241108,000000,0.09,0.0998,0.0801,0.0981,2561801,0
NCNCF.US,D,20241111,000000,0.09,0.0978,0.09,0.0946,704669,0
NCNCF.US,D,20241112,000000,0.0937,0.1147,0.0937,0.1055,9041745,0
NCNCF.US,D,20241113,000000,0.09,0.1028,0.09,0.0948,2545493,0
NCNCF.US,D,20241114,000000,0.092,0.108,0.092,0.0958,2149417,0
NCNCF.US,D,20241115,000000,0.0965,0.0965,0.0875,0.089,706474,0
NCNCF.US,D,20241118,000000,0.0911,0.105,0.0884,0.097,24645276,0
NCNCF.US,D,20241119,000000,0.2324,0.3195,0.1495,0.162,767430779,0
NCNCF.US,D,20241120,000000,0.1382,0.163,0.1215,0.1623,17103169,0
NCNCF.US,D,20241121,000000,0.1376,0.1379,0.123,0.1294,4276886,0
NCNCF.US,D,20241122,000000,0.1239,0.1286,0.1,0.1045,9160389,0
