<TICKER>,<PER>,<DATE>,<TIME>,<OPEN>,<HIGH>,<LOW>,<CLOSE>,<VOL>,<OPENINT>
NVEI.US,D,20211006,000000,129.8,129.8,118.67,129.8,1178100,0
NVEI.US,D,20211007,000000,129.71,140.23,129.62,137.01,347349,0
NVEI.US,D,20211008,000000,138.88,138.88,130.85,132.36,102329,0
NVEI.US,D,20211011,000000,131.25,136,129.71,130.6,43612,0
NVEI.US,D,20211012,000000,129.92,132.43,122.94,126.66,131300,0
NVEI.US,D,20211013,000000,124.97,128.34,123.66,125.91,47864,0
NVEI.US,D,20211014,000000,127.12,128.88,125.39,126.06,70347,0
NVEI.US,D,20211015,000000,127.02,128.635,125.5133,125.99,60144,0
NVEI.US,D,20211018,000000,125.73,127.04,123.135,123.98,92903,0
NVEI.US,D,20211019,000000,125.2,127.925,123.1,126.17,120623,0
NVEI.US,D,20211020,000000,126,128.1,125.34,126.45,132884,0
NVEI.US,D,20211021,000000,126.47,132.9,126.145,130.03,120162,0
NVEI.US,D,20211022,000000,128.76,128.76,125.26,128.3,66174,0
NVEI.US,D,20211025,000000,128.5,130.23,127.69,128.7,66213,0
NVEI.US,D,20211026,000000,127.88,135.28,127.88,131.81,209446,0
NVEI.US,D,20211027,000000,130.37,130.44,125.84,125.95,265858,0
NVEI.US,D,20211028,000000,125.5,126.215,123.54,125.98,221659,0
NVEI.US,D,20211029,000000,123.99,124.9202,119.715,120.42,236333,0
NVEI.US,D,20211101,000000,121,125.54,120.89,122.75,89030,0
NVEI.US,D,20211102,000000,122.75,124.55,119.11,119.15,84701,0
NVEI.US,D,20211103,000000,117.78,121.16,115.21,117.01,213978,0
NVEI.US,D,20211104,000000,116.2,116.8,107.55,108.22,413737,0
NVEI.US,D,20211105,000000,110.06,110.79,106.01,109.96,257331,0
NVEI.US,D,20211108,000000,111.64,116.34,111.35,116.34,264447,0
NVEI.US,D,20211109,000000,121.11,123,106.9,112.16,394844,0
NVEI.US,D,20211110,000000,112.87,115.31,107.89,108.75,183445,0
NVEI.US,D,20211111,000000,109.59,109.59,105.79,106.02,105499,0
NVEI.US,D,20211112,000000,106.93,108.5475,103.915,107,151669,0
NVEI.US,D,20211115,000000,107.49,110,107.13,109.7,90326,0
NVEI.US,D,20211116,000000,109.5,113.795,109.49,112.45,130258,0
NVEI.US,D,20211117,000000,112.45,112.45,108.22,109.31,135844,0
NVEI.US,D,20211118,000000,110.76,110.76,99.37,99.93,281480,0
NVEI.US,D,20211119,000000,99.67,102.82,97.31,99.46,221693,0
NVEI.US,D,20211122,000000,98.92,101.68,92.6744,95.41,240724,0
NVEI.US,D,20211123,000000,93.75,96.55,90.29,91.85,331005,0
NVEI.US,D,20211124,000000,91.2,96.07,90.56,95.88,190040,0
NVEI.US,D,20211126,000000,93.73,96.33,91.71,95.06,80858,0
NVEI.US,D,20211129,000000,95.24,96.99,93.52,96.29,115039,0
NVEI.US,D,20211130,000000,96,98.74,92.32,98.56,242346,0
NVEI.US,D,20211201,000000,99.44,101.0262,90.315,91.01,349109,0
NVEI.US,D,20211202,000000,90.65,97.27,89.4429,96.52,273794,0
NVEI.US,D,20211203,000000,96.38,96.52,86.695,89.5,466744,0
NVEI.US,D,20211206,000000,89.15,93.95,87.33,93.03,205001,0
NVEI.US,D,20211207,000000,96.2,99.64,95.07,97.35,768395,0
NVEI.US,D,20211208,000000,77.95,78.45,43.1,57.97,18075938,0
NVEI.US,D,20211209,000000,62.1,66.63,58.5624,60.76,4008047,0
NVEI.US,D,20211210,000000,62.16,63.57,58.22,59.61,1169944,0
NVEI.US,D,20211213,000000,59.66,65.085,58.11,58.32,1302376,0
NVEI.US,D,20211214,000000,58,59.28,52.69,52.87,1424517,0
NVEI.US,D,20211215,000000,52.67,52.99,48.25,51.59,1769453,0
NVEI.US,D,20211216,000000,53.07,53.95,48.8,49.77,653463,0
NVEI.US,D,20211217,000000,49.52,55.89,48.75,54.82,1288850,0
NVEI.US,D,20211220,000000,51.99,53.7834,50.48,51.69,516382,0
NVEI.US,D,20211221,000000,52.2,60.47,52.2,60.35,909778,0
NVEI.US,D,20211222,000000,60.53,62.45,58.33,61.61,666917,0
NVEI.US,D,20211223,000000,62.12,64.15,59.5,63.64,488590,0
NVEI.US,D,20211227,000000,64.66,64.66,62.5501,64.59,200424,0
NVEI.US,D,20211228,000000,64.71,64.87,63.69,64.07,203542,0
NVEI.US,D,20211229,000000,63.73,66.21,63.69,64.34,414701,0
NVEI.US,D,20211230,000000,64.29,68.16,63.92,66.77,371527,0
NVEI.US,D,20211231,000000,66.54,67.1,64.84,64.98,201988,0
NVEI.US,D,20220103,000000,65.64,65.99,62.2201,65.33,176290,0
NVEI.US,D,20220104,000000,65.33,65.33,61.61,63.82,490725,0
NVEI.US,D,20220105,000000,63.4,64.3,61.54,62.15,483282,0
NVEI.US,D,20220106,000000,61.57,64,60.38,61.62,419900,0
NVEI.US,D,20220107,000000,61.62,63.59,60.985,63.4,379642,0
NVEI.US,D,20220110,000000,62.5,62.89,58.37,62.57,424259,0
NVEI.US,D,20220111,000000,63.35,69.49,63.3,68.87,670086,0
NVEI.US,D,20220112,000000,69.97,71.72,67.06,67.91,459742,0
NVEI.US,D,20220113,000000,67.91,68.82,66.675,67.43,457815,0
NVEI.US,D,20220114,000000,67,67.23,64.73,66.64,540305,0
NVEI.US,D,20220118,000000,64.5,64.5,61.92,62.49,489482,0
NVEI.US,D,20220119,000000,63,64.39,62.01,62.26,276391,0
NVEI.US,D,20220120,000000,63.07,65.48,62.72,62.93,326414,0
NVEI.US,D,20220121,000000,61.5,62.455,59.19,59.41,528892,0
NVEI.US,D,20220124,000000,56.78,59.49,52.6,59.19,641396,0
NVEI.US,D,20220125,000000,56.79,60.11,56.79,58.62,293997,0
NVEI.US,D,20220126,000000,60.88,61.045,56.38,57.03,566709,0
NVEI.US,D,20220127,000000,58.2,59.12,54.66,54.71,566147,0
NVEI.US,D,20220128,000000,54.88,57.61,53.65,57.61,393771,0
NVEI.US,D,20220131,000000,57.6,61.4403,57.14,61,394444,0
NVEI.US,D,20220201,000000,61.55,64.63,61.29,64.48,256825,0
NVEI.US,D,20220202,000000,64.88,64.88,59.13,61.15,451883,0
NVEI.US,D,20220203,000000,58.74,59.2,56.95,57.53,427722,0
NVEI.US,D,20220204,000000,57.59,58.42,56.14,58.09,333788,0
NVEI.US,D,20220207,000000,58.09,60.84,57.68,60.29,146660,0
NVEI.US,D,20220208,000000,59.725,60.52,58.6,60.42,122388,0
NVEI.US,D,20220209,000000,62.64,64.04,61.2,63.38,296335,0
NVEI.US,D,20220210,000000,61.16,67.075,61.16,64.86,475084,0
NVEI.US,D,20220211,000000,64.75,65.792,61.79,62.29,286541,0
NVEI.US,D,20220214,000000,61.95,63.18,61.05,61.9,251244,0
NVEI.US,D,20220215,000000,63.54,64.29,62.1,64.17,262558,0
NVEI.US,D,20220216,000000,63.33,63.86,62.18,62.55,159837,0
NVEI.US,D,20220217,000000,61.74,62.52,56.18,56.29,459925,0
NVEI.US,D,20220218,000000,56.29,56.29,52.65,53.15,447626,0
NVEI.US,D,20220222,000000,53.15,54.3,51.38,53.13,370639,0
NVEI.US,D,20220223,000000,54.05,55.55,51.14,51.41,399451,0
NVEI.US,D,20220224,000000,49.27,52.68,48.37,52.65,792601,0
NVEI.US,D,20220225,000000,52.87,53.73,51.34,53.05,352214,0
NVEI.US,D,20220228,000000,53.07,56.19,52.85,54.29,498397,0
NVEI.US,D,20220301,000000,54.29,55.08,51.11,51.43,227462,0
NVEI.US,D,20220302,000000,51.95,52.71,50.85,51.7,143206,0
NVEI.US,D,20220303,000000,51.89,51.89,49.495,50.18,396374,0
NVEI.US,D,20220304,000000,49.63,50.2066,46.64,47.52,290897,0
NVEI.US,D,20220307,000000,47.93,48.5,43.81,44.15,341370,0
NVEI.US,D,20220308,000000,44.86,51.1669,44.02,49.76,937050,0
NVEI.US,D,20220309,000000,51,57.15,50.62,57,828188,0
NVEI.US,D,20220310,000000,55.79,57.62,54.37,56.75,474314,0
NVEI.US,D,20220311,000000,58.46,58.77,54.93,55.35,258126,0
NVEI.US,D,20220314,000000,55.01,56.65,52.93,52.94,468663,0
NVEI.US,D,20220315,000000,52.8,57.32,52.52,57.24,601003,0
NVEI.US,D,20220316,000000,58.89,64.29,58.63,63.48,734314,0
NVEI.US,D,20220317,000000,62.14,67.76,61.83,67,640280,0
NVEI.US,D,20220318,000000,66.3,72.535,65.41,71.65,794892,0
NVEI.US,D,20220321,000000,71.37,73.41,69.1971,70.83,426695,0
NVEI.US,D,20220322,000000,71.16,74.96,70.75,74.88,404336,0
NVEI.US,D,20220323,000000,73.86,74.495,70.46,70.46,277129,0
NVEI.US,D,20220324,000000,70.99,73.86,70.83,73.43,320132,0
NVEI.US,D,20220325,000000,73.99,74,70.75,71.59,164422,0
NVEI.US,D,20220328,000000,71.19,73.59,70.07,70.76,303273,0
NVEI.US,D,20220329,000000,73.29,75.35,71.68,74.89,350035,0
NVEI.US,D,20220330,000000,74.26,77.76,73.49,76.06,426508,0
NVEI.US,D,20220331,000000,76.23,77.4,75.35,75.39,301122,0
NVEI.US,D,20220401,000000,75.69,78.53,74.31,75.74,214422,0
NVEI.US,D,20220404,000000,76.71,79.13,76.38,77.4,145372,0
NVEI.US,D,20220405,000000,77.56,77.79,74.965,75.42,258512,0
NVEI.US,D,20220406,000000,73.78,74.28,68.825,71.35,264463,0
NVEI.US,D,20220407,000000,70.89,71.7,68.04,68.59,308070,0
NVEI.US,D,20220408,000000,68.68,68.86,65.56,67.9,205819,0
NVEI.US,D,20220411,000000,66.5,67.95,64.9,65.73,192231,0
NVEI.US,D,20220412,000000,66.71,68.83,64.63,65.28,170446,0
NVEI.US,D,20220413,000000,65.11,68.42,65.11,67.46,222032,0
NVEI.US,D,20220414,000000,67.82,68.58,65.66,66.27,224633,0
NVEI.US,D,20220418,000000,65.76,67.02,64.59,65.74,121418,0
NVEI.US,D,20220419,000000,65.3,69.36,64.93,68.68,166471,0
NVEI.US,D,20220420,000000,69.71,69.71,65.5,65.52,206355,0
NVEI.US,D,20220421,000000,66.81,67.66,61.485,61.98,240695,0
NVEI.US,D,20220422,000000,61.7,62.53,58.1,58.12,287922,0
NVEI.US,D,20220425,000000,57.65,61.2317,56.3,60.78,304733,0
NVEI.US,D,20220426,000000,60.24,60.53,57.02,57.19,267798,0
NVEI.US,D,20220427,000000,57.55,59.18,55.42,55.52,374282,0
NVEI.US,D,20220428,000000,57.54,59.97,55.85,59.38,234754,0
NVEI.US,D,20220429,000000,58.83,61.64,55.75,55.91,299206,0
NVEI.US,D,20220502,000000,55.61,57.14,54.83,56.9,232370,0
NVEI.US,D,20220503,000000,56.95,58.34,56.04,56.22,299070,0
NVEI.US,D,20220504,000000,56.2,57.09,53.42,56.89,454393,0
NVEI.US,D,20220505,000000,56,56,50.87,51.25,258935,0
NVEI.US,D,20220506,000000,50.87,51.8,47.15,49.59,539678,0
NVEI.US,D,20220509,000000,47.12,49.185,44.44,44.76,449893,0
NVEI.US,D,20220510,000000,43.55,45.38,38.89,42.37,741576,0
NVEI.US,D,20220511,000000,42.19,42.44,40.3301,41.23,361441,0
NVEI.US,D,20220512,000000,40.49,44.5,39.89,43.32,593042,0
NVEI.US,D,20220513,000000,44.85,48.41,44.85,48.38,293057,0
NVEI.US,D,20220516,000000,48.21,49.03,45.06,45.12,294134,0
NVEI.US,D,20220517,000000,46.65,48.55,45.43,47.41,247171,0
NVEI.US,D,20220518,000000,46.12,47.58,44.89,45.07,220620,0
NVEI.US,D,20220519,000000,44.86,49.53,44.79,47.79,333638,0
NVEI.US,D,20220520,000000,48.81,49.51,46.39,48.5,259307,0
NVEI.US,D,20220523,000000,48.87,50.14,48.0941,49.92,132952,0
NVEI.US,D,20220524,000000,48.27,48.74,43.87,44.57,240593,0
NVEI.US,D,20220525,000000,44.02,46.76,44.02,46.63,247415,0
NVEI.US,D,20220526,000000,46.7,51.04,46.05,50.89,387953,0
NVEI.US,D,20220527,000000,51.78,52.87,50.55,51.46,219044,0
NVEI.US,D,20220531,000000,52.99,53.18,50.29,51.44,213980,0
NVEI.US,D,20220601,000000,51.72,52.505,48.225,48.8,116014,0
NVEI.US,D,20220602,000000,49.31,52.98,48.8,52.29,274560,0
NVEI.US,D,20220603,000000,51.1,51.14,49.676,50.04,415154,0
NVEI.US,D,20220606,000000,51.5,52.98,50.14,50.76,265606,0
NVEI.US,D,20220607,000000,49.73,51.2,48.64,50.47,134097,0
NVEI.US,D,20220608,000000,50.72,51,49.73,50.5,233661,0
NVEI.US,D,20220609,000000,49.89,50.44,47.7,47.84,169513,0
NVEI.US,D,20220610,000000,46.23,47.26,44.4,45.4,322334,0
NVEI.US,D,20220613,000000,43.34,43.795,40.81,41.3,533271,0
NVEI.US,D,20220614,000000,42,42.61,39.76,40.58,334000,0
NVEI.US,D,20220615,000000,41.03,43.31,40.79,42.7,281224,0
NVEI.US,D,20220616,000000,40.91,40.95,37.76,37.99,391698,0
NVEI.US,D,20220617,000000,38.34,39.47,37.93,37.99,339946,0
NVEI.US,D,20220621,000000,39.43,41.17,38,38.4,304831,0
NVEI.US,D,20220622,000000,37.5,38.77,36.91,36.99,577312,0
NVEI.US,D,20220623,000000,37.45,39.09,36.495,38.53,515544,0
NVEI.US,D,20220624,000000,39.06,40.52,38.73,39.66,339039,0
NVEI.US,D,20220627,000000,40.4,40.77,38.76,39.51,454489,0
NVEI.US,D,20220628,000000,39.4,40.33,37.46,38.13,225663,0
NVEI.US,D,20220629,000000,37.98,38.52,37.09,37.51,305138,0
NVEI.US,D,20220630,000000,36.68,37.15,34.81,36.17,668160,0
NVEI.US,D,20220701,000000,36.1,36.1,34.43,35.12,522853,0
NVEI.US,D,20220705,000000,34.97,35.65,33.63,35.13,662554,0
NVEI.US,D,20220706,000000,34.96,35.89,33.34,33.95,370949,0
NVEI.US,D,20220707,000000,34.04,35.06,33.74,33.76,457441,0
NVEI.US,D,20220708,000000,33.41,34.46,31.81,34,434390,0
NVEI.US,D,20220711,000000,33.08,33.53,31.26,31.5,718168,0
NVEI.US,D,20220712,000000,31.57,32.54,30.93,31.11,392029,0
NVEI.US,D,20220713,000000,30.6,31.97,29.9,31.49,378722,0
NVEI.US,D,20220714,000000,30.165,30.855,29.11,30.52,536412,0
NVEI.US,D,20220715,000000,31.17,31.64,30.1,30.84,285069,0
NVEI.US,D,20220718,000000,31.42,32.82,31.23,31.92,231967,0
NVEI.US,D,20220719,000000,32.57,34.41,32.57,34.07,405664,0
NVEI.US,D,20220720,000000,34.25,36.62,34.25,36.3,452832,0
NVEI.US,D,20220721,000000,36.58,36.77,35.84,36.64,322046,0
NVEI.US,D,20220722,000000,36.03,36.63,34.65,35.4,313543,0
NVEI.US,D,20220725,000000,35.41,35.41,33.43,33.88,409748,0
NVEI.US,D,20220726,000000,33.68,33.68,31.11,31.12,264666,0
NVEI.US,D,20220727,000000,32,33.35,30.9,33.2,264782,0
NVEI.US,D,20220728,000000,33.34,33.7,31.72,33.21,197325,0
NVEI.US,D,20220729,000000,33.3,35.11,32.94,34.88,269865,0
NVEI.US,D,20220801,000000,34.29,35,34.1,34.59,126295,0
NVEI.US,D,20220802,000000,34.35,36.65,33.85,36.1,323900,0
NVEI.US,D,20220803,000000,36.49,38.98,36.17,38.91,425486,0
NVEI.US,D,20220804,000000,38.5,39.08,37.16,37.48,366576,0
NVEI.US,D,20220805,000000,37.33,37.78,36.08,37.52,542576,0
NVEI.US,D,20220808,000000,37.79,42.39,37.76,42.06,989962,0
NVEI.US,D,20220809,000000,36.01,37,32.37,33.03,2090721,0
NVEI.US,D,20220810,000000,33.99,36.61,33.0027,35.65,1561894,0
NVEI.US,D,20220811,000000,36.6,39.1,36.0405,36.1,880338,0
NVEI.US,D,20220812,000000,36.39,36.93,35.27,35.34,371461,0
NVEI.US,D,20220815,000000,34.38,37.53,33.24,37.18,343309,0
NVEI.US,D,20220816,000000,37.24,37.31,35.8,36.44,377162,0
NVEI.US,D,20220817,000000,35.49,35.77,33.63,34.5,319278,0
NVEI.US,D,20220818,000000,34.5,34.61,33.605,34.28,201758,0
NVEI.US,D,20220819,000000,33.22,33.2558,31.92,32.38,289669,0
NVEI.US,D,20220822,000000,31.16,32.669,31.16,32.19,269311,0
NVEI.US,D,20220823,000000,32.19,32.746,31.51,32.5,177482,0
NVEI.US,D,20220824,000000,32.64,33.8961,32.41,33.09,281677,0
NVEI.US,D,20220825,000000,33.42,34.14,33.15,33.45,367547,0
NVEI.US,D,20220826,000000,33.18,33.34,30.48,30.66,483955,0
NVEI.US,D,20220829,000000,30.07,30.87,29.4027,30.5,252080,0
NVEI.US,D,20220830,000000,30.8,31.425,29.96,30.3,346360,0
NVEI.US,D,20220831,000000,30.7,30.88,30.1,30.59,350298,0
NVEI.US,D,20220901,000000,30,30.16,28.97,30.15,410205,0
NVEI.US,D,20220902,000000,30.74,30.76,29.21,29.44,617663,0
NVEI.US,D,20220906,000000,29.29,29.7,28.51,28.61,209514,0
NVEI.US,D,20220907,000000,28.66,29.41,27.93,29.34,377589,0
NVEI.US,D,20220908,000000,29.06,30.13,28.8,29.94,305678,0
NVEI.US,D,20220909,000000,30.43,32.04,30.43,31.99,224043,0
NVEI.US,D,20220912,000000,32.35,33.18,31.975,33.17,204791,0
NVEI.US,D,20220913,000000,31.37,31.88,30.75,30.82,367053,0
NVEI.US,D,20220914,000000,31.12,32.44,30.54,32.4,311525,0
NVEI.US,D,20220915,000000,32.04,33.345,31.6603,31.86,239234,0
NVEI.US,D,20220916,000000,31.39,31.79,30.59,31.53,378514,0
NVEI.US,D,20220919,000000,30.61,31.91,30.4396,31.78,181968,0
NVEI.US,D,20220920,000000,31.12,33.09,30.82,31.64,367581,0
NVEI.US,D,20220921,000000,31.66,31.74,30.15,30.19,509472,0
NVEI.US,D,20220922,000000,29.98,30.19,27.71,28.03,344097,0
NVEI.US,D,20220923,000000,27.45,27.76,27.045,27.71,217619,0
NVEI.US,D,20220926,000000,27.6,28.37,26.73,26.81,277175,0
NVEI.US,D,20220927,000000,27.3,28.18,26.53,26.79,181684,0
NVEI.US,D,20220928,000000,26.87,29.08,26.63,28.86,256972,0
NVEI.US,D,20220929,000000,28.05,28.27,27.23,27.48,398983,0
NVEI.US,D,20220930,000000,27.26,28.6,26.91,27.05,153155,0
NVEI.US,D,20221003,000000,27.49,28.51,26.71,27.89,221397,0
NVEI.US,D,20221004,000000,29.08,31.1,29.01,30.84,254062,0
NVEI.US,D,20221005,000000,29.75,30.38,29.6,29.94,177309,0
NVEI.US,D,20221006,000000,29.63,30.27,29.4,30,295671,0
NVEI.US,D,20221007,000000,29.89,29.89,28.39,28.44,255966,0
NVEI.US,D,20221010,000000,28.13,28.41,26.95,27.51,166133,0
NVEI.US,D,20221011,000000,27.3,27.76,26.17,26.94,285750,0
NVEI.US,D,20221012,000000,27.05,27.39,26.22,26.54,210327,0
NVEI.US,D,20221013,000000,25,27.2,24.73,26.92,205510,0
NVEI.US,D,20221014,000000,27.08,27.9,25.83,25.88,190434,0
NVEI.US,D,20221017,000000,26.93,28.85,26.93,27.95,248659,0
NVEI.US,D,20221018,000000,29.11,29.65,27.8,28.16,223961,0
NVEI.US,D,20221019,000000,27.79,27.83,26.09,26.19,404119,0
NVEI.US,D,20221020,000000,26.5,27.55,26.17,26.82,247570,0
NVEI.US,D,20221021,000000,26.72,28.58,26.07,28.55,279910,0
NVEI.US,D,20221024,000000,28.6,28.68,27.27,27.36,405970,0
NVEI.US,D,20221025,000000,27.45,29.27,27.45,29.19,369528,0
NVEI.US,D,20221026,000000,29.19,30.81,28.79,29.36,318599,0
NVEI.US,D,20221027,000000,29.3,30.595,29.3,29.98,225622,0
NVEI.US,D,20221028,000000,29.57,30.61,28.74,30.33,415212,0
NVEI.US,D,20221031,000000,30.16,30.89,29.71,30.07,279281,0
NVEI.US,D,20221101,000000,31.06,31.2,29.63,30.57,366894,0
NVEI.US,D,20221102,000000,30.15,30.66,28.35,28.48,725994,0
NVEI.US,D,20221103,000000,28.45,30,27.89,29.66,912193,0
NVEI.US,D,20221104,000000,30.3,30.58,27.6,29.05,448691,0
NVEI.US,D,20221107,000000,29.82,31.11,29.56,29.9,495320,0
NVEI.US,D,20221108,000000,30.12,31.52,29.76,30.11,626502,0
NVEI.US,D,20221109,000000,29.68,29.68,26.59,26.67,491469,0
NVEI.US,D,20221110,000000,28.89,31.55,28.78,31.5,425481,0
NVEI.US,D,20221111,000000,31.3,33.92,30.39,33.88,368285,0
NVEI.US,D,20221114,000000,32.79,33.25,32.12,32.22,463888,0
NVEI.US,D,20221115,000000,33.05,33.65,32.39,32.52,657996,0
NVEI.US,D,20221116,000000,32.11,32.32,30.26,31.9,591767,0
NVEI.US,D,20221117,000000,30.58,31.8,30.58,30.77,410737,0
NVEI.US,D,20221118,000000,31.33,31.33,29.65,29.98,357104,0
NVEI.US,D,20221121,000000,29.59,29.69,28.245,28.99,655634,0
NVEI.US,D,20221122,000000,28.99,29.71,28.39,29.41,569159,0
NVEI.US,D,20221123,000000,29.2,29.87,28.81,29.24,215490,0
NVEI.US,D,20221125,000000,29.45,29.76,28.94,29,74986,0
NVEI.US,D,20221128,000000,28.95,29.02,27.8,27.85,283728,0
NVEI.US,D,20221129,000000,27.9,28.83,27.8,28.59,268446,0
NVEI.US,D,20221130,000000,29.04,30.89,28.65,30.81,230580,0
NVEI.US,D,20221201,000000,31,31.78,30.66,31.05,384016,0
NVEI.US,D,20221202,000000,29.95,30.535,29.36,29.69,352804,0
NVEI.US,D,20221205,000000,29.6,29.725,27.83,27.94,311530,0
NVEI.US,D,20221206,000000,27.85,27.85,26.51,27.41,345149,0
NVEI.US,D,20221207,000000,27.05,27.54,26.43,27.39,303617,0
NVEI.US,D,20221208,000000,27.75,28.57,27.04,27.48,343248,0
NVEI.US,D,20221209,000000,27.14,27.64,26.795,27,290519,0
NVEI.US,D,20221212,000000,26.86,28.295,26.79,28.01,164301,0
NVEI.US,D,20221213,000000,29.44,29.82,27.06,27.2,1350937,0
NVEI.US,D,20221214,000000,27.2,27.79,26.8,27.04,247629,0
NVEI.US,D,20221215,000000,26.4,27.53,26.4,26.81,540187,0
NVEI.US,D,20221216,000000,26.46,26.845,25.7,26.32,385753,0
NVEI.US,D,20221219,000000,26.55,26.55,25.48,25.57,165017,0
NVEI.US,D,20221220,000000,25.29,25.99,25.12,25.62,186441,0
NVEI.US,D,20221221,000000,25.87,26.04,25.3,25.36,414238,0
NVEI.US,D,20221222,000000,24.85,24.92,24.11,24.67,298715,0
NVEI.US,D,20221223,000000,24.57,24.57,23.98,24.23,145304,0
NVEI.US,D,20221227,000000,24.06,24.96,24.015,24.58,135907,0
NVEI.US,D,20221228,000000,24.42,24.42,23.7125,24.01,398373,0
NVEI.US,D,20221229,000000,24.46,25.4999,24.46,25.38,401782,0
NVEI.US,D,20221230,000000,24.79,25.99,24.78,25.41,218949,0
NVEI.US,D,20230103,000000,26.05,26.53,25.09,25.52,151570,0
NVEI.US,D,20230104,000000,26.06,27.09,25.79,26.73,396123,0
NVEI.US,D,20230105,000000,26.23,26.95,26.02,26.73,331382,0
NVEI.US,D,20230106,000000,27.05,27.68,26.39,27,792186,0
NVEI.US,D,20230109,000000,27.44,28.76,25.5401,27.89,1475836,0
NVEI.US,D,20230110,000000,27.96,30.385,27.81,30.29,991144,0
NVEI.US,D,20230111,000000,30.72,31.17,29.45,31.1,436593,0
NVEI.US,D,20230112,000000,31.1,32.5,30.15,32.33,412814,0
NVEI.US,D,20230113,000000,31.7,33.16,31.36,33,326276,0
NVEI.US,D,20230117,000000,33,33.29,32.05,32.37,215305,0
NVEI.US,D,20230118,000000,33.2,33.33,31.94,32.1,850198,0
NVEI.US,D,20230119,000000,32.41,32.41,31.2,31.52,638715,0
NVEI.US,D,20230120,000000,31.6,32.4,31.37,32.4,496363,0
NVEI.US,D,20230123,000000,32.83,34.53,32.39,34.52,345331,0
NVEI.US,D,20230124,000000,34.35,34.71,33.54,33.68,184747,0
NVEI.US,D,20230125,000000,33.11,33.56,32.23,33.31,181259,0
NVEI.US,D,20230126,000000,34.09,34.42,33.48,34.08,156177,0
NVEI.US,D,20230127,000000,33.79,34.9455,33.79,34.83,315601,0
NVEI.US,D,20230130,000000,34.07,34.94,34,34.69,240731,0
NVEI.US,D,20230131,000000,34.93,35.595,34.7,35.33,186258,0
NVEI.US,D,20230201,000000,35.37,36.605,34.85,36.36,178068,0
NVEI.US,D,20230202,000000,36.9,38.25,36.77,36.94,436859,0
NVEI.US,D,20230203,000000,35.93,36.905,35.19,35.97,137726,0
NVEI.US,D,20230206,000000,35.31,35.725,34.83,35.4,249039,0
NVEI.US,D,20230207,000000,35.18,36.61,34.83,36.42,316477,0
NVEI.US,D,20230208,000000,36.13,36.42,34.81,34.85,268779,0
NVEI.US,D,20230209,000000,35.45,35.45,33.1,33.28,454160,0
NVEI.US,D,20230210,000000,33,33.3,32.5,33.14,204689,0
NVEI.US,D,20230213,000000,33.37,33.68,32.72,32.82,234306,0
NVEI.US,D,20230214,000000,32.31,33.07,31.8401,32.84,268616,0
NVEI.US,D,20230215,000000,32.54,34.85,32.44,34.75,331926,0
NVEI.US,D,20230216,000000,33.79,34.17,33.08,33.11,166365,0
NVEI.US,D,20230217,000000,32.98,33.03,32.105,32.86,158999,0
NVEI.US,D,20230221,000000,32.17,32.405,31.45,31.79,125069,0
NVEI.US,D,20230222,000000,31.62,32.34,30.97,31.49,240262,0
NVEI.US,D,20230223,000000,32.02,32.02,30.31,31,240325,0
NVEI.US,D,20230224,000000,30.1,30.39,29.76,29.985,222297,0
NVEI.US,D,20230227,000000,30.36,30.5118,30,30.34,189843,0
NVEI.US,D,20230228,000000,30.34,31.34,30.26,30.65,257952,0
NVEI.US,D,20230301,000000,30.72,31.575,30.48,30.77,157234,0
NVEI.US,D,20230302,000000,30.31,32.04,30.11,31.95,220471,0
NVEI.US,D,20230303,000000,32.43,34.01,32.11,33.88,298588,0
NVEI.US,D,20230306,000000,34.09,34.71,33.13,33.19,376222,0
NVEI.US,D,20230307,000000,33.22,33.61,32.165,32.71,458059,0
NVEI.US,D,20230308,000000,34.64,36.8,32.9,36.41,1528367,0
NVEI.US,D,20230309,000000,38.34,39.88,38.18,38.77,1043120,0
NVEI.US,D,20230310,000000,38.77,38.82,36.63,37.54,603938,0
NVEI.US,D,20230313,000000,37.19,39.28,36.49,37.92,571810,0
NVEI.US,D,20230314,000000,38.7,41,38.7,40.89,562455,0
NVEI.US,D,20230315,000000,40,40.82,39.12,40.69,497661,0
NVEI.US,D,20230316,000000,40.41,42.41,39.97,42.18,693212,0
NVEI.US,D,20230317,000000,42.18,42.21,40.47,41.09,342402,0
NVEI.US,D,20230320,000000,41.06,41.59,40.48,40.99,194196,0
NVEI.US,D,20230321,000000,41.43,42.96,41.43,42.79,231477,0
NVEI.US,D,20230322,000000,42.71,43.32,41.08,41.08,307545,0
NVEI.US,D,20230323,000000,41.34,42.64,41.25,42.05,220888,0
NVEI.US,D,20230324,000000,41.4,41.66,40.82,41.33,108871,0
NVEI.US,D,20230327,000000,41.58,42.55,41.58,42.28,214580,0
NVEI.US,D,20230328,000000,42.09,42.2,41.23,41.53,152655,0
NVEI.US,D,20230329,000000,42.37,42.46,41.59,42.14,150071,0
NVEI.US,D,20230330,000000,42.58,42.9,42.14,42.75,173572,0
NVEI.US,D,20230331,000000,42.95,43.718,42.89,43.525,298797,0
NVEI.US,D,20230403,000000,43.45,43.52,42.22,42.93,163768,0
NVEI.US,D,20230404,000000,43.17,43.5,42.64,42.98,172439,0
NVEI.US,D,20230405,000000,42.65,42.85,40.85,40.96,248167,0
NVEI.US,D,20230406,000000,40.72,40.92,39.15,40.91,183173,0
NVEI.US,D,20230410,000000,40.2,40.565,39.39,40.38,368296,0
NVEI.US,D,20230411,000000,41.14,41.14,39.87,40.72,362851,0
NVEI.US,D,20230412,000000,41.26,42.56,40.74,42.55,470362,0
NVEI.US,D,20230413,000000,43.09,43.8,42.53,43.77,455862,0
NVEI.US,D,20230414,000000,43.55,43.81,42.04,42.2,402338,0
NVEI.US,D,20230417,000000,42.46,42.8347,41.56,42.44,843022,0
NVEI.US,D,20230418,000000,39.86,43.15,39.82,42.13,1660311,0
NVEI.US,D,20230419,000000,41.64,42.52,41.56,42.16,329253,0
NVEI.US,D,20230420,000000,41.75,42.49,41.75,42.3,280854,0
NVEI.US,D,20230421,000000,42.42,42.46,41.79,41.89,300432,0
NVEI.US,D,20230424,000000,41.94,42.4,41.22,41.66,241123,0
NVEI.US,D,20230425,000000,41.41,41.49,39.73,40.03,651191,0
NVEI.US,D,20230426,000000,40.5,41.15,39.17,39.24,278618,0
NVEI.US,D,20230427,000000,39.6,39.91,38.68,39.89,324462,0
NVEI.US,D,20230428,000000,39.74,40.85,39.52,40.65,151086,0
NVEI.US,D,20230501,000000,40.45,40.74,40.15,40.54,198308,0
NVEI.US,D,20230502,000000,40.38,40.7989,39.81,40.68,130844,0
NVEI.US,D,20230503,000000,40.54,42.13,40.39,40.54,304621,0
NVEI.US,D,20230504,000000,40.42,42.19,39.5325,39.655,379041,0
NVEI.US,D,20230505,000000,40.33,40.87,39.9325,40.74,273475,0
NVEI.US,D,20230508,000000,40.92,41.83,40.08,41.25,470193,0
NVEI.US,D,20230509,000000,40.73,42.5,40.1742,42.39,563119,0
NVEI.US,D,20230510,000000,38.42,38.68,32.65,36.32,2549133,0
NVEI.US,D,20230511,000000,36.27,36.725,34.01,36.28,756078,0
NVEI.US,D,20230512,000000,36.29,36.57,34.05,34.66,462385,0
NVEI.US,D,20230515,000000,34.83,35.2,33.94,34.04,379076,0
NVEI.US,D,20230516,000000,33.81,34.01,32.75,33.03,341765,0
NVEI.US,D,20230517,000000,33.3,33.9,32.96,33.57,306437,0
NVEI.US,D,20230518,000000,33.29,33.39,31.79,32.51,433110,0
NVEI.US,D,20230519,000000,32.55,32.88,31.79,32.13,260131,0
NVEI.US,D,20230522,000000,32.15,33.78,31.79,33.04,146490,0
NVEI.US,D,20230523,000000,32.8,33.5999,32.41,32.43,296335,0
NVEI.US,D,20230524,000000,32.38,32.38,30.84,31.47,812830,0
NVEI.US,D,20230525,000000,31.58,31.97,31.21,31.22,569058,0
NVEI.US,D,20230526,000000,31.36,32.395,31.36,31.73,192858,0
NVEI.US,D,20230530,000000,32.27,32.34,31.57,31.89,351806,0
NVEI.US,D,20230531,000000,31.69,31.82,30.17,31.39,298218,0
NVEI.US,D,20230601,000000,31.22,31.74,30.5,31.17,347868,0
NVEI.US,D,20230602,000000,31.47,31.47,30.19,30.6,381142,0
NVEI.US,D,20230605,000000,30.66,31.19,30.31,30.34,608936,0
NVEI.US,D,20230606,000000,30.3,31.02,30.055,30.91,446769,0
NVEI.US,D,20230607,000000,30.91,31.43,30.56,30.77,446488,0
NVEI.US,D,20230608,000000,30.65,30.92,30.295,30.44,185028,0
NVEI.US,D,20230609,000000,30.37,31.01,29.66,29.74,501866,0
NVEI.US,D,20230612,000000,29.81,30.27,29.54,30.25,211485,0
NVEI.US,D,20230613,000000,30.5,30.56,29.7,30.04,263020,0
NVEI.US,D,20230614,000000,30.19,30.47,29.51,29.72,308758,0
NVEI.US,D,20230615,000000,29.51,30.32,28.9,30.2,346990,0
NVEI.US,D,20230616,000000,30.25,30.25,28.37,28.79,2787010,0
NVEI.US,D,20230620,000000,28.31,28.78,27.21,27.71,502035,0
NVEI.US,D,20230621,000000,27.93,27.93,26.59,26.7,707487,0
NVEI.US,D,20230622,000000,27.01,27.78,26.6,27.07,659340,0
NVEI.US,D,20230623,000000,27.12,27.26,26.58,27.15,439553,0
NVEI.US,D,20230626,000000,27.23,27.47,26.8,27.03,283812,0
NVEI.US,D,20230627,000000,27.24,28.43,26.94,28.35,494567,0
NVEI.US,D,20230628,000000,28.38,29.21,27.85,28.89,623758,0
NVEI.US,D,20230629,000000,29.15,29.55,28.62,28.75,299509,0
NVEI.US,D,20230630,000000,29.41,29.88,28.89,29.56,373821,0
NVEI.US,D,20230703,000000,29.78,30.3623,29.51,30.06,94255,0
NVEI.US,D,20230705,000000,30.06,30.11,29.55,29.88,254378,0
NVEI.US,D,20230706,000000,29.3,29.3,28.42,28.74,286940,0
NVEI.US,D,20230707,000000,28.87,29.55,28.87,29.22,174538,0
NVEI.US,D,20230710,000000,29.23,29.715,29.01,29.31,149243,0
NVEI.US,D,20230711,000000,29.75,29.915,29.26,29.56,288243,0
NVEI.US,D,20230712,000000,30.23,32.45,30.06,32.27,791250,0
NVEI.US,D,20230713,000000,32.52,34.374,32.39,34.1,538919,0
NVEI.US,D,20230714,000000,34.14,34.3877,33.53,33.89,368488,0
NVEI.US,D,20230717,000000,34.02,36.01,33.69,35.27,677708,0
NVEI.US,D,20230718,000000,35.5,36.73,34.978,36.72,463707,0
NVEI.US,D,20230719,000000,37,37.41,35.58,36.42,395227,0
NVEI.US,D,20230720,000000,36.02,36.293,33.24,33.44,563116,0
NVEI.US,D,20230721,000000,33.8,34.09,32.73,33.08,245772,0
NVEI.US,D,20230724,000000,33.04,33.46,32.79,32.94,229773,0
NVEI.US,D,20230725,000000,32.75,33,32.2658,32.32,282308,0
NVEI.US,D,20230726,000000,32.43,33.75,32.34,33.62,210407,0
NVEI.US,D,20230727,000000,34.12,34.5,32.64,32.66,267658,0
NVEI.US,D,20230728,000000,33.1,33.96,33.09,33.71,208840,0
NVEI.US,D,20230731,000000,34.04,34.67,33.92,34.11,235533,0
NVEI.US,D,20230801,000000,33.51,33.6,32.61,32.8,252118,0
NVEI.US,D,20230802,000000,32.05,32.05,30.3,30.61,371863,0
NVEI.US,D,20230803,000000,30.5,31.24,30.25,30.75,404176,0
NVEI.US,D,20230804,000000,31.05,31.29,30.42,30.92,248538,0
NVEI.US,D,20230807,000000,31.08,31.32,29.6,30.29,199534,0
NVEI.US,D,20230808,000000,29.4,30.135,29.37,29.93,438605,0
NVEI.US,D,20230809,000000,21.4,21.46,17.69,18.13,7064647,0
NVEI.US,D,20230810,000000,17.9,18.28,16.8723,17.34,3072609,0
NVEI.US,D,20230811,000000,17.5,17.5,16.5599,16.56,1803009,0
NVEI.US,D,20230814,000000,16.8,17.66,16.7,16.84,1449376,0
NVEI.US,D,20230815,000000,16.94,16.94,16.13,16.18,1137724,0
NVEI.US,D,20230816,000000,16.14,17.53,15.87,17.01,1189014,0
NVEI.US,D,20230817,000000,17.01,17.409,16.8,17.04,454960,0
NVEI.US,D,20230818,000000,16.72,17.88,16.55,17.67,716154,0
NVEI.US,D,20230821,000000,17.69,17.69,16.7,17.36,613909,0
NVEI.US,D,20230822,000000,17.37,17.49,16.67,16.84,511392,0
NVEI.US,D,20230823,000000,17.04,17.07,16.46,16.83,467577,0
NVEI.US,D,20230824,000000,16.8,16.9883,16.22,16.31,341917,0
NVEI.US,D,20230825,000000,16.56,16.56,15.94,16.31,441471,0
NVEI.US,D,20230828,000000,16.63,16.709,16.13,16.27,399079,0
NVEI.US,D,20230829,000000,16.23,17.67,16.23,17.5,569043,0
NVEI.US,D,20230830,000000,17.46,18,17.36,17.8,407306,0
NVEI.US,D,20230831,000000,17.81,18.25,17.75,18.07,330775,0
NVEI.US,D,20230901,000000,18.2,18.78,18.0801,18.57,456882,0
NVEI.US,D,20230905,000000,18.51,18.59,18.12,18.51,389311,0
NVEI.US,D,20230906,000000,18.51,18.91,18.32,18.5,572009,0
NVEI.US,D,20230907,000000,18.25,18.38,17.88,18.29,363085,0
NVEI.US,D,20230908,000000,18.27,18.36,17.83,18,553239,0
NVEI.US,D,20230911,000000,18.23,18.28,17.79,18.11,336392,0
NVEI.US,D,20230912,000000,17.95,18.145,17.46,17.495,459510,0
NVEI.US,D,20230913,000000,17.34,17.67,17.09,17.11,336229,0
NVEI.US,D,20230914,000000,17.31,17.4,16.85,16.93,418191,0
NVEI.US,D,20230915,000000,16.85,17.5,16.8,17.34,534351,0
NVEI.US,D,20230918,000000,17.1,17.19,16.735,16.77,534509,0
NVEI.US,D,20230919,000000,16.65,16.77,16.31,16.47,350601,0
NVEI.US,D,20230920,000000,16.53,16.7,15.66,15.67,518704,0
NVEI.US,D,20230921,000000,15.48,15.51,15.005,15.01,689473,0
NVEI.US,D,20230922,000000,15.27,15.31,14.8786,14.98,297664,0
NVEI.US,D,20230925,000000,14.98,15.2,14.86,15.15,282443,0
NVEI.US,D,20230926,000000,14.96,15.45,14.88,14.99,507040,0
NVEI.US,D,20230927,000000,15.14,15.28,14.84,15.01,381543,0
NVEI.US,D,20230928,000000,14.91,15.08,14.745,14.88,720388,0
NVEI.US,D,20230929,000000,15.21,15.55,14.99,15,555925,0
NVEI.US,D,20231002,000000,15.01,15.34,14.7,14.77,631956,0
NVEI.US,D,20231003,000000,14.55,14.76,14.44,14.66,651588,0
NVEI.US,D,20231004,000000,14.87,15.1,14.29,15.01,757565,0
NVEI.US,D,20231005,000000,14.99,15.2799,14.7,15.2,480593,0
NVEI.US,D,20231006,000000,15,15.95,14.99,15.72,358212,0
NVEI.US,D,20231009,000000,15.69,16.125,15.5,15.98,284229,0
NVEI.US,D,20231010,000000,16.08,16.42,15.84,15.98,312874,0
NVEI.US,D,20231011,000000,15.91,16.065,15.64,15.82,513888,0
NVEI.US,D,20231012,000000,15.89,15.89,15.145,15.15,374821,0
NVEI.US,D,20231013,000000,15.22,15.485,15.04,15.12,383596,0
NVEI.US,D,20231016,000000,15.24,15.79,14.92,15.66,344902,0
NVEI.US,D,20231017,000000,15.5,16.18,15.495,15.9,377341,0
NVEI.US,D,20231018,000000,15.74,15.74,15.19,15.43,469152,0
NVEI.US,D,20231019,000000,15.5,15.675,15.22,15.48,325587,0
NVEI.US,D,20231020,000000,15.49,15.75,15.14,15.25,504941,0
NVEI.US,D,20231023,000000,15.12,15.68,15.05,15.48,412363,0
NVEI.US,D,20231024,000000,15.5,16.385,15.49,15.63,354729,0
NVEI.US,D,20231025,000000,15.05,15.24,13.86,14.005,1254900,0
NVEI.US,D,20231026,000000,13.99,14.16,13.58,13.87,848537,0
NVEI.US,D,20231027,000000,13.89,14.02,13.32,13.53,563896,0
NVEI.US,D,20231030,000000,13.62,13.9,13.47,13.58,238031,0
NVEI.US,D,20231031,000000,13.58,14.03,13.44,13.89,536028,0
NVEI.US,D,20231101,000000,13.97,13.99,13.6,13.89,247067,0
NVEI.US,D,20231102,000000,14.92,15.125,14.264,14.95,622213,0
NVEI.US,D,20231103,000000,15.33,15.79,15.15,15.35,650563,0
NVEI.US,D,20231106,000000,15.5,15.7,15.06,15.3,368165,0
NVEI.US,D,20231107,000000,15.09,15.99,14.94,15.75,623771,0
NVEI.US,D,20231108,000000,17.77,19.38,17.5,18.86,2732872,0
NVEI.US,D,20231109,000000,18.58,19.52,18.1,18.72,851946,0
NVEI.US,D,20231110,000000,18.69,18.81,17.85,18.56,588801,0
NVEI.US,D,20231113,000000,18.25,19.16,18.17,18.84,518139,0
NVEI.US,D,20231114,000000,19.37,20.095,19.37,19.8,570269,0
NVEI.US,D,20231115,000000,19.77,20.96,19.59,20.08,856103,0
NVEI.US,D,20231116,000000,20,20.18,19.51,19.61,325959,0
NVEI.US,D,20231117,000000,19.81,19.94,19.35,19.62,310550,0
NVEI.US,D,20231120,000000,19.37,19.79,19.34,19.73,464639,0
NVEI.US,D,20231121,000000,19.61,19.61,19.07,19.28,223699,0
NVEI.US,D,20231122,000000,19.54,19.74,19.1778,19.53,423059,0
NVEI.US,D,20231124,000000,19.39,20.06,19.37,19.9,86184,0
NVEI.US,D,20231127,000000,19.76,20.78,19.65,20.7,363560,0
NVEI.US,D,20231128,000000,20.17,20.87,20.17,20.54,400881,0
NVEI.US,D,20231129,000000,20.62,21.02,20.55,20.63,287556,0
NVEI.US,D,20231130,000000,20.5,20.85,20.03,20.53,693688,0
NVEI.US,D,20231201,000000,20.63,21.36,20.06,21.19,302679,0
NVEI.US,D,20231204,000000,21.85,22.5,21.39,22.43,640503,0
NVEI.US,D,20231205,000000,22.3,23.26,22.139,22.82,817443,0
NVEI.US,D,20231206,000000,23.13,23.68,22.62,23.4,576923,0
NVEI.US,D,20231207,000000,23.71,23.71,22.3801,22.53,374180,0
NVEI.US,D,20231208,000000,22.27,23.88,21.92,23.78,687963,0
NVEI.US,D,20231211,000000,23.62,23.7689,22.81,23.3,416122,0
NVEI.US,D,20231212,000000,23.3,23.55,22.7,22.91,312288,0
NVEI.US,D,20231213,000000,22.91,23.5,22.04,23.38,481926,0
NVEI.US,D,20231214,000000,23.63,24.75,23.63,24.3,496697,0
NVEI.US,D,20231215,000000,24.29,24.56,23.77,23.83,550014,0
NVEI.US,D,20231218,000000,23.84,24.53,23.42,24.47,332159,0
NVEI.US,D,20231219,000000,24.59,25.5,24.37,25.49,601076,0
NVEI.US,D,20231220,000000,26.01,26.79,25.41,25.54,854647,0
NVEI.US,D,20231221,000000,26.27,26.5,25.86,26.3,470200,0
NVEI.US,D,20231222,000000,26.37,26.43,25.76,26.18,330965,0
NVEI.US,D,20231226,000000,26.45,26.64,26.06,26.3,277023,0
NVEI.US,D,20231227,000000,26.73,27.005,26.46,26.92,337907,0
NVEI.US,D,20231228,000000,26.77,27.38,26.75,26.79,361277,0
NVEI.US,D,20231229,000000,26.7,26.92,25.94,26.26,353228,0
NVEI.US,D,20240102,000000,25.9,25.91,24.51,24.7,790428,0
NVEI.US,D,20240103,000000,23.78,24.38,23.4,24.08,695195,0
NVEI.US,D,20240104,000000,23.78,25.07,23.7707,24.91,658715,0
NVEI.US,D,20240105,000000,24.25,25.32,24.25,24.67,447296,0
NVEI.US,D,20240108,000000,24.69,25.75,24.57,25.75,424908,0
NVEI.US,D,20240109,000000,25.19,25.3668,24.533,24.63,349405,0
NVEI.US,D,20240110,000000,24.49,25.03,24.27,24.78,285591,0
NVEI.US,D,20240111,000000,25,25,24,24.64,252141,0
NVEI.US,D,20240112,000000,24.86,24.96,23.71,23.97,224675,0
NVEI.US,D,20240116,000000,23.63,23.78,23.17,23.36,276682,0
NVEI.US,D,20240117,000000,23.01,23.01,21.7,22.64,461899,0
NVEI.US,D,20240118,000000,23.06,23.19,22.2,22.37,148428,0
NVEI.US,D,20240119,000000,22.59,23.19,21.93,22.78,268470,0
NVEI.US,D,20240122,000000,23.13,23.49,22.62,22.91,344137,0
NVEI.US,D,20240123,000000,23.03,24.72,23,24.44,563000,0
NVEI.US,D,20240124,000000,24.98,25.455,24.39,24.5,524176,0
NVEI.US,D,20240125,000000,24.5,24.715,23.73,24.5,293543,0
NVEI.US,D,20240126,000000,24.8,25.374,24.6001,24.71,332095,0
NVEI.US,D,20240129,000000,24.64,25.485,24.35,25.47,230409,0
NVEI.US,D,20240130,000000,25.39,25.44,24.36,24.76,478585,0
NVEI.US,D,20240131,000000,24.65,25.31,24.24,24.29,344659,0
NVEI.US,D,20240201,000000,24.44,25,23.97,24.7,313508,0
NVEI.US,D,20240202,000000,24.39,24.46,23.84,24.04,524106,0
NVEI.US,D,20240205,000000,23.72,24.83,23.54,24.72,431317,0
NVEI.US,D,20240206,000000,24.74,25.21,24.6,24.91,163310,0
NVEI.US,D,20240207,000000,25.1,26.12,24.85,25.99,581558,0
NVEI.US,D,20240208,000000,25.83,26.53,25.24,26.02,597605,0
NVEI.US,D,20240209,000000,26.46,26.88,26,26.81,304474,0
NVEI.US,D,20240212,000000,26.64,27.35,26.06,26.61,239578,0
NVEI.US,D,20240213,000000,25.43,25.7649,24.42,25.36,409656,0
NVEI.US,D,20240214,000000,25.81,26.25,25.44,25.97,133268,0
NVEI.US,D,20240215,000000,26.13,26.78,25.9441,26.65,197830,0
NVEI.US,D,20240216,000000,26.26,26.99,24.83,25.01,864142,0
NVEI.US,D,20240220,000000,24.88,25.105,24.11,24.26,324270,0
NVEI.US,D,20240221,000000,24.25,24.25,22.93,23.35,334105,0
NVEI.US,D,20240222,000000,23.77,24.145,23.735,23.95,258156,0
NVEI.US,D,20240223,000000,24.28,25.73,23.95,25.46,560773,0
NVEI.US,D,20240226,000000,25.46,25.66,24.52,24.69,328465,0
NVEI.US,D,20240227,000000,24.65,25.82,24.53,25.69,321093,0
NVEI.US,D,20240228,000000,25.41,26.61,25.18,26.07,418212,0
NVEI.US,D,20240229,000000,26.4,26.53,26,26.44,245641,0
NVEI.US,D,20240301,000000,26.52,26.89,26.28,26.44,351386,0
NVEI.US,D,20240304,000000,26.5,26.75,25.54,25.68,532174,0
NVEI.US,D,20240305,000000,25.75,25.87,24.99,25.27,646842,0
NVEI.US,D,20240306,000000,23.5,25.97,22.31,22.79,1715352,0
NVEI.US,D,20240307,000000,23,24.09,22.91,23.78,957434,0
NVEI.US,D,20240308,000000,24.37,24.56,23.29,23.3,850642,0
NVEI.US,D,20240311,000000,23.46,23.545,23.19,23.21,296993,0
NVEI.US,D,20240312,000000,23.36,23.52,22.71,23.01,508688,0
NVEI.US,D,20240313,000000,22.83,23.665,22.83,23,369167,0
NVEI.US,D,20240314,000000,23,23.08,22.17,22.43,494927,0
NVEI.US,D,20240315,000000,22.29,22.56,21.71,21.76,650050,0
NVEI.US,D,20240318,000000,27.28,29.29,26.6679,28.68,4905959,0
NVEI.US,D,20240319,000000,28.39,28.84,27.74,28.43,1347068,0
NVEI.US,D,20240320,000000,28.45,28.72,27.68,28.7,1191099,0
NVEI.US,D,20240321,000000,28.9,29.2138,28.16,28.9,1254626,0
NVEI.US,D,20240322,000000,28.8,29.38,28.51,29.13,989732,0
NVEI.US,D,20240325,000000,29.08,29.23,28.43,28.79,739030,0
NVEI.US,D,20240326,000000,28.86,32.58,28.655,30.85,3484926,0
NVEI.US,D,20240327,000000,30.83,32,30.65,31.31,1571102,0
NVEI.US,D,20240328,000000,31.31,31.69,30.34,31.62,859223,0
NVEI.US,D,20240401,000000,33.3,33.78,32.01,32.41,9845712,0
NVEI.US,D,20240402,000000,32.28,32.39,32.24,32.26,10119335,0
NVEI.US,D,20240403,000000,32.25,32.42,32.2,32.21,5456976,0
NVEI.US,D,20240404,000000,32.26,32.3,31.93,32.07,3919000,0
NVEI.US,D,20240405,000000,32.07,32.21,32,32.17,2261274,0
NVEI.US,D,20240408,000000,32.2,32.35,32.12,32.28,1265739,0
NVEI.US,D,20240409,000000,32.25,32.4,32.2,32.35,1168401,0
NVEI.US,D,20240410,000000,32.15,32.43,32.13,32.36,1466787,0
NVEI.US,D,20240411,000000,32.35,32.48,32.27,32.35,1247902,0
NVEI.US,D,20240412,000000,32.32,32.4,32.16,32.25,1861471,0
NVEI.US,D,20240415,000000,32.27,32.33,32.1,32.15,2218597,0
NVEI.US,D,20240416,000000,32.11,32.33,32.05,32.09,2183059,0
NVEI.US,D,20240417,000000,32.12,32.23,31.99,32.06,2043466,0
NVEI.US,D,20240418,000000,32.13,32.13,32,32.06,869715,0
NVEI.US,D,20240419,000000,32.06,32.14,31.99,32.065,882043,0
NVEI.US,D,20240422,000000,32.08,32.14,32.02,32.1,678363,0
NVEI.US,D,20240423,000000,32.15,32.16,32.03,32.08,826422,0
NVEI.US,D,20240424,000000,32.1,32.29,32.045,32.14,1045625,0
NVEI.US,D,20240425,000000,32.08,32.25,32.04,32.24,754470,0
NVEI.US,D,20240426,000000,32.15,32.3,32.15,32.28,577861,0
NVEI.US,D,20240429,000000,32.29,32.39,32.2,32.3,574352,0
NVEI.US,D,20240430,000000,32.24,32.265,32.06,32.14,919024,0
NVEI.US,D,20240501,000000,32.13,32.305,32,32.19,2089065,0
NVEI.US,D,20240502,000000,32.25,32.35,32.24,32.33,895685,0
NVEI.US,D,20240503,000000,32.34,32.4,32.28,32.34,771925,0
NVEI.US,D,20240506,000000,32.32,32.5,32.3,32.44,818863,0
NVEI.US,D,20240507,000000,32.38,32.47,32.34,32.35,1039800,0
NVEI.US,D,20240508,000000,32.37,32.49,32.25,32.48,969000,0
NVEI.US,D,20240509,000000,32.42,32.45,32.25,32.26,1027511,0
NVEI.US,D,20240510,000000,32.26,32.3,32.18,32.23,1447200,0
NVEI.US,D,20240513,000000,32.24,32.3,32.17,32.22,1198388,0
NVEI.US,D,20240514,000000,32.23,32.3,32.22,32.25,1198478,0
NVEI.US,D,20240515,000000,32.29,32.33,32.25,32.3,1003122,0
NVEI.US,D,20240516,000000,32.29,32.395,31.995,32.22,7887718,0
NVEI.US,D,20240517,000000,32.23,32.365,32.17,32.26,2082087,0
NVEI.US,D,20240520,000000,32.2,32.25,32.19,32.22,720167,0
NVEI.US,D,20240521,000000,32.2,32.24,32.16,32.17,1428620,0
NVEI.US,D,20240522,000000,32.17,32.22,32.12,32.2,990764,0
NVEI.US,D,20240523,000000,32.18,32.22,32.09,32.11,1047561,0
NVEI.US,D,20240524,000000,32.11,32.225,32.05,32.07,733724,0
NVEI.US,D,20240528,000000,31.96,32.15,31.92,32.05,1155744,0
NVEI.US,D,20240529,000000,31.92,32.145,31.92,32.11,859453,0
NVEI.US,D,20240530,000000,32.15,32.165,32.045,32.15,560267,0
NVEI.US,D,20240531,000000,32.15,32.2,32.02,32.2,527248,0
NVEI.US,D,20240603,000000,32.22,32.24,32,32.09,993644,0
NVEI.US,D,20240604,000000,32.03,32.17,32.02,32.05,759361,0
NVEI.US,D,20240605,000000,32.14,32.23,32.07,32.2,1494147,0
NVEI.US,D,20240606,000000,32.17,32.23,32.12,32.2,593518,0
NVEI.US,D,20240607,000000,32.18,32.22,32.13,32.19,1066294,0
NVEI.US,D,20240610,000000,32.15,32.18,32.1,32.13,597359,0
NVEI.US,D,20240611,000000,32.11,32.17,32.09,32.1,860724,0
NVEI.US,D,20240612,000000,32.26,32.26,32.12,32.16,745691,0
NVEI.US,D,20240613,000000,32.05,32.2,32.01,32.1,1133764,0
NVEI.US,D,20240614,000000,32.1,32.195,32.05,32.13,1166705,0
NVEI.US,D,20240617,000000,32.12,32.19,32.09,32.09,477006,0
NVEI.US,D,20240618,000000,32.12,32.23,32.1,32.17,810079,0
NVEI.US,D,20240620,000000,32.13,32.19,31.95,32.02,1972202,0
NVEI.US,D,20240621,000000,32.02,32.085,31.93,31.95,1113351,0
NVEI.US,D,20240624,000000,31.95,32.05,31.94,32.01,482494,0
NVEI.US,D,20240625,000000,32.01,32.25,31.96,32.21,979364,0
NVEI.US,D,20240626,000000,32.2,32.32,32.14,32.31,723778,0
NVEI.US,D,20240627,000000,32.28,32.425,32.28,32.3,557421,0
NVEI.US,D,20240628,000000,32.36,32.42,32.32,32.38,461715,0
NVEI.US,D,20240701,000000,32.38,32.485,32.36,32.46,449090,0
NVEI.US,D,20240702,000000,32.39,32.515,32.39,32.39,892974,0
NVEI.US,D,20240703,000000,32.4,32.47,32.32,32.44,520213,0
NVEI.US,D,20240705,000000,32.34,32.49,32.31,32.47,227137,0
NVEI.US,D,20240708,000000,32.39,32.505,32.33,32.45,493858,0
NVEI.US,D,20240709,000000,32.44,32.53,32.42,32.49,722571,0
NVEI.US,D,20240710,000000,32.49,32.56,32.46,32.48,1266208,0
NVEI.US,D,20240711,000000,32.51,32.55,32.47,32.49,631643,0
NVEI.US,D,20240712,000000,32.55,32.55,32.48,32.51,481146,0
NVEI.US,D,20240715,000000,32.53,32.56,32.5,32.51,630030,0
NVEI.US,D,20240716,000000,32.51,32.6,32.48,32.59,513071,0
NVEI.US,D,20240717,000000,32.59,32.92,32.59,32.83,1642956,0
NVEI.US,D,20240718,000000,32.78,32.9,32.78,32.83,743654,0
NVEI.US,D,20240719,000000,32.81,32.89,32.81,32.84,777671,0
NVEI.US,D,20240722,000000,32.81,32.87,32.805,32.87,529258,0
NVEI.US,D,20240723,000000,32.88,33,32.83,33,1057480,0
NVEI.US,D,20240724,000000,32.76,32.99,32.76,32.9,681272,0
NVEI.US,D,20240725,000000,32.9,32.965,32.85,32.9,622680,0
NVEI.US,D,20240726,000000,32.83,33,32.83,32.91,343899,0
NVEI.US,D,20240729,000000,32.96,32.97,32.88,32.92,405731,0
NVEI.US,D,20240730,000000,32.88,32.99,32.88,32.95,331222,0
NVEI.US,D,20240731,000000,33.02,33.22,32.9,33.1,713821,0
NVEI.US,D,20240801,000000,33.08,33.2,33.02,33.08,522536,0
NVEI.US,D,20240802,000000,33.05,33.14,32.88,32.99,962841,0
NVEI.US,D,20240805,000000,32.65,32.945,32.65,32.9,1350975,0
NVEI.US,D,20240806,000000,32.9,33.13,32.75,33,693419,0
NVEI.US,D,20240807,000000,32.9,33.26,32.9,33,990224,0
NVEI.US,D,20240808,000000,33.02,33.16,32.945,33.12,622324,0
NVEI.US,D,20240809,000000,33.12,33.26,33.11,33.22,432342,0
NVEI.US,D,20240812,000000,33.14,33.25,33.05,33.09,437802,0
NVEI.US,D,20240813,000000,33.19,33.21,33.12,33.19,592660,0
NVEI.US,D,20240814,000000,33.14,33.24,33.09,33.11,883976,0
NVEI.US,D,20240815,000000,33.18,33.2,33.11,33.14,280034,0
NVEI.US,D,20240816,000000,33.1,33.2,33.1,33.19,269608,0
NVEI.US,D,20240819,000000,33.13,33.25,33.11,33.21,311838,0
NVEI.US,D,20240820,000000,33.16,33.23,33.11,33.13,667290,0
NVEI.US,D,20240821,000000,33.06,33.25,33.06,33.24,632141,0
NVEI.US,D,20240822,000000,33.17,33.33,33.17,33.18,819336,0
NVEI.US,D,20240823,000000,33.24,33.3,33.2,33.22,836049,0
NVEI.US,D,20240826,000000,33.21,33.33,33.2,33.21,372002,0
NVEI.US,D,20240827,000000,33.21,33.26,33.2,33.26,340164,0
NVEI.US,D,20240828,000000,32.87,33.26,32.86,33.26,795858,0
NVEI.US,D,20240829,000000,33.3,33.3,33.23,33.23,487137,0
NVEI.US,D,20240830,000000,33.24,33.28,33.22,33.26,363840,0
NVEI.US,D,20240903,000000,33.22,33.25,33.21,33.25,406428,0
NVEI.US,D,20240904,000000,33.22,33.26,33.21,33.23,426412,0
NVEI.US,D,20240905,000000,33.22,33.25,33.21,33.25,400245,0
NVEI.US,D,20240906,000000,33.23,33.25,33.11,33.17,970356,0
NVEI.US,D,20240909,000000,33.22,33.23,33.17,33.21,752747,0
NVEI.US,D,20240910,000000,33.19,33.25,33.19,33.24,303270,0
NVEI.US,D,20240911,000000,33.22,33.26,33.21,33.24,386105,0
NVEI.US,D,20240912,000000,33.27,33.28,33.22,33.28,523267,0
NVEI.US,D,20240913,000000,33.3,33.34,33.24,33.25,529920,0
NVEI.US,D,20240916,000000,33.21,33.3,33.21,33.25,430857,0
NVEI.US,D,20240917,000000,33.26,33.29,33.215,33.28,157853,0
NVEI.US,D,20240918,000000,33.23,33.445,33.23,33.4,801451,0
NVEI.US,D,20240919,000000,33.46,33.48,33.32,33.34,563845,0
NVEI.US,D,20240920,000000,33.22,33.37,33.22,33.3,306409,0
NVEI.US,D,20240923,000000,33.08,33.36,33.02,33.31,329479,0
NVEI.US,D,20240924,000000,33.35,33.37,33.25,33.34,244767,0
NVEI.US,D,20240925,000000,33.28,33.355,33.28,33.35,723701,0
NVEI.US,D,20240926,000000,33.35,33.36,33.32,33.33,723766,0
NVEI.US,D,20240927,000000,33.37,33.37,33.31,33.34,392674,0
NVEI.US,D,20240930,000000,33.3,33.36,33.3,33.35,508767,0
NVEI.US,D,20241001,000000,33.33,33.37,33.31,33.33,610597,0
NVEI.US,D,20241002,000000,33.33,33.36,33.33,33.35,274408,0
NVEI.US,D,20241003,000000,33.35,33.405,33.33,33.4,608800,0
NVEI.US,D,20241004,000000,33.33,33.4,33.33,33.36,297218,0
NVEI.US,D,20241007,000000,33.27,33.395,33.27,33.38,210182,0
NVEI.US,D,20241008,000000,33.37,33.45,33.37,33.44,492515,0
NVEI.US,D,20241009,000000,33.46,33.46,33.39,33.41,1293586,0
NVEI.US,D,20241010,000000,33.4,33.43,33.35,33.41,565403,0
NVEI.US,D,20241011,000000,33.38,33.5,33.32,33.49,321660,0
NVEI.US,D,20241014,000000,33.41,33.5,33.39,33.42,423906,0
NVEI.US,D,20241015,000000,33.41,33.46,33.41,33.46,491825,0
NVEI.US,D,20241016,000000,33.62,33.62,33.455,33.49,524024,0
NVEI.US,D,20241017,000000,33.54,33.58,33.45,33.58,527269,0
NVEI.US,D,20241018,000000,33.57,33.6,33.54,33.55,546492,0
NVEI.US,D,20241021,000000,33.55,33.56,33.49,33.49,217373,0
NVEI.US,D,20241022,000000,33.5,33.545,33.48,33.49,437472,0
NVEI.US,D,20241023,000000,33.49,33.56,33.49,33.54,324661,0
NVEI.US,D,20241024,000000,33.56,33.58,33.5,33.56,227907,0
NVEI.US,D,20241025,000000,33.5,33.57,33.47,33.49,399698,0
NVEI.US,D,20241028,000000,33.5,33.54,33.43,33.53,400752,0
NVEI.US,D,20241029,000000,33.48,33.57,33.48,33.57,587739,0
NVEI.US,D,20241030,000000,33.47,33.735,33.47,33.72,1200162,0
NVEI.US,D,20241031,000000,33.705,33.705,33.62,33.65,690912,0
NVEI.US,D,20241101,000000,33.6,33.69,33.54,33.65,730508,0
NVEI.US,D,20241104,000000,33.62,33.7,33.5,33.54,853487,0
NVEI.US,D,20241105,000000,33.59,33.6,33.475,33.49,1351268,0
NVEI.US,D,20241106,000000,33.46,33.53,33.38,33.4,1142082,0
NVEI.US,D,20241107,000000,33.45,33.53,33.34,33.45,335393,0
NVEI.US,D,20241108,000000,33.42,33.56,33.39,33.55,349345,0
NVEI.US,D,20241111,000000,33.49,33.59,33.49,33.57,326308,0
NVEI.US,D,20241112,000000,33.46,33.6,33.42,33.57,371214,0
NVEI.US,D,20241113,000000,33.98,33.99,33.97,33.99,6034530,0
NVEI.US,D,20241114,000000,33.98,33.99,33.98,33.98,2139915,0
NVEI.US,D,20241115,000000,33.98,34,33.98,33.99,3084812,0
