<TICKER>,<PER>,<DATE>,<TIME>,<OPEN>,<HIGH>,<LOW>,<CLOSE>,<VOL>,<OPENINT>
NXU.US,D,20220928,000000,36598.5,36598.5,6750,11272.5,1597.0866746521,0
NXU.US,D,20220929,000000,7548,9000,4890,5092.5,1415.9466737464,0
NXU.US,D,20220930,000000,5395.5,5579.98,3000,3060,2106.1533438641,0
NXU.US,D,20221003,000000,3487.5,3644.98,2325,2770.5,2044.9133435579,0
NXU.US,D,20221004,000000,2482.5,2595,2115.01,2145,2328.6200116431,0
NXU.US,D,20221005,000000,2130,2160,1807.5,1879.5,1314.4200065721,0
NXU.US,D,20221006,000000,1875,4648.5,1875,3673.5,38224.053524454,0
NXU.US,D,20221007,000000,3210,3910.5,2383.5,2845.5,9569.8067145157,0
NXU.US,D,20221010,000000,2670,3599.98,2670,3175.5,3869.4733526807,0
NXU.US,D,20221011,000000,4101,4320,3037.5,3450,13343.500066717,0
NXU.US,D,20221012,000000,3367.5,3642.97,3105,3231,1695.9800084799,0
NXU.US,D,20221013,000000,3037.5,3082.5,2724.01,2904,1051.3133385899,0
NXU.US,D,20221014,000000,2971.5,3015,2599.5,2765.25,900.5866711696,0
NXU.US,D,20221017,000000,2847,2850,2550,2611.5,1439.1133405289,0
NXU.US,D,20221018,000000,2604,2657.1,2310,2355,785.1533372591,0
NXU.US,D,20221019,000000,2373,2464.5,2140.29,2173.5,934.6600046733,0
NXU.US,D,20221020,000000,2101.5,2310,2025,2049,1015.6400050782,0
NXU.US,D,20221021,000000,2049,2137.5,1988.2,2055,317.9133349229,0
NXU.US,D,20221024,000000,1996.5,2096.26,1950,1951.5,735.3666703435,0
NXU.US,D,20221025,000000,1978.5,2905.5,1978.5,2247,12664.293396655,0
NXU.US,D,20221026,000000,2247,2379.37,1978.5,2100,1764.6533421566,0
NXU.US,D,20221027,000000,2128.5,2159.98,1972.51,2019.75,728.3400036417,0
NXU.US,D,20221028,000000,1969.5,2093.98,1913.25,1978.5,814.7400040737,0
NXU.US,D,20221031,000000,2004,2068.5,1921.5,1958.25,429.7666688155,0
NXU.US,D,20221101,000000,2019,2019,1923,1960.5,316.6066682497,0
NXU.US,D,20221102,000000,1950,2023.5,1890,1930.48,398.8866686611,0
NXU.US,D,20221103,000000,1893,1942.5,1833,1875,445.8800022294,0
NXU.US,D,20221104,000000,1831.5,1950,1686,1804.5,916.66667125,0
NXU.US,D,20221107,000000,1794,1830,1572.12,1639.5,548.0400027402,0
NXU.US,D,20221108,000000,1626,1720.5,1504.5,1590,369.2200018461,0
NXU.US,D,20221109,000000,1528.5,1539,1237.5,1300.5,394.8066686407,0
NXU.US,D,20221110,000000,1218,1722,1218,1500,896.5466711494,0
NXU.US,D,20221111,000000,1500,1612.5,1432.51,1515,469.0400023452,0
NXU.US,D,20221114,000000,1587,1590,1500.07,1501.5,522.9400026147,0
NXU.US,D,20221115,000000,1492.5,1611,1485,1560,274.466668039,0
NXU.US,D,20221116,000000,1513.5,1515,1372.5,1426.5,108.8400005442,0
NXU.US,D,20221117,000000,1375.5,1451.98,1374.01,1426.5,87.7800004389,0
NXU.US,D,20221118,000000,1450.5,1477.5,1374,1477.5,159.9266674663,0
NXU.US,D,20221121,000000,1515,1537.5,1365.01,1528.5,370.6733351867,0
NXU.US,D,20221122,000000,1531.5,1571.95,1425,1486.5,245.1200012256,0
NXU.US,D,20221123,000000,1482,1533,1425,1483.5,140.9933340383,0
NXU.US,D,20221125,000000,1498.5,1500,1452,1459.5,161.3666674735,0
NXU.US,D,20221128,000000,1500,1500,1399.42,1434,87.6466671049,0
NXU.US,D,20221129,000000,1432.5,1460.25,1401.01,1452,75.0466670419,0
NXU.US,D,20221130,000000,1425,1450.32,1389.04,1404,220.266667768,0
NXU.US,D,20221201,000000,1404.01,1432.5,1353,1360.5,275.1133347089,0
NXU.US,D,20221202,000000,1425,1425,1360.5,1402.5,90.3200004516,0
NXU.US,D,20221205,000000,1414.5,1414.5,1359.93,1407,102.0400005102,0
NXU.US,D,20221206,000000,1410,1410,1365,1380,120.2133339344,0
NXU.US,D,20221207,000000,1361.73,1395,1361.73,1371,141.2933340398,0
NXU.US,D,20221208,000000,1383,1383,1282.5,1302,435.0600021753,0
NXU.US,D,20221209,000000,1303.5,1319.98,1290,1290,110.5200005526,0
NXU.US,D,20221212,000000,1320,1320,1126.5,1177.5,859.8333376325,0
NXU.US,D,20221213,000000,1198.5,1198.5,999,999,204.4533343556,0
NXU.US,D,20221214,000000,1009.5,1049.98,975,997.5,227.8333344725,0
NXU.US,D,20221215,000000,975,1032,950.25,996,148.8200007441,0
NXU.US,D,20221216,000000,1000.5,1040.25,834,834,758.7600037938,0
NXU.US,D,20221219,000000,877.5,899.985,712.5,733.5,238.00000119,0
NXU.US,D,20221220,000000,741,760.695,642,657.99,253.9000012695,0
NXU.US,D,20221221,000000,706.5,707.985,664.5,667.5,395.3733353102,0
NXU.US,D,20221222,000000,658.5,670.5,586.515,589.5,463.9666689865,0
NXU.US,D,20221223,000000,598.5,678,561.24,673.485,691.2133367894,0
NXU.US,D,20221227,000000,694.5,694.5,600,621,284.7800014239,0
NXU.US,D,20221228,000000,631.5,634.89,550.5,570,290.2866681181,0
NXU.US,D,20221229,000000,585,585,502.5,525,1030.8200051541,0
NXU.US,D,20221230,000000,505.5,521.115,450,487.5,732.1466703274,0
NXU.US,D,20230103,000000,480,507,451.5,456,476.5866690496,0
NXU.US,D,20230104,000000,586.5,711,487.5,547.5,23767.593452171,0
NXU.US,D,20230105,000000,498,510,450,487.5,3070.333348685,0
NXU.US,D,20230106,000000,468,468,406.5,420,2528.6800126434,0
NXU.US,D,20230109,000000,447,457.5,376.5,414,1684.7666750905,0
NXU.US,D,20230110,000000,414,417.945,384,402,914.133337904,0
NXU.US,D,20230111,000000,400.5,1695,339,1512,272903.71469785,0
NXU.US,D,20230112,000000,1170,1422,958.5,978,51083.453588751,0
NXU.US,D,20230113,000000,901.5,1084.48,805.515,886.5,19130.06009565,0
NXU.US,D,20230117,000000,870,886.485,742.5,778.5,5660.0133616334,0
NXU.US,D,20230118,000000,777,832.485,652.5,676.5,6132.3666973285,0
NXU.US,D,20230119,000000,682.5,682.5,550.5,670.5,3261.8133496424,0
NXU.US,D,20230120,000000,675,717,609,681,3134.7733490072,0
NXU.US,D,20230123,000000,697.5,709.485,495.75,510,25047.360125237,0
NXU.US,D,20230124,000000,520.5,520.5,451.515,457.5,11788.466725609,0
NXU.US,D,20230125,000000,462,486,421.5,477,8389.8600419493,0
NXU.US,D,20230126,000000,487.5,512.985,445.5,454.5,6934.133368004,0
NXU.US,D,20230127,000000,445.5,513,439.5,478.5,16501.666749175,0
NXU.US,D,20230130,000000,478.5,498,450,469.5,7491.800037459,0
NXU.US,D,20230131,000000,477,520.5,460.515,486,10575.760052879,0
NXU.US,D,20230201,000000,471,483,454.5,474,5552.3200277616,0
NXU.US,D,20230202,000000,474,495,457.5,495,5226.6200261331,0
NXU.US,D,20230203,000000,490.5,490.5,465,472.5,3067.1400153357,0
NXU.US,D,20230206,000000,472.5,480,447,465,3518.600017593,0
NXU.US,D,20230207,000000,448.5,468,448.5,463.5,3274.5933497063,0
NXU.US,D,20230208,000000,462,462,430.5,457.5,4398.2733553247,0
NXU.US,D,20230209,000000,454.5,454.5,411,423,4070.6266870198,0
NXU.US,D,20230210,000000,417,424.5,385.5,390,3570.7266845203,0
NXU.US,D,20230213,000000,326.985,340.5,267,271.5,24973.453458201,0
NXU.US,D,20230214,000000,270,274.5,225,232.5,20769.573437181,0
NXU.US,D,20230215,000000,250.5,408,241.5,255,166826.38083413,0
NXU.US,D,20230216,000000,147,189,145.68,183,155211.04077606,0
NXU.US,D,20230217,000000,171,172.5,156.015,159,29651.386814924,0
NXU.US,D,20230221,000000,133.395,165,132,137.61,63597.833651323,0
NXU.US,D,20230222,000000,149.85,157.5,137.25,138,42528.160212641,0
NXU.US,D,20230223,000000,141,167.25,136.065,153,82445.220412226,0
NXU.US,D,20230224,000000,148.155,150,139.125,140.925,26873.706801035,0
NXU.US,D,20230227,000000,142.5,144,136.5,137.655,17343.453420051,0
NXU.US,D,20230228,000000,137.415,141.765,129,135.75,19547.866764406,0
NXU.US,D,20230301,000000,136.5,137.94,128.925,129.3,17166.086752497,0
NXU.US,D,20230302,000000,127.425,132,122.25,125.235,11872.700059364,0
NXU.US,D,20230303,000000,126,132.75,123,129.015,15656.453411616,0
NXU.US,D,20230306,000000,130.62,151.5,126.75,150,39786.373532265,0
NXU.US,D,20230307,000000,138.45,146.1,134.55,135.3,16743.220083716,0
NXU.US,D,20230308,000000,135,137.46,126.15,128.655,9305.1267131923,0
NXU.US,D,20230309,000000,130.5,131.685,123,124.995,7992.1800399609,0
NXU.US,D,20230310,000000,120,125.835,112.5,123.9,16204.393414355,0
NXU.US,D,20230313,000000,118.5,118.5,105,117,9821.6533824416,0
NXU.US,D,20230314,000000,114,118.035,112.5,113.805,8242.8800412144,0
NXU.US,D,20230315,000000,123,124.05,108,111,33870.180169351,0
NXU.US,D,20230316,000000,109.035,117,102.03,110.385,15525.646744295,0
NXU.US,D,20230317,000000,109.41,111.75,105.3,108.33,9125.0600456253,0
NXU.US,D,20230320,000000,114,116.955,105,105,17050.433418586,0
NXU.US,D,20230321,000000,107.1,109.5,100.575,105,13275.220066376,0
NXU.US,D,20230322,000000,105,107.835,96.165,97.5,11796.593392316,0
NXU.US,D,20230323,000000,100.5,108,97.5,97.65,7319.4800365974,0
NXU.US,D,20230324,000000,100.35,100.5,93,96,8037.7733735222,0
NXU.US,D,20230327,000000,98.415,100.485,91.5,93.675,5937.9933630233,0
NXU.US,D,20230328,000000,96,96.2685,92.385,94.125,6558.8266994608,0
NXU.US,D,20230329,000000,94.785,98.415,92.7,95.61,5737.9666953565,0
NXU.US,D,20230330,000000,100.485,100.485,86.43,88.05,9921.3800496069,0
NXU.US,D,20230331,000000,88.5,89.685,82.5,86.49,7684.9467050914,0
NXU.US,D,20230403,000000,90,90,76.5,81,7223.6067027847,0
NXU.US,D,20230404,000000,82.5,82.5,75,75.84,8695.6067101447,0
NXU.US,D,20230405,000000,77.85,77.925,70.5,72,8033.6467068349,0
NXU.US,D,20230406,000000,73.5,76.485,70.5,72.75,3905.1066861922,0
NXU.US,D,20230410,000000,76.5,76.5,73.5,75.3,4161.2866874731,0
NXU.US,D,20230411,000000,76.5,92.655,76.5,87,18087.246757103,0
NXU.US,D,20230412,000000,93,114,91.5,97.5,51727.320258637,0
NXU.US,D,20230413,000000,105,108,93,96.75,25333.946793336,0
NXU.US,D,20230414,000000,98.955,98.955,84.69,93.75,15437.460077187,0
NXU.US,D,20230417,000000,102.24,105,79.5,83.7,30408.426818709,0
NXU.US,D,20230418,000000,81.435,81.435,75.06,76.86,14088.966737111,0
NXU.US,D,20230419,000000,76.65,79.2,75,78.975,5360.4066934687,0
NXU.US,D,20230420,000000,81,81,70.5,76.05,9509.3800475469,0
NXU.US,D,20230421,000000,77.25,81,73.5,79.5,8544.6267093898,0
NXU.US,D,20230424,000000,79.5,79.5,73.5,74.88,3142.0400157102,0
NXU.US,D,20230425,000000,76.545,77.97,73.515,76.425,3846.0800192304,0
NXU.US,D,20230426,000000,78,78.135,75.015,76.32,2431.3866788236,0
NXU.US,D,20230427,000000,80.04,80.04,75,76.95,3626.0266847968,0
NXU.US,D,20230428,000000,79.5,79.5,73.125,75,5068.4533586756,0
NXU.US,D,20230501,000000,75,75.825,72.765,74.4,3044.5600152228,0
NXU.US,D,20230502,000000,74.385,76.245,72,75.21,2759.5066804642,0
NXU.US,D,20230503,000000,75,78.75,74.925,77.4,3759.6400187982,0
NXU.US,D,20230504,000000,78,78.75,73.665,76.35,3260.3400163017,0
NXU.US,D,20230505,000000,76.035,80.985,76.035,79.5,1959.4133431304,0
NXU.US,D,20230508,000000,81,81,76.665,79.5,2690.6200134531,0
NXU.US,D,20230509,000000,79.5,79.5,78.06,79.455,1327.0333399685,0
NXU.US,D,20230510,000000,79.425,94.23,79.425,81,13321.560066608,0
NXU.US,D,20230511,000000,79.5,81.15,76.65,76.77,2648.7800132439,0
NXU.US,D,20230512,000000,77.7,78,73.5,75.615,3068.4933486758,0
NXU.US,D,20230515,000000,115.53,129,76.5,93,84436.66708885,0
NXU.US,D,20230516,000000,87,87,75,75.57,18968.66676151,0
NXU.US,D,20230517,000000,78.675,79.38,76.05,77.01,6591.33336629,0
NXU.US,D,20230518,000000,76.035,77.985,75,75.525,5100.0000255,0
NXU.US,D,20230519,000000,76.5,79.38,75.075,75.975,4100.66668717,0
NXU.US,D,20230522,000000,76.5,76.5,72.15,73.695,5146.6666924,0
NXU.US,D,20230523,000000,73.5,75.57,72.6,75,3322.66668328,0
NXU.US,D,20230524,000000,74.7,75.39,71.25,73.05,3088.00001544,0
NXU.US,D,20230525,000000,73.17,73.17,69.15,70.575,3434.00001717,0
NXU.US,D,20230526,000000,72,73.485,70.5,73.425,2852.00001426,0
NXU.US,D,20230530,000000,74.25,74.25,72.75,73.08,3197.9600159898,0
NXU.US,D,20230531,000000,73.5,74.835,72,73.5,1310.7133398869,0
NXU.US,D,20230601,000000,75,75,72,72.51,2381.9666785765,0
NXU.US,D,20230602,000000,70.5,74.25,70.5,74.22,2847.2733475697,0
NXU.US,D,20230605,000000,75,76.5,73.5,75,2890.8866811211,0
NXU.US,D,20230606,000000,76.5,86.235,75,81.03,8286.2600414313,0
NXU.US,D,20230607,000000,80.925,93,79.5,88.53,11923.146726282,0
NXU.US,D,20230608,000000,86.76,89.685,82.5,86.625,4081.9266870763,0
NXU.US,D,20230609,000000,85.5,88.5,83.325,87,3348.0266834068,0
NXU.US,D,20230612,000000,90.225,95.985,87.015,90,5634.7866948406,0
NXU.US,D,20230613,000000,94.2,97.5,90.285,95.25,4636.8400231842,0
NXU.US,D,20230614,000000,98.865,112.2,96,99.675,17475.680087378,0
NXU.US,D,20230615,000000,103.5,106.5,91.5,96.165,7371.9933701933,0
NXU.US,D,20230616,000000,96,96.09,87.78,88.2,6524.8066992907,0
NXU.US,D,20230620,000000,90,90,83.355,83.67,3004.3533483551,0
NXU.US,D,20230621,000000,82.5,85.485,76.5,76.62,3560.6133511364,0
NXU.US,D,20230622,000000,77.25,79.5,76.29,76.35,4258.0066879567,0
NXU.US,D,20230623,000000,76.5,76.5,74.085,75.15,2526.6933459668,0
NXU.US,D,20230626,000000,76.305,82.605,75,82.5,4538.7400226937,0
NXU.US,D,20230627,000000,82.95,90,81.03,86.01,4827.2933574698,0
NXU.US,D,20230628,000000,86.31,89.985,84,85.2,2202.9733443482,0
NXU.US,D,20230629,000000,86.385,87,82.56,83.985,3840.5200192026,0
NXU.US,D,20230630,000000,82.5,83.25,78.15,79.56,3481.8133507424,0
NXU.US,D,20230703,000000,82.29,82.5,79.56,81.39,1164.4066724887,0
NXU.US,D,20230705,000000,81.75,86.07,79.5,85.485,3046.6733485667,0
NXU.US,D,20230706,000000,88.515,89.235,83.01,85.5,1521.1200076056,0
NXU.US,D,20230707,000000,85.695,92.97,84.015,88.5,2332.8866783311,0
NXU.US,D,20230710,000000,87,90.75,84,88.275,2385.2933452598,0
NXU.US,D,20230711,000000,80.685,91.5,79.515,88.455,3818.4466857589,0
NXU.US,D,20230712,000000,88.5,90.285,87,88.005,1609.733341382,0
NXU.US,D,20230713,000000,85.77,88.5,85.77,87.975,1438.1133405239,0
NXU.US,D,20230714,000000,86.97,88.5,85.5,87.315,2640.0800132004,0
NXU.US,D,20230717,000000,82.5,87.405,82.5,86.25,2144.6266773898,0
NXU.US,D,20230718,000000,87.435,90.75,86.655,87.75,3655.0800182754,0
NXU.US,D,20230719,000000,87.15,93,87.15,90.345,2180.8133442374,0
NXU.US,D,20230720,000000,90,93,87,88.5,1457.3666739535,0
NXU.US,D,20230721,000000,89.685,94.83,87.45,91.125,3096.1933488143,0
NXU.US,D,20230724,000000,92.94,96,90,90.855,2175.733344212,0
NXU.US,D,20230725,000000,90,93.15,86.3265,86.85,2287.666678105,0
NXU.US,D,20230726,000000,85.5,88.215,82.725,85.35,2259.7266779653,0
NXU.US,D,20230727,000000,84.615,86.4706,82.8,83.64,1693.9133418029,0
NXU.US,D,20230728,000000,82.5,89.25,82.5,87.6,1314.1933399043,0
NXU.US,D,20230731,000000,90.045,90.045,85.5,87.3,1596.5666746495,0
NXU.US,D,20230801,000000,91.35,91.35,85.5,87.06,3114.3066822382,0
NXU.US,D,20230802,000000,87.855,88.155,78.075,81,3640.9133515379,0
NXU.US,D,20230803,000000,78.99,78.99,73.5,73.5,10131.753383992,0
NXU.US,D,20230804,000000,73.5,73.545,65.7,70.215,6136.8133640174,0
NXU.US,D,20230807,000000,69.765,69.765,54,56.265,12496.00006248,0
NXU.US,D,20230808,000000,57.015,60.75,48.15,50.79,14836.900074184,0
NXU.US,D,20230809,000000,34.5,36,29.835,30.75,89122.613778946,0
NXU.US,D,20230810,000000,31.5,32.235,28.35,29.25,19993.746766635,0
NXU.US,D,20230811,000000,30.15,32.235,29.55,30.525,14342.933405048,0
NXU.US,D,20230814,000000,30.69,31.485,30,30,9098.6333788265,0
NXU.US,D,20230815,000000,30.57,30.57,28.5,28.5,8739.0267103618,0
NXU.US,D,20230816,000000,29.19,29.745,27.3,29.745,7984.6733732567,0
NXU.US,D,20230817,000000,29.145,29.745,27,28.8,10088.740050444,0
NXU.US,D,20230818,000000,29.25,29.835,27.315,28.5,4640.5933565363,0
NXU.US,D,20230821,000000,29.25,30.6,28.545,29.775,7597.1267046523,0
NXU.US,D,20230822,000000,30.375,35.25,29.865,34.41,28870.220144351,0
NXU.US,D,20230823,000000,34.23,34.23,28.5,31.95,11092.393388795,0
NXU.US,D,20230824,000000,31.515,31.515,28.68,29.58,6495.0066991417,0
NXU.US,D,20230825,000000,29.325,31.5,28.8177,31.5,2348.4466784089,0
NXU.US,D,20230828,000000,31.5,32.1,30.33,31.32,1579.4933412308,0
NXU.US,D,20230829,000000,30.225,32.25,28.725,30.24,6806.5467006994,0
NXU.US,D,20230830,000000,30.045,31.1697,29.55,30.015,2874.2866810381,0
NXU.US,D,20230831,000000,30,31.47,28.5,30,3231.7133494919,0
NXU.US,D,20230901,000000,30.45,30.585,28.515,28.95,3647.5200182376,0
NXU.US,D,20230905,000000,28.53,31.02,28.515,30.75,4763.8466904859,0
NXU.US,D,20230906,000000,30.75,30.75,29.025,29.1,2636.200013181,0
NXU.US,D,20230907,000000,28.875,30.435,27.99,28.8,3975.7933532123,0
NXU.US,D,20230908,000000,28.35,29.685,27.015,27.75,3634.800018174,0
NXU.US,D,20230911,000000,27.015,28.695,26.25,26.85,8007.9667067065,0
NXU.US,D,20230912,000000,26.445,26.685,25.47,26.685,4123.0600206153,0
NXU.US,D,20230913,000000,25.89,26.835,24,25.5,3755.0533521086,0
NXU.US,D,20230914,000000,24.66,28.2,24.66,26.865,3579.5533512311,0
NXU.US,D,20230915,000000,28.335,28.35,25.23,25.23,3494.2333508045,0
NXU.US,D,20230918,000000,27.675,27.675,25.5,25.695,2801.6066806747,0
NXU.US,D,20230919,000000,27,28.11,26.25,26.4,4662.8266899808,0
NXU.US,D,20230920,000000,28.5,28.5,26.55,26.925,2310.3533448851,0
NXU.US,D,20230921,000000,26.925,27.735,26.4,26.88,1574.3133412049,0
NXU.US,D,20230922,000000,28.35,28.35,25.575,27.345,2547.7733460722,0
NXU.US,D,20230925,000000,27.75,28.125,26.265,27.6,1843.0333425485,0
NXU.US,D,20230926,000000,27.6,28.11,26.85,26.97,2845.4466808939,0
NXU.US,D,20230927,000000,27,28.5,26.91,27.945,3930.1400196507,0
NXU.US,D,20230928,000000,28.35,31.5,27.015,29.97,5199.266692663,0
NXU.US,D,20230929,000000,30.285,30.285,28.155,29.655,3588.1000179405,0
NXU.US,D,20231002,000000,30.285,30.285,26.67,28.47,1770.0866755171,0
NXU.US,D,20231003,000000,28.5,28.935,26.55,28.125,2883.1400144157,0
NXU.US,D,20231004,000000,27.24,28.35,27.15,27.165,2196.6133443164,0
NXU.US,D,20231005,000000,29.7,29.7,26.55,26.55,3362.7200168136,0
NXU.US,D,20231006,000000,25.785,27.285,22.5,22.515,18636.733426517,0
NXU.US,D,20231009,000000,23.565,23.805,22.5,22.515,6011.3400300567,0
NXU.US,D,20231010,000000,22.05,22.8,16.365,16.83,58965.29362816,0
NXU.US,D,20231011,000000,16.785,16.8,15,15.45,26932.906801331,0
NXU.US,D,20231012,000000,15.03,15.345,11.25,12.075,44714.240223571,0
NXU.US,D,20231013,000000,12,18.465,12,13.665,121829.20727581,0
NXU.US,D,20231016,000000,13.35,13.35,10.2,10.5,56309.186948213,0
NXU.US,D,20231017,000000,10.5,12,10.32,10.5,53083.346932083,0
NXU.US,D,20231018,000000,14.8575,16.365,9.66,10.35,405579.41536123,0
NXU.US,D,20231019,000000,6,7.32,5.79,6.66,1530201.4343177,0
NXU.US,D,20231020,000000,6,7.08,5.79,6.66,578429.34955881,0
NXU.US,D,20231023,000000,7.38,7.38,6.15,6.195,611307.2097232,0
NXU.US,D,20231024,000000,5.805,6,5.415,5.67,389269.18861301,0
NXU.US,D,20231025,000000,5.625,5.67,5.265,5.37,254166.0479375,0
NXU.US,D,20231026,000000,5.475,5.97,5.16,5.535,1016863.4250843,0
NXU.US,D,20231027,000000,5.22,5.355,4.95,5.25,277830.30138915,0
NXU.US,D,20231030,000000,5.205,5.7,5.115,5.52,362435.18847884,0
NXU.US,D,20231031,000000,5.16,5.61,5.1,5.16,303902.05485284,0
NXU.US,D,20231101,000000,4.71,5.175,4.71,4.9425,284274.50808804,0
NXU.US,D,20231102,000000,4.89,5.205,4.74,5.115,319102.22826218,0
NXU.US,D,20231103,000000,5.31,5.31,4.905,5.1,170270.78751802,0
NXU.US,D,20231106,000000,5.205,5.355,4.875,4.89,233596.48783465,0
NXU.US,D,20231107,000000,4.845,4.92,4.5,4.71,280770.75473719,0
NXU.US,D,20231108,000000,4.71,4.725,4.5,4.515,214108.31440387,0
NXU.US,D,20231109,000000,4.5,4.5,3.975,4.395,300017.86816676,0
NXU.US,D,20231110,000000,4.2,4.35,4.155,4.215,137272.8740197,0
NXU.US,D,20231113,000000,4.425,4.47,4.2,4.26,194871.34097436,0
NXU.US,D,20231114,000000,4.335,4.35,3.975,4.155,185938.51426303,0
NXU.US,D,20231115,000000,4.455,4.455,3.99,4.38,131946.40065973,0
NXU.US,D,20231116,000000,4.47,4.5,4.05,4.155,126315.84063158,0
NXU.US,D,20231117,000000,4.08,4.125,3.99,4.005,96676.180483381,0
NXU.US,D,20231120,000000,4.035,4.05,3.27,3.705,233494.06116747,0
NXU.US,D,20231121,000000,3.66,3.675,3.375,3.435,111190.31388928,0
NXU.US,D,20231122,000000,3.765,3.765,3.42,3.57,130602.30065301,0
NXU.US,D,20231124,000000,3.735,3.735,3.255,3.255,144918.52072459,0
NXU.US,D,20231127,000000,3.3,3.3,2.97,2.985,214904.36107452,0
NXU.US,D,20231128,000000,2.79,2.895,2.625,2.715,213397.56106699,0
NXU.US,D,20231129,000000,2.625,3.18,2.625,3.075,306582.93486625,0
NXU.US,D,20231130,000000,4.005,5.25,2.7525,3.075,284047.76808691,0
NXU.US,D,20231201,000000,3.15,3.435,2.85,3.165,289739.70811537,0
NXU.US,D,20231204,000000,3.72,4.56,3.435,4.095,1347267.3867363,0
NXU.US,D,20231205,000000,5.055,5.685,3.27,3.825,1814103.0224038,0
NXU.US,D,20231206,000000,3.15,3.63,3.15,3.45,356829.07511748,0
NXU.US,D,20231207,000000,3.015,3.45,3,3.255,333209.58833271,0
NXU.US,D,20231208,000000,3.15,3.15,2.835,2.895,310392.6348853,0
NXU.US,D,20231211,000000,2.985,2.985,2.775,2.85,148857.60741095,0
NXU.US,D,20231212,000000,2.985,2.985,2.865,2.925,164475.42082238,0
NXU.US,D,20231213,000000,3.12,3.12,2.7,2.925,935497.65134415,0
NXU.US,D,20231214,000000,4.56,4.575,3.12,3.51,2725343.8269601,0
NXU.US,D,20231215,000000,3,3.255,2.88,3,558065.42945699,0
NXU.US,D,20231218,000000,3.105,3.105,2.805,2.955,745320.87039327,0
NXU.US,D,20231219,000000,3.105,3.435,3,3.045,1127013.3656351,0
NXU.US,D,20231220,000000,3.21,3.21,2.925,2.94,328069.53497368,0
NXU.US,D,20231221,000000,3,3.03,2.895,2.91,228287.0678081,0
NXU.US,D,20231222,000000,3,3.36,2.88,3.135,656836.11661751,0
NXU.US,D,20231226,000000,3.075,3.42,2.955,3.12,840846.22420423,0
NXU.US,D,20231227,000000,3.4,4.9499,2.66,2.66,5699576,0
NXU.US,D,20231228,000000,3.08,3.13,2.5801,2.71,2728022,0
NXU.US,D,20231229,000000,2.59,2.62,1.86,2.3,1028441,0
NXU.US,D,20240102,000000,2.19,2.24,1.92,2.06,716442,0
NXU.US,D,20240103,000000,1.83,1.99,1.7109,1.76,715331,0
NXU.US,D,20240104,000000,1.7,1.75,1.6,1.61,517240,0
NXU.US,D,20240105,000000,1.62,2.11,1.6001,1.94,1569141,0
NXU.US,D,20240108,000000,1.87,1.8992,1.7004,1.72,567913,0
NXU.US,D,20240109,000000,1.75,1.87,1.67,1.78,322491,0
NXU.US,D,20240110,000000,1.72,1.7402,1.65,1.73,357377,0
NXU.US,D,20240111,000000,1.74,1.86,1.61,1.76,390893,0
NXU.US,D,20240112,000000,1.8,1.8035,1.64,1.69,393657,0
NXU.US,D,20240116,000000,1.68,1.7253,1.63,1.68,248838,0
NXU.US,D,20240117,000000,1.66,1.6699,1.5,1.55,246660,0
NXU.US,D,20240118,000000,1.52,1.5499,1.31,1.31,350615,0
NXU.US,D,20240119,000000,1.34,1.34,1.25,1.26,223001,0
NXU.US,D,20240122,000000,1.22,1.23,1.13,1.15,301152,0
NXU.US,D,20240123,000000,1.19,1.35,1.19,1.27,241473,0
NXU.US,D,20240124,000000,1.69,1.72,1.16,1.19,29634404,0
NXU.US,D,20240125,000000,1.05,1.34,0.9437,1.32,4168582,0
NXU.US,D,20240126,000000,1.16,1.27,1.12,1.15,1234500,0
NXU.US,D,20240129,000000,1.05,1.0999,1.02,1.09,634861,0
NXU.US,D,20240130,000000,1.06,1.07,1,1.02,358258,0
NXU.US,D,20240131,000000,1.04,1.04,0.92,0.94,579276,0
NXU.US,D,20240201,000000,0.9,0.958,0.885,0.917,460185,0
NXU.US,D,20240202,000000,0.8676,1.1,0.8601,1.06,1287680,0
NXU.US,D,20240205,000000,1.07,1.0799,0.91,1.02,327142,0
NXU.US,D,20240206,000000,0.986,1.0299,0.984,0.9887,133918,0
NXU.US,D,20240207,000000,0.9954,1.04,0.9901,1.01,262631,0
NXU.US,D,20240208,000000,1,1,0.94,0.965,343581,0
NXU.US,D,20240209,000000,0.959,0.96,0.9099,0.957,274640,0
NXU.US,D,20240212,000000,0.9112,0.9847,0.91,0.95,215887,0
NXU.US,D,20240213,000000,0.92,0.9499,0.8888,0.8916,185631,0
NXU.US,D,20240214,000000,0.89,0.93,0.88,0.915,578708,0
NXU.US,D,20240215,000000,0.93,1.1499,0.92,1.05,804916,0
NXU.US,D,20240216,000000,0.9975,1.03,0.9609,0.9705,418003,0
NXU.US,D,20240220,000000,0.9705,0.9799,0.91,0.9202,318293,0
NXU.US,D,20240221,000000,0.9165,0.95,0.884,0.913,407083,0
NXU.US,D,20240222,000000,0.9099,0.9289,0.8768,0.8801,204794,0
NXU.US,D,20240223,000000,0.8758,1.15,0.8501,0.99,2338455,0
NXU.US,D,20240226,000000,0.95,0.9845,0.9204,0.93,207409,0
NXU.US,D,20240227,000000,0.9315,0.94999,0.81,0.8188,1257289,0
NXU.US,D,20240228,000000,0.845,0.864,0.7065,0.7096,2044625,0
NXU.US,D,20240229,000000,0.794,0.83,0.7385,0.7992,20741762,0
NXU.US,D,20240301,000000,1.22,1.37,0.9,1,56621876,0
NXU.US,D,20240304,000000,0.958,0.97,0.8521,0.8768,4658470,0
NXU.US,D,20240305,000000,0.84,0.87,0.8,0.85,2604156,0
NXU.US,D,20240306,000000,0.8465,0.8465,0.75,0.7666,1769194,0
NXU.US,D,20240307,000000,0.769,1.05,0.75,0.9843,5640318,0
NXU.US,D,20240308,000000,0.8597,0.8756,0.8,0.823,1855143,0
NXU.US,D,20240311,000000,0.8134,0.9486,0.78,0.8475,2832169,0
NXU.US,D,20240312,000000,0.8369,0.8369,0.8006,0.807,794464,0
NXU.US,D,20240313,000000,0.804,0.8305,0.77,0.7801,628796,0
NXU.US,D,20240314,000000,0.77,0.79,0.7447,0.765,813940,0
NXU.US,D,20240315,000000,0.7699,0.7925,0.765,0.765,333958,0
NXU.US,D,20240318,000000,0.7745,0.783,0.75,0.782,423962,0
NXU.US,D,20240319,000000,0.753,0.7652,0.7295,0.7351,487574,0
NXU.US,D,20240320,000000,0.732,0.75,0.7,0.712,620675,0
NXU.US,D,20240321,000000,0.725,0.7311,0.7021,0.72,413419,0
NXU.US,D,20240322,000000,0.72,0.7299,0.65,0.6967,578027,0
NXU.US,D,20240325,000000,0.7,0.7,0.65,0.6505,578355,0
NXU.US,D,20240326,000000,0.6796,0.7459,0.67,0.7072,1055704,0
NXU.US,D,20240327,000000,0.71,0.71,0.671,0.698,406979,0
NXU.US,D,20240328,000000,0.689,0.6985,0.67,0.682,295021,0
NXU.US,D,20240401,000000,0.6825,0.7121,0.6616,0.688,300654,0
NXU.US,D,20240402,000000,0.69,0.7098,0.6633,0.685,367977,0
NXU.US,D,20240403,000000,0.6633,0.68,0.6525,0.6678,453993,0
NXU.US,D,20240404,000000,0.665,0.6893,0.65,0.65,390942,0
NXU.US,D,20240405,000000,0.655,0.6665,0.6215,0.63,466909,0
NXU.US,D,20240408,000000,0.62,0.6524,0.5835,0.6,512737,0
NXU.US,D,20240409,000000,0.603,0.625,0.5901,0.5912,284173,0
NXU.US,D,20240410,000000,0.6038,0.6249,0.58,0.582,445830,0
NXU.US,D,20240411,000000,0.5896,0.5899,0.56,0.5688,287734,0
NXU.US,D,20240412,000000,0.57,0.57,0.51,0.5111,498859,0
NXU.US,D,20240415,000000,0.5155,0.5199,0.5,0.5006,228733,0
NXU.US,D,20240416,000000,0.5,0.5098,0.42,0.439,822765,0
NXU.US,D,20240417,000000,0.429,0.4371,0.4027,0.4117,517389,0
NXU.US,D,20240418,000000,0.405,0.408,0.3507,0.385,921365,0
NXU.US,D,20240419,000000,0.3759,0.3759,0.36245,0.3682,418448,0
NXU.US,D,20240422,000000,0.3883,0.4009,0.3401,0.3811,770754,0
NXU.US,D,20240423,000000,0.3898,0.39,0.366,0.3723,185732,0
NXU.US,D,20240424,000000,0.3713,0.38,0.3535,0.3609,225352,0
NXU.US,D,20240425,000000,0.3589,0.3673,0.3461,0.3605,245076,0
NXU.US,D,20240426,000000,0.364,0.45,0.36,0.4326,1098805,0
NXU.US,D,20240429,000000,0.44,0.52,0.4194,0.52,941496,0
NXU.US,D,20240430,000000,0.5383,0.5806,0.519,0.5235,911040,0
NXU.US,D,20240501,000000,0.53,0.5355,0.5006,0.5266,345495,0
NXU.US,D,20240502,000000,0.5296,0.5482,0.5082,0.5478,218640,0
NXU.US,D,20240503,000000,0.54,0.548,0.48,0.4905,215418,0
NXU.US,D,20240506,000000,0.51,0.5173,0.4851,0.4852,143463,0
NXU.US,D,20240507,000000,0.4585,0.4596,0.442,0.4451,256026,0
NXU.US,D,20240508,000000,0.454,0.454,0.413,0.416,273312,0
NXU.US,D,20240509,000000,0.41,0.4251,0.4029,0.4153,154471,0
NXU.US,D,20240510,000000,0.414,0.4289,0.4066,0.4114,2457116,0
NXU.US,D,20240513,000000,0.439,0.447,0.399,0.416,1098664,0
NXU.US,D,20240514,000000,0.41,0.496,0.405,0.4582,586796,0
NXU.US,D,20240515,000000,0.4388,0.48,0.42,0.45,453374,0
NXU.US,D,20240516,000000,0.4455,0.4772,0.44,0.4618,309097,0
NXU.US,D,20240517,000000,0.4707,0.4788,0.4421,0.4676,459769,0
NXU.US,D,20240520,000000,0.4656,0.4766,0.4466,0.4693,218714,0
NXU.US,D,20240521,000000,0.4694,0.4758,0.4312,0.449,205712,0
NXU.US,D,20240522,000000,0.5113,0.67,0.4618,0.58,11076201,0
NXU.US,D,20240523,000000,0.47,0.559,0.4612,0.5152,1835134,0
NXU.US,D,20240524,000000,0.51,0.58,0.5,0.576,1286656,0
NXU.US,D,20240528,000000,0.57,0.5899,0.5,0.5199,491166,0
NXU.US,D,20240529,000000,0.5043,0.5043,0.471,0.4765,383690,0
NXU.US,D,20240530,000000,0.4812,0.4999,0.45,0.4699,387491,0
NXU.US,D,20240531,000000,0.4615,0.4799,0.4555,0.4565,145674,0
NXU.US,D,20240603,000000,0.4605,0.4803,0.45,0.476,175447,0
NXU.US,D,20240604,000000,0.476,0.476,0.4521,0.4584,148035,0
NXU.US,D,20240605,000000,0.4516,0.47,0.45,0.47,134991,0
NXU.US,D,20240606,000000,0.47,0.4723,0.3636,0.449,494935,0
NXU.US,D,20240607,000000,0.4437,0.45,0.4201,0.4353,112012,0
NXU.US,D,20240610,000000,0.44,0.44,0.401,0.43,114087,0
NXU.US,D,20240611,000000,0.4136,0.4405,0.39,0.415,196066,0
NXU.US,D,20240612,000000,0.411,0.43,0.4,0.4,239454,0
NXU.US,D,20240613,000000,0.38,0.4447,0.3678,0.4297,4025779,0
NXU.US,D,20240614,000000,0.4077,0.4217,0.392,0.392,576997,0
NXU.US,D,20240617,000000,0.3875,0.432,0.381,0.4078,533655,0
NXU.US,D,20240618,000000,0.4032,0.4199,0.39,0.39,248198,0
NXU.US,D,20240620,000000,0.3976,0.4,0.3823,0.3849,177739,0
NXU.US,D,20240621,000000,0.3846,0.395,0.3666,0.3666,366433,0
NXU.US,D,20240624,000000,0.365,0.3841,0.365,0.3798,165174,0
NXU.US,D,20240625,000000,0.387,0.405,0.38,0.4044,158659,0
NXU.US,D,20240626,000000,0.3923,0.4045,0.3679,0.387,118107,0
NXU.US,D,20240627,000000,0.3892,0.3913,0.367,0.372369,135394,0
NXU.US,D,20240628,000000,0.38,0.38,0.361,0.3678,106173,0
NXU.US,D,20240701,000000,0.3802,0.3803,0.3547,0.3615,183053,0
NXU.US,D,20240702,000000,0.3648,0.3649,0.3511,0.3561,201041,0
NXU.US,D,20240703,000000,0.365,0.47,0.3647,0.3732,3131604,0
NXU.US,D,20240705,000000,0.3766,0.4075,0.364,0.365,1225098,0
NXU.US,D,20240708,000000,0.36,0.385,0.36,0.3815,229115,0
NXU.US,D,20240709,000000,0.376,0.39,0.376,0.39,281833,0
NXU.US,D,20240710,000000,0.3893,0.4338,0.3889,0.432,452498,0
NXU.US,D,20240711,000000,0.43,0.43,0.4081,0.4186,171573,0
NXU.US,D,20240712,000000,0.4185,0.47,0.4101,0.4488,623539,0
NXU.US,D,20240715,000000,0.4629,0.4629,0.44,0.4616,322413,0
NXU.US,D,20240716,000000,0.4578,0.458514,0.434,0.4454,154020,0
NXU.US,D,20240717,000000,0.4453,0.45,0.4126,0.4205,207743,0
NXU.US,D,20240718,000000,0.4204,0.427,0.4121,0.4257,64583,0
NXU.US,D,20240719,000000,0.43,0.43,0.4021,0.4077,104783,0
NXU.US,D,20240722,000000,0.423,0.423,0.4019,0.4096,88462,0
NXU.US,D,20240723,000000,0.4,0.41,0.3801,0.3862,253309,0
NXU.US,D,20240724,000000,0.3936,0.3956,0.3615,0.37,123623,0
NXU.US,D,20240725,000000,0.387,0.4001,0.3701,0.386,200530,0
NXU.US,D,20240726,000000,0.395,0.4024,0.3864,0.398,130084,0
NXU.US,D,20240729,000000,0.3936,0.3996,0.3909,0.3938,35487,0
NXU.US,D,20240730,000000,0.391,0.3997,0.3803,0.385,139938,0
NXU.US,D,20240731,000000,0.3822,0.3988,0.3822,0.3898,70998,0
NXU.US,D,20240801,000000,0.3898,0.3898,0.368163,0.379,62577,0
NXU.US,D,20240802,000000,0.391,0.391,0.3688,0.3708,86079,0
NXU.US,D,20240805,000000,0.369,0.37,0.3401,0.3403,179893,0
NXU.US,D,20240806,000000,0.3536,0.3609,0.3346,0.359,248550,0
NXU.US,D,20240807,000000,0.3482,0.3598,0.3345,0.3428,95640,0
NXU.US,D,20240808,000000,0.35,0.35,0.3115,0.32,249843,0
NXU.US,D,20240809,000000,0.32,0.326,0.305,0.317,115458,0
NXU.US,D,20240812,000000,0.31,0.3296,0.31,0.3296,116825,0
NXU.US,D,20240813,000000,0.33,0.34,0.3297,0.3398,95393,0
NXU.US,D,20240814,000000,0.3362,0.34,0.3144,0.3399,86321,0
NXU.US,D,20240815,000000,0.3309,0.34,0.3231,0.3384,99445,0
NXU.US,D,20240816,000000,0.34,0.34,0.325,0.3254,210820,0
NXU.US,D,20240819,000000,0.33,0.3345,0.3163,0.3283,81187,0
NXU.US,D,20240820,000000,0.3201,0.3474,0.3201,0.3222,119665,0
NXU.US,D,20240821,000000,0.32,0.3346,0.32,0.3313,151800,0
NXU.US,D,20240822,000000,0.338,0.3444,0.325195,0.3397,174782,0
NXU.US,D,20240823,000000,0.34,0.3587,0.34,0.3432,265769,0
NXU.US,D,20240826,000000,0.3465,0.3583,0.3325,0.3407,114128,0
NXU.US,D,20240827,000000,0.341,0.3475,0.32,0.3215,102334,0
NXU.US,D,20240828,000000,0.3333,0.339,0.3011,0.3034,137396,0
NXU.US,D,20240829,000000,0.3155,0.3249,0.3001,0.3006,101249,0
NXU.US,D,20240830,000000,0.312,0.3124,0.3011,0.3024,57983,0
NXU.US,D,20240903,000000,0.3113,0.3113,0.28,0.2886,219901,0
NXU.US,D,20240904,000000,0.2829,0.284,0.2619,0.2796,158528,0
NXU.US,D,20240905,000000,0.2796,0.2906,0.2751,0.2793,129803,0
NXU.US,D,20240906,000000,0.29,0.29,0.2621,0.2641,226340,0
NXU.US,D,20240909,000000,0.2652,0.2683,0.2321,0.2336,330732,0
NXU.US,D,20240910,000000,0.2383,0.2383,0.2089,0.2241,286933,0
NXU.US,D,20240911,000000,0.233,0.233,0.2245,0.2311,189937,0
NXU.US,D,20240912,000000,0.2371,0.299,0.2332,0.2676,716306,0
NXU.US,D,20240913,000000,0.2676,0.2676,0.2544,0.2575,100872,0
NXU.US,D,20240916,000000,0.266,0.266,0.2503,0.259,53450,0
NXU.US,D,20240917,000000,0.2693,0.2698,0.2566,0.2584,103574,0
NXU.US,D,20240918,000000,0.2605,0.2605,0.2427,0.243,81566,0
NXU.US,D,20240919,000000,0.25,0.26,0.24,0.2431,439765,0
NXU.US,D,20240920,000000,0.24,0.254,0.24,0.248,161185,0
NXU.US,D,20240923,000000,0.248,0.248,0.2221,0.2303,173470,0
NXU.US,D,20240924,000000,0.2303,0.2358,0.226,0.23,104477,0
NXU.US,D,20240925,000000,0.23,0.2399,0.22,0.2234,205364,0
NXU.US,D,20240926,000000,0.2234,0.2332,0.2234,0.2276,77713,0
NXU.US,D,20240927,000000,0.2249,0.2372,0.2249,0.2366,96164,0
NXU.US,D,20240930,000000,0.24,0.2599,0.2302,0.2477,507536,0
NXU.US,D,20241001,000000,0.2558,0.2591,0.24,0.2428,49820,0
NXU.US,D,20241002,000000,0.249,0.2497,0.2402,0.243,46121,0
NXU.US,D,20241003,000000,0.2422,0.3535,0.2402,0.2755,1827672,0
NXU.US,D,20241004,000000,0.2866,0.2866,0.2555,0.2556,4562854,0
NXU.US,D,20241007,000000,0.264,0.274,0.2418,0.2599,435734,0
NXU.US,D,20241008,000000,0.2599,0.2698,0.2481,0.2625,349179,0
NXU.US,D,20241009,000000,0.2415,0.2577,0.2368,0.2529,276558,0
NXU.US,D,20241010,000000,0.252,0.252,0.2401,0.2416,76351,0
NXU.US,D,20241011,000000,0.2381,0.255,0.2381,0.2501,59086,0
NXU.US,D,20241014,000000,0.2501,0.2602,0.2501,0.2551,71916,0
NXU.US,D,20241015,000000,0.2629,0.263,0.245,0.249584,108264,0
NXU.US,D,20241016,000000,0.245,0.2588,0.245,0.25545,56328,0
NXU.US,D,20241017,000000,0.25,0.27,0.25,0.2618,152549,0
NXU.US,D,20241018,000000,0.251,0.267,0.2487,0.267,93878,0
NXU.US,D,20241021,000000,0.276,0.2979,0.261,0.281,403237,0
NXU.US,D,20241022,000000,0.288,0.29,0.253,0.2634,275032,0
NXU.US,D,20241023,000000,0.2636,0.2742,0.25,0.2503,178148,0
NXU.US,D,20241024,000000,0.7419,0.94,0.5112,0.5986,392085333,0
NXU.US,D,20241025,000000,0.5,0.6492,0.45,0.6168,9803781,0
NXU.US,D,20241028,000000,0.6395,0.6399,0.5188,0.5188,2812575,0
NXU.US,D,20241029,000000,0.5,0.51,0.4502,0.474,1683393,0
NXU.US,D,20241030,000000,0.5,0.5694,0.485,0.5393,2983798,0
NXU.US,D,20241031,000000,0.53,0.5451,0.485,0.53,686466,0
NXU.US,D,20241101,000000,0.53,0.5449,0.5061,0.515,739702,0
NXU.US,D,20241104,000000,0.5,0.578,0.4615,0.555,726976,0
NXU.US,D,20241105,000000,0.56,0.569,0.54,0.561,341485,0
NXU.US,D,20241106,000000,0.57,0.57,0.5138,0.53,273639,0
NXU.US,D,20241107,000000,0.5123,0.569,0.51,0.5358,523590,0
NXU.US,D,20241108,000000,0.345,0.3938,0.2751,0.331,8608534,0
NXU.US,D,20241111,000000,0.328,0.43,0.3043,0.3881,1718462,0
NXU.US,D,20241112,000000,0.3954,0.4,0.36,0.395,685988,0
NXU.US,D,20241113,000000,0.376,0.3863,0.34,0.37,696810,0
NXU.US,D,20241114,000000,0.37,0.3798,0.3452,0.3468,661994,0
NXU.US,D,20241115,000000,0.33,0.3577,0.295,0.33,1011463,0
NXU.US,D,20241118,000000,0.345,0.345,0.2811,0.2895,1379565,0
NXU.US,D,20241119,000000,0.2811,0.2976,0.2442,0.25,1115626,0
NXU.US,D,20241120,000000,0.2585,0.26,0.2351,0.24,959920,0
NXU.US,D,20241121,000000,0.25,0.27,0.238,0.259,529909,0
NXU.US,D,20241122,000000,0.2512,0.2699,0.251,0.2699,258694,0
NXU.US,D,20241125,000000,0.2622,0.275,0.251,0.2645,380053,0
NXU.US,D,20241126,000000,0.2546,0.2654,0.2506,0.259,193877,0
NXU.US,D,20241127,000000,0.259,0.269,0.2501,0.2654,276322,0
NXU.US,D,20241129,000000,0.276,0.283,0.2658,0.2713,156746,0
NXU.US,D,20241202,000000,0.2703,0.277,0.2625,0.2745,155423,0
NXU.US,D,20241203,000000,0.2674,0.2757,0.2516,0.2563,331054,0
NXU.US,D,20241204,000000,0.255,0.2666,0.2531,0.2666,190584,0
NXU.US,D,20241205,000000,0.23,0.2599,0.23,0.247,548964,0
NXU.US,D,20241206,000000,0.2568,0.2568,0.2405,0.2483,131580,0
NXU.US,D,20241209,000000,0.241,0.26,0.241,0.255,474049,0
NXU.US,D,20241210,000000,0.255,0.264,0.233,0.2478,614184,0
NXU.US,D,20241211,000000,0.243,0.2575,0.235,0.238,188578,0
NXU.US,D,20241212,000000,0.232,0.2447,0.2316,0.234,179841,0
NXU.US,D,20241213,000000,0.2375,0.24,0.2312,0.2341,136715,0
NXU.US,D,20241216,000000,0.2341,0.2418,0.23,0.23,283894,0
NXU.US,D,20241217,000000,0.225,0.252,0.2232,0.239,469207,0
NXU.US,D,20241218,000000,0.229,0.2395,0.225,0.2252,406040,0
NXU.US,D,20241219,000000,0.236,0.236,0.2245,0.2245,227875,0
NXU.US,D,20241220,000000,0.22,0.24,0.22,0.2238,262361,0
NXU.US,D,20241223,000000,0.238,0.2383,0.22,0.226,227065,0
NXU.US,D,20241224,000000,0.225,0.24,0.2217,0.2259,167103,0
NXU.US,D,20241226,000000,0.2435,0.27,0.2333,0.262,648893,0
NXU.US,D,20241227,000000,0.286,0.2966,0.235,0.2434,1499227,0
NXU.US,D,20241230,000000,0.9,2.13,0.6822,1.5,573154744,0
NXU.US,D,20241231,000000,1.91,2.25,0.801,1.06,72803707,0
NXU.US,D,20250102,000000,0.9504,1.03,0.82,0.94,6993153,0
NXU.US,D,20250103,000000,0.7333,0.7849,0.6157,0.7146,7590292,0
NXU.US,D,20250106,000000,0.75,1.29,0.74,1.02,24731736,0
NXU.US,D,20250107,000000,0.8,1.03,0.7901,0.8826,4456740,0
NXU.US,D,20250108,000000,0.815,0.8661,0.702,0.8001,2649258,0
NXU.US,D,20250110,000000,0.76,0.8212,0.7227,0.745,1064705,0
NXU.US,D,20250113,000000,0.68,0.7,0.6,0.6869,1657535,0
NXU.US,D,20250114,000000,0.656,0.68,0.6,0.60999,864530,0
NXU.US,D,20250115,000000,0.5598,0.6112,0.5201,0.5604,1437368,0
NXU.US,D,20250116,000000,0.56,0.74,0.55,0.5809,2265974,0
NXU.US,D,20250117,000000,0.5499,0.5964,0.52,0.55,1485729,0
NXU.US,D,20250121,000000,0.5443,0.56,0.5267,0.56,538148,0
NXU.US,D,20250122,000000,0.5331,0.5598,0.5111,0.522,670055,0
NXU.US,D,20250123,000000,0.529,0.5559,0.515,0.5533,556262,0
NXU.US,D,20250124,000000,0.5485,0.6795,0.5485,0.616,2245786,0
NXU.US,D,20250127,000000,0.4091,0.415347,0.2435,0.255,14154452,0
NXU.US,D,20250128,000000,0.269,0.2862,0.247,0.25,5355283,0
NXU.US,D,20250129,000000,0.2406,0.244,0.225,0.2396,3754446,0
NXU.US,D,20250130,000000,0.236,0.2448,0.2255,0.2384,3175588,0
NXU.US,D,20250131,000000,0.24,0.5378,0.22,0.2954,190111078,0
NXU.US,D,20250203,000000,0.262,0.413,0.252,0.3543,46897427,0
NXU.US,D,20250204,000000,0.3596,0.4,0.331,0.355,8826357,0
NXU.US,D,20250205,000000,0.32,0.3692,0.3017,0.3639,3693930,0
NXU.US,D,20250206,000000,0.3701,0.3749,0.3215,0.3479,1920688,0
NXU.US,D,20250207,000000,0.359,0.3599,0.31,0.3101,2982902,0
NXU.US,D,20250210,000000,0.3149,0.3149,0.25,0.2699,5183231,0
NXU.US,D,20250211,000000,0.2547,0.3,0.25,0.2739,4671302,0
NXU.US,D,20250212,000000,0.4678,0.499,0.34391,0.4061,186914109,0
NXU.US,D,20250213,000000,0.35,0.406,0.332,0.355,12830837,0
