<TICKER>,<PER>,<DATE>,<TIME>,<OPEN>,<HIGH>,<LOW>,<CLOSE>,<VOL>,<OPENINT>
OCAX.US,D,20210310,000000,9.95,10.01,9.87,9.93,23318,0
OCAX.US,D,20210311,000000,9.9,9.9,9.85,9.85,58145,0
OCAX.US,D,20210312,000000,9.89,9.89,9.89,9.89,503,0
OCAX.US,D,20210315,000000,9.88,9.89,9.8,9.8,229591,0
OCAX.US,D,20210316,000000,9.81,9.85,9.81,9.81,2316,0
OCAX.US,D,20210317,000000,9.855,9.87,9.84,9.87,7484,0
OCAX.US,D,20210318,000000,9.82,9.84,9.82,9.84,2711,0
OCAX.US,D,20210319,000000,9.82,9.86,9.82,9.83,17970,0
OCAX.US,D,20210322,000000,9.8,9.85,9.78,9.8,252561,0
OCAX.US,D,20210323,000000,9.79,9.84,9.79,9.8,27855,0
OCAX.US,D,20210324,000000,9.8,9.83,9.51,9.76,443335,0
OCAX.US,D,20210325,000000,9.77,9.82,9.51,9.51,58646,0
OCAX.US,D,20210326,000000,9.54,9.79,9.54,9.76,4769,0
OCAX.US,D,20210329,000000,9.76,9.82,9.76,9.77,179326,0
OCAX.US,D,20210330,000000,9.77,9.79,9.77,9.77,215308,0
OCAX.US,D,20210331,000000,9.79,9.82,9.77,9.77,46729,0
OCAX.US,D,20210401,000000,9.77,9.83,9.77,9.81,107070,0
OCAX.US,D,20210405,000000,9.83,9.89,9.81,9.88,50112,0
OCAX.US,D,20210406,000000,9.86,9.87,9.85,9.87,191434,0
OCAX.US,D,20210407,000000,9.87,9.88,9.77,9.88,162199,0
OCAX.US,D,20210408,000000,9.86,9.87,9.86,9.86,55998,0
OCAX.US,D,20210409,000000,9.89,9.9,9.8484,9.85,84412,0
OCAX.US,D,20210412,000000,9.89,9.9,9.89,9.9,9035,0
OCAX.US,D,20210413,000000,9.9,9.9,9.89,9.9,1907,0
OCAX.US,D,20210414,000000,9.89,9.97,9.88,9.97,378134,0
OCAX.US,D,20210415,000000,9.93,9.95,9.91,9.91,1302,0
OCAX.US,D,20210416,000000,9.95,9.96,9.89,9.96,24339,0
OCAX.US,D,20210419,000000,9.9,9.96,9.89,9.92,253855,0
OCAX.US,D,20210420,000000,9.9,9.93,9.89,9.89,120968,0
OCAX.US,D,20210422,000000,9.895,9.91,9.86,9.86,3687,0
OCAX.US,D,20210423,000000,9.86,9.91,9.86,9.88,1464,0
OCAX.US,D,20210426,000000,9.88,9.91,9.88,9.89,1554,0
OCAX.US,D,20210427,000000,9.9,9.9,9.88,9.9,1963,0
OCAX.US,D,20210428,000000,9.84,9.91,9.83,9.91,7113,0
OCAX.US,D,20210429,000000,9.91,9.91,9.85,9.91,17536,0
OCAX.US,D,20210503,000000,9.9,9.91,9.9,9.91,112300,0
OCAX.US,D,20210504,000000,9.91,9.92,9.9,9.9,418573,0
OCAX.US,D,20210505,000000,9.9,9.91,9.9,9.9,131525,0
OCAX.US,D,20210506,000000,9.91,9.92,9.9,9.92,2606,0
OCAX.US,D,20210507,000000,9.89,9.92,9.89,9.92,5572,0
OCAX.US,D,20210511,000000,9.85,9.92,9.85,9.92,8602,0
OCAX.US,D,20210512,000000,9.875,9.92,9.81,9.83,8818,0
OCAX.US,D,20210513,000000,9.83,9.91,9.83,9.85,9323,0
OCAX.US,D,20210514,000000,9.81,9.81,9.81,9.81,264,0
OCAX.US,D,20210517,000000,9.81,9.92,9.72,9.83,310776,0
OCAX.US,D,20210518,000000,9.9,9.9,9.81,9.81,1060,0
OCAX.US,D,20210519,000000,9.85,9.85,9.82,9.82,5637,0
OCAX.US,D,20210520,000000,9.81,9.87,9.73,9.81,153017,0
OCAX.US,D,20210521,000000,9.77,9.84,9.75,9.75,33286,0
OCAX.US,D,20210524,000000,9.75,9.87,9.74,9.87,109092,0
OCAX.US,D,20210525,000000,9.88,9.89,9.87,9.89,10024,0
OCAX.US,D,20210526,000000,9.89,9.9,9.79,9.88,8467,0
OCAX.US,D,20210527,000000,9.816,9.82,9.81,9.82,510,0
OCAX.US,D,20210601,000000,9.89,9.9,9.89,9.9,4170,0
OCAX.US,D,20210602,000000,9.89,9.9,9.89,9.9,2249,0
OCAX.US,D,20210607,000000,9.85,9.9,9.85,9.9,1206,0
OCAX.US,D,20210608,000000,9.9,9.9,9.9,9.9,208,0
OCAX.US,D,20210609,000000,9.9,9.9,9.9,9.9,104,0
OCAX.US,D,20210610,000000,9.88,9.9,9.88,9.89,8831,0
OCAX.US,D,20210611,000000,9.89,9.92,9.89,9.91,163419,0
OCAX.US,D,20210614,000000,9.9,9.92,9.9,9.91,483129,0
OCAX.US,D,20210615,000000,9.91,9.92,9.91,9.91,2541,0
OCAX.US,D,20210616,000000,9.8001,9.92,9.8001,9.91,6286,0
OCAX.US,D,20210617,000000,9.91,9.92,9.82,9.88,19070,0
OCAX.US,D,20210618,000000,9.88,9.91,9.86,9.885,3203,0
OCAX.US,D,20210622,000000,9.87,9.87,9.87,9.87,516,0
OCAX.US,D,20210625,000000,9.82,9.87,9.82,9.87,5058,0
OCAX.US,D,20210628,000000,9.82,9.89,9.76,9.83,61266,0
OCAX.US,D,20210629,000000,9.78,9.85,9.78,9.815,7589,0
OCAX.US,D,20210630,000000,9.82,9.91,9.77,9.91,23577,0
OCAX.US,D,20210701,000000,9.77,9.83,9.77,9.82,13136,0
OCAX.US,D,20210702,000000,9.83,9.83,9.78,9.815,2783,0
OCAX.US,D,20210706,000000,9.81,9.87,9.795,9.87,33379,0
OCAX.US,D,20210707,000000,9.83,9.86,9.83,9.86,8550,0
OCAX.US,D,20210708,000000,9.84,9.87,9.84,9.87,1238,0
OCAX.US,D,20210712,000000,9.86,9.87,9.86,9.86,2928,0
OCAX.US,D,20210713,000000,9.77,9.82,9.77,9.82,1106,0
OCAX.US,D,20210714,000000,9.82,9.84,9.82,9.84,18645,0
OCAX.US,D,20210715,000000,9.84,9.87,9.84,9.87,670,0
OCAX.US,D,20210716,000000,9.84,9.84,9.84,9.84,1816,0
OCAX.US,D,20210719,000000,9.84,9.85,9.84,9.85,2837,0
OCAX.US,D,20210721,000000,9.81,9.82,9.78,9.82,2313,0
OCAX.US,D,20210723,000000,9.82,9.82,9.82,9.82,1048,0
OCAX.US,D,20210728,000000,9.82,9.83,9.82,9.83,30304,0
OCAX.US,D,20210729,000000,9.85,9.85,9.83,9.85,16061,0
OCAX.US,D,20210730,000000,9.85,9.85,9.85,9.85,21004,0
OCAX.US,D,20210802,000000,9.85,9.85,9.85,9.85,22062,0
OCAX.US,D,20210803,000000,9.8,9.8,9.8,9.8,3600,0
OCAX.US,D,20210804,000000,9.8,9.82,9.79,9.82,6355,0
OCAX.US,D,20210810,000000,9.79,9.79,9.79,9.79,2000,0
OCAX.US,D,20210811,000000,9.79,9.79,9.79,9.79,1262,0
OCAX.US,D,20210812,000000,9.7955,9.7955,9.7955,9.7955,2300,0
OCAX.US,D,20210816,000000,9.78,9.79,9.77,9.77,7612,0
OCAX.US,D,20210818,000000,9.79,9.79,9.7,9.7,78024,0
OCAX.US,D,20210819,000000,9.74,9.795,9.74,9.795,8630,0
OCAX.US,D,20210820,000000,9.8,9.83,9.8,9.83,11180,0
OCAX.US,D,20210823,000000,9.82,9.82,9.82,9.82,3779,0
OCAX.US,D,20210824,000000,9.83,9.84,9.82,9.83,155659,0
OCAX.US,D,20210825,000000,9.835,9.85,9.835,9.85,21938,0
OCAX.US,D,20210826,000000,9.85,9.87,9.83,9.87,111130,0
OCAX.US,D,20210827,000000,9.87,9.88,9.87,9.87,42905,0
OCAX.US,D,20210830,000000,9.8352,9.855,9.8298,9.85,25513,0
OCAX.US,D,20210831,000000,9.86,9.89,9.86,9.89,2550,0
OCAX.US,D,20210901,000000,9.85,9.89,9.85,9.89,5904,0
OCAX.US,D,20210908,000000,9.89,9.9,9.89,9.9,1044,0
OCAX.US,D,20210910,000000,9.81,9.85,9.81,9.83,504,0
OCAX.US,D,20210913,000000,9.87,9.9,9.87,9.9,12133,0
OCAX.US,D,20210914,000000,9.85,9.86,9.85,9.86,8330,0
OCAX.US,D,20210915,000000,9.9,9.9,9.89,9.9,40975,0
OCAX.US,D,20210916,000000,9.9,9.9001,9.9,9.9,3798,0
OCAX.US,D,20210917,000000,9.9,9.9,9.9,9.9,1998,0
OCAX.US,D,20210920,000000,9.9,9.9,9.9,9.9,2168,0
OCAX.US,D,20210921,000000,9.905,9.905,9.885,9.9,3715,0
OCAX.US,D,20210922,000000,9.9,9.91,9.9,9.9,155795,0
OCAX.US,D,20210923,000000,9.86,9.895,9.86,9.88,2071,0
OCAX.US,D,20210924,000000,9.88,9.91,9.84,9.91,176075,0
OCAX.US,D,20210928,000000,9.92,9.92,9.91,9.91,74001,0
OCAX.US,D,20210930,000000,9.91,9.91,9.9,9.9,2656,0
OCAX.US,D,20211001,000000,9.92,9.92,9.9,9.9,6556,0
OCAX.US,D,20211004,000000,9.91,9.9107,9.9,9.9,8733,0
OCAX.US,D,20211005,000000,9.92,9.92,9.9,9.91,1315,0
OCAX.US,D,20211006,000000,9.9,9.915,9.86,9.915,58471,0
OCAX.US,D,20211008,000000,9.9,9.9,9.9,9.9,500,0
OCAX.US,D,20211011,000000,9.92,9.92,9.92,9.92,12734,0
OCAX.US,D,20211012,000000,9.92,9.93,9.92,9.93,881,0
OCAX.US,D,20211013,000000,9.9,9.915,9.9,9.9,2274,0
OCAX.US,D,20211014,000000,9.91,9.91,9.91,9.91,220,0
OCAX.US,D,20211018,000000,9.92,9.94,9.92,9.94,13182,0
OCAX.US,D,20211021,000000,9.92,9.92,9.87,9.87,35741,0
OCAX.US,D,20211025,000000,9.9,9.92,9.9,9.92,11919,0
OCAX.US,D,20211026,000000,9.93,9.93,9.92,9.93,8139,0
OCAX.US,D,20211028,000000,9.92,9.92,9.92,9.92,2500,0
OCAX.US,D,20211102,000000,9.93,9.93,9.93,9.93,576,0
OCAX.US,D,20211103,000000,9.94,9.94,9.91,9.91,7474,0
OCAX.US,D,20211104,000000,9.94,9.95,9.94,9.95,7900,0
OCAX.US,D,20211105,000000,9.96,9.96,9.96,9.96,14697,0
OCAX.US,D,20211108,000000,9.95,9.95,9.95,9.95,10423,0
OCAX.US,D,20211109,000000,9.97,9.98,9.94,9.95,42830,0
OCAX.US,D,20211110,000000,9.96,9.96,9.94,9.95,6900,0
OCAX.US,D,20211111,000000,9.95,9.95,9.95,9.95,298432,0
OCAX.US,D,20211112,000000,9.95,9.95,9.94,9.94,5554,0
OCAX.US,D,20211115,000000,9.93,9.94,9.93,9.93,891,0
OCAX.US,D,20211116,000000,9.93,9.95,9.93,9.95,100238,0
OCAX.US,D,20211117,000000,9.94,9.94,9.94,9.94,192,0
OCAX.US,D,20211118,000000,9.95,9.96,9.94,9.95,165489,0
OCAX.US,D,20211122,000000,9.95,9.95,9.94,9.94,35194,0
OCAX.US,D,20211123,000000,9.9315,9.9315,9.9315,9.9315,1006,0
OCAX.US,D,20211126,000000,9.94,9.94,9.94,9.94,1913,0
OCAX.US,D,20211129,000000,9.94,9.94,9.94,9.94,150070,0
OCAX.US,D,20211130,000000,9.95,9.95,9.93,9.935,27404,0
OCAX.US,D,20211201,000000,9.94,9.94,9.94,9.94,1742,0
OCAX.US,D,20211202,000000,9.93,9.94,9.87,9.925,15047,0
OCAX.US,D,20211203,000000,9.91,9.93,9.89,9.93,6186,0
OCAX.US,D,20211206,000000,9.91,9.92,9.91,9.92,17061,0
OCAX.US,D,20211207,000000,9.91,9.91,9.88,9.88,104193,0
OCAX.US,D,20211208,000000,9.88,9.91,9.88,9.91,98521,0
OCAX.US,D,20211209,000000,9.9,9.94,9.9,9.94,9917,0
OCAX.US,D,20211210,000000,9.89,9.94,9.89,9.92,50578,0
OCAX.US,D,20211213,000000,9.91,9.94,9.9,9.9,237238,0
OCAX.US,D,20211214,000000,9.94,9.975,9.91,9.9702,89303,0
OCAX.US,D,20211216,000000,9.97,9.97,9.97,9.97,942,0
OCAX.US,D,20211217,000000,9.91,9.98,9.9,9.95,12281,0
OCAX.US,D,20211220,000000,9.89,9.97,9.89,9.97,19937,0
OCAX.US,D,20211221,000000,9.97,9.97,9.97,9.97,28960,0
OCAX.US,D,20211222,000000,9.97,9.97,9.97,9.97,6148,0
OCAX.US,D,20211223,000000,9.91,9.91,9.9,9.9,53379,0
OCAX.US,D,20211227,000000,9.92,9.92,9.9,9.91,1301,0
OCAX.US,D,20211228,000000,9.91,9.91,9.9,9.9,3730,0
OCAX.US,D,20211229,000000,9.93,9.93,9.89,9.89,6071,0
OCAX.US,D,20211230,000000,9.91,9.93,9.9,9.9,41235,0
OCAX.US,D,20211231,000000,9.9,9.92,9.9,9.92,1108,0
OCAX.US,D,20220103,000000,9.925,9.94,9.92,9.92,15838,0
OCAX.US,D,20220104,000000,9.93,9.93,9.93,9.93,7262,0
OCAX.US,D,20220105,000000,9.92,9.92,9.9,9.9,3058,0
OCAX.US,D,20220111,000000,9.96,9.98,9.96,9.98,200306,0
OCAX.US,D,20220112,000000,9.95,9.9508,9.94,9.94,7113,0
OCAX.US,D,20220113,000000,9.94,9.94,9.94,9.94,11585,0
OCAX.US,D,20220114,000000,9.94,9.94,9.94,9.94,392,0
OCAX.US,D,20220118,000000,9.94,9.96,9.94,9.96,4434,0
OCAX.US,D,20220119,000000,9.965,9.99,9.96,9.99,255228,0
OCAX.US,D,20220120,000000,9.96,9.99,9.96,9.99,3031,0
OCAX.US,D,20220121,000000,9.98,9.995,9.98,9.99,5104,0
OCAX.US,D,20220124,000000,9.97,9.97,9.9699,9.9699,116557,0
OCAX.US,D,20220125,000000,9.96,9.98,9.96,9.98,58952,0
OCAX.US,D,20220126,000000,9.98,9.995,9.98,9.99,34746,0
OCAX.US,D,20220127,000000,9.995,10.05,9.99,10.05,72349,0
OCAX.US,D,20220128,000000,10,10.02,9.99,10.02,151868,0
OCAX.US,D,20220131,000000,10,10,9.99,9.99,654,0
OCAX.US,D,20220201,000000,10.04,10.04,9.97,9.99,14728,0
OCAX.US,D,20220202,000000,10,10.04,9.99,10,34749,0
OCAX.US,D,20220203,000000,9.98,10.015,9.98,10,108165,0
OCAX.US,D,20220207,000000,10,10,10,10,47471,0
OCAX.US,D,20220208,000000,10,10,10,10,3001,0
OCAX.US,D,20220209,000000,10,10,10,10,5606,0
OCAX.US,D,20220214,000000,10.02,10.02,10,10.02,4982,0
OCAX.US,D,20220215,000000,10.02,10.0201,10,10.02,10253,0
OCAX.US,D,20220218,000000,10.02,10.03,10.02,10.03,600,0
OCAX.US,D,20220222,000000,10.02,10.04,10.02,10.03,2752,0
OCAX.US,D,20220223,000000,10.03,10.03,10.03,10.03,2594,0
OCAX.US,D,20220224,000000,10.02,10.03,10.02,10.02,7227,0
OCAX.US,D,20220228,000000,10.035,10.035,10.03,10.03,4708,0
OCAX.US,D,20220301,000000,10.03,10.03,10.03,10.03,3587,0
OCAX.US,D,20220302,000000,10.035,10.035,10.03,10.03,368,0
OCAX.US,D,20220303,000000,10.03,10.04,10.03,10.04,30149,0
OCAX.US,D,20220307,000000,10.03,10.04,10.03,10.04,2301,0
OCAX.US,D,20220308,000000,10.02,10.04,10.02,10.04,7748,0
OCAX.US,D,20220309,000000,10.02,10.04,10.02,10.04,3243,0
OCAX.US,D,20220310,000000,10.05,10.05,10.05,10.05,110,0
OCAX.US,D,20220311,000000,10.03,10.04,10.03,10.04,500,0
OCAX.US,D,20220314,000000,10.02,10.04,10.02,10.04,314982,0
OCAX.US,D,20220315,000000,10.04,10.04,10.04,10.04,628,0
OCAX.US,D,20220316,000000,10.03,10.03,10.03,10.03,406,0
OCAX.US,D,20220317,000000,10.03,10.03,10.03,10.03,373,0
OCAX.US,D,20220321,000000,10.04,10.045,10.04,10.045,1483,0
OCAX.US,D,20220323,000000,10.05,10.055,10.04,10.04,29110,0
OCAX.US,D,20220324,000000,10.05,10.05,10.05,10.05,118,0
OCAX.US,D,20220325,000000,10.045,10.06,10.02,10.06,11635,0
OCAX.US,D,20220328,000000,10.06,10.06,10.06,10.06,101435,0
OCAX.US,D,20220329,000000,10.07,10.07,10.04,10.07,5388,0
OCAX.US,D,20220331,000000,10.05,10.05,10.05,10.05,678,0
OCAX.US,D,20220405,000000,10.08,10.08,10.072,10.072,625,0
OCAX.US,D,20220406,000000,10.05,10.05,10.05,10.05,200,0
OCAX.US,D,20220407,000000,10.09,10.095,10.07,10.095,9324,0
OCAX.US,D,20220412,000000,10.09,10.09,10.09,10.09,2300,0
OCAX.US,D,20220414,000000,10.1,10.11,10.09,10.11,65620,0
OCAX.US,D,20220421,000000,10.1,10.1,10.1,10.1,297,0
OCAX.US,D,20220425,000000,10.05,10.05,10.02,10.02,8908,0
OCAX.US,D,20220428,000000,10.03,10.03,10.03,10.03,1805,0
OCAX.US,D,20220429,000000,10.04,10.04,10.04,10.04,2852,0
OCAX.US,D,20220502,000000,10.04,10.1,10.04,10.1,5683,0
OCAX.US,D,20220504,000000,10.08,10.09,10.08,10.09,575,0
OCAX.US,D,20220506,000000,10.09,10.09,10.09,10.09,1110,0
OCAX.US,D,20220509,000000,10.09,10.09,10.085,10.085,14002,0
OCAX.US,D,20220510,000000,10.08,10.1,10.04,10.04,5439,0
OCAX.US,D,20220517,000000,10.04,10.05,10.02,10.03,69157,0
OCAX.US,D,20220518,000000,10.04,10.04,10.04,10.04,100,0
OCAX.US,D,20220519,000000,10.04,10.04,10.02,10.02,1102,0
OCAX.US,D,20220520,000000,10.03,10.03,10.03,10.03,200685,0
OCAX.US,D,20220523,000000,10.09,10.09,10.0301,10.035,4582,0
OCAX.US,D,20220524,000000,10.04,10.04,10.04,10.04,8901,0
OCAX.US,D,20220525,000000,10.04,10.1,10.04,10.1,54603,0
OCAX.US,D,20220526,000000,10.0406,10.05,10.04,10.05,31079,0
OCAX.US,D,20220527,000000,10.0501,10.075,10.05,10.075,95680,0
OCAX.US,D,20220531,000000,10.04,10.05,10,10.04,28469,0
OCAX.US,D,20220601,000000,10.04,10.07,10.04,10.04,9597,0
OCAX.US,D,20220602,000000,10.04,10.05,10.03,10.04,14151,0
OCAX.US,D,20220603,000000,10.01,10.01,10.01,10.01,20858,0
OCAX.US,D,20220606,000000,10.01,10.01,10.01,10.01,3901,0
OCAX.US,D,20220607,000000,10.04,10.04,10.04,10.04,329,0
OCAX.US,D,20220608,000000,10.06,10.07,10.06,10.07,5752,0
OCAX.US,D,20220609,000000,10.05,10.06,10.05,10.05,701486,0
OCAX.US,D,20220610,000000,10.055,10.07,10.02,10.07,3925,0
OCAX.US,D,20220613,000000,10.04,10.04,10.04,10.04,11066,0
OCAX.US,D,20220614,000000,10.05,10.1,10.04,10.06,71961,0
OCAX.US,D,20220615,000000,10.06,10.06,10.06,10.06,3042,0
OCAX.US,D,20220616,000000,10.04,10.05,10.04,10.04,4691,0
OCAX.US,D,20220617,000000,10.04,10.04,10.04,10.04,1100,0
OCAX.US,D,20220621,000000,10.03,10.03,10.03,10.03,11496,0
OCAX.US,D,20220622,000000,10.03,10.04,10.03,10.04,11266,0
OCAX.US,D,20220623,000000,10.07,10.07,10.07,10.07,400,0
OCAX.US,D,20220627,000000,10.06,10.07,10.03,10.03,4440,0
OCAX.US,D,20220628,000000,10.03,10.03,10.03,10.03,704,0
OCAX.US,D,20220630,000000,10.035,10.035,10.02,10.02,20385,0
OCAX.US,D,20220705,000000,10.02,10.03,10.02,10.03,88015,0
OCAX.US,D,20220707,000000,10.03,10.04,10.03,10.04,1185,0
OCAX.US,D,20220708,000000,10.04,10.09,10.04,10.07,4007,0
OCAX.US,D,20220711,000000,10.06,10.07,10.06,10.07,4331,0
OCAX.US,D,20220712,000000,10.07,10.07,10.03,10.03,18310,0
OCAX.US,D,20220713,000000,10.05,10.05,10.05,10.05,254,0
OCAX.US,D,20220714,000000,10.05,10.06,10.05,10.06,31159,0
OCAX.US,D,20220718,000000,10.05,10.05,10.03,10.03,15019,0
OCAX.US,D,20220719,000000,10.03,10.03,10.03,10.03,110,0
OCAX.US,D,20220720,000000,10.03,10.03,10.03,10.03,282,0
OCAX.US,D,20220721,000000,10.03,10.03,10.03,10.03,63720,0
OCAX.US,D,20220725,000000,10.04,10.04,10.04,10.04,160,0
OCAX.US,D,20220726,000000,10.04,10.04,10.04,10.04,288,0
OCAX.US,D,20220727,000000,10.05,10.07,10.04,10.04,206543,0
OCAX.US,D,20220729,000000,10.0501,10.0501,10.05,10.05,34276,0
OCAX.US,D,20220801,000000,10.055,10.055,10.04,10.04,1135,0
OCAX.US,D,20220802,000000,10.04,10.04,10.04,10.04,205091,0
OCAX.US,D,20220803,000000,10.04,10.05,10.04,10.05,26186,0
OCAX.US,D,20220804,000000,10.055,10.055,10.055,10.055,250053,0
OCAX.US,D,20220805,000000,10.05,10.06,10.05,10.06,1255,0
OCAX.US,D,20220808,000000,10.065,10.065,10.06,10.06,12921,0
OCAX.US,D,20220809,000000,10.06,10.06,10.06,10.06,41606,0
OCAX.US,D,20220810,000000,10.06,10.07,10.06,10.06,70004,0
OCAX.US,D,20220811,000000,10.06,10.06,10.06,10.06,15820,0
OCAX.US,D,20220815,000000,10.07,10.07,10.06,10.0625,126111,0
OCAX.US,D,20220816,000000,10.0701,10.0701,10.07,10.07,428,0
OCAX.US,D,20220817,000000,10.08,10.08,10.065,10.065,503836,0
OCAX.US,D,20220819,000000,10.06,10.0699,10.06,10.0699,52223,0
OCAX.US,D,20220822,000000,10.06,10.06,10.06,10.06,2111,0
OCAX.US,D,20220823,000000,10.06,10.09,10.06,10.09,8196,0
OCAX.US,D,20220824,000000,10.06,10.065,10.06,10.06,7854,0
OCAX.US,D,20220825,000000,10.06,10.06,10.03,10.03,12923,0
OCAX.US,D,20220826,000000,10.03,10.032,10.0298,10.03,33319,0
OCAX.US,D,20220829,000000,10.05,10.05,10.0421,10.0421,1000,0
OCAX.US,D,20220830,000000,10.03,10.03,10.03,10.03,619,0
OCAX.US,D,20220831,000000,10.02,10.02,10.02,10.02,204,0
OCAX.US,D,20220909,000000,10.02,10.02,10.02,10.02,321,0
OCAX.US,D,20220915,000000,10.03,10.03,10.03,10.03,2288,0
OCAX.US,D,20220919,000000,10.0401,10.0401,10.0401,10.0401,1250,0
OCAX.US,D,20220920,000000,10.06,10.06,10.05,10.06,2400,0
OCAX.US,D,20220926,000000,10.05,10.06,10.05,10.06,30116,0
OCAX.US,D,20220927,000000,10.04,10.04,10.03,10.04,851,0
OCAX.US,D,20220929,000000,10.05,10.055,10.05,10.055,50163,0
OCAX.US,D,20220930,000000,10.05,10.05,10.04,10.05,138902,0
OCAX.US,D,20221003,000000,10.07,10.08,10.06,10.07,78371,0
OCAX.US,D,20221004,000000,10.12,10.12,10.07,10.07,207346,0
OCAX.US,D,20221005,000000,10.07,10.07,10.07,10.07,1200,0
OCAX.US,D,20221006,000000,10.07,10.07,10.065,10.07,14754,0
OCAX.US,D,20221007,000000,10.08,10.1,10.08,10.08,22669,0
OCAX.US,D,20221012,000000,10.09,10.09,10.09,10.09,368,0
OCAX.US,D,20221013,000000,10.09,10.1,10.08,10.1,122789,0
OCAX.US,D,20221017,000000,10.11,10.12,10.1,10.12,52562,0
OCAX.US,D,20221019,000000,10.1,10.105,10.1,10.105,16203,0
OCAX.US,D,20221020,000000,10.1,10.1004,10.1,10.1,8183,0
OCAX.US,D,20221021,000000,10.1,10.105,10.1,10.105,171035,0
OCAX.US,D,20221024,000000,10.1,10.1,10.1,10.1,8410,0
OCAX.US,D,20221025,000000,10.11,10.11,10.11,10.11,1299,0
OCAX.US,D,20221026,000000,10.12,10.13,10.115,10.13,223769,0
OCAX.US,D,20221028,000000,10.13,10.1301,10.115,10.12,65484,0
OCAX.US,D,20221101,000000,10.12,10.125,10.12,10.12,2875,0
OCAX.US,D,20221102,000000,10.13,10.15,10.125,10.13,119501,0
OCAX.US,D,20221103,000000,10.14,10.15,10.14,10.15,48618,0
OCAX.US,D,20221104,000000,10.16,10.16,10.15,10.15,272657,0
OCAX.US,D,20221107,000000,10.15,10.16,10.15,10.15,79522,0
OCAX.US,D,20221108,000000,10.15,10.16,10.15,10.15,41018,0
OCAX.US,D,20221109,000000,10.17,10.19,10.17,10.18,100789,0
OCAX.US,D,20221110,000000,10.15,10.15,10.15,10.15,2151,0
OCAX.US,D,20221114,000000,10.15,10.16,10.15,10.15,239080,0
OCAX.US,D,20221115,000000,10.15,10.16,10.15,10.16,27926,0
OCAX.US,D,20221116,000000,10.18,10.2,10.18,10.2,257124,0
OCAX.US,D,20221117,000000,10.18,10.18,10.18,10.18,2093,0
OCAX.US,D,20221118,000000,10.18,10.18,10.18,10.18,500,0
OCAX.US,D,20221125,000000,10.17,10.17,10.17,10.17,207666,0
OCAX.US,D,20221128,000000,10.17,10.17,10.165,10.17,581522,0
OCAX.US,D,20221129,000000,10.17,10.17,10.17,10.17,75745,0
OCAX.US,D,20221130,000000,10.19,10.19,10.18,10.18,7300,0
OCAX.US,D,20221201,000000,10.18,10.2,10.18,10.2,65289,0
OCAX.US,D,20221205,000000,10.21,10.21,10.2,10.2,2658,0
OCAX.US,D,20221206,000000,10.18,10.19,10.17,10.17,76957,0
OCAX.US,D,20221207,000000,10.2,10.2,10.2,10.2,100,0
OCAX.US,D,20221208,000000,10.19,10.19,10.1704,10.19,2915,0
OCAX.US,D,20221209,000000,10.19,10.19,10.18,10.19,14983,0
OCAX.US,D,20221212,000000,10.17,10.22,10.17,10.22,3950,0
OCAX.US,D,20221213,000000,10.22,10.22,10.15,10.15,299,0
OCAX.US,D,20221214,000000,10.17,10.17,10.17,10.17,200,0
OCAX.US,D,20221215,000000,10.18,10.19,10.155,10.17,96079,0
OCAX.US,D,20221216,000000,10.17,10.18,10.17,10.18,300,0
OCAX.US,D,20221220,000000,10.1001,10.195,10.1,10.195,7238,0
OCAX.US,D,20221222,000000,10.17,10.17,10.17,10.17,1650,0
OCAX.US,D,20221223,000000,10.2216,10.2216,10.2,10.21,15023,0
OCAX.US,D,20221227,000000,10.23,10.25,10.215,10.25,1246449,0
OCAX.US,D,20221228,000000,10.28,10.28,10.25,10.26,12635,0
OCAX.US,D,20221230,000000,10.26,10.27,10.26,10.27,141871,0
OCAX.US,D,20230103,000000,10.26,10.2641,10.26,10.2601,1400,0
OCAX.US,D,20230104,000000,10.26,10.28,10.26,10.28,1875588,0
OCAX.US,D,20230105,000000,10.29,10.3,10.28,10.2802,1329541,0
OCAX.US,D,20230106,000000,10.27,10.28,10.27,10.275,15829,0
OCAX.US,D,20230109,000000,10.28,10.28,10.27,10.27,45025,0
OCAX.US,D,20230110,000000,10.26,10.28,10.26,10.2772,7942,0
OCAX.US,D,20230111,000000,10.32,10.32,10.28,10.3,722152,0
OCAX.US,D,20230113,000000,10.3,10.3,10.27,10.28,61136,0
OCAX.US,D,20230117,000000,10.25,10.28,10.25,10.27,33013,0
OCAX.US,D,20230118,000000,10.27,10.27,10.25,10.2501,10421,0
OCAX.US,D,20230119,000000,10.27,10.27,10.25,10.25,24046,0
OCAX.US,D,20230120,000000,10.2506,10.2506,10.25,10.2501,8062,0
OCAX.US,D,20230123,000000,10.25,10.27,10.23,10.2655,116427,0
OCAX.US,D,20230124,000000,10.24,10.29,10.24,10.2696,122905,0
OCAX.US,D,20230125,000000,10.27,10.28,10.255,10.27,35887,0
OCAX.US,D,20230126,000000,10.27,10.29,10.27,10.28,78801,0
OCAX.US,D,20230130,000000,10.2801,10.2802,10.26,10.26,3748,0
OCAX.US,D,20230131,000000,10.26,10.26,10.26,10.26,2955,0
OCAX.US,D,20230201,000000,10.28,10.28,10.26,10.26,1760,0
OCAX.US,D,20230202,000000,10.28,10.29,10.27,10.29,21341,0
OCAX.US,D,20230203,000000,10.27,10.29,10.26,10.29,1313,0
OCAX.US,D,20230206,000000,10.27,10.29,10.27,10.2801,13075,0
OCAX.US,D,20230208,000000,10.28,10.28,10.28,10.28,1493,0
OCAX.US,D,20230210,000000,10.27,10.29,10.27,10.29,2102,0
OCAX.US,D,20230213,000000,10.24,10.29,10.24,10.29,3698,0
OCAX.US,D,20230214,000000,10.28,10.3,10.27,10.3,14814,0
OCAX.US,D,20230215,000000,10.28,10.3,10.28,10.3,1856,0
OCAX.US,D,20230216,000000,10.3,10.31,10.29,10.31,29070,0
OCAX.US,D,20230217,000000,10.26,10.26,10.26,10.26,144,0
OCAX.US,D,20230222,000000,10.29,10.31,10.29,10.295,2653,0
OCAX.US,D,20230223,000000,10.28,10.28,10.28,10.28,200,0
OCAX.US,D,20230224,000000,10.28,10.28,10.28,10.28,151,0
OCAX.US,D,20230227,000000,10.27,10.3,10.27,10.3,4100,0
OCAX.US,D,20230302,000000,10.29,10.29,10.29,10.29,50000,0
OCAX.US,D,20230303,000000,10.28,10.28,10.28,10.28,100,0
OCAX.US,D,20230307,000000,10.29,10.29,10.29,10.29,200,0
OCAX.US,D,20230308,000000,10.31,10.31,10.29,10.29,424,0
OCAX.US,D,20230309,000000,10.29,10.29,10.29,10.29,556,0
OCAX.US,D,20230320,000000,10.31,10.31,10.3025,10.31,1043,0
OCAX.US,D,20230321,000000,10.31,10.33,10.3,10.31,2047,0
OCAX.US,D,20230322,000000,10.33,10.33,10.31,10.31,625,0
OCAX.US,D,20230323,000000,10.32,10.33,10.32,10.33,36920,0
OCAX.US,D,20230324,000000,10.33,10.39,10.3282,10.39,4836,0
OCAX.US,D,20230327,000000,10.39,10.41,10.33,10.33,4011,0
OCAX.US,D,20230328,000000,10.39,10.39,10.39,10.39,1020,0
OCAX.US,D,20230403,000000,10.3501,10.36,10.35,10.35,3465,0
OCAX.US,D,20230405,000000,10.4,10.4,10.38,10.38,2587,0
OCAX.US,D,20230411,000000,10.38,10.38,10.38,10.38,1353,0
OCAX.US,D,20230421,000000,10.35,10.35,10.35,10.35,3762,0
OCAX.US,D,20230424,000000,10.36,10.36,10.35,10.35,11497,0
OCAX.US,D,20230428,000000,10.36,10.36,10.36,10.36,925,0
OCAX.US,D,20230508,000000,10.36,10.36,10.36,10.36,4500,0
OCAX.US,D,20230510,000000,10.4,10.4,10.4,10.4,5941,0
OCAX.US,D,20230512,000000,10.36,10.36,10.36,10.36,2038,0
OCAX.US,D,20230517,000000,10.37,10.4,10.37,10.4,31700,0
OCAX.US,D,20230530,000000,10.4,10.82,10.4,10.82,592,0
OCAX.US,D,20230606,000000,10.43,10.43,10.42,10.42,4157,0
OCAX.US,D,20230615,000000,10.43,10.4537,10.43,10.43,2420,0
OCAX.US,D,20230621,000000,10.43,10.43,10.43,10.43,1341,0
OCAX.US,D,20230626,000000,10.43,10.44,10.43,10.44,1547,0
OCAX.US,D,20230627,000000,10.48,10.49,10.4736,10.49,8262,0
OCAX.US,D,20230629,000000,10.48,10.483,10.48,10.48,70710,0
OCAX.US,D,20230705,000000,10.45,10.45,10.44,10.45,7550,0
OCAX.US,D,20230706,000000,10.44,10.45,10.44,10.45,7100,0
OCAX.US,D,20230707,000000,10.445,10.45,10.445,10.45,1000,0
OCAX.US,D,20230710,000000,10.45,10.45,10.445,10.45,2465,0
OCAX.US,D,20230721,000000,10.54,10.54,10.485,10.5,479,0
OCAX.US,D,20230724,000000,10.53,10.53,10.53,10.53,111,0
OCAX.US,D,20230726,000000,10.54,10.58,10.54,10.58,3238,0
OCAX.US,D,20230731,000000,10.54,10.55,10.54,10.55,2985,0
OCAX.US,D,20230804,000000,10.6,10.6,10.6,10.6,113,0
OCAX.US,D,20230807,000000,10.65,10.65,10.65,10.65,2450,0
OCAX.US,D,20230808,000000,10.64,10.64,10.55,10.55,400,0
OCAX.US,D,20230810,000000,10.59,10.59,10.56,10.5616,1802,0
OCAX.US,D,20230811,000000,10.65,10.65,10.57,10.57,213,0
OCAX.US,D,20230814,000000,10.68,10.68,10.68,10.68,100,0
OCAX.US,D,20230815,000000,10.68,10.68,10.6,10.6,8900,0
OCAX.US,D,20230816,000000,10.64,10.64,10.64,10.64,157,0
OCAX.US,D,20230818,000000,10.57,10.57,10.57,10.57,260,0
OCAX.US,D,20230829,000000,10.68,10.68,10.68,10.68,123,0
OCAX.US,D,20230831,000000,10.59,10.59,10.59,10.59,103,0
OCAX.US,D,20230901,000000,10.59,10.59,10.59,10.59,113,0
OCAX.US,D,20230907,000000,10.59,10.6,10.59,10.6,33619,0
OCAX.US,D,20230911,000000,10.6,10.65,10.6,10.61,465718,0
OCAX.US,D,20230912,000000,10.6,10.62,10.6,10.61,763548,0
OCAX.US,D,20230913,000000,10.61,10.62,10.61,10.62,309,0
OCAX.US,D,20230915,000000,10.62,10.62,10.62,10.62,100,0
OCAX.US,D,20230918,000000,10.63,10.67,10.62,10.67,8330,0
OCAX.US,D,20230920,000000,10.63,10.63,10.63,10.63,102,0
OCAX.US,D,20230922,000000,10.63,10.63,10.63,10.63,2000,0
OCAX.US,D,20230926,000000,10.63,10.63,10.63,10.63,315,0
OCAX.US,D,20230927,000000,10.63,10.64,10.63,10.64,3396,0
OCAX.US,D,20231002,000000,10.65,10.65,10.65,10.65,104,0
OCAX.US,D,20231004,000000,10.63,10.63,10.63,10.63,1700,0
OCAX.US,D,20231005,000000,10.64,10.64,10.64,10.64,501,0
OCAX.US,D,20231006,000000,10.66,10.66,10.66,10.66,201,0
OCAX.US,D,20231009,000000,10.65,10.65,10.6442,10.65,1300,0
OCAX.US,D,20231010,000000,10.65,10.65,10.65,10.65,439,0
OCAX.US,D,20231011,000000,10.65,10.67,10.65,10.67,3526,0
OCAX.US,D,20231012,000000,10.67,10.67,10.67,10.67,41760,0
OCAX.US,D,20231013,000000,10.67,10.67,10.67,10.67,25500,0
OCAX.US,D,20231017,000000,10.65,10.65,10.65,10.65,250009,0
OCAX.US,D,20231018,000000,10.65,10.65,10.65,10.65,17003,0
OCAX.US,D,20231020,000000,10.65,10.65,10.65,10.65,4240,0
OCAX.US,D,20231107,000000,10.65,10.65,10.65,10.65,1328,0
OCAX.US,D,20231108,000000,10.68,10.68,10.68,10.68,600,0
OCAX.US,D,20231110,000000,10.67,10.67,10.66,10.66,2250,0
OCAX.US,D,20231121,000000,10.67,10.67,10.65,10.65,3500,0
OCAX.US,D,20231124,000000,10.66,10.66,10.66,10.66,555,0
OCAX.US,D,20231127,000000,10.73,10.75,10.72,10.74,42671,0
OCAX.US,D,20231204,000000,10.77,10.775,10.77,10.7701,5744,0
OCAX.US,D,20231205,000000,10.7501,10.815,10.7501,10.815,850,0
OCAX.US,D,20231207,000000,10.67,10.88,10.67,10.88,1287,0
OCAX.US,D,20231208,000000,10.85,10.85,10.85,10.85,215,0
OCAX.US,D,20231214,000000,10.84,10.84,10.83,10.84,2094,0
OCAX.US,D,20231218,000000,10.8,10.8,10.8,10.8,28050,0
OCAX.US,D,20231219,000000,10.8,10.81,10.8,10.8,70119,0
OCAX.US,D,20231220,000000,10.8,10.81,10.79,10.8,162100,0
OCAX.US,D,20231221,000000,10.8,10.8,10.78,10.79,402409,0
OCAX.US,D,20231222,000000,10.79,10.8,10.78,10.8,2522,0
OCAX.US,D,20231226,000000,10.8,10.8,10.78,10.79,178780,0
OCAX.US,D,20231227,000000,10.78,10.79,10.78,10.79,2333,0
OCAX.US,D,20240102,000000,10.79,10.88,10.78,10.83,7230,0
OCAX.US,D,20240103,000000,10.82,10.82,10.8,10.81,91501,0
OCAX.US,D,20240104,000000,10.8,10.83,10.8,10.83,941,0
OCAX.US,D,20240105,000000,10.81,10.81,10.81,10.81,775,0
OCAX.US,D,20240109,000000,10.81,10.81,10.81,10.81,246,0
OCAX.US,D,20240110,000000,10.81,10.81,10.8,10.8,705,0
OCAX.US,D,20240111,000000,10.8,10.8101,10.79,10.8101,11170,0
OCAX.US,D,20240112,000000,10.83,10.83,10.82,10.82,10459,0
OCAX.US,D,20240117,000000,10.83,10.84,10.82,10.83,173106,0
OCAX.US,D,20240118,000000,10.83,10.85,10.83,10.85,93348,0
OCAX.US,D,20240119,000000,10.83,10.835,10.83,10.835,1648,0
OCAX.US,D,20240122,000000,10.8313,10.835,10.83,10.83,2714,0
OCAX.US,D,20240123,000000,10.831,10.831,10.83,10.83,2831,0
OCAX.US,D,20240129,000000,10.84,10.845,10.84,10.845,989,0
OCAX.US,D,20240130,000000,10.85,10.85,10.85,10.85,54300,0
OCAX.US,D,20240131,000000,10.85,10.85,10.85,10.85,93475,0
OCAX.US,D,20240207,000000,10.85,10.86,10.841,10.86,1380,0
OCAX.US,D,20240212,000000,10.84,10.845,10.835,10.84,236911,0
OCAX.US,D,20240213,000000,10.85,10.85,10.85,10.85,200,0
OCAX.US,D,20240215,000000,10.84,10.84,10.84,10.84,1001,0
OCAX.US,D,20240216,000000,10.84,10.84,10.83,10.84,103300,0
OCAX.US,D,20240220,000000,10.84,10.84,10.84,10.84,501,0
OCAX.US,D,20240221,000000,10.84,10.85,10.84,10.85,501,0
OCAX.US,D,20240222,000000,10.83,10.84,10.83,10.84,53413,0
OCAX.US,D,20240226,000000,10.831,10.87,10.83,10.85,260338,0
OCAX.US,D,20240227,000000,10.83,10.83,10.83,10.83,110,0
OCAX.US,D,20240228,000000,10.85,10.85,10.84,10.84,1141,0
OCAX.US,D,20240229,000000,10.85,10.85,10.85,10.85,227,0
OCAX.US,D,20240301,000000,10.85,10.85,10.85,10.85,125,0
OCAX.US,D,20240304,000000,10.85,10.85,10.85,10.85,1911,0
OCAX.US,D,20240305,000000,10.86,10.86,10.85,10.85,8680,0
OCAX.US,D,20240306,000000,10.83,10.83,10.83,10.83,502,0
OCAX.US,D,20240308,000000,10.82,10.82,10.82,10.82,502,0
OCAX.US,D,20240315,000000,10.84,10.86,10.84,10.8466,1574,0
OCAX.US,D,20240320,000000,10.82,10.82,10.82,10.82,100,0
OCAX.US,D,20240321,000000,10.84,10.85,10.825,10.85,134252,0
OCAX.US,D,20240322,000000,10.82,10.82,10.82,10.82,101,0
OCAX.US,D,20240325,000000,10.86,10.86,10.82,10.82,207,0
OCAX.US,D,20240326,000000,10.86,10.86,10.86,10.86,296,0
OCAX.US,D,20240327,000000,10.82,10.82,10.82,10.82,4170,0
OCAX.US,D,20240328,000000,10.82,10.82,10.82,10.82,100,0
OCAX.US,D,20240401,000000,10.86,10.86,10.82,10.82,301,0
OCAX.US,D,20240402,000000,10.82,10.82,10.82,10.82,300,0
OCAX.US,D,20240404,000000,10.8579,10.89,10.8579,10.88,18813,0
OCAX.US,D,20240405,000000,10.87,10.87,10.87,10.87,46271,0
OCAX.US,D,20240409,000000,10.9,10.91,10.9,10.91,7100,0
OCAX.US,D,20240410,000000,10.94,10.94,10.91,10.92,1602,0
OCAX.US,D,20240417,000000,10.93,10.93,10.93,10.93,30631,0
OCAX.US,D,20240419,000000,10.93,10.95,10.93,10.95,6705,0
OCAX.US,D,20240424,000000,10.91,10.94,10.9,10.94,11310,0
OCAX.US,D,20240426,000000,10.91,10.94,10.91,10.93,3846,0
OCAX.US,D,20240429,000000,10.95,10.95,10.95,10.95,1401,0
OCAX.US,D,20240430,000000,10.95,10.95,10.95,10.95,1601,0
OCAX.US,D,20240501,000000,10.93,10.95,10.92,10.93,6801,0
OCAX.US,D,20240502,000000,10.94,10.94,10.94,10.94,1356,0
OCAX.US,D,20240506,000000,10.96,10.96,10.94,10.96,2215,0
OCAX.US,D,20240507,000000,10.96,10.96,10.96,10.96,2461,0
OCAX.US,D,20240508,000000,10.95,10.96,10.95,10.96,9101,0
OCAX.US,D,20240514,000000,10.99,11,10.95,10.96,11341,0
OCAX.US,D,20240515,000000,11.175,11.175,11.175,11.175,631,0
OCAX.US,D,20240516,000000,11.27,11.6,11.03,11.04,8142,0
OCAX.US,D,20240517,000000,10.97,11.06,10.97,11.06,209,0
OCAX.US,D,20240521,000000,11.1,11.1,10.96,10.96,802,0
OCAX.US,D,20240523,000000,10.97,11.12,10.97,11.05,52196,0
OCAX.US,D,20240524,000000,11.22,11.26,11.05,11.1774,51299,0
OCAX.US,D,20240528,000000,11.14,11.16,11.01,11.08,53422,0
OCAX.US,D,20240529,000000,11.3,12.1,11.07,11.14,11665,0
OCAX.US,D,20240530,000000,11.02,11.3,11.02,11.1,4512,0
OCAX.US,D,20240531,000000,11.02,11.575,11.02,11.05,3403,0
OCAX.US,D,20240603,000000,11.03,11.24,11.03,11.11,2915,0
OCAX.US,D,20240604,000000,11.04,11.6,11.04,11.05,2000,0
OCAX.US,D,20240605,000000,11.11,11.12,11.1,11.12,34009,0
OCAX.US,D,20240606,000000,11.12,11.12,11.05,11.05,2078,0
OCAX.US,D,20240607,000000,11.58,11.785,11.05,11.09,6813,0
OCAX.US,D,20240610,000000,11.05,11.13,11.05,11.13,330,0
OCAX.US,D,20240617,000000,11.28,11.28,11.28,11.28,211,0
OCAX.US,D,20240624,000000,11.17,11.17,11.05,11.15,185213,0
OCAX.US,D,20240626,000000,11.13,11.13,11.13,11.13,2100,0
OCAX.US,D,20240627,000000,11.14,11.14,11.14,11.14,1105,0
OCAX.US,D,20240628,000000,11.29,11.29,11.15,11.2,1782,0
OCAX.US,D,20240708,000000,11.23,11.23,11.23,11.23,101,0
OCAX.US,D,20240710,000000,11.11,11.11,11.11,11.11,104,0
OCAX.US,D,20240711,000000,11.28,11.28,11.09,11.09,202,0
OCAX.US,D,20240712,000000,11.12,11.16,11.12,11.12,795,0
OCAX.US,D,20240715,000000,11.155,11.1599,11.11,11.1599,3456,0
OCAX.US,D,20240716,000000,11.16,11.18,11.16,11.18,1585,0
OCAX.US,D,20240717,000000,11.2,11.2,11.2,11.2,215,0
OCAX.US,D,20240718,000000,11.19,11.19,11.19,11.19,102,0
OCAX.US,D,20240719,000000,11.21,11.21,11.2,11.2,1100,0
OCAX.US,D,20240722,000000,11.22,11.22,11.06,11.06,5551,0
