<TICKER>,<PER>,<DATE>,<TIME>,<OPEN>,<HIGH>,<LOW>,<CLOSE>,<VOL>,<OPENINT>
PLMK.US,D,20250203,000000,9.98,9.98,9.96,9.96,1226,0
PLMK.US,D,20250204,000000,9.96,9.96,9.96,9.96,25151,0
PLMK.US,D,20250205,000000,9.97,9.97,9.97,9.97,202050,0
PLMK.US,D,20250206,000000,9.97,9.98,9.97,9.98,1138730,0
PLMK.US,D,20250207,000000,9.98,9.98,9.96,9.96,99256,0
PLMK.US,D,20250210,000000,9.975,9.98,9.975,9.98,1305,0
PLMK.US,D,20250211,000000,9.97,9.97,9.9689,9.97,330731,0
PLMK.US,D,20250212,000000,9.97,9.977,9.97,9.97,389892,0
PLMK.US,D,20250213,000000,9.97,9.9721,9.97,9.97,461377,0
