<TICKER>,<PER>,<DATE>,<TIME>,<OPEN>,<HIGH>,<LOW>,<CLOSE>,<VOL>,<OPENINT>
PLRZ.US,D,20241029,000000,1.64,1.97,1.11,1.55,1616200,0
PLRZ.US,D,20241030,000000,1.6,1.75,1.4,1.68,4528698,0
PLRZ.US,D,20241031,000000,1.43,1.51,1.28,1.38,478091,0
PLRZ.US,D,20241101,000000,1.31,1.3501,1.12,1.17,531561,0
PLRZ.US,D,20241104,000000,1.06,1.2382,1,1.05,322843,0
PLRZ.US,D,20241105,000000,1.07,1.1599,1,1.06,229051,0
PLRZ.US,D,20241106,000000,1.0794,1.11,1,1.01,102123,0
PLRZ.US,D,20241107,000000,1.06,1.28,1.06,1.2028,400386,0
PLRZ.US,D,20241108,000000,1.24,1.27,1.1858,1.2043,134614,0
PLRZ.US,D,20241111,000000,1.25,1.25,1.07,1.1,121402,0
PLRZ.US,D,20241112,000000,1.07,1.1485,0.9801,1.08,136383,0
PLRZ.US,D,20241113,000000,1.07,1.07,0.941,0.98,74104,0
PLRZ.US,D,20241114,000000,0.98,0.98,0.8,0.82,118435,0
PLRZ.US,D,20241115,000000,0.806,0.889,0.77,0.812,153137,0
PLRZ.US,D,20241118,000000,0.888,1.03,0.8412,1,134166,0
PLRZ.US,D,20241119,000000,0.999,1.0594,0.9516,0.97,28662,0
PLRZ.US,D,20241120,000000,1,1,0.933,0.945,14300,0
PLRZ.US,D,20241121,000000,0.95,0.97,0.86,0.92,43393,0
PLRZ.US,D,20241122,000000,0.9289,1,0.88,0.9356,75020,0
PLRZ.US,D,20241125,000000,0.97,1.06,0.9301,0.9687,150382,0
PLRZ.US,D,20241126,000000,1,1,0.9275,0.9275,43727,0
PLRZ.US,D,20241127,000000,0.97,1.0391,0.91,0.91,35107,0
PLRZ.US,D,20241129,000000,0.95,0.96,0.915,0.9375,14457,0
PLRZ.US,D,20241202,000000,0.93,1.23,0.93,1.22,1258005,0
PLRZ.US,D,20241203,000000,1.17,1.2,1.0801,1.17,217849,0
PLRZ.US,D,20241204,000000,1.12,1.12,0.964,1.03,111680,0
PLRZ.US,D,20241205,000000,0.97,1.07,0.9283,0.99,103743,0
PLRZ.US,D,20241206,000000,0.99,1.04,0.92,1.04,64303,0
PLRZ.US,D,20241209,000000,1.03,1.05,0.9737,1.02,37867,0
PLRZ.US,D,20241210,000000,1.07,1.12,1.01,1.1,74834,0
PLRZ.US,D,20241211,000000,1.07,1.1104,0.9522,0.9522,114186,0
PLRZ.US,D,20241212,000000,0.965,1.0958,0.9522,1.04,93253,0
PLRZ.US,D,20241213,000000,1.01,1.04,0.97,0.991,24817,0
PLRZ.US,D,20241216,000000,1.0415,1.0415,0.94,1,25390,0
PLRZ.US,D,20241217,000000,1.21,1.37,1.02,1.05,7868431,0
PLRZ.US,D,20241218,000000,2.48,4.8,2.41,3.29,137323819,0
PLRZ.US,D,20241219,000000,2.46,3.06,1.595,2.33,3585922,0
PLRZ.US,D,20241220,000000,2,2.19,1.26,1.57,1377969,0
PLRZ.US,D,20241223,000000,1.55,1.68,1.35,1.62,383794,0
PLRZ.US,D,20241224,000000,1.65,2.19,1.65,2.08,713523,0
PLRZ.US,D,20241226,000000,2.08,2.1,1.71,1.77,321500,0
PLRZ.US,D,20241227,000000,1.85,1.94,1.6,1.64,227548,0
PLRZ.US,D,20241230,000000,2.64,2.8,2.02,2.16,17216885,0
PLRZ.US,D,20241231,000000,1.96,2.32,1.8801,2.17,783029,0
PLRZ.US,D,20250102,000000,2.05,2.05,1.7308,1.83,318527,0
PLRZ.US,D,20250103,000000,1.8,1.98,1.7301,1.94,204204,0
PLRZ.US,D,20250106,000000,1.81,2,1.57,1.87,556634,0
PLRZ.US,D,20250107,000000,1.77,1.801,1.5,1.59,310549,0
PLRZ.US,D,20250108,000000,1.59,1.59,1.45,1.54,172285,0
PLRZ.US,D,20250110,000000,1.54,1.57,1.44,1.47,88878,0
PLRZ.US,D,20250113,000000,1.47,1.5,1.37,1.48,84873,0
PLRZ.US,D,20250114,000000,1.48,1.5,1.39,1.45,74937,0
PLRZ.US,D,20250115,000000,1.41,1.48,1.35,1.395,113434,0
PLRZ.US,D,20250116,000000,1.36,1.49,1.35,1.46,98076,0
PLRZ.US,D,20250117,000000,1.4,1.63,1.4,1.54,172030,0
PLRZ.US,D,20250121,000000,1.47,1.6,1.41,1.45,123161,0
PLRZ.US,D,20250122,000000,1.42,1.58,1.42,1.48,113744,0
PLRZ.US,D,20250123,000000,1.48,1.7,1.35,1.4,1683754,0
PLRZ.US,D,20250124,000000,1.38,1.45,1.36,1.44,124513,0
PLRZ.US,D,20250127,000000,1.43,1.47,1.3501,1.38,52721,0
PLRZ.US,D,20250128,000000,1.35,1.47,1.35,1.43,74527,0
PLRZ.US,D,20250129,000000,1.38,1.4,1.25,1.3,145222,0
PLRZ.US,D,20250130,000000,1.32,1.37,1.25,1.32,960504,0
PLRZ.US,D,20250131,000000,1.25,1.2642,1.09,1.15,249057,0
PLRZ.US,D,20250203,000000,1.1,1.25,1.06,1.23,178774,0
PLRZ.US,D,20250204,000000,1.19,1.27,1.1292,1.19,95912,0
PLRZ.US,D,20250205,000000,1.23,1.23,1.13,1.17,52497,0
PLRZ.US,D,20250206,000000,1.12,1.16,1.02,1.082,104260,0
PLRZ.US,D,20250207,000000,1.13,1.1495,1.08,1.12,60901,0
PLRZ.US,D,20250210,000000,1.01,1.09,1,1.02,126772,0
PLRZ.US,D,20250211,000000,1.02,1.1,1,1.1,66833,0
PLRZ.US,D,20250212,000000,1.05,1.13,1.04,1.07,58940,0
PLRZ.US,D,20250213,000000,1.14,1.1614,1.12,1.12,60564,0
