<TICKER>,<PER>,<DATE>,<TIME>,<OPEN>,<HIGH>,<LOW>,<CLOSE>,<VOL>,<OPENINT>
PROCF.US,D,20211001,000000,10.38,10.4,9.5,9.6,806284,0
PROCF.US,D,20211004,000000,9.8,9.925,8.13,9.65,459722,0
PROCF.US,D,20211005,000000,9.46,9.8,8.9,9.8,95806,0
PROCF.US,D,20211006,000000,8.98,10.25,8.98,10.07,112867,0
PROCF.US,D,20211007,000000,9.91,10.14,9.7,10,152202,0
PROCF.US,D,20211008,000000,10.21,10.21,9.3999,10.07,192851,0
PROCF.US,D,20211011,000000,9.74,9.8,9.52,9.68,21284,0
PROCF.US,D,20211012,000000,10.02,10.5,9.53,9.65,73381,0
PROCF.US,D,20211013,000000,9.85,9.9822,8.98,9.39,272070,0
PROCF.US,D,20211014,000000,9.31,10,9.125,9.34,475326,0
PROCF.US,D,20211015,000000,9.52,9.73,8.735,9.65,207729,0
PROCF.US,D,20211018,000000,9.61,9.9,9.2,9.33,59662,0
PROCF.US,D,20211019,000000,9.69,9.76,9.42,9.52,36812,0
PROCF.US,D,20211020,000000,9.83,10.42,9.83,10.42,87615,0
PROCF.US,D,20211021,000000,11,11.37,9.92,10.25,120583,0
PROCF.US,D,20211022,000000,11.98,11.98,9.82,10.17,163103,0
PROCF.US,D,20211025,000000,10.5,10.8435,9.4,9.77,143316,0
PROCF.US,D,20211026,000000,9.83,9.95,9,9.81,232112,0
PROCF.US,D,20211027,000000,9.59,10.05,9.59,9.9,108279,0
PROCF.US,D,20211028,000000,9.96,10.1726,9.92,10.02,91256,0
PROCF.US,D,20211029,000000,10.263,10.81,9.665,10.4,124631,0
PROCF.US,D,20211101,000000,10.32,10.4051,10.03,10.27,25627,0
PROCF.US,D,20211102,000000,10.25,10.25,9.43,9.88,72944,0
PROCF.US,D,20211103,000000,9.97,10.18,9.7,9.75,15030,0
PROCF.US,D,20211104,000000,9.75,10.488,9.61,9.86,63355,0
PROCF.US,D,20211105,000000,9.979,10.01,9.81,10,3046,0
PROCF.US,D,20211108,000000,9.9,10.52,9.77,9.87,29082,0
PROCF.US,D,20211109,000000,9.84,10.08,9.73,9.74,25115,0
PROCF.US,D,20211110,000000,9.72,10.251,9.72,9.75,7943,0
PROCF.US,D,20211111,000000,9.75,9.8027,9.75,9.8027,3158,0
PROCF.US,D,20211112,000000,9.8927,10.3,9.76,10.3,40006,0
PROCF.US,D,20211115,000000,10.08,10.08,10.01,10.01,997,0
PROCF.US,D,20211116,000000,9.8634,9.9,9.74,9.9,3494,0
PROCF.US,D,20211117,000000,9.84,10,9.7,9.95,21057,0
PROCF.US,D,20211118,000000,9.88,10,9.85,9.85,3170,0
PROCF.US,D,20211119,000000,10.5,10.5,9.81,9.81,12950,0
PROCF.US,D,20211122,000000,9.7201,9.9,9.72,9.86,10198,0
PROCF.US,D,20211123,000000,10.15,10.17,9.72,9.84,25904,0
PROCF.US,D,20211124,000000,9.72,10.05,9.72,9.84,1019,0
PROCF.US,D,20211126,000000,9.75,9.98,8.11,9.41,67871,0
PROCF.US,D,20211129,000000,9.99,10.02,9.45,9.59,47999,0
PROCF.US,D,20211130,000000,9.59,10.26,9.322,10.26,57922,0
PROCF.US,D,20211201,000000,10,10.48,9.68,9.9,13343,0
PROCF.US,D,20211202,000000,9.7,10.41,9.67,9.9,158173,0
PROCF.US,D,20211203,000000,10.14,10.2,9.32,9.87,39880,0
PROCF.US,D,20211206,000000,10.2,10.2,9.12,9.14,35662,0
PROCF.US,D,20211207,000000,9.53,10.2,9.5,9.89,71544,0
PROCF.US,D,20211208,000000,9.76,10.15,9.76,10,15283,0
PROCF.US,D,20211209,000000,10.15,10.49,9.8,10.24,88929,0
PROCF.US,D,20211210,000000,10.1,10.1,9.85,10,7776,0
PROCF.US,D,20211213,000000,10.4,10.4,8.8,9.15,78693,0
PROCF.US,D,20211214,000000,9.505,9.54,9,9,28688,0
PROCF.US,D,20211215,000000,8.85,9.35,8.42,9.34,18483,0
PROCF.US,D,20211216,000000,9.13,9.355,9.13,9.3,5624,0
PROCF.US,D,20211217,000000,9.38,10,8.459,8.85,13021,0
PROCF.US,D,20211220,000000,9.29,9.71,8.74,9.5,13059,0
PROCF.US,D,20211221,000000,9.34,9.45,9,9.05,9779,0
PROCF.US,D,20211222,000000,9.43,10,9.05,9.63,23004,0
PROCF.US,D,20211223,000000,9.85,9.85,9.28,9.58,20034,0
PROCF.US,D,20211227,000000,9.24,9.98,9.24,9.45,28234,0
PROCF.US,D,20211228,000000,9.6,9.84,9.37,9.5,7634,0
PROCF.US,D,20211229,000000,9.31,9.85,9.31,9.81,8273,0
PROCF.US,D,20211230,000000,9.76,9.76,9.37,9.38,11878,0
PROCF.US,D,20211231,000000,9.6,9.98,9.35,9.75,17613,0
PROCF.US,D,20220103,000000,9.57,9.98,9.24,9.85,38647,0
PROCF.US,D,20220104,000000,9.85,9.98,9.55,9.85,15841,0
PROCF.US,D,20220105,000000,9.75,9.8047,9.38,9.57,33685,0
PROCF.US,D,20220106,000000,9.75,9.75,9.23,9.23,40753,0
PROCF.US,D,20220107,000000,9.39,9.51,9.08,9.3,17102,0
PROCF.US,D,20220110,000000,9.36,9.7,9.12,9.18,9204,0
PROCF.US,D,20220111,000000,9.32,9.41,9.14,9.2,5373,0
PROCF.US,D,20220112,000000,9.77,9.98,9.35,9.47,58324,0
PROCF.US,D,20220113,000000,9.42,9.82,9.35,9.48,14759,0
PROCF.US,D,20220114,000000,9.5,9.55,9.11,9.15,21372,0
PROCF.US,D,20220118,000000,9.08,9.74,9,9,17231,0
PROCF.US,D,20220119,000000,9.29,9.69,9.115,9.5,26868,0
PROCF.US,D,20220120,000000,9.5,9.69,9.15,9.61,51558,0
PROCF.US,D,20220121,000000,9.64,9.67,9.11,9.13,20510,0
PROCF.US,D,20220124,000000,9.43,9.52,9,9.14,13672,0
PROCF.US,D,20220125,000000,9.37,9.5,9.18,9.4,11615,0
PROCF.US,D,20220126,000000,9.48,9.48,9.06,9.31,9907,0
PROCF.US,D,20220127,000000,9.39,9.65,9.3,9.5,22569,0
PROCF.US,D,20220128,000000,9.5,9.54,9.05,9.33,22892,0
PROCF.US,D,20220131,000000,9.27,9.55,9.16,9.55,19499,0
PROCF.US,D,20220201,000000,9.49,9.6,9.27,9.31,6044,0
PROCF.US,D,20220202,000000,9.31,9.59,9.15,9.5,12043,0
PROCF.US,D,20220203,000000,9.25,9.56,9.19,9.56,6277,0
PROCF.US,D,20220204,000000,9.32,9.5,9.11,9.5,49101,0
PROCF.US,D,20220207,000000,9.33,9.4,9.01,9.13,29351,0
PROCF.US,D,20220208,000000,9.02,9.18,9.02,9.17,3311,0
PROCF.US,D,20220209,000000,9.09,9.5,9.02,9.5,47899,0
PROCF.US,D,20220210,000000,9.31,9.65,9.16,9.25,46917,0
PROCF.US,D,20220211,000000,9.16,9.375,8.49,8.93,77121,0
PROCF.US,D,20220214,000000,8.89,8.89,8.05,8.6,50083,0
PROCF.US,D,20220215,000000,8.66,8.66,7.36,8.26,213935,0
PROCF.US,D,20220216,000000,8.11,8.49,8,8.14,13801,0
PROCF.US,D,20220217,000000,8.02,8.3,7.45,8.29,122642,0
PROCF.US,D,20220218,000000,8.26,8.51,7.9,7.97,23150,0
PROCF.US,D,20220222,000000,7.75,8.165,7.75,8.07,32062,0
PROCF.US,D,20220223,000000,8.05,8.5,7.8,8.5,121021,0
PROCF.US,D,20220224,000000,8.16,8.99,8.14,8.99,44444,0
PROCF.US,D,20220225,000000,8.93,9.32,8.85,9.01,39114,0
PROCF.US,D,20220228,000000,8.79,9.23,8.6677,9.07,89300,0
PROCF.US,D,20220301,000000,8.93,9.12,8.8,8.9,43603,0
PROCF.US,D,20220302,000000,9,9.5,8.82,9.26,41729,0
PROCF.US,D,20220303,000000,9.5893,10.2,9.01,9.56,127639,0
PROCF.US,D,20220304,000000,9.48,9.67,9.15,9.45,14244,0
PROCF.US,D,20220307,000000,9.2763,9.5,8.91,8.93,9676,0
PROCF.US,D,20220308,000000,9.2809,9.2809,9.06,9.2,9314,0
PROCF.US,D,20220309,000000,9.05,9.49,9.05,9.26,19282,0
PROCF.US,D,20220310,000000,9.25,9.25,8.95,9.15,27999,0
PROCF.US,D,20220311,000000,8.83,9.2,8.45,8.97,66185,0
PROCF.US,D,20220314,000000,8.45,9.04,7.87,8.6701,24521,0
PROCF.US,D,20220315,000000,8.27,8.989,8.22,8.35,20798,0
PROCF.US,D,20220316,000000,8.46,8.84,8.08,8.13,60280,0
PROCF.US,D,20220317,000000,8.28,8.74,8,8.41,106655,0
PROCF.US,D,20220318,000000,8.25,8.51,8.2,8.42,97819,0
PROCF.US,D,20220321,000000,8.25,8.87,8.25,8.6,24908,0
PROCF.US,D,20220322,000000,8.5999,8.5999,8.39,8.53,10551,0
PROCF.US,D,20220323,000000,8.49,8.5,8.38,8.5,1810,0
PROCF.US,D,20220324,000000,8.39,8.65,8.39,8.5,2361,0
PROCF.US,D,20220325,000000,8.7101,8.99,8.53,8.88,40041,0
PROCF.US,D,20220328,000000,8.4019,8.96,8.4019,8.775,10470,0
PROCF.US,D,20220329,000000,8.75,8.75,8.19,8.39,82724,0
PROCF.US,D,20220330,000000,8.8024,8.8024,8.16,8.5,32650,0
PROCF.US,D,20220331,000000,8.3579,8.8,8.3579,8.5,47821,0
PROCF.US,D,20220401,000000,8.97,8.97,8.4,8.43,15734,0
PROCF.US,D,20220404,000000,8.43,8.55,8.3,8.5,121742,0
PROCF.US,D,20220405,000000,8.4383,8.6564,8.4383,8.5,36388,0
PROCF.US,D,20220406,000000,8.5,8.575,8.19,8.5,33859,0
PROCF.US,D,20220407,000000,8.54,8.545,8.4,8.5,24444,0
PROCF.US,D,20220408,000000,8.53,8.56,8.33,8.5,31303,0
PROCF.US,D,20220411,000000,8.4,8.4,7.835,8.02,45426,0
PROCF.US,D,20220412,000000,7.9,8.49,7.8999,8.02,8316,0
PROCF.US,D,20220413,000000,8.05,8.2,7.9,7.94,15941,0
PROCF.US,D,20220414,000000,8.17,8.17,7.94,8,8423,0
PROCF.US,D,20220418,000000,8,8.05,7.755,7.9,46653,0
PROCF.US,D,20220419,000000,7.8,8.09,7.55,8.09,83720,0
PROCF.US,D,20220420,000000,7.95,8.27,7.9,8.27,48490,0
PROCF.US,D,20220422,000000,8.03,8.15,7.79,8,17447,0
PROCF.US,D,20220425,000000,7.76,8.51,7.76,8.51,52970,0
PROCF.US,D,20220426,000000,8.4,8.4,7.76,7.77,17029,0
PROCF.US,D,20220427,000000,7.99,8.255,7.93,8.03,22998,0
PROCF.US,D,20220428,000000,8.28,8.28,7.98,8.25,92378,0
PROCF.US,D,20220429,000000,8.37,8.46,7.94,8,12525,0
PROCF.US,D,20220502,000000,8.01,8.255,7.6,7.65,94760,0
PROCF.US,D,20220503,000000,8.25,8.25,7.5,7.57,70981,0
PROCF.US,D,20220504,000000,7.92,8.05,7.56,7.65,3928,0
PROCF.US,D,20220505,000000,7.845,7.845,7.54,7.54,951,0
PROCF.US,D,20220506,000000,7.7001,7.75,7.5,7.5,7815,0
PROCF.US,D,20220510,000000,7.55,7.55,5.86,7.49,9034,0
PROCF.US,D,20220511,000000,7.3134,7.69,7.3134,7.511,1955,0
PROCF.US,D,20220512,000000,7.512,7.83,7.43,7.43,41503,0
PROCF.US,D,20220513,000000,7.7008,7.7008,7.7008,7.7008,239,0
PROCF.US,D,20220516,000000,7.13,7.705,7.13,7.7,24055,0
PROCF.US,D,20220517,000000,7.5,7.5,7.33,7.33,2546,0
PROCF.US,D,20220518,000000,7.39,8.38,6.92,8.38,26489,0
PROCF.US,D,20220519,000000,8.51,8.51,7.8,7.87,22011,0
PROCF.US,D,20220520,000000,8.26,8.26,7.88,7.88,2518,0
PROCF.US,D,20220523,000000,7.81,8.29,7.75,8.19,8274,0
PROCF.US,D,20220524,000000,8.188,8.188,7.77,7.77,1298,0
PROCF.US,D,20220526,000000,6.84,8.15,6.84,7.9,17046,0
PROCF.US,D,20220527,000000,7.11,8.2016,7.11,8.01,37025,0
PROCF.US,D,20220531,000000,8.25,8.51,8.1,8.51,30233,0
PROCF.US,D,20220601,000000,8.5,9,8.5,8.52,32239,0
PROCF.US,D,20220602,000000,8.83,9.5,8.7216,9.05,33540,0
PROCF.US,D,20220603,000000,9.3159,9.4001,8.51,9.4001,23843,0
PROCF.US,D,20220606,000000,9.5,9.5,8.6334,9.15,23156,0
PROCF.US,D,20220607,000000,8.9,9.13,8.845,8.9,14397,0
PROCF.US,D,20220608,000000,9.14,9.14,9.13,9.13,578,0
PROCF.US,D,20220609,000000,8.49,9.2643,8.49,8.85,13252,0
PROCF.US,D,20220610,000000,8.512,9.04,8.512,9.04,696,0
PROCF.US,D,20220613,000000,9.05,9.41,8.62,8.945,12903,0
PROCF.US,D,20220614,000000,8.705,9,8.705,9,1452,0
PROCF.US,D,20220615,000000,8.46,8.97,8.46,8.86,1020,0
PROCF.US,D,20220616,000000,8.6,9,8.2,8.6,19342,0
PROCF.US,D,20220617,000000,8.3447,8.5,8.285,8.49,1671,0
PROCF.US,D,20220621,000000,8.78,8.9556,8.42,8.6,1221,0
PROCF.US,D,20220622,000000,8.81,9,8.5,8.74,21379,0
PROCF.US,D,20220623,000000,8.73,8.91,8.59,8.89,31581,0
PROCF.US,D,20220624,000000,8.62,8.88,8.275,8.6,45345,0
PROCF.US,D,20220627,000000,8.6712,8.75,8.5,8.68,19006,0
PROCF.US,D,20220628,000000,8.86,8.86,8.51,8.63,23305,0
PROCF.US,D,20220629,000000,8.53,8.9,8.53,8.61,20687,0
PROCF.US,D,20220630,000000,8.65,9.32,8.3,9.32,35210,0
PROCF.US,D,20220701,000000,8.51,8.51,8.51,8.51,132,0
PROCF.US,D,20220705,000000,8.815,8.815,8.48,8.7,4858,0
PROCF.US,D,20220706,000000,8.65,8.85,8.65,8.65,326,0
PROCF.US,D,20220707,000000,8.85,9.15,8.51,8.72,4193,0
PROCF.US,D,20220708,000000,8.85,9,8.5,8.78,3848,0
PROCF.US,D,20220711,000000,9.41,9.41,8.57,8.85,35511,0
PROCF.US,D,20220712,000000,8.68,8.85,8.2401,8.82,30365,0
PROCF.US,D,20220713,000000,8.57,8.73,8.5,8.69,29205,0
PROCF.US,D,20220714,000000,8.61,8.86,8.47,8.605,2388,0
PROCF.US,D,20220715,000000,8.1362,8.74,8.1362,8.74,899,0
PROCF.US,D,20220718,000000,8.61,8.67,8.5487,8.615,2065,0
PROCF.US,D,20220719,000000,8.44,8.5,8.36,8.4,26890,0
PROCF.US,D,20220722,000000,8.5,8.5,8.5,8.5,226,0
PROCF.US,D,20220725,000000,8.2,8.885,8.2,8.71,1589,0
PROCF.US,D,20220727,000000,8.75,8.9,8.51,8.55,37243,0
PROCF.US,D,20220728,000000,8.7,8.8,8.5,8.5,8788,0
PROCF.US,D,20220729,000000,8.7,8.8,8.2,8.2,16086,0
PROCF.US,D,20220801,000000,8.4,8.4,8.2,8.36,22700,0
PROCF.US,D,20220802,000000,8.26,8.3987,8.22,8.23,1304,0
PROCF.US,D,20220803,000000,8.2,8.36,8.2,8.26,60224,0
PROCF.US,D,20220804,000000,8.38,8.46,8.2,8.2,22247,0
PROCF.US,D,20220805,000000,8.25,8.47,7.65,7.65,2235,0
PROCF.US,D,20220808,000000,8,8.1,7.8,7.83,7694,0
PROCF.US,D,20220809,000000,8,8,7.8,7.8,630,0
PROCF.US,D,20220810,000000,8.1966,8.1966,8.1966,8.1966,609,0
PROCF.US,D,20220811,000000,8,8.02,8,8,1563,0
PROCF.US,D,20220812,000000,8.09,8.13,7.93,7.93,2338,0
PROCF.US,D,20220815,000000,8.3211,8.3211,7.75,7.75,4243,0
PROCF.US,D,20220816,000000,7.75,7.8,7.7,7.8,2083,0
PROCF.US,D,20220817,000000,7.9637,7.9637,7.7,7.7,505,0
PROCF.US,D,20220818,000000,7.5,8.2,7.5,7.5,10979,0
PROCF.US,D,20220819,000000,7.52,7.655,7.23,7.655,4233,0
PROCF.US,D,20220822,000000,7.83,7.83,7.2,7.6,5463,0
PROCF.US,D,20220823,000000,7.3,7.375,7.205,7.375,1805,0
PROCF.US,D,20220824,000000,7.5395,7.5395,7.02,7.29,9765,0
PROCF.US,D,20220825,000000,7.1606,7.31,6.985,7.3,29344,0
PROCF.US,D,20220826,000000,7.45,7.5,7.23,7.48,2887,0
PROCF.US,D,20220829,000000,7.44,7.81,7.3,7.3,10625,0
PROCF.US,D,20220830,000000,7.06,7.62,7.01,7.25,143285,0
PROCF.US,D,20220831,000000,7.3,7.385,7.3,7.3,15615,0
PROCF.US,D,20220901,000000,7.35,7.4878,7.3,7.3,10887,0
PROCF.US,D,20220902,000000,7.21,7.31,7.2,7.31,3444,0
PROCF.US,D,20220907,000000,7.9881,7.9881,7.3001,7.89,1052,0
PROCF.US,D,20220908,000000,7.43,7.795,7.43,7.6,27964,0
PROCF.US,D,20220909,000000,7.21,7.65,7.18,7.3,14834,0
PROCF.US,D,20220912,000000,7.25,7.39,7.25,7.31,21163,0
PROCF.US,D,20220913,000000,7.3,7.6,7.03,7.23,39014,0
PROCF.US,D,20220914,000000,6.97,7.7,6.4894,7.3,8425,0
PROCF.US,D,20220916,000000,7.23,7.35,6.97,6.97,4417,0
PROCF.US,D,20220919,000000,7.03,7.03,6.85,6.9569,2355,0
PROCF.US,D,20220920,000000,6.75,6.75,6.74,6.75,608,0
PROCF.US,D,20220923,000000,6.835,7,6.5,6.795,875,0
PROCF.US,D,20220926,000000,7,7,7,7,10112,0
PROCF.US,D,20220927,000000,6.91,7.15,6.5027,7.15,757,0
PROCF.US,D,20220929,000000,6.56,6.56,6.56,6.56,222,0
PROCF.US,D,20220930,000000,6.6,7,6.6,7,16311,0
PROCF.US,D,20221003,000000,6.6,6.6,6.6,6.6,640,0
PROCF.US,D,20221004,000000,7,7.05,6.925,6.93,26427,0
PROCF.US,D,20221005,000000,6.99,7.01,6.7769,6.7769,24433,0
PROCF.US,D,20221006,000000,6.95,6.95,6.8,6.8994,10185,0
PROCF.US,D,20221007,000000,6.9567,7,6.6,6.665,80379,0
PROCF.US,D,20221010,000000,6.75,6.75,6.68,6.68,1063,0
PROCF.US,D,20221011,000000,6.62,7,6.6,6.63,69972,0
PROCF.US,D,20221012,000000,6.61,6.8,6.61,6.61,3598,0
PROCF.US,D,20221014,000000,6.99,6.99,6.6,6.6,17362,0
PROCF.US,D,20221018,000000,6.9293,7,6.87,6.93,5222,0
PROCF.US,D,20221019,000000,6.99,7.4,6.62,6.7,19981,0
PROCF.US,D,20221020,000000,6.75,7,6.75,7,1114,0
PROCF.US,D,20221024,000000,6.8,7.35,6.8,6.97,14596,0
PROCF.US,D,20221025,000000,6.82,7.35,6.6,6.7,4784,0
PROCF.US,D,20221026,000000,6.97,6.97,6.8,6.97,2359,0
PROCF.US,D,20221027,000000,7,7,6.64,6.9,7883,0
PROCF.US,D,20221028,000000,6.775,7.15,6.75,6.81,6804,0
PROCF.US,D,20221031,000000,7.1999,7.37,6.72,7.37,9659,0
PROCF.US,D,20221101,000000,7.7,7.75,6.89,6.9175,28966,0
PROCF.US,D,20221102,000000,6.97,7.14,6.88,6.92,6974,0
PROCF.US,D,20221103,000000,6.9281,6.99,6.86,6.99,8133,0
PROCF.US,D,20221104,000000,7.02,7.09,7,7.02,10734,0
PROCF.US,D,20221107,000000,6.92,6.97,6.885,6.93,13035,0
PROCF.US,D,20221108,000000,6.95,7.1,6.8,7.1,8672,0
PROCF.US,D,20221109,000000,7.01,7.12,7,7.12,8104,0
PROCF.US,D,20221110,000000,7.05,7.05,6.7,6.99,40950,0
PROCF.US,D,20221111,000000,6.95,7.23,6.91,7,1126,0
PROCF.US,D,20221114,000000,6.96,7.175,6.885,6.99,12827,0
PROCF.US,D,20221115,000000,7.175,7.175,6.99,6.99,42142,0
PROCF.US,D,20221116,000000,6.9501,7.45,6.6,6.6,163863,0
PROCF.US,D,20221117,000000,6.67,7,6.62,6.88,15319,0
PROCF.US,D,20221118,000000,6.7,6.87,6.5,6.87,47457,0
PROCF.US,D,20221121,000000,6.67,6.82,6.55,6.56,85539,0
PROCF.US,D,20221122,000000,6.693,6.77,6.63,6.63,38151,0
PROCF.US,D,20221123,000000,6.9311,6.9311,6.6,6.6,21843,0
PROCF.US,D,20221125,000000,6.7,6.7,6.6,6.61,2892,0
PROCF.US,D,20221128,000000,6.6,6.69,6.6,6.62,13389,0
PROCF.US,D,20221129,000000,6.61,6.6301,6.33,6.49,91607,0
PROCF.US,D,20221130,000000,6.45,6.89,6.22,6.47,63944,0
PROCF.US,D,20221201,000000,6.3,6.65,6.3,6.5,3448,0
PROCF.US,D,20221202,000000,6.5,6.65,6.1,6.46,16563,0
PROCF.US,D,20221205,000000,6.5,6.67,5.9,6.04,30843,0
PROCF.US,D,20221206,000000,6.18,6.3,6.18,6.2,3496,0
PROCF.US,D,20221207,000000,6.3,6.99,6.25,6.26,39804,0
PROCF.US,D,20221208,000000,6.88,7.19,6.215,6.4,18131,0
PROCF.US,D,20221209,000000,6.58,6.95,6.25,6.25,34437,0
PROCF.US,D,20221212,000000,6.41,6.58,5.86,6.37,48409,0
PROCF.US,D,20221213,000000,6.11,6.555,5.935,6.45,10069,0
PROCF.US,D,20221214,000000,6.6814,6.83,6.14,6.2,23834,0
PROCF.US,D,20221215,000000,6.5,6.8,5.87,6.3,17397,0
PROCF.US,D,20221216,000000,6.47,6.7714,5.9774,6.28,17208,0
PROCF.US,D,20221219,000000,6.39,6.39,6.18,6.2,6847,0
PROCF.US,D,20221220,000000,6.1253,6.32,6.05,6.21,9772,0
PROCF.US,D,20221221,000000,5.86,6.27,5.86,6.0575,9262,0
PROCF.US,D,20221222,000000,5.94,5.94,5.35,5.46,18424,0
PROCF.US,D,20221223,000000,5.47,5.555,5.22,5.38,7375,0
PROCF.US,D,20221227,000000,5.2,5.705,5,5.15,38511,0
PROCF.US,D,20221228,000000,5.66,5.72,4.45,4.89,84196,0
PROCF.US,D,20221229,000000,4.85,5.19,4.85,5.04,43494,0
PROCF.US,D,20221230,000000,5.2,5.5,4.86,5.25,20026,0
PROCF.US,D,20230103,000000,5.3089,5.365,4.51,4.68,26351,0
PROCF.US,D,20230104,000000,4.86,4.9,4.1,4.52,27635,0
PROCF.US,D,20230105,000000,4.5,5.1648,4.47,4.47,28734,0
PROCF.US,D,20230106,000000,4.73,5.41,4.5,4.74,73161,0
PROCF.US,D,20230109,000000,4.87,5.38,4.87,4.95,65850,0
PROCF.US,D,20230110,000000,4.92,5.4,4.77,4.99,197793,0
PROCF.US,D,20230111,000000,4.95,5.41,4.6,4.73,25892,0
PROCF.US,D,20230112,000000,4.83,5.26,4.65,5.04,18426,0
PROCF.US,D,20230113,000000,5.13,5.13,4.84,4.98,41491,0
PROCF.US,D,20230117,000000,4.91,5.02,4.79,4.79,34759,0
PROCF.US,D,20230118,000000,5.08,5.08,4.83,4.95,9529,0
PROCF.US,D,20230119,000000,4.89,5.1,4.84,4.89,52959,0
PROCF.US,D,20230120,000000,4.82,5.071,4.445,4.5,137557,0
PROCF.US,D,20230123,000000,4.6,4.79,4.22,4.5,106075,0
PROCF.US,D,20230124,000000,4.47,4.99,4.45,4.5,41746,0
PROCF.US,D,20230125,000000,4.45,4.67,4.17,4.17,21223,0
PROCF.US,D,20230126,000000,4.17,4.535,4.17,4.3,83182,0
PROCF.US,D,20230127,000000,6.7,6.7,4.2,4.31,17977,0
PROCF.US,D,20230130,000000,4.27,4.66,4.25,4.66,18929,0
PROCF.US,D,20230131,000000,4.63,4.72,4.43,4.6,47627,0
PROCF.US,D,20230201,000000,4.81,4.81,4.22,4.42,32792,0
PROCF.US,D,20230202,000000,4.38,4.6591,4.31,4.38,13451,0
PROCF.US,D,20230203,000000,4.25,4.35,4.15,4.15,6728,0
PROCF.US,D,20230206,000000,4.16,4.35,3.7667,4.35,28388,0
PROCF.US,D,20230207,000000,4.5,4.5,3.91,4,22798,0
PROCF.US,D,20230208,000000,4.19,4.2999,3.9911,4.04,5452,0
PROCF.US,D,20230209,000000,4.0001,4.22,3.75,3.75,45208,0
PROCF.US,D,20230210,000000,4.41,4.41,3.82,3.95,33477,0
PROCF.US,D,20230213,000000,3.95,4.04,3.87,3.96,5826,0
PROCF.US,D,20230214,000000,4.5,4.5,3.94,4.24,27976,0
PROCF.US,D,20230215,000000,4.19,4.19,3.98,4.01,19921,0
PROCF.US,D,20230216,000000,4.06,4.149,4.02,4.07,31767,0
PROCF.US,D,20230217,000000,3.8,4.1,3.68,3.68,5707,0
PROCF.US,D,20230221,000000,3.89,5.32,3.89,4.55,150194,0
PROCF.US,D,20230222,000000,4.65,4.69,4.025,4.18,26413,0
PROCF.US,D,20230223,000000,4.15,4.1911,3.9008,4.145,18204,0
PROCF.US,D,20230224,000000,4.06,4.34,4.01,4.19,33407,0
PROCF.US,D,20230227,000000,4.21,4.24,4.1,4.24,5115,0
PROCF.US,D,20230228,000000,4.28,4.54,4.15,4.2,44501,0
PROCF.US,D,20230301,000000,4.22,4.42,4.06,4.1,10824,0
PROCF.US,D,20230302,000000,4.09,4.17,4.055,4.12,1930,0
PROCF.US,D,20230303,000000,4.04,4.2001,4.01,4.01,7750,0
PROCF.US,D,20230306,000000,4.04,4.2,4.011,4.06,2210,0
PROCF.US,D,20230307,000000,4.08,4.2509,4.05,4.05,9080,0
PROCF.US,D,20230308,000000,4.11,4.22,4.07,4.22,6736,0
PROCF.US,D,20230309,000000,4.23,4.52,4.2,4.52,16841,0
PROCF.US,D,20230310,000000,4.46,4.7,4.4,4.51,59636,0
PROCF.US,D,20230313,000000,4.4,4.76,4.2984,4.46,45589,0
PROCF.US,D,20230314,000000,4.41,4.645,4.25,4.3,84654,0
PROCF.US,D,20230315,000000,4.44,4.55,4.13,4.13,18170,0
PROCF.US,D,20230316,000000,4.19,4.46,4.01,4.11,117716,0
PROCF.US,D,20230317,000000,4.22,4.27,4,4.11,44754,0
PROCF.US,D,20230320,000000,4.02,4.24,3.95,4.16,11063,0
PROCF.US,D,20230321,000000,4.24,4.47,4.1138,4.38,23861,0
PROCF.US,D,20230322,000000,4.53,4.849,4.5,4.75,16956,0
PROCF.US,D,20230323,000000,4.95,4.95,4.62,4.62,2107,0
PROCF.US,D,20230324,000000,4.57,4.95,4.45,4.78,11430,0
PROCF.US,D,20230327,000000,4.83,5.27,4.49,5.27,4381,0
PROCF.US,D,20230328,000000,5.01,5.1,4.36,4.815,11396,0
PROCF.US,D,20230329,000000,4.89,5,4.85,4.92,8918,0
PROCF.US,D,20230330,000000,5,5.34,4.4,4.47,14649,0
PROCF.US,D,20230331,000000,4.66,4.775,4.51,4.51,13608,0
PROCF.US,D,20230403,000000,4.838,4.838,4.51,4.61,11674,0
PROCF.US,D,20230404,000000,4.68,5.045,4.68,5.045,14814,0
PROCF.US,D,20230405,000000,5.05,5.14,4.7,4.71,30174,0
PROCF.US,D,20230406,000000,4.75,4.87,4.675,4.87,4308,0
PROCF.US,D,20230410,000000,4.51,4.72,4.51,4.6,22956,0
PROCF.US,D,20230411,000000,4.67,4.84,4.46,4.52,53582,0
PROCF.US,D,20230412,000000,5,5.2,4.5476,4.64,117658,0
PROCF.US,D,20230413,000000,4.59,4.96,4.59,4.6,34820,0
PROCF.US,D,20230414,000000,4.61,4.74,4.28,4.28,76615,0
PROCF.US,D,20230417,000000,4.4,4.47,4.23,4.23,2379,0
PROCF.US,D,20230418,000000,4.45,4.58,4.44,4.57,1962,0
PROCF.US,D,20230419,000000,4.14,4.54,4.14,4.54,679,0
PROCF.US,D,20230420,000000,4.86,5.38,4.53,4.9,39417,0
PROCF.US,D,20230421,000000,4.72,4.94,4.7,4.7,6498,0
PROCF.US,D,20230424,000000,4.73,5,4.7,5,8797,0
PROCF.US,D,20230425,000000,4.74,4.74,4.605,4.615,27338,0
PROCF.US,D,20230426,000000,4.805,4.805,4.38,4.56,4303,0
PROCF.US,D,20230427,000000,4.56,4.56,4.48,4.48,942,0
PROCF.US,D,20230428,000000,4.45,4.6977,4.38,4.52,4336,0
PROCF.US,D,20230501,000000,4.72,4.75,4.52,4.62,4831,0
PROCF.US,D,20230502,000000,4.61,4.75,4.61,4.75,841,0
PROCF.US,D,20230503,000000,4.4,4.56,4.32,4.56,3322,0
PROCF.US,D,20230505,000000,4.5007,4.7174,4.3391,4.56,1072,0
PROCF.US,D,20230508,000000,4.3201,4.5525,4.3201,4.5525,2410,0
PROCF.US,D,20230509,000000,4.56,4.56,4.545,4.545,3427,0
PROCF.US,D,20230510,000000,4.75,4.75,4.5713,4.5713,339,0
PROCF.US,D,20230511,000000,4.444,4.5325,4.32,4.5325,22234,0
PROCF.US,D,20230512,000000,4.35,4.4401,4.235,4.4,19162,0
PROCF.US,D,20230515,000000,4.09,4.46,4.09,4.45,30590,0
PROCF.US,D,20230516,000000,4.41,4.6,4.3,4.51,50570,0
PROCF.US,D,20230517,000000,4.41,4.52,4.3799,4.52,4695,0
PROCF.US,D,20230518,000000,4.41,4.58,4.35,4.51,8468,0
PROCF.US,D,20230519,000000,4.475,4.475,4.45,4.45,302,0
PROCF.US,D,20230522,000000,4.4,4.5,4.325,4.5,14585,0
PROCF.US,D,20230523,000000,4.48,4.7,4.4726,4.55,9143,0
PROCF.US,D,20230524,000000,4.5,4.51,4.34,4.34,24439,0
PROCF.US,D,20230525,000000,4.26,4.26,4.25,4.25,1174,0
PROCF.US,D,20230526,000000,4.3,4.3,4.1499,4.27,3854,0
PROCF.US,D,20230530,000000,4.28,4.29,4.28,4.29,1344,0
PROCF.US,D,20230531,000000,4.2,4.55,4.1638,4.55,11453,0
PROCF.US,D,20230602,000000,4.41,4.41,4.4,4.4,3967,0
PROCF.US,D,20230606,000000,4.22,4.32,4.22,4.32,912,0
PROCF.US,D,20230607,000000,4.4,4.4,4.39,4.39,1111,0
PROCF.US,D,20230608,000000,4.275,4.3301,4.275,4.3301,820,0
PROCF.US,D,20230609,000000,4.265,4.3202,4.25,4.25,4856,0
PROCF.US,D,20230612,000000,4.23,4.23,4.23,4.23,635,0
PROCF.US,D,20230613,000000,4.39,4.39,4.35,4.375,1804,0
PROCF.US,D,20230614,000000,4.3088,4.37,4.29,4.37,5856,0
PROCF.US,D,20230615,000000,4.392,4.49,4.2238,4.4,19491,0
PROCF.US,D,20230616,000000,4.26,4.4,4.26,4.26,29898,0
PROCF.US,D,20230620,000000,4.3,4.4,4.29,4.29,6266,0
PROCF.US,D,20230621,000000,4.3,4.3,4.3,4.3,313,0
PROCF.US,D,20230622,000000,4.3,4.3,4.27,4.27,3534,0
PROCF.US,D,20230623,000000,4.3,4.35,4.25,4.26,11548,0
PROCF.US,D,20230626,000000,4.26,4.26,4.26,4.26,797,0
PROCF.US,D,20230627,000000,4.26,4.27,3.81,4.03,16207,0
PROCF.US,D,20230628,000000,4.02,4.19,3.83,3.84,2792,0
PROCF.US,D,20230629,000000,4.36,4.399,3.85,4,5168,0
PROCF.US,D,20230630,000000,3.95,4.32,3.9,4.3,14995,0
PROCF.US,D,20230703,000000,4.15,4.3,3.9,4.05,19673,0
PROCF.US,D,20230705,000000,4.05,4.05,3.97,3.9888,2199,0
PROCF.US,D,20230706,000000,4,4,3.92,3.92,18038,0
PROCF.US,D,20230707,000000,3.89,4.29,3.8603,3.92,10272,0
PROCF.US,D,20230710,000000,4,4.1256,4,4.11,3835,0
PROCF.US,D,20230711,000000,4.1201,4.205,4.03,4.1,5227,0
PROCF.US,D,20230712,000000,4.07,4.185,3.8506,3.95,12435,0
PROCF.US,D,20230713,000000,4,4.1,4,4.05,3381,0
PROCF.US,D,20230714,000000,4.1,4.3,4.1,4.24,7039,0
PROCF.US,D,20230717,000000,4.19,4.3502,4.19,4.31,8413,0
PROCF.US,D,20230718,000000,4.2,4.3779,4.2,4.29,3652,0
PROCF.US,D,20230719,000000,4.15,4.2,4.15,4.2,1486,0
PROCF.US,D,20230720,000000,4.1351,4.17,4.1351,4.16,2062,0
PROCF.US,D,20230721,000000,4.17,4.17,4.13,4.13,3035,0
PROCF.US,D,20230724,000000,4.15,4.15,3.93,3.96,5269,0
PROCF.US,D,20230725,000000,3.98,4.1,3.98,4,3265,0
PROCF.US,D,20230726,000000,4.15,4.15,3.9607,4.01,6538,0
PROCF.US,D,20230727,000000,4,4.01,3.77,3.91,5771,0
PROCF.US,D,20230728,000000,3.82,3.9564,3.81,3.87,143601,0
PROCF.US,D,20230731,000000,3.87,4,3.86,3.91,4388,0
PROCF.US,D,20230801,000000,4.03,4.1,4.03,4.1,4010,0
PROCF.US,D,20230802,000000,3.93,4,3.89,4,5201,0
PROCF.US,D,20230803,000000,3.98,4.05,3.94,3.9487,2511,0
PROCF.US,D,20230807,000000,3.95,4.1235,3.95,4.05,4515,0
PROCF.US,D,20230808,000000,4.03,4.2,4.03,4.2,1707,0
PROCF.US,D,20230809,000000,4.16,4.16,4.02,4.02,3062,0
PROCF.US,D,20230810,000000,4.02,4.02,3.87,3.99,3192,0
PROCF.US,D,20230811,000000,4,4.2,3.95,4,3027,0
PROCF.US,D,20230814,000000,3.99,3.99,3.9,3.9636,3551,0
PROCF.US,D,20230815,000000,4.02,4.02,4.02,4.02,371,0
PROCF.US,D,20230816,000000,3.9,3.99,3.84,3.88,3862,0
PROCF.US,D,20230817,000000,3.97,3.99,3.91,3.91,1834,0
PROCF.US,D,20230818,000000,4.14,4.14,3.78,3.97,2433,0
PROCF.US,D,20230821,000000,3.875,3.875,3.875,3.875,160,0
PROCF.US,D,20230822,000000,3.8,3.92,3.8,3.86,1169,0
PROCF.US,D,20230823,000000,3.84,3.98,3.84,3.9,4406,0
PROCF.US,D,20230825,000000,3.86,4,3.86,3.87,13237,0
PROCF.US,D,20230829,000000,3.91,3.91,3.9,3.9,1275,0
PROCF.US,D,20230830,000000,3.91,4.03,3.91,3.9101,1672,0
PROCF.US,D,20230831,000000,3.91,4.02,3.89,3.9,5698,0
PROCF.US,D,20230901,000000,3.88,3.98,3.85,3.96,4084,0
PROCF.US,D,20230905,000000,3.98,4.09,3.86,3.94,4757,0
PROCF.US,D,20230906,000000,3.98,4.25,3.87,3.87,6129,0
PROCF.US,D,20230907,000000,3.85,3.87,3.7,3.7,12052,0
PROCF.US,D,20230908,000000,3.74,3.85,3.74,3.8,2961,0
PROCF.US,D,20230911,000000,3.7704,3.87,3.55,3.7,25029,0
PROCF.US,D,20230912,000000,3.8,3.8,3.7,3.7,1943,0
PROCF.US,D,20230913,000000,3.7,3.75,3.5537,3.59,9145,0
PROCF.US,D,20230914,000000,3.57,3.66,3.55,3.56,1767,0
PROCF.US,D,20230915,000000,3.57,3.72,3.5,3.5,5494,0
PROCF.US,D,20230918,000000,3.63,3.7,3.63,3.7,2275,0
PROCF.US,D,20230921,000000,3.62,3.64,3.53,3.53,3480,0
PROCF.US,D,20230922,000000,3.7,3.7,3.61,3.66,1904,0
PROCF.US,D,20230925,000000,3.57,3.75,3.5391,3.5391,3556,0
PROCF.US,D,20230926,000000,3.8,3.85,3.8,3.8,1473,0
PROCF.US,D,20230927,000000,3.78,3.84,3.65,3.7,7250,0
PROCF.US,D,20230928,000000,3.715,3.715,3.56,3.5771,5078,0
PROCF.US,D,20230929,000000,3.59,3.8,3.56,3.62,9489,0
PROCF.US,D,20231002,000000,3.7,3.75,3.54,3.59,3604,0
PROCF.US,D,20231003,000000,3.6,3.79,3.53,3.56,3829,0
PROCF.US,D,20231004,000000,3.53,3.57,3.5,3.51,3278,0
PROCF.US,D,20231005,000000,3.52,3.52,3.45,3.45,1831,0
PROCF.US,D,20231006,000000,3.47,3.57,3.1,3.199,14155,0
PROCF.US,D,20231009,000000,3.25,3.3116,2.75,2.9,10662,0
PROCF.US,D,20231010,000000,3.15,3.15,2.685,2.93,5866,0
PROCF.US,D,20231011,000000,2.91,3.14,2.725,2.96,57815,0
PROCF.US,D,20231012,000000,2.97,3,2.9,2.91,5057,0
PROCF.US,D,20231013,000000,2.91,2.99,2.76,2.82,9398,0
PROCF.US,D,20231016,000000,2.89,2.89,2.5001,2.56,25586,0
PROCF.US,D,20231017,000000,2.52,2.68,2.52,2.57,7007,0
PROCF.US,D,20231018,000000,2.65,2.95,2.29,2.3,19137,0
PROCF.US,D,20231019,000000,2.4,2.59,2.09,2.39,15791,0
PROCF.US,D,20231020,000000,2.17,2.32,1.95,2.21,13608,0
PROCF.US,D,20231023,000000,2.28,2.32,1.96,2.18,18159,0
PROCF.US,D,20231024,000000,2.3,2.51,2.13,2.46,17149,0
PROCF.US,D,20231025,000000,2.56,3.01,2.56,2.84,18806,0
PROCF.US,D,20231026,000000,2.91,3.05,2.62,2.98,8340,0
PROCF.US,D,20231027,000000,2.81,2.82,2.61,2.79,5131,0
PROCF.US,D,20231030,000000,2.44,3.04,2.44,2.84,16027,0
PROCF.US,D,20231031,000000,2.87,3.03,2.82,2.85,5979,0
PROCF.US,D,20231101,000000,3.09,3.09,2.75,2.76,16893,0
PROCF.US,D,20231102,000000,2.76,3,2.76,2.88,9421,0
PROCF.US,D,20231103,000000,2.96,2.97,2.84,2.84,6048,0
PROCF.US,D,20231106,000000,2.92,3.3,2.92,3.05,68423,0
PROCF.US,D,20231107,000000,3.13,3.13,2.715,2.8,49274,0
PROCF.US,D,20231108,000000,2.84,2.85,2.73,2.74,7317,0
PROCF.US,D,20231109,000000,2.79,2.84,2.655,2.705,7857,0
PROCF.US,D,20231110,000000,2.83,2.83,2.385,2.535,10254,0
PROCF.US,D,20231113,000000,2.58,2.85,2.53,2.54,15282,0
PROCF.US,D,20231114,000000,2.765,2.83,2.765,2.81,7628,0
PROCF.US,D,20231115,000000,2.76,2.761,2.325,2.5,21954,0
PROCF.US,D,20231116,000000,2.77,2.77,2.34,2.38,16177,0
PROCF.US,D,20231117,000000,2.5,2.51,2.35,2.37,7672,0
PROCF.US,D,20231120,000000,2.45,2.64,2.45,2.51,10588,0
PROCF.US,D,20231121,000000,2.52,2.64,2.52,2.5462,10252,0
PROCF.US,D,20231122,000000,2.65,3.14,2.62,3.04,46468,0
PROCF.US,D,20231124,000000,2.9,3.04,2.73,2.84,6288,0
PROCF.US,D,20231127,000000,2.75,2.75,2.54,2.54,16634,0
PROCF.US,D,20231128,000000,2.54,2.55,2.4,2.42,148289,0
PROCF.US,D,20231129,000000,2.49,2.52,2.44,2.45,56171,0
PROCF.US,D,20231130,000000,2.49,2.52,2.48,2.48,425541,0
PROCF.US,D,20231201,000000,2.48,2.7481,2.45,2.595,17314,0
PROCF.US,D,20231204,000000,2.68,3.18,2.68,3.1401,26276,0
PROCF.US,D,20231205,000000,3.07,3.3599,3.07,3.21,30768,0
PROCF.US,D,20231206,000000,3.22,3.22,2.77,2.99,51919,0
PROCF.US,D,20231207,000000,2.99,3.1699,2.9579,3.1199,18995,0
PROCF.US,D,20231208,000000,3.02,3.03,2.91,3,13680,0
PROCF.US,D,20231211,000000,2.97,3.04,2.83,2.87,26352,0
PROCF.US,D,20231212,000000,3.05,3.29,2.73,2.92,39705,0
PROCF.US,D,20231213,000000,3.19,3.31,2.775,3,32008,0
PROCF.US,D,20231214,000000,3,3.1208,2.815,2.97,708784,0
PROCF.US,D,20231215,000000,2.94,3.55,2.61,3.08,34062,0
PROCF.US,D,20231218,000000,3,3.05,2.8,2.89,21034,0
PROCF.US,D,20231219,000000,2.87,3.05,2.65,3.02,53535,0
PROCF.US,D,20231220,000000,3.28,3.51,2.96,3.1,56182,0
PROCF.US,D,20231221,000000,3.11,3.34,3.1,3.34,19741,0
PROCF.US,D,20231222,000000,3.32,3.6,3.0501,3.5,49884,0
PROCF.US,D,20231226,000000,3.46,4,3.41,3.98,22281,0
PROCF.US,D,20231227,000000,4.06,4.3861,4.025,4.1,51817,0
PROCF.US,D,20231228,000000,4.01,4.22,4.01,4.14,15686,0
PROCF.US,D,20231229,000000,4.09,4.36,4.01,4.07,46246,0
PROCF.US,D,20240102,000000,4.02,4.39,4.02,4.28,35426,0
PROCF.US,D,20240103,000000,4.25,4.29,4.01,4.06,110443,0
PROCF.US,D,20240104,000000,4.05,4.35,4.05,4.2,35977,0
PROCF.US,D,20240105,000000,4.14,4.45,4.11,4.3,48333,0
PROCF.US,D,20240108,000000,4.22,4.38,4.17,4.25,44729,0
PROCF.US,D,20240109,000000,4.25,4.63,4.18,4.63,63963,0
PROCF.US,D,20240110,000000,4.64,4.9352,4.49,4.7,87544,0
PROCF.US,D,20240111,000000,4.95,4.95,4.41,4.57,50551,0
PROCF.US,D,20240112,000000,4.55,4.79,4.45,4.5,16024,0
PROCF.US,D,20240116,000000,4.46,4.63,4.39,4.41,29949,0
PROCF.US,D,20240117,000000,4.35,4.5,4.1001,4.28,32545,0
PROCF.US,D,20240118,000000,4.32,4.46,4.15,4.26,40659,0
PROCF.US,D,20240119,000000,4.22,4.42,4.2,4.34,31698,0
PROCF.US,D,20240122,000000,4.31,4.32,4.01,4.06,29023,0
PROCF.US,D,20240123,000000,4.05,4.3,4.02,4.195,21900,0
PROCF.US,D,20240124,000000,4.18,4.38,4.13,4.22,12515,0
PROCF.US,D,20240125,000000,4.16,4.28,4,4.11,12172,0
PROCF.US,D,20240126,000000,4.1,4.2465,4.065,4.12,15628,0
PROCF.US,D,20240129,000000,4.09,4.27,3.99,4.0731,7843,0
PROCF.US,D,20240130,000000,4.28,4.28,3.95,4.02,11265,0
PROCF.US,D,20240131,000000,4.15,4.15,3.68,3.85,13487,0
PROCF.US,D,20240201,000000,3.6657,3.6657,3.6657,3.6657,601,0
PROCF.US,D,20240202,000000,3.65,3.715,3.63,3.71,2337,0
PROCF.US,D,20240205,000000,3.73,3.73,3.65,3.65,1511,0
PROCF.US,D,20240206,000000,3.67,3.67,3.639,3.639,1963,0
PROCF.US,D,20240207,000000,3.5677,3.5677,3.45,3.45,4430,0
PROCF.US,D,20240208,000000,3.47,3.7518,3.39,3.39,5180,0
PROCF.US,D,20240209,000000,3.47,3.47,3.25,3.25,3227,0
PROCF.US,D,20240212,000000,3.25,3.25,2.8,2.8,7249,0
PROCF.US,D,20240213,000000,3.18,3.28,3.0801,3.1,13084,0
PROCF.US,D,20240214,000000,3.47,3.5,3.13,3.495,15542,0
PROCF.US,D,20240215,000000,3.11,3.655,3.11,3.57,2042,0
PROCF.US,D,20240216,000000,3.7892,3.84,3.5694,3.7,14612,0
PROCF.US,D,20240220,000000,3.67,3.67,3.4,3.4,3503,0
PROCF.US,D,20240221,000000,3.5744,3.5744,3.5744,3.5744,284,0
PROCF.US,D,20240223,000000,3.25,3.3633,3.24,3.295,4363,0
PROCF.US,D,20240226,000000,3.0083,3.2286,3.0083,3.11,1944,0
PROCF.US,D,20240227,000000,3.05,3.06,2.99,3.06,1743,0
PROCF.US,D,20240228,000000,2.9119,3.08,2.9119,2.985,9586,0
PROCF.US,D,20240229,000000,2.95,2.96,2.92,2.92,331930,0
PROCF.US,D,20240301,000000,2.95,3.115,2.88,2.98,25740,0
PROCF.US,D,20240304,000000,3,3.47,3,3.22,23456,0
PROCF.US,D,20240305,000000,3.21,3.31,3.21,3.31,6911,0
PROCF.US,D,20240306,000000,3.31,3.32,3.06,3.06,122987,0
PROCF.US,D,20240307,000000,3.08,3.09,3.04,3.04,16433,0
PROCF.US,D,20240308,000000,3.06,3.3059,3.06,3.14,2584,0
PROCF.US,D,20240311,000000,3.295,3.295,3.25,3.25,3066,0
PROCF.US,D,20240312,000000,3.24,3.25,2.99,3.01,20248,0
PROCF.US,D,20240313,000000,2.97,3.16,2.97,3.1466,9299,0
PROCF.US,D,20240314,000000,3.1522,3.16,3.14,3.14,1652,0
PROCF.US,D,20240318,000000,3.0299,3.27,3.0158,3.25,1476,0
PROCF.US,D,20240319,000000,3.19,3.19,3.19,3.19,241,0
PROCF.US,D,20240320,000000,3.0942,3.105,3.0942,3.105,1521,0
PROCF.US,D,20240325,000000,3.09,3.09,3,3,395,0
PROCF.US,D,20240326,000000,3.001,3.001,3.001,3.001,364,0
PROCF.US,D,20240327,000000,3,3,2.73,2.78,6006,0
PROCF.US,D,20240328,000000,2.87,2.9002,2.87,2.9002,1099,0
PROCF.US,D,20240401,000000,3,3.01,2.91,2.91,10246,0
PROCF.US,D,20240402,000000,2.94,2.94,2.78,2.78,5827,0
PROCF.US,D,20240403,000000,2.8,3.08,2.8,2.8,1449,0
PROCF.US,D,20240404,000000,2.93,2.93,2.85,2.85,3611,0
PROCF.US,D,20240408,000000,2.85,2.885,2.65,2.65,8238,0
PROCF.US,D,20240409,000000,2.69,2.6993,2.53,2.6,2179,0
PROCF.US,D,20240410,000000,2.6,2.65,2.6,2.65,1615,0
PROCF.US,D,20240411,000000,2.6908,2.6908,2.6908,2.6908,1135,0
PROCF.US,D,20240412,000000,2.61,2.69,2.58,2.69,5972,0
PROCF.US,D,20240415,000000,2.55,2.6,2.55,2.6,8388,0
PROCF.US,D,20240416,000000,2.5584,2.6,2.55,2.56,7615,0
PROCF.US,D,20240417,000000,3.0499,3.0499,2.55,2.68,2692,0
PROCF.US,D,20240418,000000,2.69,2.7,2.69,2.7,9167,0
PROCF.US,D,20240419,000000,2.71,2.71,2.71,2.71,759,0
PROCF.US,D,20240423,000000,2.92,2.99,2.637,2.75,1785,0
PROCF.US,D,20240424,000000,2.6501,2.7499,2.6501,2.7499,686,0
PROCF.US,D,20240425,000000,2.65,2.7397,2.6,2.7271,1624,0
PROCF.US,D,20240429,000000,2.72,2.9041,2.61,2.61,1402,0
PROCF.US,D,20240430,000000,2.6,2.63,2.6,2.62,1318,0
PROCF.US,D,20240501,000000,2.834,2.87,2.6538,2.775,6387,0
PROCF.US,D,20240502,000000,2.7003,3.24,2.7002,2.97,3294,0
PROCF.US,D,20240503,000000,2.85,3.38,2.8,2.82,6592,0
PROCF.US,D,20240506,000000,2.75,3.06,2.71,2.81,8809,0
PROCF.US,D,20240507,000000,2.81,2.94,2.73,2.74,2876,0
PROCF.US,D,20240508,000000,2.83,2.86,2.72,2.72,2779,0
PROCF.US,D,20240509,000000,2.91,2.91,2.72,2.76,1237,0
PROCF.US,D,20240510,000000,2.76,2.85,2.72,2.72,1393,0
PROCF.US,D,20240513,000000,2.71,2.76,2.62,2.7501,2110,0
PROCF.US,D,20240514,000000,2.76,2.8191,2.75,2.75,3833,0
PROCF.US,D,20240515,000000,2.75,2.75,2.52,2.59,43182,0
PROCF.US,D,20240516,000000,2.56,2.58,2.56,2.58,2452,0
PROCF.US,D,20240517,000000,2.72,2.95,2.66,2.66,33816,0
PROCF.US,D,20240520,000000,2.8282,2.95,2.7601,2.91,8280,0
PROCF.US,D,20240521,000000,2.88,2.93,2.87,2.93,7181,0
PROCF.US,D,20240522,000000,2.8,2.85,2.74,2.8,10544,0
PROCF.US,D,20240523,000000,2.9399,2.9399,2.61,2.61,3719,0
PROCF.US,D,20240524,000000,2.69,2.76,2.65,2.76,6460,0
PROCF.US,D,20240528,000000,2.89,2.9,2.605,2.79,5195,0
PROCF.US,D,20240529,000000,2.75,2.76,2.75,2.76,2346,0
PROCF.US,D,20240530,000000,2.81,2.85,2.61,2.62,15625,0
PROCF.US,D,20240531,000000,2.74,2.8199,2.7,2.76,3019,0
PROCF.US,D,20240603,000000,2.7001,2.8078,2.7001,2.8078,1414,0
PROCF.US,D,20240604,000000,2.71,2.8488,2.7,2.8488,5416,0
PROCF.US,D,20240605,000000,2.72,2.79,2.63,2.67,3957,0
PROCF.US,D,20240606,000000,2.71,2.7629,2.71,2.72,507,0
PROCF.US,D,20240607,000000,2.63,2.74,2.63,2.63,1381,0
PROCF.US,D,20240610,000000,2.66,2.66,2.65,2.65,1095,0
PROCF.US,D,20240611,000000,2.64,2.65,2.55,2.55,14977,0
PROCF.US,D,20240612,000000,2.5501,2.75,2.5396,2.75,5669,0
PROCF.US,D,20240613,000000,2.61,2.88,2.5,2.57,8882,0
PROCF.US,D,20240614,000000,2.6,2.6,2.6,2.6,1430,0
PROCF.US,D,20240617,000000,2.6535,2.6535,2.6,2.6,3748,0
PROCF.US,D,20240620,000000,2.68,2.73,2.5,2.625,8591,0
PROCF.US,D,20240621,000000,2.61,2.7,2.6,2.69,13244,0
PROCF.US,D,20240624,000000,2.88,2.88,2.5,2.54,7649,0
PROCF.US,D,20240625,000000,2.5101,2.64,2.5101,2.625,2998,0
PROCF.US,D,20240626,000000,2.51,2.51,2.51,2.51,427,0
PROCF.US,D,20240627,000000,2.51,2.51,2.51,2.51,424,0
PROCF.US,D,20240628,000000,2.52,2.52,2.51,2.51,468,0
PROCF.US,D,20240701,000000,2.625,2.625,2.522,2.61,1103,0
PROCF.US,D,20240702,000000,2.51,2.535,2.5,2.5,14324,0
PROCF.US,D,20240703,000000,2.52,2.6986,2.5,2.5,2620,0
PROCF.US,D,20240705,000000,2.5,2.5,2.5,2.5,131,0
PROCF.US,D,20240708,000000,2.511,2.511,2.5001,2.5001,522,0
PROCF.US,D,20240709,000000,2.5001,2.7,2.5,2.51,1987,0
PROCF.US,D,20240710,000000,2.8113,2.8113,2.5017,2.5017,1614,0
PROCF.US,D,20240711,000000,2.5,2.595,2.5,2.51,2667,0
PROCF.US,D,20240712,000000,2.5,2.57,2.49,2.57,8683,0
PROCF.US,D,20240715,000000,2.5,2.56,2.5,2.55,1026,0
PROCF.US,D,20240716,000000,2.51,2.5423,2.51,2.51,615,0
PROCF.US,D,20240717,000000,2.51,2.525,2.5,2.5,1887,0
PROCF.US,D,20240718,000000,2.5,2.5,2.4,2.4,1465,0
PROCF.US,D,20240719,000000,2.4,2.42,2.4,2.4,8003,0
PROCF.US,D,20240722,000000,2.45,2.47,2.4,2.4,12026,0
PROCF.US,D,20240723,000000,2.32,2.4,2.32,2.39,3367,0
PROCF.US,D,20240724,000000,2.55,2.62,2.33,2.33,1089,0
PROCF.US,D,20240725,000000,2.3401,2.55,2.3401,2.55,382,0
PROCF.US,D,20240726,000000,2.46,2.46,2.46,2.46,628,0
PROCF.US,D,20240729,000000,2.39,2.41,2.39,2.41,384,0
PROCF.US,D,20240730,000000,2.51,2.51,2.27,2.39,1622,0
PROCF.US,D,20240731,000000,2.56,2.56,2.365,2.42,12544,0
PROCF.US,D,20240801,000000,2.31,2.41,2.31,2.41,511,0
PROCF.US,D,20240805,000000,2.26,2.26,2.17,2.185,3463,0
PROCF.US,D,20240807,000000,2.18,2.21,2.18,2.21,349,0
PROCF.US,D,20240808,000000,2.13,2.15,2.02,2.03,32354,0
PROCF.US,D,20240809,000000,2.02,2.04,2,2,3605,0
PROCF.US,D,20240812,000000,2,2.07,1.89,2,33034,0
PROCF.US,D,20240813,000000,1.9,2,1.9,1.92,7045,0
PROCF.US,D,20240814,000000,1.91,1.91,1.89,1.89,15649,0
PROCF.US,D,20240815,000000,2,2.14,1.93,1.93,1890,0
PROCF.US,D,20240816,000000,1.98,1.98,1.98,1.98,369,0
PROCF.US,D,20240819,000000,1.98,1.98,1.9,1.98,834,0
PROCF.US,D,20240820,000000,1.98,1.98,1.98,1.98,244,0
PROCF.US,D,20240821,000000,2.07,2.07,2.02,2.02,1081,0
PROCF.US,D,20240822,000000,2.02,2.02,2,2,3884,0
PROCF.US,D,20240823,000000,2.19,2.19,2,2.04,10515,0
PROCF.US,D,20240826,000000,2.02,2.02,2,2,832,0
PROCF.US,D,20240828,000000,2.0999,2.0999,1.96,1.96,514,0
PROCF.US,D,20240829,000000,1.96,1.97,1.96,1.97,536,0
PROCF.US,D,20240903,000000,2.0094,2.0094,1.81,1.9,2826,0
PROCF.US,D,20240904,000000,1.8,2,1.8,1.83,15289,0
PROCF.US,D,20240905,000000,1.96,2,1.84,1.84,3599,0
PROCF.US,D,20240906,000000,1.86,1.9914,1.86,1.9403,3290,0
PROCF.US,D,20240909,000000,1.853,1.9632,1.853,1.8825,9247,0
PROCF.US,D,20240911,000000,1.87,2.02,1.87,2.01,6166,0
PROCF.US,D,20240912,000000,1.9,1.9985,1.81,1.84,9780,0
PROCF.US,D,20240913,000000,1.85,1.9,1.8,1.85,10314,0
PROCF.US,D,20240916,000000,1.87,1.91,1.8101,1.83,1365,0
PROCF.US,D,20240917,000000,2,2,1.8596,1.8596,1096,0
PROCF.US,D,20240918,000000,1.81,1.81,1.81,1.81,280,0
PROCF.US,D,20240919,000000,1.88,1.88,1.69,1.8,28512,0
PROCF.US,D,20240920,000000,1.87,1.87,1.68,1.68,6451,0
PROCF.US,D,20240923,000000,1.68,2.17,1.68,2.12,33050,0
PROCF.US,D,20240924,000000,2.13,2.17,2.0149,2.065,2301,0
PROCF.US,D,20240925,000000,2.005,2.19,2.005,2.13,9313,0
PROCF.US,D,20240926,000000,2.13,2.2499,2.13,2.16,11106,0
PROCF.US,D,20240927,000000,2.24,2.29,2.23,2.23,6236,0
PROCF.US,D,20240930,000000,2.2006,2.2006,2.2006,2.2006,183,0
PROCF.US,D,20241001,000000,2.21,2.29,2.15,2.15,20407,0
PROCF.US,D,20241002,000000,2.25,2.25,2.24,2.24,561,0
PROCF.US,D,20241004,000000,2.1612,2.1612,2.1612,2.1612,1329,0
PROCF.US,D,20241007,000000,2.15,2.3,2.15,2.24,15203,0
PROCF.US,D,20241008,000000,2.28,2.28,2.15,2.15,60476,0
PROCF.US,D,20241009,000000,2.031,2.3501,2.031,2.08,13222,0
PROCF.US,D,20241010,000000,2.05,2.08,1.9,1.959064,9215,0
PROCF.US,D,20241011,000000,1.95,1.95,1.83,1.83,3743,0
PROCF.US,D,20241014,000000,1.81,2,1.7701,1.99,42730,0
PROCF.US,D,20241015,000000,2.01,2.01,1.99,1.99,224,0
PROCF.US,D,20241016,000000,2.002,2.06,2.002,2.0501,958,0
PROCF.US,D,20241017,000000,2.05,2.05,2.04,2.04,547,0
PROCF.US,D,20241018,000000,1.98,2.03,1.92,1.92,861,0
PROCF.US,D,20241021,000000,1.9,1.9,1.9,1.9,425,0
PROCF.US,D,20241022,000000,1.9,1.9,1.9,1.9,164,0
PROCF.US,D,20241023,000000,1.89,1.89,1.81,1.89,1675,0
PROCF.US,D,20241024,000000,1.88,1.88,1.88,1.88,187,0
PROCF.US,D,20241025,000000,1.85,1.87,1.77,1.85,8115,0
PROCF.US,D,20241028,000000,1.81,1.89,1.81,1.89,214,0
PROCF.US,D,20241029,000000,1.81,1.9,1.7999,1.8,11459,0
PROCF.US,D,20241031,000000,1.75,1.99,1.7,1.99,105853,0
PROCF.US,D,20241101,000000,1.93,1.93,1.77,1.785,20451,0
PROCF.US,D,20241104,000000,1.83,1.85,1.78,1.78,21700,0
PROCF.US,D,20241105,000000,1.77,1.78,1.7152,1.7415,2102,0
PROCF.US,D,20241106,000000,1.75,1.75,1.6999,1.7,7504,0
PROCF.US,D,20241107,000000,1.76,1.76,1.61,1.67,24409,0
PROCF.US,D,20241108,000000,1.65,1.65,1.52,1.5473,10511,0
PROCF.US,D,20241111,000000,1.57,1.57,1.54,1.5477,2731,0
PROCF.US,D,20241112,000000,1.57,1.57,0.95,0.97,100999,0
PROCF.US,D,20241113,000000,1,1,0.7658,0.85,93809,0
PROCF.US,D,20241114,000000,0.85,0.88,0.751,0.795,26978,0
PROCF.US,D,20241115,000000,0.82,0.82,0.5801,0.69,38934,0
PROCF.US,D,20241118,000000,0.69,0.69,0.56,0.61,39502,0
PROCF.US,D,20241119,000000,0.59,0.60999,0.5,0.529,97657,0
PROCF.US,D,20241120,000000,0.522062,0.5998,0.51375,0.5715,49154,0
PROCF.US,D,20241121,000000,0.59,1.134,0.59,1.11,2586602,0
PROCF.US,D,20241122,000000,0.9704,1.11,0.85,0.92,303686,0
PROCF.US,D,20241125,000000,0.97,1.51,0.97,1.27,505255,0
PROCF.US,D,20241126,000000,1.18,1.3899,1.1614,1.36,71423,0
PROCF.US,D,20241127,000000,1.56,2.19,1.31,2.09,211740,0
PROCF.US,D,20241129,000000,1.99,1.99,1.5,1.51,106083,0
PROCF.US,D,20241202,000000,1.61,1.7,1.58,1.625,46149,0
PROCF.US,D,20241203,000000,1.59,1.6,1.42,1.42,43471,0
PROCF.US,D,20241204,000000,1.65,1.7,1.5,1.58,76910,0
PROCF.US,D,20241205,000000,1.55,1.59,1.35,1.485,134968,0
PROCF.US,D,20241206,000000,1.47,1.55,1.46,1.51,35172,0
PROCF.US,D,20241209,000000,1.5,2.4,1.5,2.25,512603,0
PROCF.US,D,20241210,000000,2.5,2.56,2.29,2.42,156013,0
PROCF.US,D,20241211,000000,2.44,2.44,2.07,2.26,30889,0
PROCF.US,D,20241212,000000,2.21,2.35,2.2,2.34,19804,0
PROCF.US,D,20241213,000000,2.34,2.44,2.34,2.41,16407,0
PROCF.US,D,20241216,000000,2.5,3.4222,2.42,3.25,124808,0
PROCF.US,D,20241217,000000,3.27,3.775,3.09,3.69,109292,0
PROCF.US,D,20241218,000000,3.58,3.73,3,3,44912,0
PROCF.US,D,20241219,000000,3.01,3.61,2.4,2.44,110176,0
PROCF.US,D,20241220,000000,2.42,3.15,2.42,2.51,74883,0
PROCF.US,D,20241223,000000,2.69,2.69,2.578,2.64,35092,0
PROCF.US,D,20241224,000000,2.61,2.61,2.475,2.48,20644,0
PROCF.US,D,20241226,000000,2.505,2.548,2.46,2.47,14802,0
PROCF.US,D,20241227,000000,2.45,2.505,2.35,2.35,15458,0
PROCF.US,D,20241230,000000,2.345,2.35,2.26,2.28,24749,0
PROCF.US,D,20241231,000000,2.21,2.34,2.21,2.34,2179,0
PROCF.US,D,20250102,000000,2.38,2.38,2.33,2.33,5856,0
PROCF.US,D,20250103,000000,2.2663,2.3,2.25,2.25,10316,0
PROCF.US,D,20250106,000000,2.24,2.24,1.97,1.97,36350,0
PROCF.US,D,20250107,000000,2.1,2.2,1.96,2,28017,0
PROCF.US,D,20250108,000000,1.99,1.99,1.6601,1.68,29271,0
PROCF.US,D,20250110,000000,1.69,1.7584,1.5001,1.6,65075,0
PROCF.US,D,20250113,000000,1.7,1.7,1.5,1.63,16856,0
PROCF.US,D,20250114,000000,1.655,1.8,1.655,1.76,10333,0
PROCF.US,D,20250115,000000,1.75,1.7551,1.7131,1.74,3982,0
PROCF.US,D,20250116,000000,1.765,1.765,1.72,1.75,1522,0
PROCF.US,D,20250117,000000,1.7884,1.7884,1.71,1.71,19922,0
PROCF.US,D,20250121,000000,1.73,2.13,1.62,1.62,107160,0
PROCF.US,D,20250122,000000,1.7,1.78,1.6664,1.69,9939,0
PROCF.US,D,20250123,000000,1.66,1.7339,1.65,1.66,13268,0
PROCF.US,D,20250124,000000,1.63,1.69,1.63,1.65,6661,0
PROCF.US,D,20250127,000000,1.69,1.69,1.58,1.58,9061,0
PROCF.US,D,20250128,000000,1.56,1.65,1.55,1.57,6931,0
PROCF.US,D,20250129,000000,1.52,1.6299,1.52,1.52,5257,0
PROCF.US,D,20250130,000000,1.565,1.605,1.55,1.59,59884,0
PROCF.US,D,20250131,000000,1.62,1.62,1.58,1.5907,3840,0
PROCF.US,D,20250203,000000,0.95,1.37,0.7742,1.01,661550,0
