<TICKER>,<PER>,<DATE>,<TIME>,<OPEN>,<HIGH>,<LOW>,<CLOSE>,<VOL>,<OPENINT>
PSTX.US,D,20200710,000000,17,17.43,15.2,15.35,7940500,0
PSTX.US,D,20200713,000000,15.75,16,13.16,13.48,1912904,0
PSTX.US,D,20200714,000000,13.75,14.21,11.35,13.01,1005769,0
PSTX.US,D,20200715,000000,13.24,14.43,13.06,14.02,521773,0
PSTX.US,D,20200716,000000,14.54,15.9,13.75,15.5,1040763,0
PSTX.US,D,20200717,000000,15.45,17.62,15.4,16.1,743055,0
PSTX.US,D,20200720,000000,16.26,17.15,15.7601,16.25,406454,0
PSTX.US,D,20200721,000000,16.07,16.55,14.65,15.04,513006,0
PSTX.US,D,20200722,000000,14.78,15.95,14.6801,15.78,334210,0
PSTX.US,D,20200723,000000,15.64,16.08,15.09,15.62,312105,0
PSTX.US,D,20200724,000000,15.47,16.02,14.455,15.44,291703,0
PSTX.US,D,20200727,000000,15.13,15.79,13.89,14.3,703544,0
PSTX.US,D,20200728,000000,14.01,15.5,12.7,13.03,404044,0
PSTX.US,D,20200729,000000,13.15,14.2,12.75,12.96,285626,0
PSTX.US,D,20200730,000000,12.79,13.57,12.755,13.33,247125,0
PSTX.US,D,20200731,000000,13.75,13.75,11.77,12.98,428425,0
PSTX.US,D,20200803,000000,13.56,13.63,12.5,13.41,244782,0
PSTX.US,D,20200804,000000,13.75,14.1499,12.65,13.08,343021,0
PSTX.US,D,20200805,000000,13.4,13.99,12.755,12.9,521210,0
PSTX.US,D,20200806,000000,12.81,13.4,12.53,12.68,352786,0
PSTX.US,D,20200807,000000,12.56,13.18,12.453,12.83,225484,0
PSTX.US,D,20200810,000000,12.73,13.05,12.28,12.96,245373,0
PSTX.US,D,20200811,000000,12.91,13,11.7,12,383670,0
PSTX.US,D,20200812,000000,11.85,12.49,11,11.5,337828,0
PSTX.US,D,20200813,000000,11.53,13.25,11.5106,12.99,478691,0
PSTX.US,D,20200814,000000,12.77,13.78,12.32,13.1,625603,0
PSTX.US,D,20200817,000000,13.11,13.61,12.62,13,677150,0
PSTX.US,D,20200818,000000,8.76,9.58,8.38,9.06,2215335,0
PSTX.US,D,20200819,000000,9.71,9.8494,8.75,8.86,923396,0
PSTX.US,D,20200820,000000,8.82,10.1499,8.75,9.11,715263,0
PSTX.US,D,20200821,000000,9.42,9.7,8.4001,8.61,709072,0
PSTX.US,D,20200824,000000,8.66,8.71,7.63,8.55,808317,0
PSTX.US,D,20200825,000000,8.35,8.35,7.9,8.09,688358,0
PSTX.US,D,20200826,000000,8.09,8.95,7.91,8.8,719988,0
PSTX.US,D,20200827,000000,8.71,8.865,8.36,8.61,212037,0
PSTX.US,D,20200828,000000,8.52,9.4499,8.37,9.23,495538,0
PSTX.US,D,20200831,000000,8.99,9.55,8.85,9.39,381420,0
PSTX.US,D,20200901,000000,9.3,9.86,9.08,9.36,250029,0
PSTX.US,D,20200902,000000,9.3,9.87,9.26,9.43,345112,0
PSTX.US,D,20200903,000000,9.41,9.735,9.095,9.53,186816,0
PSTX.US,D,20200904,000000,9.45,9.59,9.1,9.3,197649,0
PSTX.US,D,20200908,000000,9.13,9.89,9.1,9.36,202892,0
PSTX.US,D,20200909,000000,9.22,10.36,9.22,9.48,414221,0
PSTX.US,D,20200910,000000,9.57,10.24,9.26,9.35,162614,0
PSTX.US,D,20200911,000000,9.37,10.0899,9.11,9.5,269984,0
PSTX.US,D,20200914,000000,9.51,10,9.5,9.89,204490,0
PSTX.US,D,20200915,000000,9.93,10.4241,9.7,9.92,231393,0
PSTX.US,D,20200916,000000,10.04,10.25,9.6,9.76,288393,0
PSTX.US,D,20200917,000000,9.54,10.015,9.35,9.5,301960,0
PSTX.US,D,20200918,000000,9.34,10.14,9.34,9.67,2141460,0
PSTX.US,D,20200921,000000,9.39,9.79,9.38,9.55,197404,0
PSTX.US,D,20200922,000000,9.64,10.19,9.1,10.08,224076,0
PSTX.US,D,20200923,000000,9.96,10.08,9.46,9.5,132447,0
PSTX.US,D,20200924,000000,9.44,9.74,9.1,9.18,153918,0
PSTX.US,D,20200925,000000,9.18,9.8,9.175,9.43,111731,0
PSTX.US,D,20200928,000000,9.54,9.7,9.3,9.36,71523,0
PSTX.US,D,20200929,000000,9.25,9.31,8.66,9,254822,0
PSTX.US,D,20200930,000000,9,9.19,8.75,8.87,160377,0
PSTX.US,D,20201001,000000,8.92,8.94,8.2,8.5,248245,0
PSTX.US,D,20201002,000000,8.36,8.595,8.12,8.29,131190,0
PSTX.US,D,20201005,000000,8.38,8.87,8.11,8.7,171249,0
PSTX.US,D,20201006,000000,8.69,9.1,8.45,8.9,126865,0
PSTX.US,D,20201007,000000,8.97,9.49,8.92,9.47,197194,0
PSTX.US,D,20201008,000000,9.47,9.525,9.02,9.16,133285,0
PSTX.US,D,20201009,000000,9.26,9.295,8.79,9.06,80949,0
PSTX.US,D,20201012,000000,8.95,9.86,8.87,9.8,99096,0
PSTX.US,D,20201013,000000,9.74,10.44,9.54,10.43,91570,0
PSTX.US,D,20201014,000000,10.52,11.09,9.47,11,182046,0
PSTX.US,D,20201015,000000,10.8,11.485,10.36,11.33,98617,0
PSTX.US,D,20201016,000000,11.35,11.5,10.9,11.31,135462,0
PSTX.US,D,20201019,000000,11.35,11.35,10.53,10.82,110334,0
PSTX.US,D,20201020,000000,10.92,11.07,10.4,10.83,68372,0
PSTX.US,D,20201021,000000,10.89,10.94,9.98,10,40624,0
PSTX.US,D,20201022,000000,10.04,11.36,10.02,11,63915,0
PSTX.US,D,20201023,000000,11.04,11.1599,10.83,10.98,56547,0
PSTX.US,D,20201026,000000,10.95,11.5,10.63,11.5,65141,0
PSTX.US,D,20201027,000000,11.515,11.8,11.33,11.7,73205,0
PSTX.US,D,20201028,000000,11.36,11.55,10.52,11.09,139433,0
PSTX.US,D,20201029,000000,11.09,11.48,10.9,11.37,82479,0
PSTX.US,D,20201030,000000,11.25,11.6,10.9,11.51,79036,0
PSTX.US,D,20201102,000000,11.65,11.99,10.35,10.81,110407,0
PSTX.US,D,20201103,000000,11.23,11.23,10.82,11,48676,0
PSTX.US,D,20201104,000000,10.81,11.28,10.8,11.07,78878,0
PSTX.US,D,20201105,000000,11.32,11.4,10.925,11.28,59635,0
PSTX.US,D,20201106,000000,11.15,11.22,10.06,10.14,83043,0
PSTX.US,D,20201109,000000,10.57,11.6795,10.28,10.3,101323,0
PSTX.US,D,20201110,000000,10.48,10.62,9.93,9.95,101764,0
PSTX.US,D,20201111,000000,10.12,10.46,9.96,10.46,70500,0
PSTX.US,D,20201112,000000,10.41,10.92,10.365,10.64,58593,0
PSTX.US,D,20201113,000000,10.58,10.6899,10.42,10.5,85498,0
PSTX.US,D,20201116,000000,10.68,11.2,10.54,10.95,73141,0
PSTX.US,D,20201117,000000,10.95,11.56,10.55,11.07,63061,0
PSTX.US,D,20201118,000000,11.19,11.47,10.885,10.93,44048,0
PSTX.US,D,20201119,000000,11.06,11.82,10.97,11.06,112949,0
PSTX.US,D,20201120,000000,10.83,11.35,10.58,11.03,64571,0
PSTX.US,D,20201123,000000,10.87,11.5,10.82,11.22,50918,0
PSTX.US,D,20201124,000000,11.22,11.405,10.82,11.1,64009,0
PSTX.US,D,20201125,000000,11.01,11.59,10.77,11.46,48125,0
PSTX.US,D,20201127,000000,11.41,11.85,11.41,11.6,45696,0
PSTX.US,D,20201130,000000,11.48,11.82,11.33,11.61,104370,0
PSTX.US,D,20201201,000000,11.57,12,11.33,11.5,54729,0
PSTX.US,D,20201202,000000,11.33,11.5,10.71,10.95,62108,0
PSTX.US,D,20201203,000000,10.82,11.4,10.82,11.15,45547,0
PSTX.US,D,20201204,000000,11.24,11.24,10.51,10.68,51838,0
PSTX.US,D,20201207,000000,11,11.31,10.74,10.99,144401,0
PSTX.US,D,20201208,000000,10.92,11.16,10.6,10.7,67861,0
PSTX.US,D,20201209,000000,10.76,10.96,10,10.86,99857,0
PSTX.US,D,20201210,000000,10.78,10.78,10.02,10.38,68542,0
PSTX.US,D,20201211,000000,10.32,10.745,10.208,10.6,58122,0
PSTX.US,D,20201214,000000,10.75,10.97,10.03,10.06,107721,0
PSTX.US,D,20201215,000000,10.1,10.995,10.1,10.5,159451,0
PSTX.US,D,20201216,000000,10.42,10.51,9.91,10.07,106056,0
PSTX.US,D,20201217,000000,10.06,10.35,9.72,10.08,185470,0
PSTX.US,D,20201218,000000,10.22,10.22,9.65,9.66,961819,0
PSTX.US,D,20201221,000000,9.52,9.66,8.92,9.19,165994,0
PSTX.US,D,20201222,000000,9.18,9.9044,9.18,9.53,242946,0
PSTX.US,D,20201223,000000,9.5,9.68,9.05,9.13,89338,0
PSTX.US,D,20201224,000000,9.05,9.46,9.05,9.26,36622,0
PSTX.US,D,20201228,000000,10.48,13.98,10.3,11.04,1830487,0
PSTX.US,D,20201229,000000,11.45,11.5999,10.62,11.47,435892,0
PSTX.US,D,20201230,000000,11.47,11.7812,10.77,11.18,253049,0
PSTX.US,D,20201231,000000,11.18,11.18,10.51,10.97,187142,0
PSTX.US,D,20210104,000000,11.15,11.38,10.71,10.95,145919,0
PSTX.US,D,20210105,000000,10.85,11.095,10.27,10.42,198034,0
PSTX.US,D,20210106,000000,10.41,10.525,9.58,9.89,353457,0
PSTX.US,D,20210107,000000,9.89,10.1299,9.42,9.5,335159,0
PSTX.US,D,20210108,000000,9.58,9.6,9.11,9.28,332113,0
PSTX.US,D,20210111,000000,9.27,9.365,8.9,9.03,330156,0
PSTX.US,D,20210112,000000,9,9.14,8.66,8.77,296084,0
PSTX.US,D,20210113,000000,8.58,8.67,8.4,8.51,315149,0
PSTX.US,D,20210114,000000,8.58,8.68,8.4,8.63,288801,0
PSTX.US,D,20210115,000000,8.7,8.9,8.56,8.68,532687,0
PSTX.US,D,20210119,000000,8.76,9.52,8.5,9.36,527282,0
PSTX.US,D,20210120,000000,9.45,9.49,9.04,9.3,304465,0
PSTX.US,D,20210121,000000,9.23,10,9.11,9.83,273333,0
PSTX.US,D,20210122,000000,9.75,9.9,9.18,9.25,319815,0
PSTX.US,D,20210125,000000,9.26,9.3936,8.8,9.08,282539,0
PSTX.US,D,20210126,000000,9.26,9.26,8.69,8.84,217342,0
PSTX.US,D,20210127,000000,8.81,9,8.48,8.55,270664,0
PSTX.US,D,20210128,000000,8.65,9,8.41,8.84,179616,0
PSTX.US,D,20210129,000000,8.85,9.02,8.46,8.7,196157,0
PSTX.US,D,20210201,000000,8.84,9.1,8.7,8.96,167956,0
PSTX.US,D,20210202,000000,9.03,9.5,8.861,9.45,240258,0
PSTX.US,D,20210203,000000,9.57,9.82,9.25,9.56,310864,0
PSTX.US,D,20210204,000000,9.77,9.98,9.05,9.15,329786,0
PSTX.US,D,20210205,000000,9.29,9.29,8.93,9,339472,0
PSTX.US,D,20210208,000000,9.28,9.682,8.9,9.24,459061,0
PSTX.US,D,20210209,000000,9.33,9.9,9.01,9.69,519634,0
PSTX.US,D,20210210,000000,10,10,9.21,9.75,442854,0
PSTX.US,D,20210211,000000,9.84,9.89,9.3,9.47,274936,0
PSTX.US,D,20210212,000000,9.5,9.69,9.18,9.59,278801,0
PSTX.US,D,20210216,000000,9.73,10.37,9.42,10.05,707756,0
PSTX.US,D,20210217,000000,10.21,11.1,10.05,10.62,346755,0
PSTX.US,D,20210218,000000,10.74,10.77,9.9,10.4,288235,0
PSTX.US,D,20210219,000000,10.43,10.99,10.16,10.81,284258,0
PSTX.US,D,20210222,000000,10.93,12.1024,10.83,11.49,617937,0
PSTX.US,D,20210223,000000,11.15,11.15,9.91,10.15,619044,0
PSTX.US,D,20210224,000000,13.41,13.64,11.03,11.08,1541496,0
PSTX.US,D,20210225,000000,11.06,12.9,11.06,11.91,529982,0
PSTX.US,D,20210226,000000,11.81,12.5,10.78,11.04,318796,0
PSTX.US,D,20210301,000000,11.43,12.1783,10.6,11.29,365119,0
PSTX.US,D,20210302,000000,11.3,11.83,11.25,11.36,258626,0
PSTX.US,D,20210303,000000,11.145,11.47,10.675,10.86,211344,0
PSTX.US,D,20210304,000000,10.79,11.11,9.18,9.28,378331,0
PSTX.US,D,20210305,000000,9.35,9.7199,8.25,8.63,1063240,0
PSTX.US,D,20210308,000000,8.75,9.62,8.53,8.81,900049,0
PSTX.US,D,20210309,000000,8.85,10.2,8.85,10.16,790986,0
PSTX.US,D,20210310,000000,10.11,10.56,9.34,9.8,826115,0
PSTX.US,D,20210311,000000,9.88,10.35,9.58,9.8,784303,0
PSTX.US,D,20210312,000000,10,11.48,9.475,11.18,837160,0
PSTX.US,D,20210315,000000,11.14,11.39,10.35,10.38,321919,0
PSTX.US,D,20210316,000000,10.43,10.9,10.26,10.8,232202,0
PSTX.US,D,20210317,000000,10.65,11.565,10.52,11.4,361517,0
PSTX.US,D,20210318,000000,11.25,11.56,10.83,10.98,388008,0
PSTX.US,D,20210319,000000,11.21,11.56,10.53,10.89,2750174,0
PSTX.US,D,20210322,000000,10.77,10.97,9.985,10.07,418121,0
PSTX.US,D,20210323,000000,9.99,10.32,9.385,9.97,342652,0
PSTX.US,D,20210324,000000,9.98,10.24,9.5,9.61,222466,0
PSTX.US,D,20210325,000000,9.52,9.885,9.11,9.42,198657,0
PSTX.US,D,20210326,000000,9.695,9.76,8.91,9.18,152691,0
PSTX.US,D,20210329,000000,9.1,9.38,9,9.19,144636,0
PSTX.US,D,20210330,000000,9.09,9.3,8.83,8.86,196396,0
PSTX.US,D,20210331,000000,9.055,9.68,8.95,9.55,178721,0
PSTX.US,D,20210401,000000,9.68,10.07,9.21,9.48,393320,0
PSTX.US,D,20210405,000000,9.55,10.38,9.25,10.07,303115,0
PSTX.US,D,20210406,000000,9.94,10.1799,9.6401,9.79,226641,0
PSTX.US,D,20210407,000000,9.72,9.8049,8.81,8.98,280169,0
PSTX.US,D,20210408,000000,9.11,9.22,8.88,8.95,152278,0
PSTX.US,D,20210409,000000,9.17,9.17,8.6,8.9,159933,0
PSTX.US,D,20210412,000000,8.79,8.94,8.42,8.5,162022,0
PSTX.US,D,20210413,000000,8.59,8.91,8.33,8.91,115505,0
PSTX.US,D,20210414,000000,8.92,9.31,8.7701,9.09,131325,0
PSTX.US,D,20210415,000000,9.14,9.2249,8.7,8.9,124238,0
PSTX.US,D,20210416,000000,8.93,8.93,8.38,8.55,113492,0
PSTX.US,D,20210419,000000,8.67,8.67,8.2,8.58,94839,0
PSTX.US,D,20210420,000000,8.57,8.66,8.32,8.51,103552,0
PSTX.US,D,20210421,000000,8.5,9.06,8.3,8.9,142274,0
PSTX.US,D,20210422,000000,8.92,9.37,8.92,9.2,70322,0
PSTX.US,D,20210423,000000,9.3,9.35,8.72,8.85,84855,0
PSTX.US,D,20210426,000000,9.01,9.35,8.85,9.17,81127,0
PSTX.US,D,20210427,000000,9.22,9.605,8.91,9.26,126494,0
PSTX.US,D,20210428,000000,9.17,9.71,9.06,9.65,80414,0
PSTX.US,D,20210429,000000,9.73,9.83,9.4,9.61,101173,0
PSTX.US,D,20210430,000000,9.51,9.69,9.06,9.36,116116,0
PSTX.US,D,20210503,000000,9.36,9.41,8.8,8.96,139204,0
PSTX.US,D,20210504,000000,8.88,8.88,8.295,8.45,218656,0
PSTX.US,D,20210505,000000,8.5,8.79,8.33,8.52,97014,0
PSTX.US,D,20210506,000000,8.57,8.57,8.01,8.4,124390,0
PSTX.US,D,20210507,000000,8.32,8.68,8.32,8.66,76157,0
PSTX.US,D,20210510,000000,8.67,8.67,7.93,7.96,233376,0
PSTX.US,D,20210511,000000,7.95,8.64,7.81,8.5,141105,0
PSTX.US,D,20210512,000000,8.32,9.19,8.32,8.48,187601,0
PSTX.US,D,20210513,000000,8.52,8.59,8.135,8.31,98269,0
PSTX.US,D,20210514,000000,8.52,8.725,8.25,8.4,100451,0
PSTX.US,D,20210517,000000,8.4,9,8.4,8.84,88546,0
PSTX.US,D,20210518,000000,9.74,9.74,9.19,9.26,167577,0
PSTX.US,D,20210519,000000,9.11,9.22,8.77,9.01,87901,0
PSTX.US,D,20210520,000000,8.96,9.3,8.76,9.27,139649,0
PSTX.US,D,20210521,000000,9.39,9.75,9.12,9.53,108526,0
PSTX.US,D,20210524,000000,9.48,9.48,8.145,8.35,431056,0
PSTX.US,D,20210525,000000,8.43,8.47,8.3,8.31,207652,0
PSTX.US,D,20210526,000000,8.29,8.48,8.02,8.24,224418,0
PSTX.US,D,20210527,000000,8.33,8.76,8.13,8.7,255604,0
PSTX.US,D,20210528,000000,8.67,8.95,8.4201,8.45,210881,0
PSTX.US,D,20210601,000000,8.49,8.8,8.31,8.72,213167,0
PSTX.US,D,20210602,000000,8.7,8.76,8.11,8.2,286407,0
PSTX.US,D,20210603,000000,8.25,8.73,8.19,8.4,147142,0
PSTX.US,D,20210604,000000,8.31,8.52,8.21,8.38,167955,0
PSTX.US,D,20210607,000000,8.41,8.77,8.32,8.68,172214,0
PSTX.US,D,20210608,000000,8.78,8.925,8.54,8.7,89977,0
PSTX.US,D,20210609,000000,8.72,8.93,8.49,8.51,162733,0
PSTX.US,D,20210610,000000,8.56,9.4,8.56,9.34,197901,0
PSTX.US,D,20210611,000000,9.27,9.64,9.165,9.47,273089,0
PSTX.US,D,20210614,000000,9.49,9.72,9.17,9.21,200668,0
PSTX.US,D,20210615,000000,9.18,9.38,8.9116,9.32,200661,0
PSTX.US,D,20210616,000000,9.24,9.36,8.87,8.98,211248,0
PSTX.US,D,20210617,000000,8.96,9.2,8.83,8.99,217662,0
PSTX.US,D,20210618,000000,8.81,9,8.5,8.78,556024,0
PSTX.US,D,20210621,000000,8.86,9.3,8.695,9.22,219800,0
PSTX.US,D,20210622,000000,9.21,9.21,8.85,9.11,158941,0
PSTX.US,D,20210623,000000,9.14,9.399,8.92,9.02,145038,0
PSTX.US,D,20210624,000000,9.05,9.32,9.05,9.31,63578,0
PSTX.US,D,20210625,000000,9.32,10.25,9.22,10.02,1904366,0
PSTX.US,D,20210628,000000,10,10.63,9.87,10.03,210147,0
PSTX.US,D,20210629,000000,10.01,10.15,9.7,9.87,93539,0
PSTX.US,D,20210630,000000,9.84,10.21,9.51,10.02,189410,0
PSTX.US,D,20210701,000000,10.14,10.25,9.59,9.64,161690,0
PSTX.US,D,20210702,000000,9.64,9.66,8.63,8.79,227027,0
PSTX.US,D,20210706,000000,8.84,8.85,8.44,8.51,211328,0
PSTX.US,D,20210707,000000,8.54,9.19,8.45,8.99,142828,0
PSTX.US,D,20210708,000000,9.075,9.075,8.71,8.81,74468,0
PSTX.US,D,20210709,000000,8.83,9.08,8.64,9.04,67293,0
PSTX.US,D,20210712,000000,9,9.3,8.895,9.23,67721,0
PSTX.US,D,20210713,000000,9.24,9.25,8.71,8.74,77613,0
PSTX.US,D,20210714,000000,8.83,8.85,8.42,8.5,160446,0
PSTX.US,D,20210715,000000,8.51,8.64,8.3,8.55,153760,0
PSTX.US,D,20210716,000000,8.54,8.85,8.35,8.66,128427,0
PSTX.US,D,20210719,000000,8.51,8.71,8.46,8.68,114458,0
PSTX.US,D,20210720,000000,8.69,9.04,8.57,9.04,143394,0
PSTX.US,D,20210721,000000,9.09,9.24,8.875,9.19,70789,0
PSTX.US,D,20210722,000000,9.12,9.25,8.84,9,57401,0
PSTX.US,D,20210723,000000,9.08,9.08,8.5,8.63,85447,0
PSTX.US,D,20210726,000000,8.64,8.8464,8.42,8.49,63222,0
PSTX.US,D,20210727,000000,8.6,8.76,8.26,8.29,102692,0
PSTX.US,D,20210728,000000,8.32,8.61,8.31,8.57,61801,0
PSTX.US,D,20210729,000000,8.68,8.68,8.27,8.31,66967,0
PSTX.US,D,20210730,000000,8.3,8.36,8.01,8.11,76797,0
PSTX.US,D,20210802,000000,8.2,8.33,8.03,8.11,110359,0
PSTX.US,D,20210803,000000,8.12,8.13,7.84,8.08,147491,0
PSTX.US,D,20210804,000000,8.01,8.24,7.95,8.04,58235,0
PSTX.US,D,20210805,000000,8,8.52,7.985,8.51,62470,0
PSTX.US,D,20210806,000000,8.5,8.68,8.28,8.59,66390,0
PSTX.US,D,20210809,000000,8.64,8.71,8.42,8.47,43366,0
PSTX.US,D,20210810,000000,8.56,8.8,8.3501,8.65,135719,0
PSTX.US,D,20210811,000000,8.65,9,8.5201,8.94,105316,0
PSTX.US,D,20210812,000000,8.94,9.11,8.66,8.78,65647,0
PSTX.US,D,20210813,000000,8.75,8.91,8.63,8.8,104333,0
PSTX.US,D,20210816,000000,8.83,9.32,8.75,9.19,467498,0
PSTX.US,D,20210817,000000,9.25,9.26,8.96,9.22,128107,0
PSTX.US,D,20210818,000000,9.25,9.66,9.185,9.45,209491,0
PSTX.US,D,20210819,000000,9.45,9.63,8.81,8.88,105240,0
PSTX.US,D,20210820,000000,8.8,9,8.6101,8.97,93882,0
PSTX.US,D,20210823,000000,8.82,9.315,8.79,8.93,127482,0
PSTX.US,D,20210824,000000,8.91,9.06,8.64,8.7,92635,0
PSTX.US,D,20210825,000000,9,9.91,8.97,9.78,247068,0
PSTX.US,D,20210826,000000,10,10.26,9.64,10.01,225250,0
PSTX.US,D,20210827,000000,9.82,10.25,9.82,9.9,107947,0
PSTX.US,D,20210830,000000,9.9,11.1,9.8,10.71,294321,0
PSTX.US,D,20210831,000000,10.86,10.89,8.4586,8.64,686470,0
PSTX.US,D,20210901,000000,8.78,8.8,8.3,8.55,370378,0
PSTX.US,D,20210902,000000,8.83,8.83,8.14,8.39,458264,0
PSTX.US,D,20210903,000000,8.28,8.38,8.12,8.17,172262,0
PSTX.US,D,20210907,000000,8.15,8.51,8.115,8.29,221009,0
PSTX.US,D,20210908,000000,8.29,8.53,8.12,8.45,166146,0
PSTX.US,D,20210909,000000,8.45,8.5199,8.34,8.37,170236,0
PSTX.US,D,20210910,000000,8.41,8.41,8.0001,8.2,240963,0
PSTX.US,D,20210913,000000,8.2,8.65,8.1041,8.4,121669,0
PSTX.US,D,20210914,000000,8.32,8.32,8,8.12,124179,0
PSTX.US,D,20210915,000000,8.15,8.48,8.04,8.25,107906,0
PSTX.US,D,20210916,000000,8.27,8.35,8.065,8.17,92241,0
PSTX.US,D,20210917,000000,8.2,8.34,7.99,8,621939,0
PSTX.US,D,20210920,000000,7.91,8.04,7.64,7.98,341066,0
PSTX.US,D,20210921,000000,7.96,8.085,7.73,7.91,165684,0
PSTX.US,D,20210922,000000,7.91,7.91,7.53,7.67,135876,0
PSTX.US,D,20210923,000000,7.73,7.98,7.62,7.95,134169,0
PSTX.US,D,20210924,000000,7.95,8,7.78,7.87,101856,0
PSTX.US,D,20210927,000000,7.83,7.92,7.53,7.61,184086,0
PSTX.US,D,20210928,000000,7.56,7.6,7.29,7.3,101142,0
PSTX.US,D,20210929,000000,7.35,7.35,7.04,7.09,126185,0
PSTX.US,D,20210930,000000,7.11,7.43,7.05,7.29,179695,0
PSTX.US,D,20211001,000000,7.24,7.24,6.85,7.05,303084,0
PSTX.US,D,20211004,000000,6.96,6.96,6.68,6.74,181701,0
PSTX.US,D,20211005,000000,6.74,6.92,6.5,6.68,151393,0
PSTX.US,D,20211006,000000,6.59,6.73,6.5,6.55,79576,0
PSTX.US,D,20211007,000000,6.6,6.935,6.6,6.81,123934,0
PSTX.US,D,20211008,000000,6.85,6.85,6.46,6.57,124426,0
PSTX.US,D,20211011,000000,6.73,6.82,6.38,6.65,203130,0
PSTX.US,D,20211012,000000,7,7.035,6.27,6.68,800927,0
PSTX.US,D,20211013,000000,6.72,7.0438,6.54,6.6,810969,0
PSTX.US,D,20211014,000000,6.7,6.8391,6.25,6.43,695601,0
PSTX.US,D,20211015,000000,6.55,6.7099,6.41,6.56,336962,0
PSTX.US,D,20211018,000000,6.56,6.63,6.21,6.23,235268,0
PSTX.US,D,20211019,000000,6.27,6.4896,6.2,6.36,153391,0
PSTX.US,D,20211020,000000,6.36,6.46,6.25,6.36,147970,0
PSTX.US,D,20211021,000000,6.36,6.51,6.36,6.42,107776,0
PSTX.US,D,20211022,000000,6.42,6.43,6.2,6.37,197099,0
PSTX.US,D,20211025,000000,6.37,6.445,6.22,6.33,106713,0
PSTX.US,D,20211026,000000,6.29,6.58,6.22,6.49,139768,0
PSTX.US,D,20211027,000000,6.49,6.53,6.37,6.4,60503,0
PSTX.US,D,20211028,000000,6.45,6.505,6.45,6.49,101758,0
PSTX.US,D,20211029,000000,6.49,6.49,6.3434,6.41,48937,0
PSTX.US,D,20211101,000000,6.41,6.73,6.38,6.53,96073,0
PSTX.US,D,20211102,000000,6.52,6.57,6.36,6.52,123107,0
PSTX.US,D,20211103,000000,6.48,6.52,6.45,6.5,229604,0
PSTX.US,D,20211104,000000,6.51,6.51,6.44,6.48,91213,0
PSTX.US,D,20211105,000000,6.47,6.97,6.36,6.91,205603,0
PSTX.US,D,20211108,000000,6.89,7.19,6.54,6.62,387496,0
PSTX.US,D,20211109,000000,6.76,6.794,6.2956,6.76,114100,0
PSTX.US,D,20211110,000000,6.83,7.56,6.7176,7.02,230499,0
PSTX.US,D,20211111,000000,7.02,7.37,6.83,7.17,166132,0
PSTX.US,D,20211112,000000,7.19,7.36,6.98,7.3,98539,0
PSTX.US,D,20211115,000000,7.3,7.3,7.14,7.29,77116,0
PSTX.US,D,20211116,000000,7.07,7.31,7.07,7.19,131676,0
PSTX.US,D,20211117,000000,7.15,7.385,6.95,7.11,410018,0
PSTX.US,D,20211118,000000,7.18,7.29,6.82,7.25,225969,0
PSTX.US,D,20211119,000000,7.5,7.84,7.38,7.6,249764,0
PSTX.US,D,20211122,000000,7.61,7.64,6.72,6.74,179245,0
PSTX.US,D,20211123,000000,6.66,7.115,6.6169,6.99,121751,0
PSTX.US,D,20211124,000000,7.22,7.22,6.8101,7.18,79620,0
PSTX.US,D,20211126,000000,7.09,7.1,6.66,6.85,108644,0
PSTX.US,D,20211129,000000,7.02,7.19,6.86,6.89,71098,0
PSTX.US,D,20211130,000000,6.96,7.215,6.7,6.95,373587,0
PSTX.US,D,20211201,000000,6.96,7.42,6.81,6.83,152366,0
PSTX.US,D,20211202,000000,6.82,7.25,6.805,7.22,109219,0
PSTX.US,D,20211203,000000,7.525,7.525,6.97,7.07,143387,0
PSTX.US,D,20211206,000000,7,7.22,6.74,6.74,143019,0
PSTX.US,D,20211207,000000,6.88,7.31,6.82,6.95,304123,0
PSTX.US,D,20211208,000000,6.9,7.45,6.89,7.345,176768,0
PSTX.US,D,20211209,000000,7.27,7.42,6.91,7.19,193465,0
PSTX.US,D,20211210,000000,7.23,7.3015,7.03,7.1,84882,0
PSTX.US,D,20211213,000000,7.07,7.22,7,7.03,109089,0
PSTX.US,D,20211214,000000,7.09,7.09,6.63,6.7,127521,0
PSTX.US,D,20211215,000000,6.71,6.83,6.41,6.79,241361,0
PSTX.US,D,20211216,000000,6.8,6.8207,6.29,6.32,115110,0
PSTX.US,D,20211217,000000,6.18,6.87,6.15,6.84,357008,0
PSTX.US,D,20211220,000000,6.7724,7.15,6.62,7.11,194499,0
PSTX.US,D,20211221,000000,7.2,7.2893,6.76,6.9,119529,0
PSTX.US,D,20211222,000000,6.95,7.3,6.66,6.85,92060,0
PSTX.US,D,20211223,000000,6.8,7.36,6.73,7.22,144229,0
PSTX.US,D,20211227,000000,7.23,7.3412,7.03,7.05,69078,0
PSTX.US,D,20211228,000000,6.97,7.135,6.89,6.91,75901,0
PSTX.US,D,20211229,000000,6.87,7.03,6.7769,6.91,77017,0
PSTX.US,D,20211230,000000,6.87,7.25,6.7401,7.04,78327,0
PSTX.US,D,20211231,000000,7.02,7.102,6.67,6.81,103597,0
PSTX.US,D,20220103,000000,6.84,7.08,6.61,7.04,81041,0
PSTX.US,D,20220104,000000,6.98,7.2,6.83,6.86,83069,0
PSTX.US,D,20220105,000000,7.06,7.06,6.425,6.52,212439,0
PSTX.US,D,20220106,000000,6.47,6.55,6.22,6.27,146517,0
PSTX.US,D,20220107,000000,6.54,6.73,6.23,6.39,139722,0
PSTX.US,D,20220110,000000,6.44,6.44,6.03,6.38,198963,0
PSTX.US,D,20220111,000000,6.38,6.4551,6.07,6.21,174610,0
PSTX.US,D,20220112,000000,6.27,6.27,5.921,5.95,253453,0
PSTX.US,D,20220113,000000,5.9,6.03,5.43,5.46,245278,0
PSTX.US,D,20220114,000000,5.42,5.46,4.935,5.26,300175,0
PSTX.US,D,20220118,000000,5.18,5.4488,5.02,5.04,208619,0
PSTX.US,D,20220119,000000,5.07,5.13,4.83,4.88,331152,0
PSTX.US,D,20220120,000000,4.89,5.14,4.8,4.82,104121,0
PSTX.US,D,20220121,000000,4.75,4.82,4.59,4.7,235009,0
PSTX.US,D,20220124,000000,4.6,4.9,4.51,4.75,149558,0
PSTX.US,D,20220125,000000,4.67,4.94,4.56,4.78,103974,0
PSTX.US,D,20220126,000000,4.84,5.05,4.66,4.7,83851,0
PSTX.US,D,20220127,000000,4.79,4.825,4.46,4.49,143159,0
PSTX.US,D,20220128,000000,4.51,4.63,4.4,4.62,98270,0
PSTX.US,D,20220131,000000,4.63,4.94,4.591,4.75,115895,0
PSTX.US,D,20220201,000000,4.81,4.95,4.65,4.75,164349,0
PSTX.US,D,20220202,000000,4.8,5.01,4.49,4.56,148507,0
PSTX.US,D,20220203,000000,4.49,4.529,4.21,4.29,158240,0
PSTX.US,D,20220204,000000,4.34,4.35,4.15,4.25,99409,0
PSTX.US,D,20220207,000000,4.31,4.5693,4.24,4.34,106562,0
PSTX.US,D,20220208,000000,4.31,4.3475,4.125,4.19,96466,0
PSTX.US,D,20220209,000000,4.2,4.292,4.1,4.2,184949,0
PSTX.US,D,20220210,000000,4.17,4.18,4.02,4.1,177522,0
PSTX.US,D,20220211,000000,4.19,4.19,3.905,3.95,140886,0
PSTX.US,D,20220214,000000,4.02,4.02,3.74,3.82,97561,0
PSTX.US,D,20220215,000000,3.86,4.07,3.8,4.02,173935,0
PSTX.US,D,20220216,000000,4.04,4.22,3.95,4.21,145886,0
PSTX.US,D,20220217,000000,4.21,4.25,3.52,3.57,332590,0
PSTX.US,D,20220218,000000,3.49,4.0253,3.49,3.93,315371,0
PSTX.US,D,20220222,000000,4,4.01,3.535,3.62,125414,0
PSTX.US,D,20220223,000000,3.67,3.67,3.52,3.525,98395,0
PSTX.US,D,20220224,000000,3.44,3.59,3.28,3.56,172107,0
PSTX.US,D,20220225,000000,3.59,3.86,3.32,3.84,398434,0
PSTX.US,D,20220228,000000,3.76,3.91,3.525,3.65,409626,0
PSTX.US,D,20220301,000000,3.61,3.71,3.4,3.42,131512,0
PSTX.US,D,20220302,000000,3.47,3.47,3.21,3.27,147890,0
PSTX.US,D,20220303,000000,3.34,3.3773,3.2,3.35,114228,0
PSTX.US,D,20220304,000000,3.27,3.3499,3.24,3.3,136720,0
PSTX.US,D,20220307,000000,3.37,3.37,3.14,3.22,102264,0
PSTX.US,D,20220308,000000,3.26,3.505,3.1,3.37,83684,0
PSTX.US,D,20220309,000000,3.44,3.67,3.37,3.63,104950,0
PSTX.US,D,20220310,000000,3.53,3.61,3.25,3.5,162136,0
PSTX.US,D,20220311,000000,3.57,4.05,3.57,3.83,187132,0
PSTX.US,D,20220314,000000,3.85,3.8673,3.63,3.78,126708,0
PSTX.US,D,20220315,000000,3.87,3.87,3.65,3.81,99612,0
PSTX.US,D,20220316,000000,3.87,4.0427,3.83,3.98,115057,0
PSTX.US,D,20220317,000000,3.9,4.29,3.9,4.28,136012,0
PSTX.US,D,20220318,000000,4.21,4.8,4.16,4.76,271914,0
PSTX.US,D,20220321,000000,4.88,4.93,4.47,4.68,201723,0
PSTX.US,D,20220322,000000,4.66,4.89,4.46,4.81,190292,0
PSTX.US,D,20220323,000000,4.87,4.93,4.551,4.68,110012,0
PSTX.US,D,20220324,000000,4.64,5.035,4.18,5.03,98819,0
PSTX.US,D,20220325,000000,4.88,4.97,4.6629,4.71,121885,0
PSTX.US,D,20220328,000000,4.86,4.86,4.23,4.38,134842,0
PSTX.US,D,20220329,000000,4.45,4.65,4.36,4.63,80679,0
PSTX.US,D,20220330,000000,4.62,4.68,4.42,4.42,54871,0
PSTX.US,D,20220331,000000,4.38,4.59,4.2631,4.48,78154,0
PSTX.US,D,20220401,000000,4.52,4.78,4.42,4.74,104813,0
PSTX.US,D,20220404,000000,4.76,5.05,4.7599,4.91,112402,0
PSTX.US,D,20220405,000000,5.11,5.3,4.8031,5,161295,0
PSTX.US,D,20220406,000000,4.93,5.08,4.67,4.95,111180,0
PSTX.US,D,20220407,000000,4.93,5.04,4.62,4.71,84573,0
PSTX.US,D,20220408,000000,4.73,4.78,4.34,4.37,84513,0
PSTX.US,D,20220411,000000,4.34,4.45,4.2,4.22,59337,0
PSTX.US,D,20220412,000000,4.23,4.41,4.2,4.25,79116,0
PSTX.US,D,20220413,000000,4.27,4.405,4.22,4.32,122140,0
PSTX.US,D,20220414,000000,4.34,4.39,4.03,4.07,91637,0
PSTX.US,D,20220418,000000,4.04,4.06,3.62,3.63,113634,0
PSTX.US,D,20220419,000000,3.68,3.68,3.275,3.37,160970,0
PSTX.US,D,20220420,000000,3.35,3.41,3.15,3.22,167908,0
PSTX.US,D,20220421,000000,3.24,3.2899,3.045,3.07,233380,0
PSTX.US,D,20220422,000000,3.12,3.27,3,3.12,173663,0
PSTX.US,D,20220425,000000,3.14,3.25,3.0875,3.17,106119,0
PSTX.US,D,20220426,000000,3.14,3.14,2.92,2.98,148704,0
PSTX.US,D,20220427,000000,3.06,3.17,2.96,2.97,137527,0
PSTX.US,D,20220428,000000,2.99,3.08,2.88,3.06,148432,0
PSTX.US,D,20220429,000000,3.05,3.2189,2.98,3.09,114707,0
PSTX.US,D,20220502,000000,3.08,3.45,3.03,3.18,588903,0
PSTX.US,D,20220503,000000,3.18,3.41,3.09,3.16,312555,0
PSTX.US,D,20220504,000000,3.16,3.3,2.815,3.04,643333,0
PSTX.US,D,20220505,000000,2.98,3.1,2.64,2.75,499941,0
PSTX.US,D,20220506,000000,2.69,2.71,2.37,2.47,331783,0
PSTX.US,D,20220509,000000,2.37,2.4353,2.04,2.11,390724,0
PSTX.US,D,20220510,000000,2.09,2.33,2.0832,2.16,321043,0
PSTX.US,D,20220511,000000,2.2,2.23,1.835,1.87,306753,0
PSTX.US,D,20220512,000000,1.86,1.97,1.83,1.87,139660,0
PSTX.US,D,20220513,000000,1.94,2.255,1.85,2.18,339028,0
PSTX.US,D,20220516,000000,2.17,2.31,2.08,2.18,218301,0
PSTX.US,D,20220517,000000,2.24,2.31,2.19,2.23,146329,0
PSTX.US,D,20220518,000000,2.15,2.1806,2,2,137777,0
PSTX.US,D,20220519,000000,2,2.175,1.99,2.02,179830,0
PSTX.US,D,20220520,000000,2.05,2.16,2,2.1,177270,0
PSTX.US,D,20220523,000000,2.13,2.18,2.05,2.09,83778,0
PSTX.US,D,20220524,000000,2.11,2.13,1.97,1.99,142816,0
PSTX.US,D,20220525,000000,2.09,2.12,1.82,1.97,189408,0
PSTX.US,D,20220526,000000,2.01,2.04,1.94,2,67245,0
PSTX.US,D,20220527,000000,2.02,2.21,1.93,2.15,147303,0
PSTX.US,D,20220531,000000,2.22,2.33,2.04,2.27,259964,0
PSTX.US,D,20220601,000000,2.25,2.29,2.02,2.06,111471,0
PSTX.US,D,20220602,000000,2.09,2.1,2.015,2.06,77454,0
PSTX.US,D,20220603,000000,2.04,2.14,1.995,2.11,177647,0
PSTX.US,D,20220606,000000,2.11,2.18,1.96,2.11,148711,0
PSTX.US,D,20220607,000000,2.07,2.72,2.05,2.66,259004,0
PSTX.US,D,20220608,000000,2.68,2.8,2.51,2.63,216429,0
PSTX.US,D,20220609,000000,2.71,2.76,2.46,2.75,201110,0
PSTX.US,D,20220610,000000,2.68,2.68,2.265,2.37,130081,0
PSTX.US,D,20220613,000000,2.29,2.335,2.035,2.15,138564,0
PSTX.US,D,20220614,000000,2.17,2.2701,2,2.09,87744,0
PSTX.US,D,20220615,000000,2.13,2.27,2.03,2.18,84090,0
PSTX.US,D,20220616,000000,2.13,2.14,1.955,2.01,137233,0
PSTX.US,D,20220617,000000,2.01,2.1,2.01,2.05,178775,0
PSTX.US,D,20220621,000000,2.09,2.21,1.96,2,321238,0
PSTX.US,D,20220622,000000,1.95,2.28,1.95,2.1,329737,0
PSTX.US,D,20220623,000000,2.12,2.39,2.06,2.3,427336,0
PSTX.US,D,20220624,000000,2.3,2.43,2.07,2.2,3508462,0
PSTX.US,D,20220627,000000,2.17,2.29,2.11,2.23,113654,0
PSTX.US,D,20220628,000000,2.28,2.49,2.18,2.35,188919,0
PSTX.US,D,20220629,000000,2.31,2.49,2.27,2.38,144382,0
PSTX.US,D,20220630,000000,2.38,2.6,2.33,2.58,257357,0
PSTX.US,D,20220701,000000,2.53,2.57,2.42,2.5,119140,0
PSTX.US,D,20220705,000000,2.46,2.6,2.43,2.51,169382,0
PSTX.US,D,20220706,000000,2.55,2.84,2.42,2.66,150349,0
PSTX.US,D,20220707,000000,2.65,2.89,2.55,2.85,229893,0
PSTX.US,D,20220708,000000,2.78,2.9,2.75,2.75,134865,0
PSTX.US,D,20220711,000000,2.75,2.8,2.51,2.54,83583,0
PSTX.US,D,20220712,000000,2.52,2.65,2.51,2.61,35452,0
PSTX.US,D,20220713,000000,2.54,2.825,2.53,2.75,173800,0
PSTX.US,D,20220714,000000,2.73,2.83,2.53,2.73,67713,0
PSTX.US,D,20220715,000000,2.72,2.83,2.66,2.73,84295,0
PSTX.US,D,20220718,000000,2.9,2.93,2.69,2.7,41112,0
PSTX.US,D,20220719,000000,2.78,2.96,2.6255,2.78,146329,0
PSTX.US,D,20220720,000000,2.7916,2.92,2.72,2.77,102220,0
PSTX.US,D,20220721,000000,2.75,2.89,2.72,2.85,43176,0
PSTX.US,D,20220722,000000,2.84,2.85,2.76,2.78,164622,0
PSTX.US,D,20220725,000000,2.76,2.8,2.6605,2.68,142016,0
PSTX.US,D,20220726,000000,2.69,2.7,2.57,2.65,74222,0
PSTX.US,D,20220727,000000,2.73,2.77,2.585,2.68,89704,0
PSTX.US,D,20220728,000000,2.66,2.66,2.51,2.51,138035,0
PSTX.US,D,20220729,000000,2.5,2.55,2.425,2.49,56860,0
PSTX.US,D,20220801,000000,2.51,2.55,2.4401,2.54,53914,0
PSTX.US,D,20220802,000000,2.48,2.57,2.41,2.43,79540,0
PSTX.US,D,20220803,000000,3.68,5.53,3.43,4.51,58371298,0
PSTX.US,D,20220804,000000,3.96,4.5,3.82,4.42,7866029,0
PSTX.US,D,20220805,000000,4.16,4.49,3.85,4.11,2912900,0
PSTX.US,D,20220808,000000,4.13,4.17,3.66,3.7,1936757,0
PSTX.US,D,20220809,000000,3.74,3.85,3.6,3.64,1236035,0
PSTX.US,D,20220810,000000,3.72,3.95,3.59,3.73,1047057,0
PSTX.US,D,20220811,000000,3.94,4.32,3.9,4.11,1512408,0
PSTX.US,D,20220812,000000,4.04,4.55,3.91,4.4,1084956,0
PSTX.US,D,20220815,000000,4.32,4.47,4.17,4.3,631170,0
PSTX.US,D,20220816,000000,4.34,4.49,4.2526,4.34,559709,0
PSTX.US,D,20220817,000000,4.31,4.4106,4.15,4.17,544073,0
PSTX.US,D,20220818,000000,4.1,4.375,4.1,4.19,381423,0
PSTX.US,D,20220819,000000,4.18,4.25,4.1,4.12,262186,0
PSTX.US,D,20220822,000000,4.1,4.16,3.63,3.65,546008,0
PSTX.US,D,20220823,000000,3.73,3.78,3.61,3.64,245888,0
PSTX.US,D,20220824,000000,3.61,3.85,3.45,3.45,525151,0
PSTX.US,D,20220825,000000,3.49,3.63,3.4,3.55,372973,0
PSTX.US,D,20220826,000000,3.58,3.69,3.45,3.48,302477,0
PSTX.US,D,20220829,000000,3.46,3.47,3.21,3.31,695547,0
PSTX.US,D,20220830,000000,3.35,3.395,3.13,3.13,358198,0
PSTX.US,D,20220831,000000,3.19,3.38,3.19,3.31,421681,0
PSTX.US,D,20220901,000000,3.33,3.53,3.16,3.53,380202,0
PSTX.US,D,20220902,000000,3.53,3.63,3.45,3.49,206811,0
PSTX.US,D,20220906,000000,3.47,3.49,3.27,3.39,267887,0
PSTX.US,D,20220907,000000,3.37,3.75,3.37,3.75,206500,0
PSTX.US,D,20220908,000000,3.6,3.87,3.552,3.86,156314,0
PSTX.US,D,20220909,000000,3.9,3.9,3.68,3.69,340166,0
PSTX.US,D,20220912,000000,3.72,3.72,3.5,3.62,673778,0
PSTX.US,D,20220913,000000,3.57,3.6,3.42,3.44,282473,0
PSTX.US,D,20220914,000000,3.42,3.545,3.36,3.47,221195,0
PSTX.US,D,20220915,000000,3.46,3.67,3.415,3.64,654437,0
PSTX.US,D,20220916,000000,3.54,3.6,3.33,3.55,1733260,0
PSTX.US,D,20220919,000000,3.41,3.5,3.34,3.39,218919,0
PSTX.US,D,20220920,000000,3.36,3.49,3.27,3.29,253015,0
PSTX.US,D,20220921,000000,3.28,3.36,3.19,3.23,242197,0
PSTX.US,D,20220922,000000,3.15,3.2,3.0201,3.11,237615,0
PSTX.US,D,20220923,000000,3.04,3.09,2.95,3.02,176501,0
PSTX.US,D,20220926,000000,3.06,3.09,2.94,3.08,233983,0
PSTX.US,D,20220927,000000,3.09,3.1965,3.035,3.14,168594,0
PSTX.US,D,20220928,000000,3.18,3.46,3.15,3.43,361386,0
PSTX.US,D,20220929,000000,3.34,3.34,3.2,3.25,192477,0
PSTX.US,D,20220930,000000,3.26,3.54,3.26,3.53,298707,0
PSTX.US,D,20221003,000000,3.53,3.55,3.32,3.33,163410,0
PSTX.US,D,20221004,000000,3.41,3.53,3.39,3.5,220382,0
PSTX.US,D,20221005,000000,3.46,3.75,3.4,3.72,207896,0
PSTX.US,D,20221006,000000,3.83,4.14,3.7401,4.13,573401,0
PSTX.US,D,20221007,000000,3.91,4.64,3.86,4.2,882205,0
PSTX.US,D,20221010,000000,4.15,4.3,3.955,4,243963,0
PSTX.US,D,20221011,000000,3.97,3.97,3.62,3.82,256704,0
PSTX.US,D,20221012,000000,3.81,4.07,3.71,4.06,333267,0
PSTX.US,D,20221013,000000,3.89,4.38,3.89,4.36,373957,0
PSTX.US,D,20221014,000000,4.32,4.61,4.24,4.3,309817,0
PSTX.US,D,20221017,000000,4.24,4.4,4.18,4.32,295165,0
PSTX.US,D,20221018,000000,4.38,4.44,4.22,4.26,93059,0
PSTX.US,D,20221019,000000,4.2,4.59,4.17,4.21,119598,0
PSTX.US,D,20221020,000000,4.2,4.29,3.78,3.79,188454,0
PSTX.US,D,20221021,000000,3.74,3.96,3.72,3.89,167839,0
PSTX.US,D,20221024,000000,3.94,3.94,3.66,3.68,87005,0
PSTX.US,D,20221025,000000,3.71,3.98,3.71,3.91,156675,0
PSTX.US,D,20221026,000000,3.86,4.1,3.86,4.06,130584,0
PSTX.US,D,20221027,000000,4.11,4.17,3.965,4.02,51359,0
PSTX.US,D,20221028,000000,3.99,4.21,3.99,4.19,80840,0
PSTX.US,D,20221031,000000,4.15,4.29,4.1,4.1,118980,0
PSTX.US,D,20221101,000000,4.24,4.34,4.04,4.14,218553,0
PSTX.US,D,20221102,000000,4.14,4.15,3.8,3.82,175329,0
PSTX.US,D,20221103,000000,3.8,4.09,3.76,4.06,198588,0
PSTX.US,D,20221104,000000,4.08,4.24,4.07,4.23,123020,0
PSTX.US,D,20221107,000000,4.22,4.54,4,4.45,246953,0
PSTX.US,D,20221108,000000,4.43,4.86,4.22,4.48,400401,0
PSTX.US,D,20221109,000000,4.38,4.535,4.2606,4.31,220851,0
PSTX.US,D,20221110,000000,4.49,4.65,4.1444,4.5,363232,0
PSTX.US,D,20221111,000000,4.73,5.2,4.66,4.76,974467,0
PSTX.US,D,20221114,000000,4.82,5.1,4.7,4.81,671022,0
PSTX.US,D,20221115,000000,4.92,5.029,4.66,4.81,483960,0
PSTX.US,D,20221116,000000,4.81,4.9348,4.4,4.48,1061217,0
PSTX.US,D,20221117,000000,4.39,4.52,4.25,4.52,605089,0
PSTX.US,D,20221118,000000,4.52,4.79,4.11,4.18,809726,0
PSTX.US,D,20221121,000000,4.09,4.27,4.05,4.16,257278,0
PSTX.US,D,20221122,000000,4.19,4.445,4.09,4.38,467718,0
PSTX.US,D,20221123,000000,4.36,4.39,4.21,4.36,613004,0
PSTX.US,D,20221125,000000,4.32,4.53,4.235,4.36,152034,0
PSTX.US,D,20221128,000000,4.34,4.41,4.02,4.08,549794,0
PSTX.US,D,20221129,000000,4.09,4.52,4.08,4.45,1198624,0
PSTX.US,D,20221130,000000,4.51,4.7399,4.365,4.56,798953,0
PSTX.US,D,20221201,000000,4.62,4.98,4.5,4.77,999658,0
PSTX.US,D,20221202,000000,4.52,4.94,4.43,4.92,555711,0
PSTX.US,D,20221205,000000,4.92,5.1499,4.8768,5.1,427544,0
PSTX.US,D,20221206,000000,5.06,5.31,4.765,4.83,583861,0
PSTX.US,D,20221207,000000,4.75,5.11,4.75,5.02,447037,0
PSTX.US,D,20221208,000000,5.12,5.89,4.855,5.75,912962,0
PSTX.US,D,20221209,000000,5.73,5.79,5.5801,5.7,485234,0
PSTX.US,D,20221212,000000,5.7,5.71,5.37,5.53,564216,0
PSTX.US,D,20221213,000000,5.7,5.78,5.4601,5.6,896633,0
PSTX.US,D,20221214,000000,5.57,6.43,5.5146,6.38,740487,0
PSTX.US,D,20221215,000000,6.36,6.36,6,6.22,487915,0
PSTX.US,D,20221216,000000,6.09,6.16,5.7,5.91,682683,0
PSTX.US,D,20221219,000000,5.77,5.93,5.26,5.28,657262,0
PSTX.US,D,20221220,000000,5.23,5.23,4.74,5.16,718952,0
PSTX.US,D,20221221,000000,5.17,5.6,5.03,5.29,620398,0
PSTX.US,D,20221222,000000,5.2,5.24,4.93,5.14,353047,0
PSTX.US,D,20221223,000000,5.21,5.2596,4.83,5.13,428805,0
PSTX.US,D,20221227,000000,5.2,5.255,4.87,4.89,284452,0
PSTX.US,D,20221228,000000,4.95,5.145,4.9241,5.085,261627,0
PSTX.US,D,20221229,000000,5.11,5.35,5.1024,5.23,395247,0
PSTX.US,D,20221230,000000,5.17,5.33,5.1265,5.3,754060,0
PSTX.US,D,20230103,000000,5.52,5.92,5.38,5.79,553632,0
PSTX.US,D,20230104,000000,6.01,6.78,6.01,6.63,916338,0
PSTX.US,D,20230105,000000,6.53,6.675,6.32,6.6,457799,0
PSTX.US,D,20230106,000000,6.64,7.03,6.4,6.69,427460,0
PSTX.US,D,20230109,000000,6.77,6.77,6.27,6.3,371569,0
PSTX.US,D,20230110,000000,6.32,6.5699,6.24,6.53,429142,0
PSTX.US,D,20230111,000000,6.55,6.61,6.31,6.46,480991,0
PSTX.US,D,20230112,000000,6.49,6.94,6.375,6.88,414648,0
PSTX.US,D,20230113,000000,6.85,7.11,6.5,7.04,396754,0
PSTX.US,D,20230117,000000,7,7.24,6.91,7.19,562956,0
PSTX.US,D,20230118,000000,7.23,7.4202,6.87,6.9,349355,0
PSTX.US,D,20230119,000000,6.85,7.24,6.64,7.11,254300,0
PSTX.US,D,20230120,000000,7.21,7.54,7.15,7.48,336118,0
PSTX.US,D,20230123,000000,7.5,7.64,7.23,7.26,477356,0
PSTX.US,D,20230124,000000,7.25,7.55,7.115,7.49,309469,0
PSTX.US,D,20230125,000000,7.53,7.58,6.82,7.28,401143,0
PSTX.US,D,20230126,000000,7.44,7.51,7.23,7.32,184639,0
PSTX.US,D,20230127,000000,7.32,7.47,7.16,7.35,268019,0
PSTX.US,D,20230130,000000,7.31,7.31,6.61,6.7,430629,0
PSTX.US,D,20230131,000000,6.71,7.1176,6.71,6.96,381382,0
PSTX.US,D,20230201,000000,6.89,7.07,6.245,7,617771,0
PSTX.US,D,20230202,000000,7.13,7.73,7.0601,7.66,463297,0
PSTX.US,D,20230203,000000,7.65,8.03,7.59,8.03,429412,0
PSTX.US,D,20230206,000000,8.03,8.34,7.75,8.25,516031,0
PSTX.US,D,20230207,000000,8.33,8.73,8.24,8.73,573167,0
PSTX.US,D,20230208,000000,8.71,8.82,8.32,8.42,553907,0
PSTX.US,D,20230209,000000,8.53,8.5685,7.9175,8.24,580859,0
PSTX.US,D,20230210,000000,8.15,8.15,7.378,7.52,638815,0
PSTX.US,D,20230213,000000,7.57,7.9599,7.43,7.5,482195,0
PSTX.US,D,20230214,000000,7.44,7.91,7.33,7.7,640134,0
PSTX.US,D,20230215,000000,7.69,7.9286,6.86,7.08,683121,0
PSTX.US,D,20230216,000000,6.97,7.11,6.81,6.88,438467,0
PSTX.US,D,20230217,000000,6.79,7.005,6.5874,6.93,576169,0
PSTX.US,D,20230221,000000,6.85,7.31,6.54,6.6,526891,0
PSTX.US,D,20230222,000000,6.6,6.7688,6.335,6.42,817963,0
PSTX.US,D,20230223,000000,6.48,6.61,5.93,6.01,1088638,0
PSTX.US,D,20230224,000000,5.9,6.055,5.82,5.84,678258,0
PSTX.US,D,20230227,000000,5.89,5.975,5.6801,5.73,1119609,0
PSTX.US,D,20230228,000000,5.74,5.82,5.6,5.69,2484638,0
PSTX.US,D,20230301,000000,5.7,5.78,5.33,5.35,1046037,0
PSTX.US,D,20230302,000000,5.3,5.3,5.01,5.25,894438,0
PSTX.US,D,20230303,000000,5.24,5.55,5.18,5.5,765145,0
PSTX.US,D,20230306,000000,5.51,5.51,5.31,5.33,453470,0
PSTX.US,D,20230307,000000,5.39,5.55,5.22,5.46,817500,0
PSTX.US,D,20230308,000000,5.37,5.46,5.3,5.44,586328,0
PSTX.US,D,20230309,000000,5.44,5.48,4.89,5.05,1003848,0
PSTX.US,D,20230310,000000,5.06,5.09,3.93,4.1,1660170,0
PSTX.US,D,20230313,000000,4.01,4.51,4.01,4.32,1032046,0
PSTX.US,D,20230314,000000,4.46,4.52,4.28,4.36,654533,0
PSTX.US,D,20230315,000000,4.26,4.35,4.13,4.16,551557,0
PSTX.US,D,20230316,000000,4.12,4.25,4.0408,4.19,464010,0
PSTX.US,D,20230317,000000,4.12,4.215,3.92,4.03,890613,0
PSTX.US,D,20230320,000000,3.92,3.98,3.7651,3.89,510767,0
PSTX.US,D,20230321,000000,3.9,4.205,3.85,4.05,690049,0
PSTX.US,D,20230322,000000,4.04,4.09,3.71,3.73,447226,0
PSTX.US,D,20230323,000000,3.76,3.99,3.57,3.65,445797,0
PSTX.US,D,20230324,000000,3.62,3.78,3.42,3.52,1023127,0
PSTX.US,D,20230327,000000,3.53,3.59,3.335,3.37,1067679,0
PSTX.US,D,20230328,000000,3.37,3.47,3.16,3.18,523326,0
PSTX.US,D,20230329,000000,3.21,3.38,3.16,3.28,675115,0
PSTX.US,D,20230330,000000,3.3,3.43,2.95,3.12,486097,0
PSTX.US,D,20230331,000000,3.14,3.24,3.0725,3.08,1106909,0
PSTX.US,D,20230403,000000,3.09,3.11,2.98,3.02,668278,0
PSTX.US,D,20230404,000000,3.02,3.08,2.765,2.79,734081,0
PSTX.US,D,20230405,000000,2.79,2.87,2.76,2.78,543282,0
PSTX.US,D,20230406,000000,2.79,2.88,2.75,2.85,671840,0
PSTX.US,D,20230410,000000,2.84,2.86,2.66,2.69,715269,0
PSTX.US,D,20230411,000000,2.71,2.73,2.58,2.62,456897,0
PSTX.US,D,20230412,000000,2.64,2.67,2.45,2.47,396774,0
PSTX.US,D,20230413,000000,2.53,2.57,2.31,2.41,2542884,0
PSTX.US,D,20230414,000000,2.43,2.49,2.23,2.25,914712,0
PSTX.US,D,20230417,000000,2.24,2.38,2.19,2.26,1299503,0
PSTX.US,D,20230418,000000,2.25,2.435,2.21,2.41,959858,0
PSTX.US,D,20230419,000000,2.36,2.725,2.35,2.68,871688,0
PSTX.US,D,20230420,000000,2.68,2.8,2.59,2.66,546388,0
PSTX.US,D,20230421,000000,2.66,2.86,2.61,2.85,661915,0
PSTX.US,D,20230424,000000,2.93,2.9496,2.68,2.76,651016,0
PSTX.US,D,20230425,000000,2.78,2.875,2.47,2.55,745163,0
PSTX.US,D,20230426,000000,2.55,2.63,2.44,2.45,369703,0
PSTX.US,D,20230427,000000,2.45,2.5,2.395,2.41,366477,0
PSTX.US,D,20230428,000000,2.37,2.68,2.3551,2.64,636505,0
PSTX.US,D,20230501,000000,2.65,2.81,2.6,2.76,446314,0
PSTX.US,D,20230502,000000,2.73,2.79,2.6,2.66,480124,0
PSTX.US,D,20230503,000000,2.66,2.825,2.64,2.72,437153,0
PSTX.US,D,20230504,000000,2.74,3.05,2.7399,2.98,489527,0
PSTX.US,D,20230505,000000,3,3.43,3,3.27,725445,0
PSTX.US,D,20230508,000000,3.31,3.435,3.12,3.38,572109,0
PSTX.US,D,20230509,000000,3.39,3.445,3.18,3.4,461544,0
PSTX.US,D,20230510,000000,3.33,3.52,3.3,3.39,482902,0
PSTX.US,D,20230511,000000,3.38,3.43,3.05,3.085,603875,0
PSTX.US,D,20230512,000000,3.08,3.08,2.755,2.91,852253,0
PSTX.US,D,20230515,000000,2.9,3.1001,2.86,2.95,466844,0
PSTX.US,D,20230516,000000,2.92,2.94,2.78,2.9,438455,0
PSTX.US,D,20230517,000000,2.93,2.93,2.67,2.7,496797,0
PSTX.US,D,20230518,000000,2.71,2.8611,2.44,2.52,526653,0
PSTX.US,D,20230519,000000,2.53,2.71,2.53,2.58,606510,0
PSTX.US,D,20230522,000000,2.56,2.925,2.53,2.82,658827,0
PSTX.US,D,20230523,000000,2.8,2.94,2.79,2.8,534197,0
PSTX.US,D,20230524,000000,2.83,2.83,2.48,2.55,421261,0
PSTX.US,D,20230525,000000,2.6,2.619,2.25,2.36,542017,0
PSTX.US,D,20230526,000000,2.35,2.42,2.27,2.38,268474,0
PSTX.US,D,20230530,000000,2.38,2.45,2.31,2.43,426128,0
PSTX.US,D,20230531,000000,2.43,2.52,2.22,2.27,1194815,0
PSTX.US,D,20230601,000000,2.29,2.335,2.2,2.28,452401,0
PSTX.US,D,20230602,000000,2.36,2.445,2.21,2.42,590720,0
PSTX.US,D,20230605,000000,2.41,2.5609,2.41,2.55,426735,0
PSTX.US,D,20230606,000000,2.56,2.63,2.37,2.41,551426,0
PSTX.US,D,20230607,000000,2.4,2.5,2.33,2.38,396789,0
PSTX.US,D,20230608,000000,2.36,2.43,2.3,2.31,342132,0
PSTX.US,D,20230609,000000,2.32,2.35,2.18,2.2,759028,0
PSTX.US,D,20230612,000000,2.2,2.29,2.15,2.18,544029,0
PSTX.US,D,20230613,000000,2.24,2.45,2.215,2.4,1181327,0
PSTX.US,D,20230614,000000,2.43,2.55,2.3001,2.41,836153,0
PSTX.US,D,20230615,000000,2.37,2.54,2.34,2.47,589182,0
PSTX.US,D,20230616,000000,2.51,2.53,2.34,2.35,613447,0
PSTX.US,D,20230620,000000,2.33,2.42,2.2827,2.39,982638,0
PSTX.US,D,20230621,000000,2.42,2.42,2.15,2.295,1113466,0
PSTX.US,D,20230622,000000,2.31,2.53,2.2175,2.5,755209,0
PSTX.US,D,20230623,000000,2.43,2.46,2.27,2.35,10544247,0
PSTX.US,D,20230626,000000,2.28,2.34,2.03,2.09,1212335,0
PSTX.US,D,20230627,000000,2.1,2.1,1.77,1.79,1610565,0
PSTX.US,D,20230628,000000,1.77,1.92,1.755,1.795,1204565,0
PSTX.US,D,20230629,000000,1.78,1.809,1.54,1.66,1813476,0
PSTX.US,D,20230630,000000,1.7,1.82,1.7,1.76,1105835,0
PSTX.US,D,20230703,000000,1.76,1.81,1.71,1.73,636910,0
PSTX.US,D,20230705,000000,1.88,2.1282,1.58,1.7,3729446,0
PSTX.US,D,20230706,000000,1.71,1.74,1.595,1.68,1207756,0
PSTX.US,D,20230707,000000,1.67,1.98,1.67,1.95,1041601,0
PSTX.US,D,20230710,000000,1.94,2.3,1.93,2.11,1252634,0
PSTX.US,D,20230711,000000,2.11,2.11,1.91,1.94,780592,0
PSTX.US,D,20230712,000000,1.96,1.985,1.88,1.95,597162,0
PSTX.US,D,20230713,000000,2,2.09,1.969,1.99,443817,0
PSTX.US,D,20230714,000000,1.98,2.01,1.865,1.9,638405,0
PSTX.US,D,20230717,000000,1.9,1.965,1.8601,1.92,320614,0
PSTX.US,D,20230718,000000,1.93,2.05,1.91,1.95,440922,0
PSTX.US,D,20230719,000000,1.96,2.15,1.96,2.06,465970,0
PSTX.US,D,20230720,000000,2.05,2.05,1.91,1.93,495863,0
PSTX.US,D,20230721,000000,1.95,1.99,1.86,1.95,446484,0
PSTX.US,D,20230724,000000,1.97,1.97,1.8,1.805,500476,0
PSTX.US,D,20230725,000000,1.8,1.82,1.69,1.69,444266,0
PSTX.US,D,20230726,000000,1.69,1.74,1.65,1.715,433975,0
PSTX.US,D,20230727,000000,1.72,1.73,1.63,1.64,628310,0
PSTX.US,D,20230728,000000,1.69,1.74,1.65,1.72,359063,0
PSTX.US,D,20230731,000000,1.73,1.8,1.71,1.73,500673,0
PSTX.US,D,20230801,000000,1.73,1.74,1.67,1.7,516773,0
PSTX.US,D,20230802,000000,1.66,1.7,1.62,1.65,347638,0
PSTX.US,D,20230803,000000,1.65,1.67,1.6,1.62,465632,0
PSTX.US,D,20230804,000000,1.6,1.69,1.6,1.63,328789,0
PSTX.US,D,20230807,000000,2.16,2.69,1.93,1.98,11495948,0
PSTX.US,D,20230808,000000,1.93,2.25,1.92,1.98,2243446,0
PSTX.US,D,20230809,000000,1.97,2.745,1.97,2.73,4844709,0
PSTX.US,D,20230810,000000,2.66,3.005,2.62,2.68,2787794,0
PSTX.US,D,20230811,000000,2.68,2.84,2.44,2.79,1449241,0
PSTX.US,D,20230814,000000,2.77,2.77,2.505,2.62,765413,0
PSTX.US,D,20230815,000000,2.58,2.64,2.505,2.54,438407,0
PSTX.US,D,20230816,000000,2.48,2.655,2.425,2.54,663964,0
PSTX.US,D,20230817,000000,2.54,2.685,2.43,2.63,548061,0
PSTX.US,D,20230818,000000,2.59,2.64,2.44,2.47,602617,0
PSTX.US,D,20230821,000000,2.51,2.51,2.315,2.39,535435,0
PSTX.US,D,20230822,000000,2.39,2.53,2.37,2.52,300608,0
PSTX.US,D,20230823,000000,2.54,2.69,2.51,2.59,470274,0
PSTX.US,D,20230824,000000,2.58,2.71,2.33,2.35,489580,0
PSTX.US,D,20230825,000000,2.37,2.38,2.08,2.1,842060,0
PSTX.US,D,20230828,000000,2.12,2.275,2.1001,2.25,450104,0
PSTX.US,D,20230829,000000,2.22,2.275,2.195,2.21,264910,0
PSTX.US,D,20230830,000000,2.21,2.23,2.14,2.16,306773,0
PSTX.US,D,20230831,000000,2.17,2.18,2.085,2.09,341040,0
PSTX.US,D,20230901,000000,2.08,2.19,2.08,2.12,400168,0
PSTX.US,D,20230905,000000,2.12,2.1699,2.06,2.07,310665,0
PSTX.US,D,20230906,000000,2.06,2.12,2.01,2.11,465924,0
PSTX.US,D,20230907,000000,2.08,2.18,2.0396,2.15,369084,0
PSTX.US,D,20230908,000000,2.15,2.18,2.1,2.16,425530,0
PSTX.US,D,20230911,000000,2.19,2.24,2.14,2.23,399756,0
PSTX.US,D,20230912,000000,2.23,2.305,2.19,2.2,325555,0
PSTX.US,D,20230913,000000,2.2,2.25,2.07,2.07,473014,0
PSTX.US,D,20230914,000000,2.14,2.14,2.065,2.11,234367,0
PSTX.US,D,20230915,000000,2.21,2.21,2.03,2.04,939405,0
PSTX.US,D,20230918,000000,2.02,2.055,1.99,2,445008,0
PSTX.US,D,20230919,000000,1.99,2.02,1.91,1.92,386891,0
PSTX.US,D,20230920,000000,1.93,1.96,1.88,1.95,435102,0
PSTX.US,D,20230921,000000,1.86,2.01,1.855,1.96,405612,0
PSTX.US,D,20230922,000000,1.95,1.98,1.9,1.9,395847,0
PSTX.US,D,20230925,000000,1.9,2.1,1.88,2.09,388295,0
PSTX.US,D,20230926,000000,2.06,2.38,2.06,2.375,656986,0
PSTX.US,D,20230927,000000,2.38,2.76,2.38,2.445,2223471,0
PSTX.US,D,20230928,000000,2.44,2.59,2.41,2.45,819144,0
PSTX.US,D,20230929,000000,2.48,2.52,2.28,2.38,493557,0
PSTX.US,D,20231002,000000,2.38,2.385,2.22,2.29,383184,0
PSTX.US,D,20231003,000000,2.27,2.27,2.15,2.25,282055,0
PSTX.US,D,20231004,000000,2.18,2.26,2.15,2.19,279017,0
PSTX.US,D,20231005,000000,2.17,2.3199,2.16,2.31,328118,0
PSTX.US,D,20231006,000000,2.3,2.35,2.2,2.34,235351,0
PSTX.US,D,20231009,000000,2.32,2.33,2.23,2.25,236604,0
PSTX.US,D,20231010,000000,2.24,2.39,2.17,2.26,388935,0
PSTX.US,D,20231011,000000,2.28,2.315,2.18,2.26,373624,0
PSTX.US,D,20231012,000000,2.26,2.355,2.14,2.16,330439,0
PSTX.US,D,20231013,000000,2.17,2.355,2.0387,2.34,490340,0
PSTX.US,D,20231016,000000,2.38,2.55,2.305,2.49,450863,0
PSTX.US,D,20231017,000000,2.51,2.555,2.37,2.4,473591,0
PSTX.US,D,20231018,000000,2.4,2.43,2.26,2.33,432842,0
PSTX.US,D,20231019,000000,2.34,2.41,2.27,2.37,349384,0
PSTX.US,D,20231020,000000,2.37,2.57,2.33,2.35,863417,0
PSTX.US,D,20231023,000000,2.31,2.36,2.09,2.1,788918,0
PSTX.US,D,20231024,000000,2.13,2.19,2.07,2.1,260985,0
PSTX.US,D,20231025,000000,2.09,2.17,2.01,2.1,351715,0
PSTX.US,D,20231026,000000,2.13,2.16,1.99,1.99,535292,0
PSTX.US,D,20231027,000000,2,2.03,1.83,1.83,436040,0
PSTX.US,D,20231030,000000,1.83,2.07,1.83,2.03,522628,0
PSTX.US,D,20231031,000000,2.02,2.135,1.95,2.02,659214,0
PSTX.US,D,20231101,000000,2.03,2.09,1.965,2.07,430599,0
PSTX.US,D,20231102,000000,2.1,2.19,2.05,2.18,415736,0
PSTX.US,D,20231103,000000,2.24,2.485,2.24,2.45,580162,0
PSTX.US,D,20231106,000000,2.49,2.55,2.35,2.41,548031,0
PSTX.US,D,20231107,000000,2.39,2.54,2.39,2.44,363764,0
PSTX.US,D,20231108,000000,2.43,2.43,2.24,2.28,241863,0
PSTX.US,D,20231109,000000,2.3,2.36,2.175,2.2,316958,0
PSTX.US,D,20231110,000000,2.14,2.235,2.04,2.19,462597,0
PSTX.US,D,20231113,000000,2.19,2.2,2.06,2.1,496105,0
PSTX.US,D,20231114,000000,2.21,2.36,2.21,2.35,437727,0
PSTX.US,D,20231115,000000,2.3,2.44,2.2,2.21,711834,0
PSTX.US,D,20231116,000000,2.2,2.22,2.055,2.15,575552,0
PSTX.US,D,20231117,000000,2.15,2.28,2.085,2.27,620883,0
PSTX.US,D,20231120,000000,2.23,2.79,2.23,2.735,1041521,0
PSTX.US,D,20231121,000000,2.72,2.72,2.555,2.61,463440,0
PSTX.US,D,20231122,000000,2.65,2.78,2.5443,2.61,517563,0
PSTX.US,D,20231124,000000,2.59,2.86,2.59,2.85,435042,0
PSTX.US,D,20231127,000000,2.8,2.8,2.64,2.73,404237,0
PSTX.US,D,20231128,000000,2.64,2.71,2.59,2.65,424222,0
PSTX.US,D,20231129,000000,2.66,2.775,2.61,2.64,429065,0
PSTX.US,D,20231130,000000,2.66,2.74,2.625,2.67,451515,0
PSTX.US,D,20231201,000000,2.63,2.655,2.3819,2.64,444577,0
PSTX.US,D,20231204,000000,2.64,2.8699,2.6307,2.86,685786,0
PSTX.US,D,20231205,000000,2.78,3.015,2.7474,2.99,494940,0
PSTX.US,D,20231206,000000,3.02,3.13,3,3.06,400679,0
PSTX.US,D,20231207,000000,3.11,3.12,2.99,3.05,246123,0
PSTX.US,D,20231208,000000,3.09,3.2498,3,3.16,438621,0
PSTX.US,D,20231211,000000,3.84,4.2,2.6,2.85,18516817,0
PSTX.US,D,20231212,000000,2.63,2.8,2.41,2.5,1747240,0
PSTX.US,D,20231213,000000,2.44,2.93,2.44,2.88,1895094,0
PSTX.US,D,20231214,000000,2.93,3.18,2.92,3.04,1108617,0
PSTX.US,D,20231215,000000,3.05,3.26,2.92,3.24,1326798,0
PSTX.US,D,20231218,000000,3.23,3.45,3.16,3.39,863106,0
PSTX.US,D,20231219,000000,3.4,3.63,3.35,3.51,1129527,0
PSTX.US,D,20231220,000000,3.5,3.5,3.22,3.22,641708,0
PSTX.US,D,20231221,000000,3.29,3.41,3.27,3.41,478839,0
PSTX.US,D,20231222,000000,3.4,3.44,3.3111,3.36,324586,0
PSTX.US,D,20231226,000000,3.42,3.44,3.26,3.36,512867,0
PSTX.US,D,20231227,000000,3.37,3.45,3.25,3.39,320409,0
PSTX.US,D,20231228,000000,3.38,3.5,3.37,3.48,572259,0
PSTX.US,D,20231229,000000,3.47,3.47,3.26,3.36,402928,0
PSTX.US,D,20240102,000000,3.36,3.58,3.31,3.38,691369,0
PSTX.US,D,20240103,000000,3.37,3.38,3.17,3.18,466700,0
PSTX.US,D,20240104,000000,3.23,3.31,3.11,3.22,388506,0
PSTX.US,D,20240105,000000,3.2,3.22,3.03,3.17,386240,0
PSTX.US,D,20240108,000000,3.13,3.275,3.0701,3.23,445335,0
PSTX.US,D,20240109,000000,3.15,3.305,3.12,3.22,267273,0
PSTX.US,D,20240110,000000,3.22,3.29,3.145,3.19,350576,0
PSTX.US,D,20240111,000000,3.16,3.28,3.01,3.26,686691,0
PSTX.US,D,20240112,000000,3.26,3.31,2.955,3.05,556912,0
PSTX.US,D,20240116,000000,3.01,3.045,2.785,2.79,536815,0
PSTX.US,D,20240117,000000,2.77,2.84,2.665,2.83,648811,0
PSTX.US,D,20240118,000000,2.8,2.96,2.75,2.85,771600,0
PSTX.US,D,20240119,000000,2.88,2.8999,2.65,2.76,443643,0
PSTX.US,D,20240122,000000,2.77,3.01,2.705,3.01,437981,0
PSTX.US,D,20240123,000000,3.06,3.225,3.035,3.19,1271689,0
PSTX.US,D,20240124,000000,3.24,3.4,3.185,3.29,887906,0
PSTX.US,D,20240125,000000,3.3,3.42,3.18,3.24,468683,0
PSTX.US,D,20240126,000000,3.29,3.34,3.19,3.2,641104,0
PSTX.US,D,20240129,000000,3.21,3.21,3.13,3.19,971801,0
PSTX.US,D,20240130,000000,3.15,3.37,3.05,3.29,694353,0
PSTX.US,D,20240131,000000,3.29,3.6551,3.29,3.44,494548,0
PSTX.US,D,20240201,000000,3.44,3.45,3.2,3.41,627799,0
PSTX.US,D,20240202,000000,3.33,3.54,3.21,3.49,786107,0
PSTX.US,D,20240205,000000,3.44,3.5999,3.35,3.53,618162,0
PSTX.US,D,20240206,000000,3.59,3.935,3.455,3.79,2718251,0
PSTX.US,D,20240207,000000,3.8,3.82,3.32,3.325,873265,0
PSTX.US,D,20240208,000000,3.35,3.44,3.23,3.38,676690,0
PSTX.US,D,20240209,000000,3.38,3.65,3.38,3.6,701568,0
PSTX.US,D,20240212,000000,3.6,3.915,3.6,3.9,739729,0
PSTX.US,D,20240213,000000,3.75,3.75,3.49,3.64,820278,0
PSTX.US,D,20240214,000000,3.75,3.875,3.64,3.71,606979,0
PSTX.US,D,20240215,000000,3.76,3.825,3.59,3.7,529414,0
PSTX.US,D,20240216,000000,3.6,3.69,3.53,3.66,458276,0
PSTX.US,D,20240220,000000,3.66,3.71,3.485,3.51,413724,0
PSTX.US,D,20240221,000000,3.57,3.61,3.3,3.34,457890,0
PSTX.US,D,20240222,000000,3.34,3.36,3.19,3.22,403200,0
PSTX.US,D,20240223,000000,3.23,3.285,3.19,3.25,321769,0
PSTX.US,D,20240226,000000,3.22,3.465,3.187,3.46,387849,0
PSTX.US,D,20240227,000000,3.48,3.82,3.48,3.77,693212,0
PSTX.US,D,20240228,000000,3.77,3.89,3.69,3.72,575752,0
PSTX.US,D,20240229,000000,3.79,4.05,3.71,3.96,641498,0
PSTX.US,D,20240301,000000,3.99,4.27,3.925,4.13,686849,0
PSTX.US,D,20240304,000000,4.15,4.18,3.68,3.685,715312,0
PSTX.US,D,20240305,000000,3.65,3.75,3.4,3.48,760618,0
PSTX.US,D,20240306,000000,3.48,3.775,3.48,3.59,829522,0
PSTX.US,D,20240307,000000,3.62,3.63,3.38,3.43,597162,0
PSTX.US,D,20240308,000000,3.57,4.08,2.86,4.07,2671815,0
PSTX.US,D,20240311,000000,4.08,4.17,3.35,3.41,2123946,0
PSTX.US,D,20240312,000000,3.46,3.46,3.115,3.17,2253836,0
PSTX.US,D,20240313,000000,3.19,3.41,3.14,3.41,1012736,0
PSTX.US,D,20240314,000000,3.38,3.38,3.04,3.24,780466,0
PSTX.US,D,20240315,000000,3.18,3.44,3.17,3.22,934636,0
PSTX.US,D,20240318,000000,3.22,3.275,3.05,3.06,487506,0
PSTX.US,D,20240319,000000,3.04,3.1,2.89,2.91,522773,0
PSTX.US,D,20240320,000000,2.88,3.08,2.8,2.97,915518,0
PSTX.US,D,20240321,000000,3,3.1813,2.95,3.04,745469,0
PSTX.US,D,20240322,000000,3.06,3.175,3.02,3.11,498386,0
PSTX.US,D,20240325,000000,3.09,3.21,3.04,3.04,563132,0
PSTX.US,D,20240326,000000,3.09,3.12,2.81,2.81,625660,0
PSTX.US,D,20240327,000000,2.9,3.15,2.81,3.08,671288,0
PSTX.US,D,20240328,000000,3.1,3.24,3.02,3.19,698380,0
PSTX.US,D,20240401,000000,3.29,3.35,3.03,3.1,608662,0
PSTX.US,D,20240402,000000,3.01,3.04,2.865,2.9,424608,0
PSTX.US,D,20240403,000000,2.9,3.1,2.88,3.06,448446,0
PSTX.US,D,20240404,000000,3.06,3.22,3.04,3.07,381845,0
PSTX.US,D,20240405,000000,3.04,3.17,2.96,2.99,438145,0
PSTX.US,D,20240408,000000,3.05,3.05,2.92,2.97,420305,0
PSTX.US,D,20240409,000000,2.99,3.02,2.88,3.01,397398,0
PSTX.US,D,20240410,000000,2.93,2.93,2.765,2.79,518421,0
PSTX.US,D,20240411,000000,2.82,2.915,2.75,2.91,332775,0
PSTX.US,D,20240412,000000,2.92,2.92,2.66,2.73,348617,0
PSTX.US,D,20240415,000000,2.71,2.71,2.415,2.43,616675,0
PSTX.US,D,20240416,000000,2.12,2.21,1.87,2.03,1443094,0
PSTX.US,D,20240417,000000,2.03,2.08,1.91,2.04,976891,0
PSTX.US,D,20240418,000000,2.05,2.16,2,2,518825,0
PSTX.US,D,20240419,000000,2,2.07,1.96,2.02,641418,0
PSTX.US,D,20240422,000000,2.03,2.16,2.0025,2.155,553777,0
PSTX.US,D,20240423,000000,2.16,2.2699,2.12,2.16,422964,0
PSTX.US,D,20240424,000000,2.13,2.17,2.02,2.07,456364,0
PSTX.US,D,20240425,000000,2.03,2.08,1.98,2.05,283232,0
PSTX.US,D,20240426,000000,2.03,2.135,2.03,2.13,461299,0
PSTX.US,D,20240429,000000,2.15,2.33,2.12,2.32,328061,0
PSTX.US,D,20240430,000000,2.29,2.5,2.27,2.42,560442,0
PSTX.US,D,20240501,000000,2.69,3,2.685,2.77,2855721,0
PSTX.US,D,20240502,000000,2.86,2.97,2.73,2.79,1355913,0
PSTX.US,D,20240503,000000,2.83,2.99,2.82,2.87,549987,0
PSTX.US,D,20240506,000000,2.89,3,2.81,2.83,546658,0
PSTX.US,D,20240507,000000,2.85,2.93,2.801,2.92,385765,0
PSTX.US,D,20240508,000000,2.9,2.91,2.68,2.71,359616,0
PSTX.US,D,20240509,000000,2.74,2.755,2.61,2.71,417831,0
PSTX.US,D,20240510,000000,2.74,2.785,2.592,2.645,368911,0
PSTX.US,D,20240513,000000,2.67,2.84,2.67,2.81,238855,0
PSTX.US,D,20240514,000000,2.85,2.98,2.848,2.92,485661,0
PSTX.US,D,20240515,000000,3,3.54,2.96,3.46,1233429,0
PSTX.US,D,20240516,000000,3.42,3.55,3.3,3.345,633055,0
PSTX.US,D,20240517,000000,3.34,3.3821,3.12,3.19,520405,0
PSTX.US,D,20240520,000000,3.2,3.38,3.15,3.16,685934,0
PSTX.US,D,20240521,000000,3.16,3.16,2.94,2.97,552067,0
PSTX.US,D,20240522,000000,2.93,3.11,2.89,3.06,485894,0
PSTX.US,D,20240523,000000,3.06,3.065,2.89,2.95,415887,0
PSTX.US,D,20240524,000000,2.97,3.0011,2.92,2.97,136841,0
PSTX.US,D,20240528,000000,3.01,3.01,2.8047,2.86,367622,0
PSTX.US,D,20240529,000000,2.79,2.905,2.75,2.88,204175,0
PSTX.US,D,20240530,000000,2.87,2.96,2.835,2.9,188483,0
PSTX.US,D,20240531,000000,2.9,3.03,2.9,2.99,173685,0
PSTX.US,D,20240603,000000,3,3.1,2.92,3.06,438411,0
PSTX.US,D,20240604,000000,2.97,3.06,2.635,2.65,492328,0
PSTX.US,D,20240605,000000,2.66,2.93,2.6501,2.92,313673,0
PSTX.US,D,20240606,000000,2.88,2.88,2.7,2.77,195890,0
PSTX.US,D,20240607,000000,2.75,2.925,2.69,2.69,232254,0
PSTX.US,D,20240610,000000,2.67,2.78,2.6,2.645,309444,0
PSTX.US,D,20240611,000000,2.62,2.78,2.62,2.75,250244,0
PSTX.US,D,20240612,000000,2.88,2.98,2.76,2.8,298529,0
PSTX.US,D,20240613,000000,2.83,2.87,2.74,2.85,101012,0
PSTX.US,D,20240614,000000,2.79,2.82,2.7,2.76,98022,0
PSTX.US,D,20240617,000000,2.73,2.84,2.73,2.81,201496,0
PSTX.US,D,20240618,000000,2.82,2.82,2.635,2.64,240522,0
PSTX.US,D,20240620,000000,2.63,2.945,2.5819,2.65,1001799,0
PSTX.US,D,20240621,000000,2.7,2.96,2.69,2.78,919987,0
PSTX.US,D,20240624,000000,2.84,2.89,2.72,2.75,384731,0
PSTX.US,D,20240625,000000,2.75,2.8191,2.57,2.58,397944,0
PSTX.US,D,20240626,000000,2.57,2.61,2.44,2.47,496449,0
PSTX.US,D,20240627,000000,2.49,2.72,2.41,2.72,532324,0
PSTX.US,D,20240628,000000,2.73,2.99,2.69,2.92,1976373,0
PSTX.US,D,20240701,000000,2.87,3.055,2.72,3.01,335843,0
PSTX.US,D,20240702,000000,2.97,3.19,2.95,3.02,457036,0
PSTX.US,D,20240703,000000,3.04,3.09,2.91,2.94,215283,0
PSTX.US,D,20240705,000000,2.93,3,2.84,2.98,251727,0
PSTX.US,D,20240708,000000,3.03,3.08,2.955,2.97,275261,0
PSTX.US,D,20240709,000000,2.96,3.025,2.935,2.97,215882,0
PSTX.US,D,20240710,000000,2.99,3.02,2.92,2.98,204600,0
PSTX.US,D,20240711,000000,3.08,3.4,3.05,3.34,599676,0
PSTX.US,D,20240712,000000,3.38,3.62,3.23,3.36,555561,0
PSTX.US,D,20240715,000000,3.43,3.46,3.29,3.4,444157,0
PSTX.US,D,20240716,000000,3.45,3.55,3.26,3.47,563348,0
PSTX.US,D,20240717,000000,3.35,3.445,3.31,3.34,400377,0
PSTX.US,D,20240718,000000,3.37,3.38,3.17,3.23,337760,0
PSTX.US,D,20240719,000000,3.26,3.28,3.01,3.06,383157,0
PSTX.US,D,20240722,000000,3.08,3.26,3.045,3.23,348631,0
PSTX.US,D,20240723,000000,3.22,3.38,3.18,3.34,556871,0
PSTX.US,D,20240724,000000,3.31,3.4,3.23,3.34,605495,0
PSTX.US,D,20240725,000000,3.38,3.655,3.36,3.61,1106151,0
PSTX.US,D,20240726,000000,3.67,3.97,3.61,3.95,723612,0
PSTX.US,D,20240729,000000,3.97,4.045,3.835,3.98,451066,0
PSTX.US,D,20240730,000000,3.99,4.135,3.8207,4.04,398514,0
PSTX.US,D,20240731,000000,4,4.06,3.52,3.53,848874,0
PSTX.US,D,20240801,000000,3.54,3.54,3.215,3.32,400935,0
PSTX.US,D,20240802,000000,3.2,3.4,3.085,3.1,458418,0
PSTX.US,D,20240805,000000,2.86,3.06,2.75,3.02,450241,0
PSTX.US,D,20240806,000000,3.08,3.38,3.08,3.13,552433,0
PSTX.US,D,20240807,000000,3.2,3.275,2.935,3.08,412790,0
PSTX.US,D,20240808,000000,3.14,3.14,2.8979,3.03,426719,0
PSTX.US,D,20240809,000000,3.04,3.04,2.83,2.83,400912,0
PSTX.US,D,20240812,000000,2.87,2.995,2.77,2.89,356089,0
PSTX.US,D,20240813,000000,2.99,3.03,2.85,2.93,413399,0
PSTX.US,D,20240814,000000,2.96,2.96,2.7512,2.82,285060,0
PSTX.US,D,20240815,000000,2.92,3.01,2.83,2.92,304443,0
PSTX.US,D,20240816,000000,2.98,2.98,2.835,2.87,179388,0
PSTX.US,D,20240819,000000,2.87,2.975,2.81,2.96,338304,0
PSTX.US,D,20240820,000000,2.94,2.96,2.71,2.74,393219,0
PSTX.US,D,20240821,000000,2.75,2.9406,2.75,2.91,403401,0
PSTX.US,D,20240822,000000,2.92,2.92,2.75,2.8,265513,0
PSTX.US,D,20240823,000000,2.81,2.93,2.8,2.86,254808,0
PSTX.US,D,20240826,000000,2.91,3.06,2.845,3.06,494312,0
PSTX.US,D,20240827,000000,3.05,3.05,2.81,2.81,321922,0
PSTX.US,D,20240828,000000,2.82,2.91,2.655,2.7,366985,0
PSTX.US,D,20240829,000000,2.72,2.8191,2.7,2.76,274292,0
PSTX.US,D,20240830,000000,2.8,2.86,2.735,2.86,194332,0
PSTX.US,D,20240903,000000,2.83,2.99,2.8,2.86,393355,0
PSTX.US,D,20240904,000000,2.85,2.87,2.71,2.78,259163,0
PSTX.US,D,20240905,000000,2.85,2.91,2.64,2.71,357167,0
PSTX.US,D,20240906,000000,2.74,2.785,2.625,2.74,192712,0
PSTX.US,D,20240909,000000,2.77,2.97,2.76,2.89,259288,0
PSTX.US,D,20240910,000000,2.9,3,2.755,2.96,184930,0
PSTX.US,D,20240911,000000,2.95,3,2.89,2.9,213839,0
PSTX.US,D,20240912,000000,2.9,2.97,2.85,2.95,145478,0
PSTX.US,D,20240913,000000,2.98,3.085,2.96,3.07,227010,0
PSTX.US,D,20240916,000000,3.19,3.38,2.985,3,362682,0
PSTX.US,D,20240917,000000,3.05,3.39,2.99,3.38,446382,0
PSTX.US,D,20240918,000000,3.38,3.921,3.36,3.51,1414541,0
PSTX.US,D,20240919,000000,3.56,3.78,3.42,3.61,601869,0
PSTX.US,D,20240920,000000,3.61,3.61,3.31,3.37,954336,0
PSTX.US,D,20240923,000000,3.39,3.39,3.09,3.09,477500,0
PSTX.US,D,20240924,000000,3.15,3.15,2.985,3.08,454912,0
PSTX.US,D,20240925,000000,3.08,3.14,2.97,3,396014,0
PSTX.US,D,20240926,000000,3.03,3.1,2.96,2.97,408147,0
PSTX.US,D,20240927,000000,3.02,3.02,2.86,2.9,808400,0
PSTX.US,D,20240930,000000,2.6,2.915,2.6,2.86,1481605,0
PSTX.US,D,20241001,000000,2.82,2.86,2.7301,2.75,350984,0
PSTX.US,D,20241002,000000,2.74,2.775,2.605,2.64,892109,0
PSTX.US,D,20241003,000000,2.65,2.65,2.5,2.54,538752,0
PSTX.US,D,20241004,000000,2.52,2.64,2.52,2.61,523986,0
PSTX.US,D,20241007,000000,2.62,2.67,2.5,2.66,440219,0
PSTX.US,D,20241008,000000,2.66,2.69,2.565,2.57,321910,0
PSTX.US,D,20241009,000000,2.57,2.605,2.51,2.56,468307,0
PSTX.US,D,20241010,000000,2.55,2.55,2.41,2.47,427808,0
PSTX.US,D,20241011,000000,2.48,2.51,2.445,2.51,332118,0
PSTX.US,D,20241014,000000,2.54,2.55,2.465,2.5,219991,0
PSTX.US,D,20241015,000000,2.49,2.57,2.475,2.54,689881,0
PSTX.US,D,20241016,000000,2.54,2.56,2.5,2.54,417826,0
PSTX.US,D,20241017,000000,2.55,2.61,2.465,2.54,658260,0
PSTX.US,D,20241018,000000,2.57,2.57,2.44,2.45,559011,0
PSTX.US,D,20241021,000000,2.45,2.52,2.41,2.5,394309,0
PSTX.US,D,20241022,000000,2.49,2.51,2.445,2.5,206810,0
PSTX.US,D,20241023,000000,2.48,2.51,2.4401,2.5,442796,0
PSTX.US,D,20241024,000000,2.5,2.51,2.41,2.42,422572,0
PSTX.US,D,20241025,000000,2.42,2.489,2.4,2.41,225823,0
PSTX.US,D,20241028,000000,2.44,2.51,2.43,2.48,338022,0
PSTX.US,D,20241029,000000,2.48,2.485,2.38,2.45,513343,0
PSTX.US,D,20241030,000000,2.45,2.475,2.375,2.38,398390,0
PSTX.US,D,20241031,000000,2.39,2.39,2.32,2.37,266784,0
PSTX.US,D,20241101,000000,2.4,2.48,2.39,2.47,255335,0
PSTX.US,D,20241104,000000,2.43,2.61,2.43,2.53,390303,0
PSTX.US,D,20241105,000000,2.5,2.66,2.48,2.66,439457,0
PSTX.US,D,20241106,000000,2.7,2.86,2.595,2.78,823336,0
PSTX.US,D,20241107,000000,2.8,3.015,2.8,2.93,690853,0
PSTX.US,D,20241108,000000,3.25,3.58,3.015,3.08,1255667,0
PSTX.US,D,20241111,000000,3.1,3.71,3.09,3.71,894575,0
PSTX.US,D,20241112,000000,3.68,3.84,3.46,3.69,724049,0
PSTX.US,D,20241113,000000,3.75,3.78,3.26,3.28,1079088,0
PSTX.US,D,20241114,000000,3.33,3.36,3.09,3.21,535760,0
PSTX.US,D,20241115,000000,3.27,3.28,2.73,2.76,702037,0
PSTX.US,D,20241118,000000,2.76,2.98,2.64,2.67,412949,0
PSTX.US,D,20241119,000000,2.67,2.815,2.6425,2.77,337363,0
PSTX.US,D,20241120,000000,2.8,2.82,2.63,2.72,438812,0
PSTX.US,D,20241121,000000,2.75,2.81,2.65,2.71,297611,0
PSTX.US,D,20241122,000000,2.71,2.87,2.69,2.73,364945,0
PSTX.US,D,20241125,000000,2.81,2.98,2.77,2.86,286321,0
PSTX.US,D,20241126,000000,9.28,9.41,9.25,9.38,30136899,0
PSTX.US,D,20241127,000000,9.34,9.42,9.33,9.33,3347315,0
PSTX.US,D,20241129,000000,9.36,9.41,9.31,9.31,1558426,0
PSTX.US,D,20241202,000000,9.33,9.36,9.315,9.32,3211221,0
PSTX.US,D,20241203,000000,9.33,9.36,9.28,9.33,2167282,0
PSTX.US,D,20241204,000000,9.35,9.44,9.3,9.41,1397035,0
PSTX.US,D,20241205,000000,9.37,9.39,9.33,9.33,1202918,0
PSTX.US,D,20241206,000000,9.37,9.4,9.355,9.36,805186,0
PSTX.US,D,20241209,000000,9.4,9.475,9.35,9.44,903894,0
PSTX.US,D,20241210,000000,9.42,9.5,9.4002,9.45,1538458,0
PSTX.US,D,20241211,000000,9.45,9.525,9.4,9.51,743516,0
PSTX.US,D,20241212,000000,9.45,9.58,9.45,9.5,768680,0
PSTX.US,D,20241213,000000,9.5,9.55,9.48,9.51,583473,0
PSTX.US,D,20241216,000000,9.5,9.53,9.48,9.51,780740,0
PSTX.US,D,20241217,000000,9.49,9.555,9.49,9.5,744597,0
PSTX.US,D,20241218,000000,9.52,9.55,9.4,9.44,1234732,0
PSTX.US,D,20241219,000000,9.46,9.49,9.4,9.41,903039,0
PSTX.US,D,20241220,000000,9.38,9.49,9.36,9.45,2108207,0
PSTX.US,D,20241223,000000,9.41,9.49,9.41,9.48,663255,0
PSTX.US,D,20241224,000000,9.47,9.5,9.45,9.49,442160,0
PSTX.US,D,20241226,000000,9.47,9.52,9.43,9.51,647851,0
PSTX.US,D,20241227,000000,9.46,9.48,9.395,9.42,728097,0
PSTX.US,D,20241230,000000,9.37,9.48,9.36,9.48,709775,0
PSTX.US,D,20241231,000000,9.5,9.65,9.49,9.6,1346075,0
PSTX.US,D,20250102,000000,9.54,9.57,9.39,9.4,2747917,0
PSTX.US,D,20250103,000000,9.45,9.57,9.39,9.52,2413622,0
PSTX.US,D,20250106,000000,9.52,9.59,9.5,9.56,2881069,0
PSTX.US,D,20250107,000000,9.58,9.67,9.4925,9.5,21420617,0
