<TICKER>,<PER>,<DATE>,<TIME>,<OPEN>,<HIGH>,<LOW>,<CLOSE>,<VOL>,<OPENINT>
QOMOR.US,D,20221213,000000,0.08,0.08,0.08,0.08,157500,0
QOMOR.US,D,20221214,000000,0.1,0.1,0.1,0.1,750,0
QOMOR.US,D,20221221,000000,0.15,0.15,0.137626,0.137626,1250,0
QOMOR.US,D,20230103,000000,0.13,0.13,0.13,0.13,365,0
QOMOR.US,D,20230109,000000,0.1,0.1,0.1,0.1,156200,0
QOMOR.US,D,20230110,000000,0.1,0.199,0.1,0.15,479815,0
QOMOR.US,D,20230111,000000,0.16,0.16,0.16,0.16,4057,0
QOMOR.US,D,20230112,000000,0.22,0.22,0.1627,0.1627,702,0
QOMOR.US,D,20230113,000000,0.12,0.12,0.12,0.12,28680,0
QOMOR.US,D,20230117,000000,0.12,0.17,0.12,0.12,1152,0
QOMOR.US,D,20230119,000000,0.15,0.15,0.12,0.12,2901,0
QOMOR.US,D,20230125,000000,0.11,0.11,0.11,0.11,337,0
QOMOR.US,D,20230130,000000,0.1101,0.1101,0.1101,0.1101,200,0
QOMOR.US,D,20230206,000000,0.1201,0.1201,0.1201,0.1201,28519,0
QOMOR.US,D,20230214,000000,0.1201,0.1201,0.1201,0.1201,520,0
QOMOR.US,D,20230216,000000,0.1301,0.1301,0.1301,0.1301,30000,0
QOMOR.US,D,20230221,000000,0.1301,0.1301,0.1301,0.1301,856,0
QOMOR.US,D,20230222,000000,0.1301,0.1301,0.1301,0.1301,25000,0
QOMOR.US,D,20230224,000000,0.135,0.135,0.1301,0.131,75000,0
QOMOR.US,D,20230227,000000,0.131,0.131,0.131,0.131,500,0
QOMOR.US,D,20230301,000000,0.131631,0.132526,0.131631,0.132526,2334,0
QOMOR.US,D,20230308,000000,0.131,0.15,0.131,0.15,5200,0
QOMOR.US,D,20230309,000000,0.15,0.15,0.15,0.15,245000,0
QOMOR.US,D,20230313,000000,0.1647,0.1647,0.1647,0.1647,100,0
QOMOR.US,D,20230314,000000,0.159899,0.16,0.131,0.131,25077,0
QOMOR.US,D,20230320,000000,0.16,0.16,0.16,0.16,2610,0
QOMOR.US,D,20230327,000000,0.16,0.16,0.1497,0.16,8300,0
QOMOR.US,D,20230404,000000,0.176,0.1813,0.176,0.176,8464,0
QOMOR.US,D,20230410,000000,0.1401,0.1401,0.14,0.1401,7014,0
QOMOR.US,D,20230413,000000,0.1401,0.16,0.1401,0.1401,13257,0
QOMOR.US,D,20230414,000000,0.16,0.16,0.1595,0.1595,602,0
QOMOR.US,D,20230417,000000,0.16,0.16,0.16,0.16,2500,0
QOMOR.US,D,20230509,000000,0.17,0.191,0.17,0.1835,2608,0
QOMOR.US,D,20230515,000000,0.21,0.23,0.1401,0.1401,51805,0
QOMOR.US,D,20230516,000000,0.16,0.23,0.14,0.1538,202930,0
QOMOR.US,D,20230517,000000,0.1494,0.1494,0.1494,0.1494,278,0
QOMOR.US,D,20230518,000000,0.140101,0.140101,0.140101,0.140101,700,0
QOMOR.US,D,20230522,000000,0.1401,0.1401,0.1401,0.1401,278,0
QOMOR.US,D,20230530,000000,0.1401,0.1401,0.1401,0.1401,4601,0
QOMOR.US,D,20230531,000000,0.1401,0.1401,0.1401,0.1401,3000,0
QOMOR.US,D,20230608,000000,0.1401,0.1401,0.1401,0.1401,100,0
QOMOR.US,D,20230621,000000,0.145,0.145,0.1401,0.1401,21007,0
QOMOR.US,D,20230622,000000,0.1401,0.1401,0.1401,0.1401,400,0
QOMOR.US,D,20230623,000000,0.1401,0.1401,0.1401,0.1401,22266,0
QOMOR.US,D,20230626,000000,0.14,0.1426,0.14,0.14,14718,0
QOMOR.US,D,20230627,000000,0.1401,0.1421,0.1401,0.1421,40434,0
QOMOR.US,D,20230628,000000,0.1401,0.1401,0.14,0.14,4649,0
QOMOR.US,D,20230710,000000,0.1325,0.1615,0.1121,0.16,3599,0
QOMOR.US,D,20230711,000000,0.126,0.1704,0.1121,0.161,4232,0
QOMOR.US,D,20230712,000000,0.1251,0.1437,0.1251,0.1261,771,0
QOMOR.US,D,20230713,000000,0.1176,0.1444,0.1176,0.1444,428,0
QOMOR.US,D,20230714,000000,0.1486,0.1486,0.1444,0.1445,400,0
QOMOR.US,D,20230801,000000,0.1487,0.1487,0.1409,0.1409,1000,0
QOMOR.US,D,20230825,000000,0.155,0.155,0.155,0.155,352,0
QOMOR.US,D,20230828,000000,0.16,0.16,0.16,0.16,2300,0
QOMOR.US,D,20230831,000000,0.18,0.21,0.18,0.19,3401,0
QOMOR.US,D,20230901,000000,0.18,0.18,0.18,0.18,201,0
QOMOR.US,D,20230912,000000,0.162,0.162,0.162,0.162,2806,0
QOMOR.US,D,20231011,000000,0.162,0.162,0.162,0.162,173,0
QOMOR.US,D,20231023,000000,0.162,0.162,0.162,0.162,4800,0
QOMOR.US,D,20231031,000000,0.14,0.1463,0.14,0.1463,575,0
QOMOR.US,D,20231101,000000,0.15,0.15,0.15,0.15,900,0
QOMOR.US,D,20231102,000000,0.14,0.14,0.14,0.14,70000,0
QOMOR.US,D,20231127,000000,0.13,0.13,0.12,0.12,56700,0
QOMOR.US,D,20231128,000000,0.126,0.126,0.1157,0.1157,12000,0
QOMOR.US,D,20231204,000000,0.1205,0.1205,0.1205,0.1205,4500,0
QOMOR.US,D,20231213,000000,0.081,0.11,0.081,0.11,93600,0
QOMOR.US,D,20231227,000000,0.117,0.117,0.1011,0.1011,18300,0
QOMOR.US,D,20240102,000000,0.1074,0.1074,0.1074,0.1074,100,0
QOMOR.US,D,20240104,000000,0.1107,0.1167,0.1107,0.1167,2500,0
QOMOR.US,D,20240105,000000,0.1242,0.1242,0.1055,0.11,104600,0
QOMOR.US,D,20240117,000000,0.12,0.12,0.1048,0.1048,25100,0
QOMOR.US,D,20240123,000000,0.108,0.115,0.1047,0.115,10200,0
QOMOR.US,D,20240201,000000,0.1224,0.1224,0.11,0.11,90000,0
QOMOR.US,D,20240220,000000,0.1,0.1,0.1,0.1,1800,0
QOMOR.US,D,20240312,000000,0.1001,0.2187,0.1001,0.1168,24072,0
QOMOR.US,D,20240321,000000,0.1252,0.1252,0.1252,0.1252,587,0
QOMOR.US,D,20240325,000000,0.1172,0.1172,0.1172,0.1172,100,0
QOMOR.US,D,20240326,000000,0.1232,0.1232,0.1232,0.1232,1200,0
QOMOR.US,D,20240415,000000,0.159,0.16,0.159,0.16,1607,0
QOMOR.US,D,20240417,000000,0.19,0.19,0.19,0.19,1300,0
QOMOR.US,D,20240418,000000,0.19,0.19,0.19,0.19,100,0
QOMOR.US,D,20240424,000000,0.1356,0.1356,0.1356,0.1356,100,0
QOMOR.US,D,20240724,000000,0.1434,0.1676,0.13,0.165,5593,0
QOMOR.US,D,20240730,000000,0.19,0.19,0.19,0.19,600,0
QOMOR.US,D,20240731,000000,0.19,0.23,0.19,0.23,412,0
QOMOR.US,D,20240812,000000,0.25,0.25,0.25,0.25,103,0
QOMOR.US,D,20240815,000000,0.2499,0.2499,0.2499,0.2499,200,0
QOMOR.US,D,20240816,000000,0.23,0.24,0.23,0.23,2800,0
QOMOR.US,D,20240821,000000,0.2,0.2,0.2,0.2,400,0
QOMOR.US,D,20241112,000000,0.1268,0.1268,0.1267,0.1267,1100,0
QOMOR.US,D,20241115,000000,0.1132,0.1132,0.1132,0.1132,200,0
QOMOR.US,D,20241118,000000,0.1071,0.1071,0.1071,0.1071,200,0
