<TICKER>,<PER>,<DATE>,<TIME>,<OPEN>,<HIGH>,<LOW>,<CLOSE>,<VOL>,<OPENINT>
QQQW.US,D,20240905,000000,23.32,23.4,23.31,23.3135,10757,0
QQQW.US,D,20240906,000000,22.925,22.925,22.12,22.12,368,0
QQQW.US,D,20240909,000000,22.4,22.6439,22.4,22.6439,206,0
QQQW.US,D,20240910,000000,23.0209,23.0209,23.0209,23.0209,105,0
QQQW.US,D,20240911,000000,24.0612,24.0612,24.0612,24.0612,6,0
QQQW.US,D,20240912,000000,24.4794,24.4794,24.4447,24.4447,571,0
QQQW.US,D,20240913,000000,24.66,24.6985,24.66,24.6985,615,0
QQQW.US,D,20240916,000000,24.3887,24.4597,24.3887,24.4597,112,0
QQQW.US,D,20240917,000000,24.4203,24.4203,24.4203,24.4203,32,0
QQQW.US,D,20240918,000000,24.47,24.47,24.2343,24.2343,109774,0
QQQW.US,D,20240919,000000,25.39,25.68,25.33,25.4791,25206,0
QQQW.US,D,20240920,000000,25.26,25.3619,25.26,25.3619,166,0
QQQW.US,D,20240923,000000,25.52,25.53,25.47,25.4995,29261,0
QQQW.US,D,20240924,000000,25.42,25.78,25.32,25.658,114498,0
QQQW.US,D,20240925,000000,25.92,25.95,25.7688,25.7688,1321,0
QQQW.US,D,20240926,000000,25.87,26.1899,25.86,26.1696,109575,0
QQQW.US,D,20240927,000000,25.78,25.81,24.82,25.7916,139521,0
QQQW.US,D,20240930,000000,25.46,26,25.45,25.9648,187432,0
QQQW.US,D,20241001,000000,25.2056,25.2056,25.2056,25.2056,177,0
QQQW.US,D,20241002,000000,25.17,25.3214,25.16,25.3214,41485,0
QQQW.US,D,20241003,000000,25.19,25.2728,25.15,25.2728,1115,0
QQQW.US,D,20241004,000000,25.72,25.8878,25.72,25.8878,4007,0
QQQW.US,D,20241007,000000,25.22,25.2584,24.89,25.2584,15681,0
QQQW.US,D,20241008,000000,25.91,26.0579,25.91,26.0579,411,0
QQQW.US,D,20241009,000000,26.01,26.4735,26.0099,26.4735,30087,0
QQQW.US,D,20241010,000000,26.31,26.39,26.28,26.3717,204658,0
QQQW.US,D,20241011,000000,26.43,26.54,26.4,26.4594,106453,0
QQQW.US,D,20241014,000000,26.74,27,26.74,26.8786,202466,0
QQQW.US,D,20241015,000000,26.92,26.92,25.96,26.1143,50552,0
QQQW.US,D,20241016,000000,26.23,26.23,26.11,26.2,11648,0
QQQW.US,D,20241017,000000,26.37,26.52,26.2161,26.2161,15899,0
QQQW.US,D,20241018,000000,26.54,26.54,26.53,26.53,168,0
QQQW.US,D,20241021,000000,26.71,26.71,26.36,26.59,1782,0
QQQW.US,D,20241022,000000,26.58,26.72,26.37,26.6732,4316,0
QQQW.US,D,20241023,000000,26.39,26.39,25.52,25.8221,486,0
QQQW.US,D,20241024,000000,26.16,26.31,26.16,26.25,13315,0
QQQW.US,D,20241025,000000,27,27,26.55,26.58,3833,0
QQQW.US,D,20241028,000000,26.63,26.63,26.5458,26.5458,2232,0
QQQW.US,D,20241029,000000,26.7989,27.16,26.7989,27.08,2532,0
QQQW.US,D,20241030,000000,26.8,26.8,26.63,26.63,124376,0
QQQW.US,D,20241031,000000,25.98,25.98,25.32,25.32,36416,0
QQQW.US,D,20241101,000000,25.81,25.81,25.69,25.69,386,0
QQQW.US,D,20241104,000000,25.62,25.62,25.48,25.506,421,0
QQQW.US,D,20241105,000000,26.03,26.1401,26.03,26.1401,316,0
QQQW.US,D,20241106,000000,27.12,27.5747,27.12,27.5747,2168,0
QQQW.US,D,20241107,000000,28.159,28.43,28.159,28.3867,40590,0
QQQW.US,D,20241108,000000,28.35,28.445,28.35,28.445,439,0
QQQW.US,D,20241111,000000,28.281,28.44,28.271,28.44,3950,0
QQQW.US,D,20241112,000000,28.42,28.42,28.27,28.2983,33165,0
QQQW.US,D,20241113,000000,28.18,28.38,28.0606,28.1932,65404,0
QQQW.US,D,20241114,000000,28,28,27.78,27.796,1243,0
QQQW.US,D,20241115,000000,27.18,27.2,26.35,26.4746,1412,0
QQQW.US,D,20241118,000000,26.64,26.99,26.64,26.8085,40571,0
QQQW.US,D,20241119,000000,26.62,27.22,26.6051,27.1839,101204,0
QQQW.US,D,20241120,000000,26.8196,27.19,26.71,27.17,47505,0
QQQW.US,D,20241121,000000,27.17,27.39,26.6,27.3577,2832,0
QQQW.US,D,20241122,000000,27.2,27.4798,27.2,27.4356,2134,0
QQQW.US,D,20241125,000000,27.34,27.51,27.27,27.4904,4394,0
QQQW.US,D,20241126,000000,27.65,27.8,27.65,27.7956,2931,0
QQQW.US,D,20241127,000000,27.585,27.585,27.03,27.2994,38817,0
QQQW.US,D,20241129,000000,27.79,27.82,27.78,27.8074,35483,0
QQQW.US,D,20241202,000000,28.32,28.37,28.31,28.37,557,0
QQQW.US,D,20241203,000000,28.26,28.5597,28.26,28.5597,65794,0
QQQW.US,D,20241204,000000,28.9131,29.247,28.9131,29.247,139870,0
QQQW.US,D,20241205,000000,29.07,29.07,29.0467,29.0467,828,0
QQQW.US,D,20241206,000000,29.11,29.5828,29.11,29.5828,164701,0
QQQW.US,D,20241209,000000,29.335,29.335,28.97,29.08,163126,0
QQQW.US,D,20241210,000000,29.36,29.36,28.8,28.8485,169661,0
QQQW.US,D,20241211,000000,29.67,29.94,29.67,29.94,6380,0
QQQW.US,D,20241212,000000,29.53,29.5813,29.53,29.5813,163874,0
QQQW.US,D,20241213,000000,29.78,29.9758,29.78,29.9758,487,0
QQQW.US,D,20241216,000000,30.31,30.82,30.29,30.8194,13297,0
QQQW.US,D,20241217,000000,30.5,30.54,30.5,30.54,521,0
QQQW.US,D,20241218,000000,30.5,30.5424,28.3,28.493,4291,0
QQQW.US,D,20241219,000000,28.8385,28.8385,28.06,28.06,6373,0
QQQW.US,D,20241220,000000,28.88,29.16,28.51,28.56,8177,0
QQQW.US,D,20241223,000000,28.82,29.15,28.41,29.133,70710,0
QQQW.US,D,20241224,000000,29.469,29.8616,29.469,29.8616,2088,0
QQQW.US,D,20241226,000000,29.8,29.98,29.6219,29.8601,5923,0
QQQW.US,D,20241227,000000,29.38,29.3801,28.8599,29.0212,1673,0
QQQW.US,D,20241230,000000,28.1,28.65,27.92,28.29,19035,0
QQQW.US,D,20241231,000000,27.8271,27.84,27.73,27.7633,1308,0
QQQW.US,D,20250102,000000,28.1037,28.1037,27.34,27.68,1846,0
QQQW.US,D,20250103,000000,28.1,28.6,28.1,28.5765,106635,0
QQQW.US,D,20250106,000000,29.21,29.31,29.14,29.24,561,0
QQQW.US,D,20250107,000000,29.259,29.259,28.11,28.11,4817,0
QQQW.US,D,20250108,000000,28.07,28.24,28.07,28.16,3712,0
QQQW.US,D,20250110,000000,27.17,27.55,27.17,27.26,620,0
QQQW.US,D,20250113,000000,26.7,27.08,26.7,27.08,455,0
QQQW.US,D,20250114,000000,27.17,27.17,26.96,26.96,312,0
QQQW.US,D,20250115,000000,28.1,28.25,28.1,28.2066,872,0
QQQW.US,D,20250116,000000,28.31,28.31,27.84,27.84,944,0
QQQW.US,D,20250117,000000,28.73,28.73,28.706,28.706,3359,0
QQQW.US,D,20250121,000000,28.839,29.17,28.839,29.06,2820,0
QQQW.US,D,20250122,000000,29.8699,30.02,29.79,29.79,1700,0
QQQW.US,D,20250123,000000,29.479,29.91,29.469,29.91,2091,0
QQQW.US,D,20250124,000000,29.7821,29.7821,29.4998,29.58,1137,0
QQQW.US,D,20250127,000000,27.87,28.029,27.8,27.82,3243,0
QQQW.US,D,20250128,000000,27.97,28.7,27.94,28.7,3463,0
QQQW.US,D,20250129,000000,28.571,28.59,28.141,28.55,1621,0
QQQW.US,D,20250130,000000,29.09,29.09,28.8,28.83,1087,0
QQQW.US,D,20250131,000000,29.41,29.71,28.66,28.66,2584,0
QQQW.US,D,20250203,000000,27.63,28.26,27.51,28.24,1797,0
QQQW.US,D,20250204,000000,28.42,28.93,28.42,28.9196,1978,0
QQQW.US,D,20250205,000000,28.53,29.17,28.53,29.17,1731,0
QQQW.US,D,20250206,000000,29.26,29.43,29.17,29.43,2293,0
QQQW.US,D,20250207,000000,29.2,29.2,28.73,28.73,2216,0
QQQW.US,D,20250210,000000,29.07,29.37,29.07,29.37,1092,0
QQQW.US,D,20250211,000000,29.371,29.371,29.23,29.23,1552,0
QQQW.US,D,20250212,000000,29.09,29.2441,29.07,29.2441,708,0
QQQW.US,D,20250213,000000,29.8,29.95,29.8,29.95,564,0
