<TICKER>,<PER>,<DATE>,<TIME>,<OPEN>,<HIGH>,<LOW>,<CLOSE>,<VOL>,<OPENINT>
QTIH.US,D,20211105,000000,9.9,9.9524,9.89,9.91,56697,0
QTIH.US,D,20211108,000000,9.8726,9.9,9.87,9.88,103669,0
QTIH.US,D,20211109,000000,9.87,9.93,9.86,9.91,691303,0
QTIH.US,D,20211110,000000,9.9269,9.9269,9.84,9.91,139305,0
QTIH.US,D,20211111,000000,9.9,9.9,9.895,9.895,644010,0
QTIH.US,D,20211112,000000,9.89,9.9,9.89,9.9,827,0
QTIH.US,D,20211115,000000,9.91,9.93,9.9,9.91,139573,0
QTIH.US,D,20211116,000000,9.9,9.92,9.9,9.92,1531,0
QTIH.US,D,20211117,000000,9.91,9.92,9.9,9.91,52796,0
QTIH.US,D,20211118,000000,9.91,9.91,9.91,9.91,2005,0
QTIH.US,D,20211119,000000,9.91,9.9217,9.9,9.92,5533,0
QTIH.US,D,20211122,000000,9.96,9.96,9.9199,9.9199,230,0
QTIH.US,D,20211123,000000,9.96,9.96,9.92,9.92,4310,0
QTIH.US,D,20211124,000000,9.96,9.96,9.91,9.91,720,0
QTIH.US,D,20211129,000000,9.91,9.91,9.91,9.91,391,0
QTIH.US,D,20211130,000000,9.91,9.91,9.9,9.91,121573,0
QTIH.US,D,20211201,000000,9.91,9.92,9.91,9.92,29971,0
QTIH.US,D,20211203,000000,9.92,9.92,9.92,9.92,2800,0
QTIH.US,D,20211206,000000,9.92,9.92,9.91,9.91,71758,0
QTIH.US,D,20211207,000000,9.91,9.92,9.91,9.92,622,0
QTIH.US,D,20211208,000000,9.91,9.92,9.91,9.92,1613,0
QTIH.US,D,20211209,000000,9.92,9.92,9.92,9.92,781,0
QTIH.US,D,20211210,000000,9.91,9.9105,9.91,9.91,161881,0
QTIH.US,D,20211214,000000,9.91,9.91,9.85,9.85,866600,0
QTIH.US,D,20211215,000000,9.87,9.87,9.87,9.87,310,0
QTIH.US,D,20211216,000000,9.88,9.88,9.88,9.88,8957,0
QTIH.US,D,20211217,000000,9.88,9.88,9.88,9.88,302,0
QTIH.US,D,20211220,000000,9.86,9.86,9.85,9.86,3622,0
QTIH.US,D,20211221,000000,9.88,9.88,9.87,9.87,5134,0
QTIH.US,D,20211222,000000,9.88,9.91,9.87,9.87,18484,0
QTIH.US,D,20211223,000000,9.87,9.89,9.87,9.87,71529,0
QTIH.US,D,20211227,000000,9.87,9.88,9.87,9.88,21374,0
QTIH.US,D,20211228,000000,9.88,9.88,9.86,9.86,1539,0
QTIH.US,D,20211229,000000,9.89,9.89,9.87,9.87,25587,0
QTIH.US,D,20211230,000000,9.87,9.89,9.87,9.89,1144,0
QTIH.US,D,20220103,000000,9.93,9.93,9.88,9.88,1573,0
QTIH.US,D,20220104,000000,9.89,9.89,9.88,9.89,17759,0
QTIH.US,D,20220105,000000,9.89,9.92,9.89,9.9,35052,0
QTIH.US,D,20220107,000000,9.89,9.89,9.89,9.89,118709,0
QTIH.US,D,20220110,000000,9.84,9.9,9.84,9.9,3180,0
QTIH.US,D,20220111,000000,9.87,9.91,9.81,9.91,5916,0
QTIH.US,D,20220112,000000,9.86,9.9,9.86,9.88,16093,0
QTIH.US,D,20220113,000000,9.8801,9.905,9.8801,9.9,12450,0
QTIH.US,D,20220114,000000,9.88,9.9,9.87,9.9,172496,0
QTIH.US,D,20220118,000000,9.89,9.89,9.89,9.89,630,0
QTIH.US,D,20220119,000000,9.89,9.91,9.89,9.91,612146,0
QTIH.US,D,20220120,000000,9.9,9.9,9.9,9.9,55189,0
QTIH.US,D,20220121,000000,9.87,9.9,9.87,9.9,511,0
QTIH.US,D,20220124,000000,9.92,9.92,9.92,9.92,135,0
QTIH.US,D,20220125,000000,9.91,9.91,9.9,9.9,947,0
QTIH.US,D,20220126,000000,9.89,9.91,9.89,9.91,82607,0
QTIH.US,D,20220127,000000,9.89,9.92,9.89,9.92,77960,0
QTIH.US,D,20220128,000000,9.9,9.9,9.9,9.9,1158,0
QTIH.US,D,20220131,000000,9.92,9.92,9.9,9.9,20463,0
QTIH.US,D,20220201,000000,9.93,9.935,9.9,9.9,15208,0
QTIH.US,D,20220202,000000,9.91,9.92,9.9,9.91,306501,0
QTIH.US,D,20220203,000000,9.9,9.905,9.9,9.9,3062,0
QTIH.US,D,20220204,000000,9.91,9.92,9.91,9.92,14577,0
QTIH.US,D,20220207,000000,9.93,9.93,9.93,9.93,118,0
QTIH.US,D,20220209,000000,9.93,9.94,9.92,9.93,2141,0
QTIH.US,D,20220210,000000,9.93,9.95,9.925,9.94,313917,0
QTIH.US,D,20220211,000000,9.95,9.965,9.9399,9.94,42427,0
QTIH.US,D,20220214,000000,9.95,9.95,9.94,9.94,2136,0
QTIH.US,D,20220215,000000,9.94,9.94,9.94,9.94,2362,0
QTIH.US,D,20220216,000000,9.94,9.94,9.93,9.93,12701,0
QTIH.US,D,20220217,000000,9.93,9.93,9.93,9.93,914,0
QTIH.US,D,20220218,000000,9.93,9.93,9.92,9.92,11666,0
QTIH.US,D,20220225,000000,9.92,9.92,9.92,9.92,3902,0
QTIH.US,D,20220228,000000,9.92,9.93,9.92,9.92,2516,0
QTIH.US,D,20220301,000000,9.93,9.94,9.93,9.94,5489,0
QTIH.US,D,20220302,000000,9.94,9.98,9.94,9.95,32600,0
QTIH.US,D,20220303,000000,9.94,9.95,9.93,9.95,9138,0
QTIH.US,D,20220304,000000,9.97,9.97,9.94,9.95,17831,0
QTIH.US,D,20220307,000000,9.94,9.945,9.93,9.94,12133,0
QTIH.US,D,20220308,000000,9.9491,9.9491,9.94,9.94,10333,0
QTIH.US,D,20220314,000000,9.95,9.95,9.95,9.95,720,0
QTIH.US,D,20220315,000000,9.9453,9.95,9.9453,9.95,300,0
QTIH.US,D,20220316,000000,9.94,9.96,9.94,9.96,1100,0
QTIH.US,D,20220317,000000,9.94,9.96,9.94,9.96,1144,0
QTIH.US,D,20220318,000000,9.96,9.96,9.955,9.955,78572,0
QTIH.US,D,20220321,000000,9.95,9.9625,9.95,9.95,472,0
QTIH.US,D,20220322,000000,9.95,9.96,9.95,9.95,3907,0
QTIH.US,D,20220323,000000,9.95,9.96,9.95,9.95,10027,0
QTIH.US,D,20220324,000000,10,10,10,10,265,0
QTIH.US,D,20220325,000000,10,10,9.95,9.95,7188,0
QTIH.US,D,20220328,000000,9.95,9.95,9.95,9.95,170,0
QTIH.US,D,20220330,000000,9.96,9.96,9.96,9.96,75431,0
QTIH.US,D,20220331,000000,9.96,9.96,9.96,9.96,101509,0
QTIH.US,D,20220401,000000,10.02,10.02,9.97,9.97,300472,0
QTIH.US,D,20220404,000000,9.96,9.99,9.96,9.97,1387413,0
QTIH.US,D,20220405,000000,9.96,9.96,9.96,9.96,1835,0
QTIH.US,D,20220406,000000,9.96,9.98,9.96,9.98,7506,0
QTIH.US,D,20220407,000000,10.09,10.09,9.99,9.99,2065,0
QTIH.US,D,20220408,000000,9.99,9.99,9.9899,9.9899,1244,0
QTIH.US,D,20220411,000000,9.97,9.99,9.97,9.99,3900,0
QTIH.US,D,20220413,000000,10.02,10.02,9.97,9.99,11375,0
QTIH.US,D,20220414,000000,9.99,9.99,9.99,9.99,742,0
QTIH.US,D,20220418,000000,9.98,10,9.98,10,328,0
QTIH.US,D,20220420,000000,10.02,10.02,10.02,10.02,128,0
QTIH.US,D,20220421,000000,10.02,10.02,10.02,10.02,100,0
QTIH.US,D,20220427,000000,10,10,9.99,9.99,202,0
QTIH.US,D,20220428,000000,9.99,9.99,9.99,9.99,500,0
QTIH.US,D,20220429,000000,10,10,10,10,7495,0
QTIH.US,D,20220502,000000,10.01,10.01,10.01,10.01,335,0
QTIH.US,D,20220503,000000,10.02,10.02,10.02,10.02,5080,0
QTIH.US,D,20220504,000000,10.02,10.02,10.01,10.01,507,0
QTIH.US,D,20220506,000000,9.99,9.99,9.99,9.99,138581,0
QTIH.US,D,20220511,000000,9.98,9.98,9.98,9.98,292888,0
QTIH.US,D,20220512,000000,9.98,9.98,9.9699,9.97,1230908,0
QTIH.US,D,20220513,000000,9.98,9.99,9.98,9.99,6300,0
QTIH.US,D,20220516,000000,9.98,10,9.98,9.98,300872,0
QTIH.US,D,20220517,000000,9.98,9.99,9.965,9.97,210623,0
QTIH.US,D,20220518,000000,9.97,9.99,9.97,9.99,4567,0
QTIH.US,D,20220519,000000,9.99,9.995,9.98,9.98,6740,0
QTIH.US,D,20220520,000000,9.99,10.01,9.99,10,22605,0
QTIH.US,D,20220523,000000,10.005,10.01,9.98,10.01,22482,0
QTIH.US,D,20220524,000000,10.009,10.01,9.98,9.99,30446,0
QTIH.US,D,20220525,000000,10.01,10.01,10,10,69583,0
QTIH.US,D,20220526,000000,10,10.01,10,10,998,0
QTIH.US,D,20220527,000000,10.02,10.02,9.995,9.995,6225,0
QTIH.US,D,20220531,000000,9.99,10.01,9.99,9.99,143998,0
QTIH.US,D,20220601,000000,10,10,10,10,4186,0
QTIH.US,D,20220602,000000,10.01,10.01,10.01,10.01,121077,0
QTIH.US,D,20220603,000000,9.99,10,9.99,10,1120,0
QTIH.US,D,20220606,000000,10.02,10.02,9.99,9.99,25017,0
QTIH.US,D,20220608,000000,10,10.01,10,10,3328,0
QTIH.US,D,20220609,000000,10.015,10.025,10.015,10.02,16821,0
QTIH.US,D,20220610,000000,10.02,10.03,10.02,10.03,39978,0
QTIH.US,D,20220613,000000,10.02,10.03,10.005,10.01,66483,0
QTIH.US,D,20220614,000000,10.03,10.03,10.03,10.03,100,0
QTIH.US,D,20220615,000000,10.03,10.03,10,10,4642,0
QTIH.US,D,20220616,000000,10,10.01,10,10,3956,0
QTIH.US,D,20220617,000000,10.01,10.01,10.01,10.01,1263,0
QTIH.US,D,20220621,000000,10.09,10.13,10.09,10.09,295,0
QTIH.US,D,20220622,000000,10.05,10.05,10.04,10.04,279,0
QTIH.US,D,20220623,000000,10.04,10.04,10.0336,10.0336,265,0
QTIH.US,D,20220627,000000,10.03,10.03,10.03,10.03,12698,0
QTIH.US,D,20220705,000000,10.01,10.02,10.01,10.01,6282,0
QTIH.US,D,20220706,000000,10.02,10.02,10.01,10.01,1973,0
QTIH.US,D,20220707,000000,10.02,10.0242,10.02,10.02,907,0
QTIH.US,D,20220713,000000,10.04,10.04,10.04,10.04,205,0
QTIH.US,D,20220714,000000,10.04,10.04,10.04,10.04,911,0
QTIH.US,D,20220718,000000,10.0393,10.05,10.0393,10.05,29308,0
QTIH.US,D,20220720,000000,10.0401,10.05,10.04,10.04,15444,0
QTIH.US,D,20220721,000000,10.05,10.05,10.05,10.05,5087,0
QTIH.US,D,20220722,000000,10.05,10.05,10.05,10.05,206,0
QTIH.US,D,20220725,000000,10.045,10.05,10.045,10.05,1701,0
QTIH.US,D,20220726,000000,10.05,10.055,10.05,10.05,100336,0
QTIH.US,D,20220729,000000,10.05,10.05,10.05,10.05,1807,0
QTIH.US,D,20220801,000000,10.05,10.06,10.05,10.05,16920,0
QTIH.US,D,20220802,000000,10.05,10.06,10.05,10.06,6879,0
QTIH.US,D,20220803,000000,10.05,10.06,10.05,10.06,2966,0
QTIH.US,D,20220804,000000,10.06,10.06,10.06,10.06,1640,0
QTIH.US,D,20220805,000000,10.06,10.06,10.05,10.06,35076,0
QTIH.US,D,20220808,000000,10.06,10.07,10.05,10.06,42664,0
QTIH.US,D,20220809,000000,10.06,10.07,10.06,10.065,10205,0
QTIH.US,D,20220810,000000,10.06,10.07,10.06,10.06,30181,0
QTIH.US,D,20220811,000000,10.07,10.07,10.06,10.07,5327,0
QTIH.US,D,20220812,000000,10.07,10.07,10.07,10.07,6362,0
QTIH.US,D,20220815,000000,10.08,10.08,10.08,10.08,332,0
QTIH.US,D,20220816,000000,10.07,10.075,10.07,10.07,52517,0
QTIH.US,D,20220817,000000,10.07,10.08,10.07,10.07,29641,0
QTIH.US,D,20220818,000000,10.06,10.07,10.06,10.06,1600,0
QTIH.US,D,20220819,000000,10.02,10.08,10.02,10.07,13693,0
QTIH.US,D,20220822,000000,10.06,10.07,10.06,10.06,901,0
QTIH.US,D,20220824,000000,10.06,10.06,10.06,10.06,13197,0
QTIH.US,D,20220829,000000,10.06,10.06,10.06,10.06,404,0
QTIH.US,D,20220830,000000,10.06,10.08,10.06,10.08,380,0
QTIH.US,D,20220831,000000,10.11,10.11,10.11,10.11,572,0
QTIH.US,D,20220901,000000,10.08,10.09,10.08,10.09,275684,0
QTIH.US,D,20220902,000000,10.09,10.14,10.08,10.11,8268513,0
QTIH.US,D,20220906,000000,10.12,10.12,10.1,10.1,4587,0
QTIH.US,D,20220907,000000,10.1,10.11,10.1,10.11,205954,0
QTIH.US,D,20220908,000000,10.12,10.12,10.09,10.09,525039,0
QTIH.US,D,20220909,000000,10.1,10.1,10.09,10.09,84556,0
QTIH.US,D,20220912,000000,10.0999,10.1,10.0999,10.1,9371,0
QTIH.US,D,20220913,000000,10.0916,10.0916,10.0916,10.0916,360,0
QTIH.US,D,20220914,000000,10.09,10.1,10.09,10.1,6184,0
QTIH.US,D,20220915,000000,10.09,10.11,10.09,10.1,9232,0
QTIH.US,D,20220919,000000,10.1099,10.12,10.09,10.11,30545,0
QTIH.US,D,20220920,000000,10.1,10.11,10.0758,10.1,11393,0
QTIH.US,D,20220921,000000,10.1,10.15,10.1,10.12,34796,0
QTIH.US,D,20220922,000000,10.13,10.15,10.1,10.13,1088326,0
QTIH.US,D,20220923,000000,10.12,10.13,10.11,10.13,59666,0
QTIH.US,D,20220926,000000,10.12,10.12,10.11,10.115,109299,0
QTIH.US,D,20220927,000000,10.07,10.16,10.07,10.11,103189,0
QTIH.US,D,20220928,000000,10.34,10.34,10.12,10.12,202186,0
QTIH.US,D,20220929,000000,10.16,10.16,10.09,10.1,7860,0
QTIH.US,D,20220930,000000,10.16,10.16,10.12,10.12,250133,0
QTIH.US,D,20221003,000000,10.1,10.12,10.09,10.11,6381,0
QTIH.US,D,20221004,000000,10.11,10.1101,10.11,10.1101,3949,0
QTIH.US,D,20221006,000000,10.12,10.12,10.12,10.12,101,0
QTIH.US,D,20221007,000000,10.13,10.13,10.13,10.13,103,0
QTIH.US,D,20221010,000000,10.12,10.12,10.12,10.12,102,0
QTIH.US,D,20221011,000000,10.12,10.12,10.12,10.12,100,0
QTIH.US,D,20221017,000000,10.2,10.2,10.12,10.12,300,0
QTIH.US,D,20221018,000000,10.09,10.1,10.09,10.1,304,0
QTIH.US,D,20221019,000000,10.13,10.14,10.1,10.13,11320,0
QTIH.US,D,20221020,000000,10.1,10.1,10.1,10.1,215,0
QTIH.US,D,20221021,000000,10.12,10.12,10.12,10.12,200014,0
QTIH.US,D,20221025,000000,10.12,10.12,10.12,10.12,300,0
QTIH.US,D,20221026,000000,10.12,10.12,10.12,10.12,1131,0
QTIH.US,D,20221027,000000,10.12,10.14,10.12,10.14,2440,0
QTIH.US,D,20221028,000000,10.135,10.135,10.135,10.135,628,0
QTIH.US,D,20221102,000000,10.13,10.2,10.13,10.2,12305,0
QTIH.US,D,20221107,000000,10.17,10.17,10.14,10.14,997,0
QTIH.US,D,20221108,000000,10.14,10.15,10.14,10.14,9601,0
QTIH.US,D,20221114,000000,10.18,10.18,10.18,10.18,168,0
QTIH.US,D,20221116,000000,10.1,10.15,10.1,10.14,426,0
QTIH.US,D,20221118,000000,10.14,10.14,10.14,10.14,1517,0
QTIH.US,D,20221121,000000,10.14,10.14,10.14,10.14,102,0
QTIH.US,D,20221122,000000,10.14,10.14,10.14,10.14,102,0
QTIH.US,D,20221125,000000,10.14,10.14,10.14,10.14,100,0
QTIH.US,D,20221129,000000,10.15,10.15,10.145,10.15,45639,0
QTIH.US,D,20221130,000000,10.15,10.15,10.15,10.15,304,0
QTIH.US,D,20221201,000000,10.1599,10.1599,10.1599,10.1599,900,0
QTIH.US,D,20221202,000000,10.15,10.16,10.15,10.16,851,0
QTIH.US,D,20221205,000000,10.18,10.18,10.16,10.18,35327,0
QTIH.US,D,20221206,000000,10.17,10.17,10.17,10.17,509,0
QTIH.US,D,20221209,000000,10.18,10.18,10.17,10.17,6142,0
QTIH.US,D,20221212,000000,10.27,10.27,10.18,10.19,1285,0
QTIH.US,D,20221215,000000,10.28,10.28,10.28,10.28,225,0
QTIH.US,D,20221216,000000,10.17,10.19,10.17,10.1899,15200,0
QTIH.US,D,20221219,000000,10.16,10.1765,10.16,10.1765,240,0
QTIH.US,D,20221220,000000,10.18,10.2,10.18,10.2,353,0
QTIH.US,D,20221221,000000,10.2,10.2,10.19,10.2,1753,0
QTIH.US,D,20221223,000000,10.235,10.28,10.235,10.2351,3191,0
QTIH.US,D,20221229,000000,10.19,10.205,10.19,10.205,10477,0
QTIH.US,D,20221230,000000,10.2,10.2,10.1999,10.2,3890,0
QTIH.US,D,20230104,000000,10.39,10.42,10.25,10.4,9075,0
QTIH.US,D,20230105,000000,10.39,10.39,10.39,10.39,101,0
QTIH.US,D,20230106,000000,10.38,10.38,10.29,10.29,500,0
QTIH.US,D,20230109,000000,10.29,10.31,10.29,10.31,1821,0
QTIH.US,D,20230110,000000,10.32,10.37,10.315,10.32,2331,0
QTIH.US,D,20230111,000000,10.36,10.37,10.35,10.37,1901,0
QTIH.US,D,20230112,000000,10.35,10.35,10.35,10.35,2752,0
QTIH.US,D,20230113,000000,10.35,10.37,10.33,10.33,5111,0
QTIH.US,D,20230118,000000,10.33,10.33,10.33,10.33,3685,0
QTIH.US,D,20230120,000000,10.32,10.35,10.32,10.35,10561,0
QTIH.US,D,20230123,000000,10.33,10.34,10.33,10.33,451,0
QTIH.US,D,20230124,000000,10.34,10.34,10.34,10.34,100,0
QTIH.US,D,20230125,000000,10.33,10.33,10.33,10.33,3667,0
QTIH.US,D,20230126,000000,10.34,10.35,10.34,10.35,14685,0
QTIH.US,D,20230131,000000,10.36,10.37,10.36,10.37,352,0
QTIH.US,D,20230209,000000,10.37,10.37,10.37,10.37,100,0
QTIH.US,D,20230213,000000,10.35,10.35,10.35,10.35,104,0
QTIH.US,D,20230214,000000,10.38,10.38,10.38,10.38,100,0
QTIH.US,D,20230215,000000,10.37,10.38,10.36,10.37,26001,0
QTIH.US,D,20230216,000000,10.38,10.4,10.37,10.38,7503,0
QTIH.US,D,20230221,000000,10.4,10.4,10.4,10.4,100,0
QTIH.US,D,20230222,000000,10.37,10.39,10.37,10.39,5169,0
QTIH.US,D,20230223,000000,10.38,10.39,10.38,10.39,2989,0
QTIH.US,D,20230224,000000,10.38,10.39,10.38,10.385,2400,0
QTIH.US,D,20230227,000000,10.38,10.38,10.37,10.37,705,0
QTIH.US,D,20230228,000000,10.39,10.5,10.39,10.4,212656,0
QTIH.US,D,20230301,000000,10.4,10.4,10.4,10.4,179601,0
QTIH.US,D,20230303,000000,10.41,10.43,10.4,10.41,209942,0
QTIH.US,D,20230306,000000,10.435,10.46,10.435,10.46,1020,0
QTIH.US,D,20230308,000000,10.45,10.4597,10.45,10.4597,479,0
QTIH.US,D,20230314,000000,10.48,10.5,10.48,10.5,1238,0
QTIH.US,D,20230315,000000,10.54,10.54,10.54,10.54,110,0
QTIH.US,D,20230316,000000,10.49,10.54,10.49,10.52,7308,0
QTIH.US,D,20230317,000000,10.5399,10.54,10.5399,10.5399,2271,0
QTIH.US,D,20230321,000000,10.55,10.55,10.54,10.55,8192,0
QTIH.US,D,20230322,000000,10.55,10.55,10.53,10.55,17055,0
QTIH.US,D,20230323,000000,10.55,10.56,10.54,10.56,51866,0
QTIH.US,D,20230324,000000,10.54,10.6414,10.54,10.5401,677441,0
QTIH.US,D,20230327,000000,10.58,11.06,10.54,10.58,69765,0
QTIH.US,D,20230328,000000,10.5599,10.56,10.55,10.55,1301,0
QTIH.US,D,20230329,000000,10.55,10.55,10.5,10.52,224080,0
QTIH.US,D,20230331,000000,10.54,10.5406,10.54,10.5401,202824,0
QTIH.US,D,20230403,000000,10.55,10.55,10.54,10.5401,202680,0
QTIH.US,D,20230404,000000,10.54,10.5696,10.54,10.5696,1800,0
QTIH.US,D,20230405,000000,10.57,10.57,10.57,10.57,101,0
QTIH.US,D,20230406,000000,10.57,10.59,10.57,10.59,11928,0
QTIH.US,D,20230426,000000,11.25,11.25,10.57,10.6,102056,0
QTIH.US,D,20230427,000000,10.79,10.79,10.64,10.65,802,0
QTIH.US,D,20230428,000000,10.78,10.78,10.78,10.78,140,0
QTIH.US,D,20230501,000000,10.59,10.59,10.59,10.59,150,0
QTIH.US,D,20230505,000000,10.72,10.72,10.72,10.72,600,0
QTIH.US,D,20230508,000000,10.6899,10.69,10.6899,10.69,867,0
QTIH.US,D,20230511,000000,10.6,10.64,10.6,10.63,32857,0
QTIH.US,D,20230516,000000,10.59,10.59,10.59,10.59,330,0
QTIH.US,D,20230518,000000,10.58,10.58,10.58,10.58,111,0
QTIH.US,D,20230519,000000,10.58,10.58,10.58,10.58,687,0
QTIH.US,D,20230522,000000,10.58,10.58,10.58,10.58,124,0
QTIH.US,D,20230523,000000,10.7,10.7,10.7,10.7,75105,0
QTIH.US,D,20230524,000000,10.63,10.65,10.63,10.65,30144,0
QTIH.US,D,20230530,000000,10.6,10.6,10.59,10.59,1573,0
QTIH.US,D,20230601,000000,10.63,10.63,10.63,10.63,200,0
QTIH.US,D,20230607,000000,10.6,10.6,10.59,10.5901,532,0
QTIH.US,D,20230608,000000,10.58,10.58,10.58,10.58,100,0
QTIH.US,D,20230612,000000,10.61,10.61,10.61,10.61,797,0
QTIH.US,D,20230613,000000,10.59,10.59,10.59,10.59,182,0
QTIH.US,D,20230620,000000,10.63,10.63,10.6299,10.6299,5400,0
QTIH.US,D,20230628,000000,10.63,10.65,10.63,10.6499,6721,0
QTIH.US,D,20230630,000000,10.64,10.65,10.64,10.65,575,0
QTIH.US,D,20230705,000000,10.67,10.67,10.67,10.67,799,0
QTIH.US,D,20230710,000000,10.67,10.67,10.6694,10.67,5624,0
QTIH.US,D,20230714,000000,10.68,10.68,10.68,10.68,496,0
QTIH.US,D,20230719,000000,10.689,10.69,10.689,10.69,3205,0
QTIH.US,D,20230724,000000,10.71,10.71,10.71,10.71,350,0
QTIH.US,D,20230726,000000,10.71,10.76,10.71,10.76,4000,0
QTIH.US,D,20230727,000000,10.7,10.75,10.7,10.74,3055,0
QTIH.US,D,20230728,000000,10.74,10.74,10.74,10.74,438,0
QTIH.US,D,20230731,000000,10.72,10.72,10.69,10.69,2892,0
QTIH.US,D,20230803,000000,10.69,10.74,10.69,10.725,53479,0
QTIH.US,D,20230807,000000,10.75,10.75,10.75,10.75,463,0
QTIH.US,D,20230814,000000,10.77,10.77,10.77,10.77,388,0
QTIH.US,D,20230815,000000,10.6994,10.7,10.6994,10.6999,500,0
QTIH.US,D,20230830,000000,10.79,10.8,10.75,10.8,2099,0
QTIH.US,D,20230831,000000,10.79,10.8201,10.79,10.8201,21799,0
QTIH.US,D,20230906,000000,10.84,10.85,10.84,10.85,1716,0
QTIH.US,D,20230914,000000,10.84,10.84,10.84,10.84,102,0
QTIH.US,D,20230915,000000,10.82,10.83,10.82,10.83,601,0
QTIH.US,D,20230918,000000,10.82,10.83,10.82,10.83,1901,0
QTIH.US,D,20230919,000000,10.82,10.84,10.8198,10.84,11867,0
QTIH.US,D,20230920,000000,10.84,10.84,10.8399,10.8399,1694,0
QTIH.US,D,20230921,000000,10.8402,10.85,10.8402,10.8499,4898,0
QTIH.US,D,20230922,000000,10.86,10.89,10.86,10.88,1368390,0
QTIH.US,D,20230925,000000,10.85,11.8,10.85,10.91,25912,0
QTIH.US,D,20230926,000000,11.1,11.8,10.88,10.88,29735,0
QTIH.US,D,20230927,000000,10.91,11,10.86,10.86,874,0
QTIH.US,D,20230928,000000,10.8971,11.038,10.5,10.77,16344,0
QTIH.US,D,20230929,000000,10.8,10.99,10.78,10.81,288141,0
QTIH.US,D,20231005,000000,10.82,10.82,10.82,10.82,187,0
QTIH.US,D,20231006,000000,10.8249,10.8249,10.82,10.82,537,0
QTIH.US,D,20231016,000000,10.89,10.89,10.89,10.89,233,0
QTIH.US,D,20231018,000000,10.89,10.91,10.89,10.9,7315,0
QTIH.US,D,20231020,000000,10.85,10.85,10.84,10.84,698,0
QTIH.US,D,20231102,000000,10.84,10.84,10.84,10.84,8539,0
QTIH.US,D,20231106,000000,10.86,10.87,10.86,10.87,1428,0
QTIH.US,D,20231110,000000,10.88,10.88,10.88,10.88,3374,0
QTIH.US,D,20231117,000000,10.895,10.9,10.85,10.85,20616,0
QTIH.US,D,20231127,000000,10.9,10.905,10.9,10.9,1000113,0
QTIH.US,D,20231128,000000,10.91,10.92,10.91,10.92,55240,0
QTIH.US,D,20231205,000000,10.9,10.9,10.9,10.9,531,0
QTIH.US,D,20231214,000000,10.95,10.99,10.95,10.99,59965,0
QTIH.US,D,20231218,000000,10.98,10.98,10.97,10.97,2267,0
QTIH.US,D,20231219,000000,10.98,10.98,10.98,10.98,323,0
QTIH.US,D,20231220,000000,10.9873,11,10.9873,10.99,236522,0
QTIH.US,D,20231221,000000,11,11.05,10.9999,11.05,474,0
QTIH.US,D,20231226,000000,10.92,10.94,10.92,10.94,1606,0
QTIH.US,D,20231227,000000,10.99,10.99,10.99,10.99,70002,0
QTIH.US,D,20240104,000000,12.04,12.04,11.19,11.19,456,0
QTIH.US,D,20240108,000000,11.21,11.21,11.21,11.21,224,0
QTIH.US,D,20240110,000000,10.94,10.94,10.9,10.9,3857,0
QTIH.US,D,20240111,000000,10.88,10.88,10.88,10.88,203,0
QTIH.US,D,20240124,000000,10.9,10.9001,10.9,10.9001,248,0
QTIH.US,D,20240131,000000,10.8,10.8,10.8,10.8,2002,0
QTIH.US,D,20240202,000000,10.9,10.9,10.9,10.9,501,0
QTIH.US,D,20240207,000000,10.9,10.9,10.875,10.9,1528,0
QTIH.US,D,20240208,000000,10.95,10.99,10.95,10.99,1503,0
QTIH.US,D,20240209,000000,10.95,10.95,10.95,10.95,1616,0
QTIH.US,D,20240212,000000,10.9303,10.9303,10.9303,10.9303,107,0
QTIH.US,D,20240213,000000,10.99,11.0001,10.99,11.0001,2133,0
QTIH.US,D,20240226,000000,13.09,14.4,12.25,12.49,8017,0
QTIH.US,D,20240227,000000,12.46,12.48,11.9,12.26,6216,0
QTIH.US,D,20240228,000000,11.99,11.99,9.46,10.69,16505,0
QTIH.US,D,20240229,000000,10.7,12.47,10.69,11.11,127474,0
QTIH.US,D,20240301,000000,4.75,4.97,3.9802,4,244602,0
QTIH.US,D,20240304,000000,4.08,4.3994,3.41,3.53,211648,0
QTIH.US,D,20240305,000000,2.23,2.25,1.32,1.35,1995100,0
QTIH.US,D,20240306,000000,1.36,1.36,1.16,1.28,1899900,0
QTIH.US,D,20240307,000000,1.19,1.59,1.12,1.4,2261900,0
QTIH.US,D,20240308,000000,1.38,1.52,1.26,1.35,1363096,0
QTIH.US,D,20240311,000000,1.35,1.41,1.22,1.36,938500,0
QTIH.US,D,20240312,000000,1.4,1.4,1.19,1.22,978900,0
QTIH.US,D,20240313,000000,1.2,1.36,1.18,1.32,693200,0
QTIH.US,D,20240314,000000,1.21,1.28,1.18,1.25,1256600,0
QTIH.US,D,20240315,000000,1.21,1.2401,1.1,1.2,436600,0
QTIH.US,D,20240318,000000,1.22,1.225,1.12,1.15,288708,0
QTIH.US,D,20240319,000000,1.13,1.1663,1.01,1.12,401909,0
QTIH.US,D,20240320,000000,1.11,1.11,1.04,1.08,357473,0
QTIH.US,D,20240321,000000,1.09,1.12,1.05,1.05,418477,0
QTIH.US,D,20240322,000000,1.05,1.098,1.01,1.01,272573,0
QTIH.US,D,20240325,000000,1.03,1.047,0.95,0.95,352290,0
QTIH.US,D,20240326,000000,0.96,0.9799,0.88,0.9526,493364,0
QTIH.US,D,20240327,000000,0.97,1.04,0.92,1.02,219383,0
QTIH.US,D,20240328,000000,1.04,1.15,1,1.06,298454,0
QTIH.US,D,20240401,000000,1.1,1.14,1.0604,1.13,198832,0
QTIH.US,D,20240402,000000,1.11,1.11,0.965,0.965,276297,0
QTIH.US,D,20240403,000000,0.92,0.94,0.8974,0.931,283775,0
QTIH.US,D,20240404,000000,0.9699,0.978,0.88,0.962,128042,0
QTIH.US,D,20240405,000000,0.925,1.06,0.925,1.04,115167,0
QTIH.US,D,20240408,000000,1.05,1.1,1.01,1.065,78333,0
QTIH.US,D,20240409,000000,1.05,1.0601,1.01,1.025,137767,0
QTIH.US,D,20240410,000000,1.03,1.13,1.01,1.05,103699,0
QTIH.US,D,20240411,000000,1.09,1.25,1.05,1.17,1121947,0
QTIH.US,D,20240412,000000,1.24,1.3,1.06,1.1172,700719,0
QTIH.US,D,20240415,000000,1.16,1.16,0.9995,1.08,196136,0
QTIH.US,D,20240416,000000,1.07,1.1185,0.6766,0.849899,713757,0
QTIH.US,D,20240417,000000,0.855,0.855,0.6699,0.749,285448,0
QTIH.US,D,20240418,000000,0.737,0.8,0.71,0.7487,63068,0
QTIH.US,D,20240419,000000,0.767933,0.83,0.75,0.8295,161076,0
QTIH.US,D,20240422,000000,0.859,0.9399,0.85,0.87,98957,0
QTIH.US,D,20240423,000000,0.9,0.91,0.858,0.885,62974,0
QTIH.US,D,20240424,000000,0.87,0.93,0.86,0.8737,33537,0
QTIH.US,D,20240425,000000,0.88,0.9,0.7968,0.81,71974,0
QTIH.US,D,20240426,000000,0.87,0.87,0.7801,0.8199,53337,0
QTIH.US,D,20240429,000000,0.85,0.87,0.8,0.8086,62508,0
QTIH.US,D,20240430,000000,0.81,0.81,0.7852,0.79,9619,0
QTIH.US,D,20240501,000000,0.79,0.8489,0.7801,0.805,94376,0
QTIH.US,D,20240502,000000,0.8124,0.829,0.7861,0.7861,28943,0
QTIH.US,D,20240503,000000,0.84,0.84,0.7818,0.7997,42397,0
QTIH.US,D,20240506,000000,0.833,0.8339,0.786,0.7916,48394,0
QTIH.US,D,20240507,000000,0.8061,0.8066,0.7818,0.79,33075,0
QTIH.US,D,20240508,000000,0.85,0.9692,0.7626,0.7977,992664,0
QTIH.US,D,20240509,000000,0.82,0.88,0.79,0.85,90880,0
QTIH.US,D,20240510,000000,0.85,0.91,0.801,0.874,167221,0
QTIH.US,D,20240513,000000,0.840151,0.89,0.7903,0.85,58075,0
QTIH.US,D,20240514,000000,0.912,0.912,0.84,0.8623,145008,0
QTIH.US,D,20240515,000000,0.86,0.88,0.841,0.8693,61299,0
QTIH.US,D,20240516,000000,0.891,0.891,0.8434,0.889,40209,0
QTIH.US,D,20240517,000000,0.8865,0.92,0.857,0.8896,66933,0
QTIH.US,D,20240520,000000,0.8639,0.9033,0.8603,0.8987,82136,0
QTIH.US,D,20240521,000000,0.8631,0.92,0.8631,0.91,17278,0
QTIH.US,D,20240522,000000,0.8838,0.9037,0.8819,0.8924,15538,0
QTIH.US,D,20240523,000000,0.9099,0.91,0.81,0.8101,68342,0
QTIH.US,D,20240524,000000,0.815,0.8501,0.7801,0.8501,66972,0
QTIH.US,D,20240528,000000,0.8501,0.8501,0.7818,0.8,81479,0
QTIH.US,D,20240529,000000,0.8397,0.8397,0.7883,0.814001,38099,0
QTIH.US,D,20240530,000000,0.8,0.82,0.7602,0.785,26868,0
QTIH.US,D,20240531,000000,0.785,0.80351,0.7115,0.72389,140858,0
QTIH.US,D,20240603,000000,0.76,0.76,0.69,0.6998,63899,0
QTIH.US,D,20240604,000000,0.725,0.725,0.650397,0.6996,102481,0
QTIH.US,D,20240605,000000,0.698,0.7495,0.698,0.7085,49638,0
QTIH.US,D,20240606,000000,0.7075,0.715,0.6515,0.66569,126321,0
QTIH.US,D,20240607,000000,0.67,0.705,0.6506,0.66,62277,0
QTIH.US,D,20240610,000000,0.67,0.73,0.67,0.6999,81733,0
QTIH.US,D,20240611,000000,0.71,0.71,0.6792,0.709,53100,0
QTIH.US,D,20240612,000000,0.709,0.825,0.7001,0.81,199001,0
QTIH.US,D,20240613,000000,0.81,0.8198,0.76,0.7603,79806,0
QTIH.US,D,20240614,000000,0.7924,0.7924,0.716,0.745,112848,0
QTIH.US,D,20240617,000000,0.7999,0.86,0.74,0.8297,167473,0
QTIH.US,D,20240618,000000,0.7869,0.7897,0.7401,0.7609,29239,0
QTIH.US,D,20240620,000000,0.7403,0.7789,0.704,0.7485,13541,0
QTIH.US,D,20240621,000000,0.74015,0.76,0.714,0.7371,156706,0
QTIH.US,D,20240624,000000,0.789,0.79,0.74,0.75,16643,0
QTIH.US,D,20240625,000000,0.73885,0.803,0.722,0.7384,20748,0
QTIH.US,D,20240626,000000,0.7205,0.767,0.72,0.7305,27763,0
QTIH.US,D,20240627,000000,0.74,0.7499,0.72,0.7468,9829,0
QTIH.US,D,20240628,000000,0.75,0.75,0.72,0.739,29279,0
QTIH.US,D,20240701,000000,0.72,0.769,0.72,0.7617,94004,0
QTIH.US,D,20240702,000000,0.77,0.795,0.72,0.74,83726,0
QTIH.US,D,20240703,000000,0.789,0.789,0.73,0.7484,21243,0
QTIH.US,D,20240705,000000,0.734,0.7406,0.7106,0.7107,157013,0
QTIH.US,D,20240708,000000,0.72,0.759,0.705,0.7161,41739,0
QTIH.US,D,20240709,000000,0.738,0.7499,0.7161,0.74,12919,0
QTIH.US,D,20240710,000000,0.736501,0.75,0.7116,0.7124,42194,0
QTIH.US,D,20240711,000000,0.73335,0.74,0.705,0.709,21423,0
QTIH.US,D,20240712,000000,0.71,0.748,0.7016,0.718156,26714,0
QTIH.US,D,20240715,000000,0.7665,0.770479,0.71,0.7303,24299,0
QTIH.US,D,20240716,000000,0.75,0.75,0.679899,0.703033,86534,0
QTIH.US,D,20240717,000000,0.683,0.6964,0.67,0.6811,17736,0
QTIH.US,D,20240718,000000,0.6811,0.71,0.624,0.64,60764,0
QTIH.US,D,20240719,000000,0.671,0.671,0.62,0.62,32460,0
QTIH.US,D,20240722,000000,0.651,0.651,0.6019,0.6019,66091,0
QTIH.US,D,20240723,000000,0.617899,0.7,0.6019,0.686,77310,0
QTIH.US,D,20240724,000000,0.6654,0.69,0.6304,0.69,33416,0
QTIH.US,D,20240725,000000,0.67475,0.67475,0.6302,0.639,33436,0
QTIH.US,D,20240726,000000,0.64,0.6551,0.6376,0.6401,31462,0
QTIH.US,D,20240729,000000,0.6421,0.66,0.61,0.6448,22920,0
QTIH.US,D,20240730,000000,0.66,0.66,0.6021,0.6021,16163,0
QTIH.US,D,20240731,000000,0.65,0.659,0.62,0.6301,22816,0
QTIH.US,D,20240801,000000,0.6556,0.66,0.61,0.638051,45758,0
QTIH.US,D,20240802,000000,0.649051,0.649051,0.5819,0.588,71796,0
QTIH.US,D,20240805,000000,0.6182,0.6182,0.4056,0.491,97525,0
QTIH.US,D,20240806,000000,0.5184,0.528,0.5,0.5004,40244,0
QTIH.US,D,20240807,000000,0.513,0.5232,0.4706,0.494401,55381,0
QTIH.US,D,20240808,000000,0.51495,0.53,0.4703,0.475,26366,0
QTIH.US,D,20240809,000000,0.5,0.5287,0.499,0.509,21064,0
QTIH.US,D,20240812,000000,0.529,0.529,0.456,0.48,24608,0
QTIH.US,D,20240813,000000,0.460801,0.51,0.460801,0.48,40117,0
QTIH.US,D,20240814,000000,0.49,0.52,0.47,0.5001,20603,0
QTIH.US,D,20240815,000000,0.4905,0.51,0.471,0.474,15909,0
QTIH.US,D,20240816,000000,0.533,0.533,0.471001,0.507,19221,0
QTIH.US,D,20240819,000000,0.53,0.54,0.501,0.5282,18641,0
QTIH.US,D,20240820,000000,0.525,0.5348,0.51,0.5105,19652,0
QTIH.US,D,20240821,000000,0.52,0.52,0.47,0.4727,57700,0
QTIH.US,D,20240822,000000,0.5,0.52,0.4501,0.506,163183,0
QTIH.US,D,20240823,000000,0.5018,0.73,0.4979,0.667636,1197380,0
QTIH.US,D,20240826,000000,0.69,0.69,0.6201,0.639,1031217,0
QTIH.US,D,20240827,000000,0.618,0.638,0.5573,0.6,137093,0
QTIH.US,D,20240828,000000,0.582,0.609899,0.5308,0.5755,47241,0
QTIH.US,D,20240829,000000,0.558001,0.7,0.5579,0.6796,113110,0
QTIH.US,D,20240830,000000,0.6761,0.69,0.6287,0.69,25457,0
QTIH.US,D,20240903,000000,0.71,0.71,0.64,0.6895,20342,0
QTIH.US,D,20240904,000000,0.6889,0.69,0.6418,0.65,18563,0
QTIH.US,D,20240905,000000,0.650001,0.69,0.64,0.6417,22666,0
QTIH.US,D,20240906,000000,0.644,0.69,0.627,0.6498,42432,0
QTIH.US,D,20240909,000000,0.67,0.673934,0.64,0.662,23647,0
QTIH.US,D,20240910,000000,0.6302,0.6899,0.63,0.6755,15838,0
QTIH.US,D,20240911,000000,0.69,0.71,0.58,0.5999,137952,0
QTIH.US,D,20240912,000000,0.59,0.6,0.5054,0.521499,82952,0
QTIH.US,D,20240913,000000,0.53,0.5749,0.5,0.5225,72084,0
QTIH.US,D,20240916,000000,0.576,0.68,0.55,0.6,124053,0
QTIH.US,D,20240917,000000,0.6175,0.64,0.5997,0.6352,14226,0
QTIH.US,D,20240918,000000,0.64,0.66,0.592,0.592,104043,0
QTIH.US,D,20240919,000000,0.63,0.640077,0.6,0.6,14049,0
QTIH.US,D,20240920,000000,0.619,0.68,0.5903,0.68,56534,0
QTIH.US,D,20240923,000000,0.621,0.67,0.621,0.67,31576,0
QTIH.US,D,20240924,000000,0.669603,0.67,0.641,0.6556,17865,0
QTIH.US,D,20240925,000000,0.67,0.67,0.645,0.6671,14168,0
QTIH.US,D,20240926,000000,0.6701,0.69,0.6,0.6426,41914,0
QTIH.US,D,20240927,000000,0.67,0.757,0.640001,0.7486,258629,0
QTIH.US,D,20240930,000000,0.759,0.7595,0.65,0.7093,117068,0
QTIH.US,D,20241001,000000,0.7,0.75,0.66,0.7105,45805,0
QTIH.US,D,20241002,000000,0.69,0.7,0.66,0.66,49200,0
QTIH.US,D,20241003,000000,0.66,0.69,0.629,0.6342,35165,0
QTIH.US,D,20241004,000000,0.67,0.67,0.6,0.6283,83140,0
QTIH.US,D,20241007,000000,0.66,0.66655,0.61,0.62,20687,0
QTIH.US,D,20241008,000000,0.66,0.66,0.6,0.601,41673,0
QTIH.US,D,20241009,000000,0.64,0.64,0.5678,0.57,77044,0
QTIH.US,D,20241010,000000,0.585,0.590272,0.565001,0.58,22125,0
QTIH.US,D,20241011,000000,0.65,0.65,0.5512,0.5615,261959,0
QTIH.US,D,20241014,000000,0.584,0.61,0.5614,0.5948,82099,0
QTIH.US,D,20241015,000000,0.62,0.628,0.570401,0.614051,39385,0
QTIH.US,D,20241016,000000,0.628,0.64,0.581,0.64,64457,0
QTIH.US,D,20241017,000000,0.64,0.64,0.5525,0.58,208253,0
QTIH.US,D,20241018,000000,0.61,0.64,0.555,0.64,68766,0
QTIH.US,D,20241021,000000,0.64,0.67,0.5901,0.67,75736,0
QTIH.US,D,20241022,000000,0.68,0.69,0.64,0.69,21870,0
QTIH.US,D,20241023,000000,0.68,0.689,0.6402,0.689,41511,0
QTIH.US,D,20241024,000000,0.69,0.69,0.648076,0.69,12990,0
QTIH.US,D,20241025,000000,0.7,0.71,0.645001,0.709,28025,0
QTIH.US,D,20241028,000000,0.7,0.84,0.6745,0.84,60347,0
QTIH.US,D,20241029,000000,0.8148,0.8148,0.750001,0.751,48786,0
QTIH.US,D,20241030,000000,0.75,0.76,0.7,0.74,64054,0
QTIH.US,D,20241031,000000,0.7201,0.7689,0.7,0.7492,42953,0
QTIH.US,D,20241101,000000,0.769,0.769,0.6794,0.69,39109,0
QTIH.US,D,20241104,000000,0.69,0.7314,0.565,0.587,111076,0
QTIH.US,D,20241105,000000,0.66,0.66871,0.55,0.5504,276731,0
QTIH.US,D,20241106,000000,0.636,0.636,0.54,0.56,88635,0
QTIH.US,D,20241107,000000,0.58,0.601,0.542,0.557,136699,0
QTIH.US,D,20241108,000000,0.588,0.588,0.4779,0.51,514578,0
QTIH.US,D,20241111,000000,0.552,0.553,0.4808,0.5061,75488,0
QTIH.US,D,20241112,000000,0.5319,0.5319,0.4751,0.4776,155173,0
QTIH.US,D,20241113,000000,0.47,0.5196,0.46,0.4752,154392,0
QTIH.US,D,20241114,000000,0.5,0.5,0.433,0.489,88682,0
QTIH.US,D,20241115,000000,0.5765,0.68,0.513401,0.569,1258120,0
QTIH.US,D,20241118,000000,0.5999,0.6,0.4908,0.51,297272,0
QTIH.US,D,20241119,000000,0.56,0.67,0.5372,0.565,341801,0
QTIH.US,D,20241120,000000,0.583,0.583,0.547,0.5698,220595,0
QTIH.US,D,20241121,000000,0.57,0.59,0.47,0.513,321659,0
QTIH.US,D,20241122,000000,0.511,0.54,0.4608,0.4701,364251,0
QTIH.US,D,20241125,000000,0.497,0.52,0.471,0.471,240099,0
QTIH.US,D,20241126,000000,0.4684,0.5,0.4684,0.48,110531,0
QTIH.US,D,20241127,000000,0.4775,0.494,0.47,0.4763,65193,0
QTIH.US,D,20241129,000000,0.5,0.54505,0.4845,0.545,107173,0
QTIH.US,D,20241202,000000,0.54,0.545,0.475101,0.48,214715,0
QTIH.US,D,20241203,000000,0.504,0.505,0.4701,0.48,56772,0
QTIH.US,D,20241204,000000,0.4935,0.5499,0.471501,0.498,575929,0
QTIH.US,D,20241205,000000,0.491,0.54,0.4901,0.53,100910,0
QTIH.US,D,20241206,000000,0.5122,0.55,0.4907,0.515,154501,0
QTIH.US,D,20241209,000000,0.5324,0.539,0.4855,0.5,212047,0
QTIH.US,D,20241210,000000,0.508,0.508,0.47,0.48,132117,0
QTIH.US,D,20241211,000000,0.479901,0.489,0.47,0.4795,23615,0
QTIH.US,D,20241212,000000,0.4883,0.4883,0.456,0.4689,155626,0
QTIH.US,D,20241213,000000,0.466,0.52,0.4562,0.4999,295049,0
QTIH.US,D,20241216,000000,0.5,0.5,0.45,0.4535,104147,0
QTIH.US,D,20241217,000000,0.4436,0.47,0.42,0.439,374232,0
QTIH.US,D,20241218,000000,0.455,0.455,0.4,0.4,179009,0
QTIH.US,D,20241219,000000,0.42,0.421,0.3703,0.3869,241463,0
QTIH.US,D,20241220,000000,0.3947,0.439,0.391,0.42,133001,0
QTIH.US,D,20241223,000000,0.409,0.44,0.38,0.38,75125,0
QTIH.US,D,20241224,000000,0.3955,0.397,0.35,0.35,195848,0
QTIH.US,D,20241226,000000,0.364,0.4096,0.3553,0.3553,185350,0
QTIH.US,D,20241227,000000,0.37,0.425,0.36,0.4158,512310,0
QTIH.US,D,20241230,000000,0.435,0.435,0.37,0.394,521509,0
QTIH.US,D,20241231,000000,0.3822,0.4999,0.37,0.488001,1178784,0
QTIH.US,D,20250102,000000,0.48,0.53,0.443,0.497601,777326,0
QTIH.US,D,20250103,000000,0.497,0.537,0.4307,0.459,467109,0
QTIH.US,D,20250106,000000,0.479,0.4966,0.4401,0.4607,114040,0
QTIH.US,D,20250107,000000,0.4722,0.4722,0.4215,0.44,138237,0
QTIH.US,D,20250108,000000,0.44,0.47,0.4281,0.469,92329,0
QTIH.US,D,20250110,000000,0.47,0.47,0.4,0.455,182513,0
QTIH.US,D,20250113,000000,0.5,0.5,0.43,0.479,490376,0
QTIH.US,D,20250114,000000,0.47,0.4863,0.441,0.4799,314398,0
QTIH.US,D,20250115,000000,0.48,0.5564,0.444,0.5499,514890,0
QTIH.US,D,20250116,000000,0.539,0.55,0.492,0.5262,640786,0
QTIH.US,D,20250117,000000,0.479,0.49,0.451,0.4682,192253,0
QTIH.US,D,20250121,000000,0.49,0.53,0.4883,0.52,424846,0
QTIH.US,D,20250122,000000,0.52,0.529,0.4974,0.509,205438,0
QTIH.US,D,20250123,000000,0.515,0.55,0.4943,0.5175,250821,0
QTIH.US,D,20250124,000000,0.5379,0.5379,0.5,0.5119,233499,0
QTIH.US,D,20250127,000000,0.53,0.5375,0.378,0.3951,1743109,0
