<TICKER>,<PER>,<DATE>,<TIME>,<OPEN>,<HIGH>,<LOW>,<CLOSE>,<VOL>,<OPENINT>
QYLE.US,D,20230228,000000,24.6646,24.6646,24.6646,24.6646,2,0
QYLE.US,D,20230301,000000,24.5134,24.5134,24.5134,24.5134,1,0
QYLE.US,D,20230302,000000,24.72,24.72,24.72,24.72,211,0
QYLE.US,D,20230303,000000,25.0131,25.0131,25.0131,25.0131,6,0
QYLE.US,D,20230306,000000,25.0584,25.0584,25.0584,25.0584,4,0
QYLE.US,D,20230307,000000,24.8896,24.8896,24.8896,24.8896,32,0
QYLE.US,D,20230308,000000,25.0279,25.0279,25.0279,25.0279,10,0
QYLE.US,D,20230309,000000,24.7549,24.7549,24.7549,24.7549,29,0
QYLE.US,D,20230310,000000,24.4921,24.4921,24.4921,24.4921,1,0
QYLE.US,D,20230313,000000,24.6371,24.6371,24.6371,24.6371,2,0
QYLE.US,D,20230314,000000,25.16,25.16,25.1441,25.1441,103,0
QYLE.US,D,20230315,000000,25.2125,25.2125,25.2125,25.2125,8,0
QYLE.US,D,20230316,000000,25.5269,25.5269,25.5269,25.5269,2,0
QYLE.US,D,20230317,000000,25.33,25.95,25.33,25.3977,10919,0
QYLE.US,D,20230320,000000,25.1499,25.23,25.14,25.23,602,0
QYLE.US,D,20230321,000000,25.36,25.36,25.36,25.36,6,0
QYLE.US,D,20230322,000000,25.43,25.43,25.2724,25.2724,11000,0
QYLE.US,D,20230323,000000,25.33,25.4381,25.33,25.4381,312,0
QYLE.US,D,20230324,000000,25.4877,25.4877,25.4877,25.4877,1,0
QYLE.US,D,20230327,000000,25.4731,25.4731,25.4731,25.4731,3600,0
QYLE.US,D,20230328,000000,25.4645,25.4645,25.4645,25.4645,8,0
QYLE.US,D,20230329,000000,25.6727,25.6727,25.6727,25.6727,152,0
QYLE.US,D,20230330,000000,25.76,25.76,25.76,25.76,6,0
QYLE.US,D,20230331,000000,25.85,25.85,25.85,25.85,3,0
QYLE.US,D,20230403,000000,25.8866,25.8866,25.8866,25.8866,13,0
QYLE.US,D,20230404,000000,25.8355,25.8355,25.8355,25.8355,24,0
QYLE.US,D,20230405,000000,25.8289,25.8289,25.8289,25.8289,4,0
QYLE.US,D,20230406,000000,25.8603,25.8603,25.8603,25.8603,4,0
QYLE.US,D,20230410,000000,25.69,25.8985,25.69,25.8985,1810,0
QYLE.US,D,20230411,000000,25.8707,25.8707,25.8707,25.8707,4,0
QYLE.US,D,20230412,000000,25.82,25.8639,25.81,25.8639,1833,0
QYLE.US,D,20230413,000000,25.9341,25.9341,25.9341,25.9341,8,0
QYLE.US,D,20230414,000000,25.934,25.934,25.934,25.934,8,0
QYLE.US,D,20230417,000000,25.95,25.95,25.95,25.95,26,0
QYLE.US,D,20230418,000000,26.0073,26.0073,26.0073,26.0073,9,0
QYLE.US,D,20230419,000000,25.88,25.975,25.88,25.975,125,0
QYLE.US,D,20230420,000000,26.0699,26.0699,26.012,26.012,10007,0
QYLE.US,D,20230421,000000,26.25,26.25,26.01,26.0276,301,0
QYLE.US,D,20230424,000000,25.7599,25.7599,25.7599,25.7599,64,0
QYLE.US,D,20230425,000000,25.4794,25.4794,25.4794,25.4794,10,0
QYLE.US,D,20230426,000000,25.63,25.63,25.6231,25.6231,292,0
QYLE.US,D,20230427,000000,25.8402,25.8402,25.8402,25.8402,20,0
QYLE.US,D,20230428,000000,25.9984,25.9984,25.9984,25.9984,51,0
QYLE.US,D,20230501,000000,26.09,26.09,26.0691,26.0691,121,0
QYLE.US,D,20230502,000000,25.9594,25.9594,25.9594,25.9594,4,0
QYLE.US,D,20230503,000000,25.8823,25.8823,25.8823,25.8823,187,0
QYLE.US,D,20230504,000000,25.8392,25.8392,25.8392,25.8392,20,0
QYLE.US,D,20230505,000000,26.1301,26.1301,26.1301,26.1301,2,0
QYLE.US,D,20230508,000000,26.1792,26.1792,26.1792,26.1792,60,0
QYLE.US,D,20230509,000000,26.1162,26.1162,26.1162,26.1162,39,0
QYLE.US,D,20230510,000000,26.19,26.19,26.19,26.19,5,0
QYLE.US,D,20230511,000000,26.1749,26.1749,26.1749,26.1749,22,0
QYLE.US,D,20230512,000000,26.1939,26.1939,26.1939,26.1939,5,0
QYLE.US,D,20230515,000000,26.2313,26.2313,26.2313,26.2313,20,0
QYLE.US,D,20230516,000000,26.2282,26.2282,26.2282,26.2282,20,0
QYLE.US,D,20230517,000000,26.2351,26.2351,26.2351,26.2351,35,0
QYLE.US,D,20230518,000000,26.2883,26.2883,26.2883,26.2883,12,0
QYLE.US,D,20230519,000000,26.45,26.45,26.2119,26.2119,4501,0
QYLE.US,D,20230522,000000,25.97,25.97,25.97,25.97,42,0
QYLE.US,D,20230523,000000,25.8004,25.8004,25.8004,25.8004,96,0
QYLE.US,D,20230524,000000,25.69,25.69,25.67,25.6805,316,0
QYLE.US,D,20230525,000000,26.1938,26.1938,26.1938,26.1938,2,0
QYLE.US,D,20230526,000000,26.4345,26.4345,26.4345,26.4345,14,0
QYLE.US,D,20230530,000000,26.4978,26.4978,26.4978,26.4978,9,0
QYLE.US,D,20230531,000000,26.4849,26.4849,26.4319,26.4319,109,0
QYLE.US,D,20230601,000000,26.54,26.555,26.4,26.5394,699,0
QYLE.US,D,20230602,000000,26.565,26.64,26.48,26.48,1234,0
QYLE.US,D,20230605,000000,26.62,26.62,26.62,26.62,2,0
QYLE.US,D,20230606,000000,26.66,26.66,26.56,26.56,100,0
QYLE.US,D,20230607,000000,26.58,26.58,26.5059,26.5059,114,0
QYLE.US,D,20230608,000000,26.57,26.69,26.57,26.6021,763,0
QYLE.US,D,20230609,000000,26.67,26.67,26.59,26.59,116,0
QYLE.US,D,20230612,000000,26.6343,26.6343,26.6343,26.6343,32,0
QYLE.US,D,20230613,000000,26.6753,26.6753,26.6753,26.6753,13,0
QYLE.US,D,20230614,000000,26.82,26.82,26.7402,26.7402,182,0
QYLE.US,D,20230615,000000,26.771,26.771,26.771,26.771,32,0
QYLE.US,D,20230616,000000,26.64,26.66,26.4618,26.4618,716,0
QYLE.US,D,20230620,000000,26.254,26.254,26.254,26.254,101,0
QYLE.US,D,20230621,000000,26.0513,26.0513,26.0513,26.0513,6,0
QYLE.US,D,20230622,000000,26.18,26.18,26.18,26.18,91,0
QYLE.US,D,20230623,000000,26,26,26,26,85,0
QYLE.US,D,20230626,000000,25.8656,25.8656,25.8656,25.8656,73,0
QYLE.US,D,20230627,000000,26.2017,26.2017,26.2017,26.2017,15,0
QYLE.US,D,20230628,000000,26.18,26.18,26.18,26.18,154,0
QYLE.US,D,20230629,000000,26.22,26.22,26.219,26.219,344,0
QYLE.US,D,20230630,000000,26.43,26.53,26.43,26.49,469,0
QYLE.US,D,20230703,000000,26.51,26.5159,26.4717,26.5159,2824,0
QYLE.US,D,20230705,000000,26.53,26.54,26.44,26.44,791,0
QYLE.US,D,20230706,000000,26.35,26.35,26.35,26.35,33,0
QYLE.US,D,20230707,000000,26.3484,26.3484,26.3484,26.3484,54,0
QYLE.US,D,20230710,000000,26.4378,26.4378,26.4378,26.4378,78,0
QYLE.US,D,20230711,000000,26.42,26.48,26.42,26.48,107,0
QYLE.US,D,20230712,000000,26.6965,26.6965,26.6965,26.6965,21,0
QYLE.US,D,20230713,000000,26.9122,26.9122,26.9122,26.9122,50,0
QYLE.US,D,20230714,000000,26.8605,26.8605,26.8605,26.8605,7,0
QYLE.US,D,20230717,000000,26.9695,26.9695,26.9695,26.9695,11,0
QYLE.US,D,20230718,000000,26.9165,27.0703,26.9165,27.0703,108,0
QYLE.US,D,20230719,000000,27.07,27.07,26.995,26.995,176,0
QYLE.US,D,20230720,000000,26.93,26.9302,26.89,26.9,1134,0
QYLE.US,D,20230721,000000,27.06,27.06,26.845,26.845,446,0
QYLE.US,D,20230724,000000,26.56,26.6,26.56,26.6,212,0
QYLE.US,D,20230725,000000,26.7624,26.7624,26.7624,26.7624,14,0
QYLE.US,D,20230726,000000,26.61,26.7237,26.61,26.7237,277,0
QYLE.US,D,20230727,000000,26.7263,26.7263,26.7263,26.7263,18,0
QYLE.US,D,20230728,000000,26.9402,26.9402,26.9402,26.9402,40,0
QYLE.US,D,20230731,000000,26.9572,26.9572,26.9572,26.9572,7,0
QYLE.US,D,20230801,000000,26.955,26.955,26.955,26.955,78,0
QYLE.US,D,20230802,000000,26.6,26.6,26.6,26.6,226,0
QYLE.US,D,20230803,000000,26.54,26.54,26.54,26.54,8,0
QYLE.US,D,20230804,000000,26.505,26.505,26.505,26.505,24,0
QYLE.US,D,20230807,000000,26.64,26.64,26.64,26.64,187,0
QYLE.US,D,20230808,000000,26.52,26.52,26.51,26.51,211,0
QYLE.US,D,20230809,000000,26.2821,26.2821,26.2821,26.2821,2,0
QYLE.US,D,20230810,000000,26.42,26.42,26.355,26.355,290,0
QYLE.US,D,20230811,000000,26.184,26.184,26.13,26.13,424,0
QYLE.US,D,20230814,000000,26.34,26.5366,26.34,26.5366,141,0
QYLE.US,D,20230815,000000,26.3339,26.3339,26.3339,26.3339,5,0
QYLE.US,D,20230816,000000,26.24,26.24,26.0768,26.0768,208,0
QYLE.US,D,20230817,000000,26.01,26.01,25.8321,25.8321,179,0
QYLE.US,D,20230818,000000,25.67,25.67,25.67,25.67,10,0
QYLE.US,D,20230821,000000,25.39,25.7774,25.39,25.7774,317,0
QYLE.US,D,20230822,000000,25.7466,25.7466,25.7466,25.7466,58,0
QYLE.US,D,20230823,000000,25.9137,25.9137,25.9137,25.9137,13,0
QYLE.US,D,20230824,000000,25.7864,25.7864,25.7864,25.7864,45,0
QYLE.US,D,20230825,000000,25.85,25.866,25.85,25.866,255,0
QYLE.US,D,20230828,000000,25.9699,25.9699,25.9699,25.9699,52,0
QYLE.US,D,20230829,000000,26.08,26.15,26.08,26.15,207,0
QYLE.US,D,20230830,000000,26.2104,26.2104,26.2104,26.2104,19,0
QYLE.US,D,20230831,000000,26.15,26.15,26.15,26.15,3,0
QYLE.US,D,20230901,000000,26.25,26.25,26.25,26.25,6,0
QYLE.US,D,20230905,000000,26.235,26.31,26.235,26.25,2773,0
QYLE.US,D,20230906,000000,26.2019,26.2019,26.2019,26.2019,4,0
QYLE.US,D,20230907,000000,26.1429,26.1429,26.1429,26.1429,82,0
QYLE.US,D,20230908,000000,26.155,26.155,26.155,26.155,33,0
QYLE.US,D,20230911,000000,26.18,26.18,26.04,26.04,145,0
QYLE.US,D,20230912,000000,26.085,26.085,26.085,26.085,196,0
QYLE.US,D,20230913,000000,26.09,26.09,26.09,26.09,3,0
QYLE.US,D,20230914,000000,26.07,26.12,26.07,26.12,251,0
QYLE.US,D,20230915,000000,26.2,26.2,25.8219,25.8219,147,0
QYLE.US,D,20230918,000000,25.5,25.5,25.4859,25.4859,265,0
QYLE.US,D,20230919,000000,25.48,25.48,25.45,25.4584,221,0
QYLE.US,D,20230920,000000,25.2742,25.2742,25.2742,25.2742,8,0
QYLE.US,D,20230921,000000,25.0417,25.0417,25.0417,25.0417,74,0
QYLE.US,D,20230922,000000,25.04,25.04,25.04,25.04,23,0
QYLE.US,D,20230925,000000,24.96,25.0275,24.96,25.0275,500,0
QYLE.US,D,20230926,000000,24.7387,24.7387,24.7387,24.7387,27,0
QYLE.US,D,20230927,000000,24.7706,24.7706,24.7552,24.7552,525,0
QYLE.US,D,20230928,000000,25.0032,25.0032,25.0032,25.0032,11,0
QYLE.US,D,20230929,000000,25.0528,25.0528,25.0528,25.0528,18,0
QYLE.US,D,20231002,000000,25.1455,25.1455,25.1455,25.1455,109,0
QYLE.US,D,20231003,000000,25.05,25.05,24.849,24.849,103,0
QYLE.US,D,20231004,000000,25.1868,25.1868,25.1868,25.1868,43,0
QYLE.US,D,20231005,000000,25.1398,25.1398,25.1398,25.1398,12,0
QYLE.US,D,20231006,000000,25.475,25.475,25.475,25.475,10,0
QYLE.US,D,20231009,000000,25.5515,25.5515,25.5515,25.5515,27,0
QYLE.US,D,20231010,000000,25.6799,25.68,25.6253,25.6253,208,0
QYLE.US,D,20231011,000000,25.7988,25.7988,25.7988,25.7988,89,0
QYLE.US,D,20231012,000000,25.7373,25.7373,25.7373,25.7373,89,0
QYLE.US,D,20231013,000000,25.7,25.7,25.48,25.48,934,0
QYLE.US,D,20231016,000000,25.8558,25.8558,25.8558,25.8558,39,0
QYLE.US,D,20231017,000000,25.73,25.73,25.73,25.73,13,0
QYLE.US,D,20231018,000000,25.4129,25.4129,25.4129,25.4129,75,0
QYLE.US,D,20231019,000000,25.1991,25.1991,25.1991,25.1991,1,0
QYLE.US,D,20231020,000000,25.0213,25.0213,25.0213,25.0213,1,0
QYLE.US,D,20231023,000000,24.7964,24.7964,24.7964,24.7964,100,0
QYLE.US,D,20231024,000000,24.89,24.89,24.87,24.87,104,0
QYLE.US,D,20231025,000000,24.73,24.73,24.5633,24.5633,104,0
QYLE.US,D,20231026,000000,24.3616,24.3616,24.3616,24.3616,53,0
QYLE.US,D,20231027,000000,24.47,24.47,24.4337,24.4337,318,0
QYLE.US,D,20231030,000000,24.6101,24.6101,24.6101,24.6101,3,0
QYLE.US,D,20231031,000000,24.67,24.67,24.67,24.67,15,0
QYLE.US,D,20231101,000000,24.98,24.98,24.98,24.98,8,0
QYLE.US,D,20231102,000000,25.1977,25.1977,25.1919,25.1919,223,0
QYLE.US,D,20231103,000000,25.25,25.39,25.25,25.34,600,0
QYLE.US,D,20231106,000000,25.34,25.4,25.34,25.4,384,0
QYLE.US,D,20231107,000000,25.46,25.46,25.46,25.46,16,0
QYLE.US,D,20231108,000000,25.49,25.49,25.49,25.49,13,0
QYLE.US,D,20231109,000000,25.6,25.6,25.47,25.4725,501,0
QYLE.US,D,20231110,000000,25.59,25.59,25.59,25.59,12,0
QYLE.US,D,20231113,000000,25.59,25.65,25.59,25.65,310,0
QYLE.US,D,20231114,000000,25.61,25.61,25.61,25.61,60,0
QYLE.US,D,20231115,000000,25.68,25.68,25.68,25.68,43,0
QYLE.US,D,20231116,000000,25.72,25.724,25.68,25.68,411,0
QYLE.US,D,20231117,000000,25.704,25.704,25.704,25.704,71,0
QYLE.US,D,20231120,000000,25.58,25.58,25.49,25.49,430,0
QYLE.US,D,20231121,000000,25.58,25.58,25.5034,25.5034,115,0
QYLE.US,D,20231122,000000,25.53,25.53,25.53,25.53,89,0
QYLE.US,D,20231124,000000,25.47,25.47,25.37,25.45,1094,0
QYLE.US,D,20231127,000000,25.5996,25.66,25.54,25.59,1101,0
QYLE.US,D,20231128,000000,25.61,25.6229,25.61,25.6229,109,0
QYLE.US,D,20231129,000000,25.61,25.61,25.61,25.61,125,0
QYLE.US,D,20231130,000000,25.6298,25.6298,25.6298,25.6298,36,0
QYLE.US,D,20231201,000000,25.58,25.6495,25.57,25.6495,419,0
QYLE.US,D,20231204,000000,25.56,25.56,25.56,25.56,27,0
QYLE.US,D,20231205,000000,25.5909,25.5909,25.5909,25.5909,8,0
QYLE.US,D,20231206,000000,25.6,25.6,25.5538,25.5538,124,0
QYLE.US,D,20231207,000000,25.61,25.61,25.61,25.61,5,0
QYLE.US,D,20231208,000000,25.75,25.75,25.75,25.75,4,0
QYLE.US,D,20231211,000000,25.83,25.83,25.83,25.83,15,0
QYLE.US,D,20231212,000000,25.8804,25.8804,25.8804,25.8804,8,0
QYLE.US,D,20231213,000000,25.99,25.99,25.9285,25.9285,436,0
QYLE.US,D,20231214,000000,25.89,25.95,25.89,25.95,180,0
QYLE.US,D,20231215,000000,25.91,25.91,25.91,25.91,46,0
QYLE.US,D,20231218,000000,26.0702,26.0702,26.0702,26.0702,23,0
QYLE.US,D,20231219,000000,26.1313,26.1313,26.1313,26.1313,3,0
QYLE.US,D,20231220,000000,25.9366,25.9366,25.9366,25.9366,91,0
QYLE.US,D,20231221,000000,26.0791,26.0791,26.0791,26.0791,8,0
QYLE.US,D,20231222,000000,26.1121,26.1121,26.1121,26.1121,37,0
QYLE.US,D,20231226,000000,26.13,26.13,26.13,26.13,2,0
QYLE.US,D,20231227,000000,26.1932,26.1932,26.1932,26.1932,37,0
QYLE.US,D,20231228,000000,25.85,25.85,25.85,25.85,86,0
QYLE.US,D,20231229,000000,25.8821,25.8821,25.8821,25.8821,124,0
QYLE.US,D,20240102,000000,25.79,25.79,25.6765,25.6765,766,0
QYLE.US,D,20240103,000000,25.48,25.485,25.48,25.485,491,0
QYLE.US,D,20240104,000000,25.5203,25.5203,25.38,25.38,1035,0
QYLE.US,D,20240105,000000,25.4637,25.4637,25.4637,25.4637,6,0
QYLE.US,D,20240108,000000,25.7557,25.7557,25.7557,25.7557,25,0
QYLE.US,D,20240109,000000,25.9225,25.9225,25.9225,25.9225,38,0
QYLE.US,D,20240110,000000,26.0235,26.0235,26.0235,26.0235,73,0
QYLE.US,D,20240111,000000,26.07,26.07,26.07,26.07,80,0
QYLE.US,D,20240112,000000,26.1084,26.1084,26.1084,26.1084,78,0
QYLE.US,D,20240116,000000,26.1294,26.1294,26.1294,26.1294,4,0
QYLE.US,D,20240117,000000,26.1756,26.1756,26.1756,26.1756,5,0
QYLE.US,D,20240118,000000,26.2372,26.2372,26.2372,26.2372,77,0
QYLE.US,D,20240119,000000,26.47,26.5222,26.46,26.5,1704,0
QYLE.US,D,20240122,000000,26.31,26.355,26.31,26.355,1004,0
QYLE.US,D,20240123,000000,26.36,26.36,26.36,26.36,105,0
QYLE.US,D,20240124,000000,26.4663,26.4663,26.4652,26.4652,516,0
QYLE.US,D,20240125,000000,26.5388,26.5388,26.5388,26.5388,92,0
QYLE.US,D,20240126,000000,26.57,26.57,26.57,26.57,127,0
QYLE.US,D,20240129,000000,26.6,26.6,26.52,26.52,927,0
QYLE.US,D,20240130,000000,26.65,26.65,26.62,26.62,722,0
QYLE.US,D,20240131,000000,26.36,26.36,26.36,26.36,115,0
QYLE.US,D,20240201,000000,26.5,26.5,26.5,26.5,44,0
QYLE.US,D,20240202,000000,26.62,26.67,26.62,26.67,10509,0
QYLE.US,D,20240205,000000,26.5,26.5,26.5,26.5,38,0
QYLE.US,D,20240206,000000,26.615,26.615,26.615,26.615,92,0
QYLE.US,D,20240207,000000,26.62,26.635,26.62,26.635,286,0
QYLE.US,D,20240208,000000,26.715,26.715,26.715,26.715,47,0
QYLE.US,D,20240209,000000,26.745,26.81,26.745,26.755,2217,0
QYLE.US,D,20240212,000000,26.88,26.88,26.76,26.815,562,0
QYLE.US,D,20240213,000000,26.745,26.745,26.7138,26.7138,277,0
QYLE.US,D,20240214,000000,26.775,26.775,26.775,26.775,52,0
QYLE.US,D,20240215,000000,26.805,26.805,26.805,26.805,64,0
QYLE.US,D,20240216,000000,26.6257,26.6257,26.6257,26.6257,81,0
QYLE.US,D,20240220,000000,26.19,26.24,26.1142,26.1142,920,0
QYLE.US,D,20240221,000000,25.88,26.07,25.88,26.053,487,0
QYLE.US,D,20240222,000000,26.38,26.506,26.38,26.506,15428,0
QYLE.US,D,20240223,000000,26.84,26.84,26.46,26.6099,6159,0
QYLE.US,D,20240226,000000,26.78,26.78,26.46,26.5691,2475,0
QYLE.US,D,20240227,000000,26.5,26.5,26.5,26.5,285,0
QYLE.US,D,20240228,000000,26.44,26.54,26.44,26.54,762,0
QYLE.US,D,20240229,000000,26.595,26.73,26.595,26.73,949,0
QYLE.US,D,20240301,000000,26.73,26.92,26.73,26.92,710,0
QYLE.US,D,20240304,000000,26.62,26.62,26.62,26.62,35,0
QYLE.US,D,20240305,000000,26.72,26.72,26.72,26.72,138,0
QYLE.US,D,20240306,000000,26.62,26.62,26.56,26.56,2064,0
QYLE.US,D,20240307,000000,26.98,26.98,26.98,26.98,179,0
QYLE.US,D,20240308,000000,26.63,26.7296,26.63,26.7296,286,0
QYLE.US,D,20240311,000000,26.6733,26.6733,26.6733,26.6733,65,0
QYLE.US,D,20240312,000000,26.7948,26.92,26.7948,26.92,223,0
QYLE.US,D,20240313,000000,27,27.05,26.93,27.05,1062,0
QYLE.US,D,20240314,000000,26.79,26.79,26.79,26.79,123,0
QYLE.US,D,20240315,000000,26.7387,26.79,26.7387,26.79,379,0
QYLE.US,D,20240318,000000,26.68,26.72,26.68,26.72,167,0
QYLE.US,D,20240319,000000,26.6664,26.6664,26.6664,26.6664,24,0
QYLE.US,D,20240320,000000,26.819,26.93,26.793,26.8203,997,0
QYLE.US,D,20240321,000000,26.91,26.91,26.91,26.91,99,0
QYLE.US,D,20240322,000000,27.04,27.04,27.04,27.04,44,0
QYLE.US,D,20240325,000000,27.01,27.02,27.01,27.02,507,0
QYLE.US,D,20240326,000000,26.9,26.9665,26.9,26.9665,363,0
QYLE.US,D,20240327,000000,26.9425,26.9425,26.9425,26.9425,185,0
QYLE.US,D,20240328,000000,26.866,26.955,26.866,26.9546,505,0
QYLE.US,D,20240401,000000,27,27.05,26.9629,26.9629,736,0
QYLE.US,D,20240402,000000,26.8965,26.8965,26.8965,26.8965,126,0
QYLE.US,D,20240403,000000,26.8817,26.8817,26.8817,26.8817,196,0
QYLE.US,D,20240404,000000,26.9772,26.9772,26.6595,26.6595,807,0
QYLE.US,D,20240405,000000,26.7319,26.7319,26.7319,26.7319,135,0
QYLE.US,D,20240408,000000,26.9399,26.96,26.8102,26.8102,807,0
QYLE.US,D,20240409,000000,26.8626,26.8626,26.8626,26.8626,18,0
QYLE.US,D,20240410,000000,26.87,26.87,26.7706,26.7706,831,0
QYLE.US,D,20240411,000000,26.96,26.96,26.83,26.9106,462,0
QYLE.US,D,20240412,000000,26.92,26.92,26.7806,26.7806,408,0
QYLE.US,D,20240415,000000,26.5568,26.5568,26.5568,26.5568,116,0
QYLE.US,D,20240416,000000,26.7,26.7,26.51,26.51,486,0
QYLE.US,D,20240417,000000,26.5,26.5,26.28,26.362,629,0
QYLE.US,D,20240418,000000,26.1078,26.1078,26.1078,26.1078,99,0
QYLE.US,D,20240419,000000,26,26,25.41,25.56,1507,0
QYLE.US,D,20240422,000000,25.46,25.5502,25.46,25.5502,228,0
QYLE.US,D,20240423,000000,25.6,25.86,25.6,25.7259,1268,0
QYLE.US,D,20240424,000000,25.79,25.79,25.79,25.79,92,0
QYLE.US,D,20240425,000000,25.615,25.85,25.615,25.7323,316,0
QYLE.US,D,20240426,000000,26.09,26.09,25.98,25.98,257,0
QYLE.US,D,20240429,000000,26.0899,26.0899,26.0899,26.0899,289,0
QYLE.US,D,20240430,000000,25.9294,25.9294,25.9294,25.9294,229,0
QYLE.US,D,20240501,000000,25.94,25.94,25.8156,25.8156,414,0
QYLE.US,D,20240502,000000,25.85,25.85,25.85,25.85,63,0
QYLE.US,D,20240503,000000,26.21,26.21,26.095,26.095,1574,0
QYLE.US,D,20240506,000000,26.235,26.235,26.235,26.235,67,0
QYLE.US,D,20240507,000000,26.29,26.29,26.285,26.285,214,0
QYLE.US,D,20240508,000000,26.37,26.37,26.37,26.37,124,0
QYLE.US,D,20240509,000000,26.1201,26.16,26.1201,26.16,240,0
QYLE.US,D,20240510,000000,26.2439,26.37,26.2439,26.37,321,0
QYLE.US,D,20240513,000000,26.16,26.16,26.16,26.16,134,0
QYLE.US,D,20240514,000000,26.3363,26.3363,26.3363,26.3363,303,0
QYLE.US,D,20240515,000000,26.45,26.48,26.406,26.48,552,0
QYLE.US,D,20240516,000000,26.53,26.53,26.53,26.53,16,0
QYLE.US,D,20240517,000000,26.52,26.52,26.52,26.52,282,0
QYLE.US,D,20240520,000000,26.575,26.6957,26.3001,26.6957,942,0
QYLE.US,D,20240521,000000,26.66,26.66,26.38,26.38,2948,0
QYLE.US,D,20240522,000000,26.3345,26.3345,26.3345,26.3345,434,0
QYLE.US,D,20240523,000000,26.65,26.66,26.3905,26.3905,669,0
QYLE.US,D,20240524,000000,26.4959,26.4959,26.4,26.4,495,0
QYLE.US,D,20240528,000000,26.74,26.74,26.6028,26.6028,564,0
QYLE.US,D,20240529,000000,26.69,26.71,26.56,26.56,392,0
QYLE.US,D,20240530,000000,26.3726,26.3726,26.3726,26.3726,36,0
QYLE.US,D,20240531,000000,26.38,26.38,26.38,26.38,106,0
QYLE.US,D,20240603,000000,26.6899,26.6899,26.4528,26.4528,248,0
QYLE.US,D,20240604,000000,26.5149,26.5149,26.5149,26.5149,204,0
QYLE.US,D,20240605,000000,26.6201,26.7612,26.6201,26.7612,217,0
QYLE.US,D,20240606,000000,26.7472,26.7472,26.7472,26.7472,70,0
QYLE.US,D,20240607,000000,26.7866,26.7866,26.7866,26.7866,57,0
QYLE.US,D,20240610,000000,26.79,26.81,26.79,26.7944,495,0
QYLE.US,D,20240611,000000,26.845,26.845,26.845,26.845,30,0
QYLE.US,D,20240612,000000,26.88,26.9922,26.87,26.9922,533,0
QYLE.US,D,20240613,000000,27.0715,27.0715,27.0715,27.0715,124,0
QYLE.US,D,20240614,000000,27.1309,27.1309,27.1309,27.1309,20,0
QYLE.US,D,20240617,000000,27.29,27.29,27.1813,27.1813,2080,0
QYLE.US,D,20240618,000000,27.24,27.24,27.24,27.24,58,0
QYLE.US,D,20240620,000000,27.245,27.245,27.245,27.245,76,0
QYLE.US,D,20240621,000000,27.12,27.25,27.03,27.03,2960,0
QYLE.US,D,20240624,000000,26.88,26.88,26.7209,26.7209,472,0
QYLE.US,D,20240625,000000,26.8775,27.0052,26.8775,26.8775,256,0
QYLE.US,D,20240626,000000,26.79,26.95,26.79,26.8,1859,0
QYLE.US,D,20240627,000000,26.8001,26.8934,26.8001,26.8934,1081,0
QYLE.US,D,20240628,000000,27.07,27.07,26.9181,26.9181,622,0
QYLE.US,D,20240701,000000,27.14,27.14,27.04,27.04,953,0
QYLE.US,D,20240702,000000,26.92,27.24,26.9,27.1139,2121,0
QYLE.US,D,20240703,000000,27.13,27.13,27.13,27.13,59,0
QYLE.US,D,20240705,000000,27.38,27.38,27.25,27.2828,1183,0
QYLE.US,D,20240708,000000,26.18,27.2714,26.18,27.2714,641,0
QYLE.US,D,20240709,000000,27.1901,27.2,27.1901,27.2,808,0
QYLE.US,D,20240710,000000,27.45,27.45,27.22,27.22,208,0
QYLE.US,D,20240711,000000,27.2654,27.2654,27.2654,27.2654,109,0
QYLE.US,D,20240712,000000,27.345,27.345,27.345,27.345,129,0
QYLE.US,D,20240715,000000,27.389,27.389,27.389,27.389,181,0
QYLE.US,D,20240716,000000,27.3764,27.3764,27.3764,27.3764,127,0
QYLE.US,D,20240717,000000,27.29,27.38,27.1956,27.1956,5788,0
QYLE.US,D,20240718,000000,25.63,27.23,25.63,27.1009,8429,0
QYLE.US,D,20240719,000000,26.895,26.96,26.89,26.89,2539,0
QYLE.US,D,20240722,000000,26.9,26.9,26.87,26.87,330,0
QYLE.US,D,20240723,000000,26.98,27.04,26.8971,26.8971,1164,0
QYLE.US,D,20240724,000000,26.34,26.45,26.23,26.23,1132,0
QYLE.US,D,20240725,000000,26.1163,26.1163,26.1163,26.1163,149,0
QYLE.US,D,20240726,000000,26.26,26.26,26.26,26.26,75,0
QYLE.US,D,20240729,000000,26.3388,26.3388,26.3388,26.3388,96,0
QYLE.US,D,20240730,000000,26.47,26.47,26,26,508,0
QYLE.US,D,20240731,000000,26.56,26.56,26.56,26.56,104,0
QYLE.US,D,20240801,000000,26.2703,26.2703,26.052,26.052,10265,0
QYLE.US,D,20240802,000000,25.59,25.59,25.5,25.5,1741,0
QYLE.US,D,20240805,000000,24.9357,24.9357,24.9357,24.9357,927,0
QYLE.US,D,20240806,000000,25.36,25.37,25.1111,25.1111,547,0
QYLE.US,D,20240807,000000,24.95,24.95,24.8188,24.8188,1779,0
QYLE.US,D,20240808,000000,25.68,25.68,25.5645,25.5645,311,0
QYLE.US,D,20240809,000000,25.63,25.63,25.63,25.63,16,0
QYLE.US,D,20240812,000000,25.7185,25.7185,25.7185,25.7185,31,0
QYLE.US,D,20240813,000000,26.4702,26.4702,26.4702,26.4702,235,0
QYLE.US,D,20240814,000000,26.49,26.49,26.49,26.49,1021,0
QYLE.US,D,20240815,000000,27.13,27.1751,27.1299,27.1751,1160,0
QYLE.US,D,20240816,000000,27.24,27.24,27.24,27.24,330,0
QYLE.US,D,20240819,000000,27.09,27.09,27.05,27.05,1111,0
QYLE.US,D,20240820,000000,27.1599,27.1599,27.1599,27.1599,934,0
QYLE.US,D,20240821,000000,27.1629,27.1629,27.1629,27.1629,702,0
QYLE.US,D,20240822,000000,27.139,27.139,27.0307,27.0307,10553,0
QYLE.US,D,20240823,000000,26.98,26.98,26.98,26.98,929,0
QYLE.US,D,20240826,000000,26.9901,27.09,26.99,27.0392,2910,0
QYLE.US,D,20240827,000000,27.01,27.0903,27.01,27.0903,413,0
QYLE.US,D,20240828,000000,26.9959,26.9959,26.9959,26.9959,93,0
QYLE.US,D,20240829,000000,27.07,27.07,26.9844,26.9844,240,0
QYLE.US,D,20240830,000000,27.1321,27.1321,27.1321,27.1321,12,0
QYLE.US,D,20240903,000000,26.86,26.86,26.64,26.6991,20548,0
QYLE.US,D,20240904,000000,26.59,26.5937,26.52,26.52,3627,0
QYLE.US,D,20240905,000000,26.63,26.63,26.5811,26.5811,202,0
QYLE.US,D,20240906,000000,25.9882,25.9882,25.9882,25.9882,72,0
QYLE.US,D,20240909,000000,26.33,26.33,26.33,26.33,34,0
QYLE.US,D,20240910,000000,26.49,26.61,26.47,26.61,834,0
QYLE.US,D,20240911,000000,26.9203,26.9203,26.9203,26.9203,153,0
QYLE.US,D,20240912,000000,27.05,27.23,27.05,27.23,473,0
QYLE.US,D,20240913,000000,27.23,27.23,27.23,27.23,204,0
QYLE.US,D,20240916,000000,27.2294,27.2294,27.2294,27.2294,396,0
QYLE.US,D,20240917,000000,27.36,27.36,27.2195,27.2195,3571,0
QYLE.US,D,20240918,000000,27.2499,27.27,27.1417,27.1417,1793,0
QYLE.US,D,20240919,000000,27.27,27.27,27.27,27.27,143,0
QYLE.US,D,20240920,000000,27.414,27.49,27.414,27.49,1374,0
QYLE.US,D,20240923,000000,27.43,27.43,27.1199,27.14,9384,0
QYLE.US,D,20240924,000000,27.2389,27.2389,27.12,27.12,367,0
QYLE.US,D,20240925,000000,27.2,27.28,27.2,27.28,533,0
QYLE.US,D,20240926,000000,27.25,27.25,27.25,27.25,104,0
QYLE.US,D,20240927,000000,27.36,27.36,27.36,27.36,202,0
QYLE.US,D,20241001,000000,27.14,27.14,27.14,27.14,43,0
QYLE.US,D,20241002,000000,27.1,27.17,27.0999,27.1082,3430,0
QYLE.US,D,20241003,000000,27.08,27.1451,27.08,27.1451,299,0
QYLE.US,D,20241004,000000,27.4,27.4,27.4,27.4,107,0
QYLE.US,D,20241007,000000,27.24,27.2552,27.24,27.2552,686,0
QYLE.US,D,20241008,000000,27.31,27.31,27.17,27.17,620,0
QYLE.US,D,20241009,000000,27.48,27.48,27.48,27.48,92,0
QYLE.US,D,20241010,000000,27.61,27.61,27.61,27.61,63,0
QYLE.US,D,20241011,000000,27.5934,27.66,27.5934,27.65,714,0
QYLE.US,D,20241014,000000,27.6,27.6,27.6,27.6,102,0
QYLE.US,D,20241015,000000,27.685,27.73,27.685,27.73,202,0
QYLE.US,D,20241016,000000,27.67,27.67,27.625,27.63,1197,0
QYLE.US,D,20241017,000000,27.79,27.79,27.735,27.735,128,0
QYLE.US,D,20241018,000000,27.74,27.82,27.74,27.765,466,0
QYLE.US,D,20241021,000000,27.5216,27.5216,27.5216,27.5216,6,0
QYLE.US,D,20241022,000000,27.6609,27.6701,27.6609,27.67,772,0
QYLE.US,D,20241023,000000,27.29,27.29,27.29,27.29,81,0
QYLE.US,D,20241024,000000,27.5,27.5,27.5,27.5,136,0
QYLE.US,D,20241025,000000,27.5,27.5,27.5,27.5,55,0
QYLE.US,D,20241028,000000,27.56,27.56,27.56,27.56,159,0
QYLE.US,D,20241029,000000,27.615,27.615,27.615,27.615,67,0
QYLE.US,D,20241030,000000,27.6295,27.6295,27.586,27.586,1089,0
QYLE.US,D,20241031,000000,27.25,27.26,27.25,27.25,824,0
QYLE.US,D,20241101,000000,27.21,27.2748,27.21,27.2748,827,0
QYLE.US,D,20241104,000000,27.21,27.2555,27.21,27.2555,210,0
QYLE.US,D,20241105,000000,27.49,27.49,27.49,27.49,56,0
QYLE.US,D,20241106,000000,27.65,27.75,27.57,27.6,2393,0
QYLE.US,D,20241107,000000,28.09,28.09,28.03,28.03,282,0
QYLE.US,D,20241108,000000,28.05,28.06,27.985,27.985,2111,0
QYLE.US,D,20241111,000000,27.9937,27.9989,27.9494,27.9494,380,0
QYLE.US,D,20241113,000000,28.03,28.03,28.0161,28.0161,623,0
QYLE.US,D,20241114,000000,28.0713,28.16,28.0713,28.08,2986,0
QYLE.US,D,20241115,000000,27.98,27.98,27.88,27.89,2424,0
QYLE.US,D,20241118,000000,28.08,28.08,27.3,27.51,1117,0
QYLE.US,D,20241120,000000,27.5,27.505,27.4499,27.5044,2000,0
QYLE.US,D,20241121,000000,27.5299,27.68,27.5299,27.68,1377,0
QYLE.US,D,20241122,000000,27.66,27.7042,27.66,27.7042,753,0
QYLE.US,D,20241125,000000,27.7231,27.7231,27.7,27.7,552,0
QYLE.US,D,20241126,000000,27.7085,27.715,27.703,27.715,500,0
QYLE.US,D,20241127,000000,27.675,27.6824,27.675,27.6824,627,0
QYLE.US,D,20241202,000000,27.7719,27.8351,27.7719,27.8351,172,0
QYLE.US,D,20241204,000000,27.97,27.97,27.9,27.9,1846,0
QYLE.US,D,20241209,000000,27.8925,27.94,27.8885,27.8885,3924,0
QYLE.US,D,20241210,000000,27.89,27.94,27.81,27.81,3744,0
QYLE.US,D,20241211,000000,27.89,27.89,27.8,27.8,312,0
QYLE.US,D,20241213,000000,27.91,27.91,27.91,27.91,151,0
QYLE.US,D,20241217,000000,27.85,27.9201,27.85,27.91,1348,0
QYLE.US,D,20241218,000000,27.93,28.02,27.93,27.9378,838,0
QYLE.US,D,20241220,000000,28.7065,28.7065,28.7046,28.7046,216,0
QYLE.US,D,20241223,000000,28.62,28.78,28.62,28.71,701,0
QYLE.US,D,20241226,000000,29.14,29.145,29.0587,29.145,1195,0
QYLE.US,D,20241227,000000,28.85,31.25,28.81,28.815,2093,0
QYLE.US,D,20241230,000000,26.48,26.72,26.48,26.6454,2523,0
QYLE.US,D,20241231,000000,26.65,26.65,26.38,26.4757,5748,0
QYLE.US,D,20250102,000000,26.56,28.929,26.4391,26.4391,1465,0
QYLE.US,D,20250103,000000,26.79,26.79,26.755,26.77,922,0
QYLE.US,D,20250106,000000,26.96,27.01,26.81,26.81,2917,0
QYLE.US,D,20250107,000000,26.97,27.9,26.6501,26.6501,1977,0
QYLE.US,D,20250110,000000,26.67,26.98,26.3805,26.3805,901,0
QYLE.US,D,20250113,000000,26.23,26.47,26.22,26.3334,954,0
QYLE.US,D,20250114,000000,26.35,26.39,26.2875,26.2875,455,0
QYLE.US,D,20250116,000000,26.96,26.96,26.855,26.855,1377,0
QYLE.US,D,20250117,000000,27.11,27.11,27.0244,27.0244,520,0
QYLE.US,D,20250121,000000,27.16,27.16,26.7072,26.7072,1946,0
QYLE.US,D,20250122,000000,26.934,27.05,26.92,26.92,9188,0
QYLE.US,D,20250123,000000,26.7821,26.9218,26.7821,26.9218,2623,0
QYLE.US,D,20250124,000000,26.958,27.0099,26.9215,26.9215,1035,0
QYLE.US,D,20250127,000000,26.54,26.5952,26.51,26.5952,5535,0
QYLE.US,D,20250128,000000,26.6,26.88,26.6,26.6849,4581,0
QYLE.US,D,20250129,000000,26.51,26.6,26.5,26.5,2077,0
QYLE.US,D,20250130,000000,26.67,26.67,26.5,26.5914,2044,0
QYLE.US,D,20250131,000000,26.61,26.8,26.6,26.6,1094,0
QYLE.US,D,20250203,000000,26.43,26.5399,26.3506,26.3982,2005,0
QYLE.US,D,20250204,000000,26.58,26.58,26.43,26.43,52801,0
QYLE.US,D,20250205,000000,26.66,26.6831,26.6256,26.6831,1933,0
QYLE.US,D,20250206,000000,26.6919,26.8342,26.6919,26.8342,778,0
QYLE.US,D,20250207,000000,26.9054,26.91,26.7578,26.7578,2165,0
QYLE.US,D,20250210,000000,26.95,27.04,26.9,26.9296,3597,0
QYLE.US,D,20250211,000000,27.4695,27.4695,26.9842,26.9842,2169,0
QYLE.US,D,20250212,000000,26.8834,26.92,26.81,26.92,3500,0
QYLE.US,D,20250213,000000,27,27.015,27,27.015,1012,0
