<TICKER>,<PER>,<DATE>,<TIME>,<OPEN>,<HIGH>,<LOW>,<CLOSE>,<VOL>,<OPENINT>
RFAI.US,D,20240708,000000,10.0313,10.04,10.03,10.04,559966,0
RFAI.US,D,20240709,000000,10.0388,10.045,10.0388,10.045,151776,0
RFAI.US,D,20240710,000000,10.04,10.06,10.04,10.05,710014,0
RFAI.US,D,20240711,000000,10.06,10.06,10.05,10.06,385035,0
RFAI.US,D,20240712,000000,10.05,10.05,10.04,10.05,143538,0
RFAI.US,D,20240715,000000,10.05,10.07,10.05,10.06,281249,0
RFAI.US,D,20240716,000000,10.06,10.075,10.06,10.07,161702,0
RFAI.US,D,20240717,000000,10.08,10.08,10.08,10.08,65219,0
RFAI.US,D,20240723,000000,10.09,10.09,10.09,10.09,110,0
RFAI.US,D,20240724,000000,10.09,10.09,10.09,10.09,4891,0
RFAI.US,D,20240726,000000,10.1,10.1,10.1,10.1,18246,0
RFAI.US,D,20240729,000000,10.1,10.1,10.1,10.1,36009,0
RFAI.US,D,20240730,000000,10.0899,10.0899,10.0899,10.0899,6427,0
RFAI.US,D,20240731,000000,10.0819,10.0819,10.07,10.07,20180,0
RFAI.US,D,20240801,000000,10.07,10.07,10.07,10.07,22785,0
RFAI.US,D,20240802,000000,10.0682,10.07,10.06,10.06,3415,0
RFAI.US,D,20240805,000000,10.062,10.062,10.062,10.062,508,0
RFAI.US,D,20240807,000000,10.07,10.07,10.07,10.07,17200,0
RFAI.US,D,20240808,000000,10.08,10.08,10.08,10.08,59685,0
RFAI.US,D,20240812,000000,10.08,10.08,10.08,10.08,7180,0
RFAI.US,D,20240813,000000,10.07,10.071,10.07,10.071,1354,0
RFAI.US,D,20240814,000000,10.0801,10.0833,10.08,10.08,7826,0
RFAI.US,D,20240815,000000,10.08,10.08,10.08,10.08,653,0
RFAI.US,D,20240819,000000,10.08,10.1,10.08,10.09,726721,0
RFAI.US,D,20240820,000000,10.09,10.1,10.09,10.1,152410,0
RFAI.US,D,20240821,000000,10.12,10.12,10.12,10.12,701,0
RFAI.US,D,20240822,000000,10.12,10.12,10.11,10.11,200,0
RFAI.US,D,20240823,000000,10.1485,10.1485,10.1485,10.1485,1406,0
RFAI.US,D,20240826,000000,10.11,10.11,10.1,10.11,2733,0
RFAI.US,D,20240827,000000,10.1,10.1,10.09,10.1,103567,0
RFAI.US,D,20240828,000000,10.103,10.103,10.103,10.103,1800,0
RFAI.US,D,20240829,000000,10.1,10.1,10.1,10.1,25044,0
RFAI.US,D,20240830,000000,10.1,10.11,10.1,10.11,16101,0
RFAI.US,D,20240903,000000,10.11,10.11,10.11,10.11,100031,0
RFAI.US,D,20240904,000000,10.11,10.12,10.11,10.11,9075,0
RFAI.US,D,20240905,000000,10.12,10.18,10.11,10.12,301882,0
RFAI.US,D,20240906,000000,10.12,10.12,10.11,10.11,25915,0
RFAI.US,D,20240909,000000,10.11,10.115,10.11,10.115,512617,0
RFAI.US,D,20240910,000000,10.117,10.12,10.117,10.12,806,0
RFAI.US,D,20240911,000000,10.13,10.13,10.11,10.11,39749,0
RFAI.US,D,20240912,000000,10.11,10.11,10.11,10.11,150152,0
RFAI.US,D,20240916,000000,10.1102,10.1102,10.1,10.1,16161,0
RFAI.US,D,20240917,000000,10.11,10.1187,10.11,10.115,312556,0
RFAI.US,D,20240918,000000,10.12,10.12,10.11,10.1115,14979,0
RFAI.US,D,20240919,000000,10.11,10.16,10.11,10.12,160128,0
RFAI.US,D,20240920,000000,10.12,10.12,10.12,10.12,28534,0
RFAI.US,D,20240923,000000,10.12,10.12,10.12,10.12,2719,0
RFAI.US,D,20240924,000000,10.1432,10.16,10.13,10.16,5653,0
RFAI.US,D,20240926,000000,10.124,10.124,10.124,10.124,1404,0
RFAI.US,D,20240930,000000,10.1682,10.1682,10.1682,10.1682,1000,0
RFAI.US,D,20241001,000000,10.24,10.24,10.12,10.14,2436,0
RFAI.US,D,20241002,000000,10.12,10.12,10.12,10.12,151,0
RFAI.US,D,20241007,000000,10.12,10.135,10.11,10.12,119904,0
RFAI.US,D,20241008,000000,10.13,10.13,10.12,10.125,36106,0
RFAI.US,D,20241009,000000,10.12,10.135,10.12,10.13,90406,0
RFAI.US,D,20241010,000000,10.135,10.14,10.121,10.13,81962,0
RFAI.US,D,20241011,000000,10.14,10.14,10.14,10.14,323,0
RFAI.US,D,20241015,000000,10.131,10.1319,10.13,10.1319,40742,0
RFAI.US,D,20241017,000000,10.13,10.13,10.13,10.13,5796,0
RFAI.US,D,20241018,000000,10.13,10.14,10.13,10.14,287198,0
RFAI.US,D,20241021,000000,10.25,10.25,10.14,10.15,368929,0
RFAI.US,D,20241022,000000,10.25,10.25,10.15,10.15,31372,0
RFAI.US,D,20241024,000000,10.1613,10.1613,10.1613,10.1613,1120,0
RFAI.US,D,20241029,000000,10.1501,10.1501,10.15,10.15,5006,0
RFAI.US,D,20241030,000000,10.17,10.17,10.17,10.17,1004,0
RFAI.US,D,20241031,000000,10.1748,10.1748,10.1748,10.1748,1085,0
RFAI.US,D,20241101,000000,10.163,10.19,10.16,10.19,1719,0
RFAI.US,D,20241105,000000,10.19,10.19,10.1898,10.19,1650,0
RFAI.US,D,20241106,000000,10.2,10.2,10.18,10.19,45969,0
RFAI.US,D,20241107,000000,10.19,10.2,10.19,10.2,3474,0
RFAI.US,D,20241111,000000,10.25,10.25,10.2499,10.25,2100,0
RFAI.US,D,20241112,000000,10.25,10.27,10.21,10.21,44664,0
RFAI.US,D,20241113,000000,10.24,10.24,10.2,10.235,3029,0
RFAI.US,D,20241114,000000,10.27,10.27,10.2,10.2,722,0
RFAI.US,D,20241115,000000,10.2,10.2,10.2,10.2,100004,0
RFAI.US,D,20241118,000000,10.21,10.22,10.21,10.21,1024,0
RFAI.US,D,20241119,000000,10.2119,10.2119,10.19,10.19,14123,0
RFAI.US,D,20241120,000000,10.235,10.235,10.18,10.2,23362,0
RFAI.US,D,20241121,000000,10.17,10.23,10.17,10.195,8563,0
RFAI.US,D,20241122,000000,10.19,10.19,10.17,10.18,21577,0
RFAI.US,D,20241125,000000,10.171,10.171,10.17,10.17,23929,0
RFAI.US,D,20241126,000000,10.2,10.2,10.17,10.17,6102,0
RFAI.US,D,20241127,000000,10.1829,10.1987,10.17,10.1987,2965,0
RFAI.US,D,20241202,000000,10.1827,10.2,10.17,10.19,46108,0
RFAI.US,D,20241203,000000,10.1906,10.1931,10.19,10.19,4520,0
RFAI.US,D,20241205,000000,10.19,10.19,10.19,10.19,826,0
RFAI.US,D,20241210,000000,10.1834,10.195,10.1834,10.1946,3040,0
RFAI.US,D,20241211,000000,10.1885,10.195,10.1885,10.195,5114,0
RFAI.US,D,20241212,000000,10.2,10.2,10.2,10.2,1542,0
RFAI.US,D,20241213,000000,10.19,10.2,10.19,10.2,167378,0
RFAI.US,D,20241216,000000,10.18,10.18,10.18,10.18,160,0
RFAI.US,D,20241217,000000,10.19,10.19,10.19,10.19,151,0
RFAI.US,D,20241218,000000,10.2,10.2,10.19,10.19,2600,0
RFAI.US,D,20241219,000000,10.2101,10.2306,10.19,10.19,2233,0
RFAI.US,D,20241220,000000,10.191,10.2039,10.19,10.19,5092,0
RFAI.US,D,20241223,000000,10.19,10.21,10.18,10.2,141301,0
RFAI.US,D,20241224,000000,10.2,10.2,10.2,10.2,1250,0
RFAI.US,D,20241226,000000,10.2,10.2001,10.2,10.2001,2004,0
RFAI.US,D,20241227,000000,10.2,10.2,10.2,10.2,50006,0
RFAI.US,D,20241231,000000,10.22,10.22,10.22,10.22,3967,0
RFAI.US,D,20250102,000000,10.22,10.22,10.22,10.22,98424,0
RFAI.US,D,20250103,000000,10.22,10.22,10.22,10.22,747,0
RFAI.US,D,20250106,000000,10.225,10.23,10.225,10.23,20100,0
RFAI.US,D,20250107,000000,10.2427,10.2427,10.2427,10.2427,1000,0
RFAI.US,D,20250108,000000,10.23,10.2301,10.23,10.2301,2000,0
RFAI.US,D,20250113,000000,10.25,10.25,10.245,10.25,13370,0
RFAI.US,D,20250114,000000,10.25,10.2567,10.24,10.25,7003,0
RFAI.US,D,20250115,000000,10.25,10.25,10.23,10.25,40600,0
RFAI.US,D,20250121,000000,10.25,10.265,10.2401,10.2401,4725,0
RFAI.US,D,20250122,000000,10.25,10.2689,10.25,10.2689,2103,0
RFAI.US,D,20250124,000000,10.26,10.26,10.26,10.26,2600,0
RFAI.US,D,20250127,000000,10.27,10.27,10.2601,10.2601,1421,0
RFAI.US,D,20250129,000000,10.27,10.27,10.27,10.27,2160,0
RFAI.US,D,20250130,000000,10.27,10.27,10.27,10.27,1100,0
RFAI.US,D,20250203,000000,10.2732,10.2765,10.27,10.275,1963,0
RFAI.US,D,20250204,000000,10.27,10.2701,10.27,10.2701,2000,0
RFAI.US,D,20250210,000000,10.27,10.28,10.27,10.28,7308,0
RFAI.US,D,20250211,000000,10.28,10.33,10.28,10.28,64409,0
RFAI.US,D,20250212,000000,10.28,10.29,10.28,10.285,54921,0
RFAI.US,D,20250213,000000,10.285,10.285,10.28,10.28,137456,0
