<TICKER>,<PER>,<DATE>,<TIME>,<OPEN>,<HIGH>,<LOW>,<CLOSE>,<VOL>,<OPENINT>
SAIH.US,D,20210629,000000,9.75,9.77,9.6151,9.6502,4119,0
SAIH.US,D,20210630,000000,9.63,9.68,9.63,9.66,1600,0
SAIH.US,D,20210701,000000,9.69,9.69,9.69,9.69,378,0
SAIH.US,D,20210702,000000,9.62,9.6407,9.62,9.63,2490,0
SAIH.US,D,20210706,000000,9.62,9.67,9.61,9.62,77674,0
SAIH.US,D,20210707,000000,9.6201,9.635,9.62,9.63,3681,0
SAIH.US,D,20210709,000000,9.61,9.65,9.61,9.64,4111,0
SAIH.US,D,20210713,000000,9.63,9.631,9.63,9.631,1009,0
SAIH.US,D,20210714,000000,9.64,9.64,9.63,9.63,526,0
SAIH.US,D,20210716,000000,9.61,9.62,9.61,9.62,8700,0
SAIH.US,D,20210719,000000,9.63,9.63,9.62,9.62,1933,0
SAIH.US,D,20210720,000000,9.62,9.62,9.62,9.62,8243,0
SAIH.US,D,20210721,000000,9.6164,9.62,9.6,9.61,26636,0
SAIH.US,D,20210722,000000,9.62,9.62,9.61,9.62,820,0
SAIH.US,D,20210723,000000,9.62,9.62,9.6,9.6,2411,0
SAIH.US,D,20210727,000000,9.6,9.61,9.6,9.6,10846,0
SAIH.US,D,20210728,000000,9.5988,9.6,9.5988,9.6,32121,0
SAIH.US,D,20210729,000000,9.6,9.61,9.6,9.6,19480,0
SAIH.US,D,20210730,000000,9.6,9.6,9.59,9.59,12752,0
SAIH.US,D,20210802,000000,9.6,9.6,9.6,9.6,10632,0
SAIH.US,D,20210803,000000,9.6,9.62,9.6,9.61,30402,0
SAIH.US,D,20210804,000000,9.63,9.63,9.62,9.62,2100,0
SAIH.US,D,20210805,000000,9.62,9.62,9.62,9.62,2000,0
SAIH.US,D,20210806,000000,9.62,9.62,9.62,9.62,4100,0
SAIH.US,D,20210809,000000,9.625,9.625,9.62,9.62,610,0
SAIH.US,D,20210810,000000,9.63,9.635,9.63,9.63,2001,0
SAIH.US,D,20210811,000000,9.63,9.63,9.63,9.63,301,0
SAIH.US,D,20210812,000000,9.58,9.64,9.58,9.64,670,0
SAIH.US,D,20210818,000000,9.64,9.64,9.64,9.64,5197,0
SAIH.US,D,20210820,000000,9.62,9.62,9.62,9.62,9156,0
SAIH.US,D,20210823,000000,9.62,9.62,9.62,9.62,3002,0
SAIH.US,D,20210824,000000,9.63,9.63,9.63,9.63,102,0
SAIH.US,D,20210825,000000,9.63,9.63,9.63,9.63,19390,0
SAIH.US,D,20210826,000000,9.63,9.65,9.63,9.65,11143,0
SAIH.US,D,20210830,000000,9.69,9.69,9.69,9.69,100,0
SAIH.US,D,20210831,000000,9.73,9.73,9.73,9.73,701,0
SAIH.US,D,20210902,000000,9.75,9.75,9.75,9.75,100,0
SAIH.US,D,20210907,000000,9.75,9.75,9.75,9.75,163,0
SAIH.US,D,20210908,000000,9.74,9.74,9.74,9.74,114,0
SAIH.US,D,20210909,000000,9.66,9.67,9.64,9.64,3623,0
SAIH.US,D,20210917,000000,9.64,9.64,9.64,9.64,100,0
SAIH.US,D,20210928,000000,9.8099,9.83,9.72,9.82,171458,0
SAIH.US,D,20210929,000000,9.8022,9.8022,9.8,9.8,487,0
SAIH.US,D,20210930,000000,9.82,9.84,9.82,9.84,1267,0
SAIH.US,D,20211001,000000,9.8,9.8057,9.8,9.8055,805,0
SAIH.US,D,20211004,000000,9.76,9.825,9.72,9.825,6227,0
SAIH.US,D,20211005,000000,9.825,9.8256,9.75,9.815,7836,0
SAIH.US,D,20211006,000000,9.81,9.81,9.7899,9.81,16568,0
SAIH.US,D,20211007,000000,9.82,9.82,9.78,9.78,1224,0
SAIH.US,D,20211008,000000,9.79,9.82,9.79,9.82,5384,0
SAIH.US,D,20211012,000000,9.82,9.82,9.82,9.82,5313,0
SAIH.US,D,20211013,000000,9.81,9.84,9.81,9.84,18206,0
SAIH.US,D,20211014,000000,9.82,9.83,9.8,9.8,25828,0
SAIH.US,D,20211018,000000,9.8,9.84,9.78,9.82,5313,0
SAIH.US,D,20211019,000000,9.85,9.85,9.81,9.81,3211,0
SAIH.US,D,20211020,000000,9.81,9.81,9.81,9.81,2792,0
SAIH.US,D,20211025,000000,9.84,9.85,9.81,9.81,4042,0
SAIH.US,D,20211026,000000,9.88,9.9138,9.79,9.9138,63861,0
SAIH.US,D,20211027,000000,9.925,9.98,9.87,9.87,17749,0
SAIH.US,D,20211028,000000,9.9124,9.9305,9.8918,9.91,9050,0
SAIH.US,D,20211029,000000,9.89,9.97,9.8582,9.97,5714,0
SAIH.US,D,20211101,000000,9.91,9.91,9.91,9.91,547,0
SAIH.US,D,20211102,000000,9.91,9.95,9.91,9.95,4200,0
SAIH.US,D,20211103,000000,9.97,9.99,9.95,9.98,2573,0
SAIH.US,D,20211104,000000,9.95,9.95,9.95,9.95,315,0
SAIH.US,D,20211105,000000,9.9021,9.9021,9.9021,9.9021,342,0
SAIH.US,D,20211111,000000,9.89,9.93,9.89,9.93,2294,0
SAIH.US,D,20211112,000000,9.915,9.915,9.89,9.89,1555,0
SAIH.US,D,20211115,000000,9.89,9.89,9.8601,9.8601,4531,0
SAIH.US,D,20211116,000000,9.8701,9.8701,9.84,9.849,14745,0
SAIH.US,D,20211117,000000,9.83,9.88,9.83,9.88,6182,0
SAIH.US,D,20211118,000000,9.8601,9.8601,9.86,9.86,3929,0
SAIH.US,D,20211119,000000,9.87,9.87,9.87,9.87,1226,0
SAIH.US,D,20211122,000000,9.88,9.88,9.88,9.88,370,0
SAIH.US,D,20211123,000000,9.8541,9.9,9.84,9.9,6538,0
SAIH.US,D,20211129,000000,9.84,9.84,9.84,9.84,625,0
SAIH.US,D,20211130,000000,9.84,9.879,9.81,9.8473,16206,0
SAIH.US,D,20211202,000000,9.8,9.84,9.8,9.84,1210,0
SAIH.US,D,20211203,000000,9.8,9.8,9.8,9.8,4219,0
SAIH.US,D,20211206,000000,9.79,9.79,9.75,9.76,16575,0
SAIH.US,D,20211207,000000,9.76,9.7601,9.7597,9.76,1931,0
SAIH.US,D,20211208,000000,9.8,9.805,9.8,9.805,8384,0
SAIH.US,D,20211213,000000,9.79,9.8,9.79,9.7905,1200,0
SAIH.US,D,20211220,000000,9.75,9.75,9.75,9.75,3000,0
SAIH.US,D,20211221,000000,9.77,9.79,9.77,9.78,10507,0
SAIH.US,D,20211222,000000,9.79,9.79,9.79,9.79,300,0
SAIH.US,D,20211227,000000,9.79,9.79,9.79,9.79,1011,0
SAIH.US,D,20211228,000000,9.8,9.81,9.8,9.81,500,0
SAIH.US,D,20211229,000000,9.84,9.84,9.84,9.84,390,0
SAIH.US,D,20220103,000000,9.83,9.83,9.82,9.83,5844,0
SAIH.US,D,20220105,000000,9.8201,9.83,9.8201,9.83,2683,0
SAIH.US,D,20220106,000000,9.83,9.84,9.83,9.84,1345,0
SAIH.US,D,20220107,000000,9.83,9.83,9.83,9.83,4890,0
SAIH.US,D,20220110,000000,9.8345,9.835,9.83,9.83,2300,0
SAIH.US,D,20220111,000000,9.8382,9.8382,9.8382,9.8382,500,0
SAIH.US,D,20220112,000000,9.8399,9.84,9.8399,9.84,5125,0
SAIH.US,D,20220113,000000,9.84,9.8414,9.83,9.83,4138,0
SAIH.US,D,20220118,000000,9.83,9.83,9.83,9.83,556,0
SAIH.US,D,20220120,000000,9.84,9.84,9.83,9.83,719,0
SAIH.US,D,20220121,000000,9.83,9.83,9.83,9.83,612,0
SAIH.US,D,20220124,000000,9.83,9.835,9.825,9.8273,28522,0
SAIH.US,D,20220125,000000,9.83,9.84,9.83,9.84,10092,0
SAIH.US,D,20220126,000000,9.85,9.85,9.85,9.85,799,0
SAIH.US,D,20220203,000000,9.85,9.87,9.85,9.87,4185,0
SAIH.US,D,20220222,000000,9.8499,9.8499,9.8499,9.8499,3500,0
SAIH.US,D,20220223,000000,9.84,9.87,9.84,9.85,13068,0
SAIH.US,D,20220225,000000,9.86,9.86,9.86,9.86,876,0
SAIH.US,D,20220308,000000,9.86,9.86,9.86,9.86,6408,0
SAIH.US,D,20220309,000000,9.86,9.86,9.86,9.86,2893,0
SAIH.US,D,20220311,000000,9.85,9.85,9.85,9.85,2038,0
SAIH.US,D,20220314,000000,9.85,9.85,9.85,9.85,3699,0
SAIH.US,D,20220316,000000,9.85,9.86,9.85,9.86,6956,0
SAIH.US,D,20220317,000000,9.85,9.85,9.84,9.84,3333,0
SAIH.US,D,20220321,000000,9.85,9.85,9.85,9.85,3497,0
SAIH.US,D,20220322,000000,9.85,9.85,9.85,9.85,1919,0
SAIH.US,D,20220323,000000,9.86,9.86,9.86,9.86,836,0
SAIH.US,D,20220324,000000,9.86,9.86,9.86,9.86,7801,0
SAIH.US,D,20220329,000000,9.86,9.86,9.86,9.86,401,0
SAIH.US,D,20220331,000000,9.865,9.87,9.86,9.8698,8177,0
SAIH.US,D,20220401,000000,9.91,9.94,9.9,9.92,10926,0
SAIH.US,D,20220404,000000,9.94,9.97,9.94,9.97,70892,0
SAIH.US,D,20220405,000000,9.97,9.97,9.9687,9.97,29112,0
SAIH.US,D,20220406,000000,9.97,9.97,9.97,9.97,13024,0
SAIH.US,D,20220407,000000,9.97,9.97,9.92,9.92,35897,0
SAIH.US,D,20220408,000000,9.96,9.97,9.93,9.93,33563,0
SAIH.US,D,20220411,000000,9.93,9.96,9.93,9.96,28403,0
SAIH.US,D,20220412,000000,9.96,10.005,9.9599,10,83055,0
SAIH.US,D,20220413,000000,10,10,9.98,10,29060,0
SAIH.US,D,20220414,000000,9.9656,10,9.9656,9.99,14522,0
SAIH.US,D,20220418,000000,9.99,10.05,9.96,9.99,40043,0
SAIH.US,D,20220419,000000,9.75,10.49,9.65,10.01,86498,0
SAIH.US,D,20220420,000000,10.14,10.2,9.99,9.99,24976,0
SAIH.US,D,20220421,000000,10.04,10.32,9.87,9.925,70080,0
SAIH.US,D,20220422,000000,9.97,10.035,9.86,9.95,103358,0
SAIH.US,D,20220425,000000,9.69,9.95,8.6,9.22,133215,0
SAIH.US,D,20220426,000000,9.42,12.6,8.81,9.3,1068961,0
SAIH.US,D,20220427,000000,9.58,11.58,9.58,10.585,514657,0
SAIH.US,D,20220428,000000,9.59,11.3599,9.01,9.44,424846,0
SAIH.US,D,20220429,000000,9.5,10.25,9.36,9.86,94619,0
SAIH.US,D,20220502,000000,10.04,10.8834,8.24,9.25,103200,0
SAIH.US,D,20220503,000000,9.36,10.1632,8.7199,8.98,83000,0
SAIH.US,D,20220504,000000,8.66,9,8.26,8.867,64900,0
SAIH.US,D,20220505,000000,8.4,9.42,6.565,6.7802,183915,0
SAIH.US,D,20220506,000000,6.75,6.75,4.85,5.25,241700,0
SAIH.US,D,20220509,000000,4.58,5.32,4.55,4.87,75256,0
SAIH.US,D,20220510,000000,5.12,5.9391,4.75,5.2,80414,0
SAIH.US,D,20220511,000000,5.22,5.74,4.5,5.1,90296,0
SAIH.US,D,20220512,000000,5.31,5.79,5.01,5.4699,41399,0
SAIH.US,D,20220513,000000,6,6,5.1,5.2675,66259,0
SAIH.US,D,20220516,000000,5.2931,5.6924,5.21,5.52,49051,0
SAIH.US,D,20220517,000000,5.47,5.9628,5.25,5.51,65489,0
SAIH.US,D,20220518,000000,5.8,6.3,5.77,5.95,47121,0
SAIH.US,D,20220519,000000,6.46,6.9,6.1,6.3,30967,0
SAIH.US,D,20220520,000000,6.15,6.54,5.65,6.1585,63362,0
SAIH.US,D,20220523,000000,6.4037,6.4037,5.7,6.2323,34824,0
SAIH.US,D,20220524,000000,6,6.12,5.46,6.0479,39554,0
SAIH.US,D,20220525,000000,5.84,5.9485,5.5,5.64,48300,0
SAIH.US,D,20220526,000000,5.56,5.98,5.21,5.3,126091,0
SAIH.US,D,20220527,000000,5.37,5.58,4.6001,5.2945,206849,0
SAIH.US,D,20220531,000000,5.23,5.57,5.19,5.22,34483,0
SAIH.US,D,20220601,000000,5.45,5.64,5.09,5.25,69577,0
SAIH.US,D,20220602,000000,5.15,5.5147,4.8,5.23,59268,0
SAIH.US,D,20220603,000000,5.4325,5.4325,4.91,5,30475,0
SAIH.US,D,20220606,000000,5,5.84,4.95,5.13,56923,0
SAIH.US,D,20220607,000000,4.97,5.3719,4.8474,4.9,71506,0
SAIH.US,D,20220608,000000,5,5.13,4.81,4.81,29445,0
SAIH.US,D,20220609,000000,4.9,5.0763,4.2,4.3,76792,0
SAIH.US,D,20220610,000000,4.17,4.56,3.95,4.14,79122,0
SAIH.US,D,20220613,000000,3.9,4.1202,3.66,3.84,60548,0
SAIH.US,D,20220614,000000,4.08,4.4795,3.7,3.78,216909,0
SAIH.US,D,20220615,000000,3.8,4.1604,3.73,4.025,32220,0
SAIH.US,D,20220616,000000,4.02,4.32,3.75,3.82,53430,0
SAIH.US,D,20220617,000000,4.03,4.1735,3.8,3.8,4343,0
SAIH.US,D,20220621,000000,3.76,4.5,3.76,3.96,97693,0
SAIH.US,D,20220622,000000,3.84,4.5873,3.8,3.81,20797,0
SAIH.US,D,20220623,000000,4.1075,4.1075,3.75,3.77,11640,0
SAIH.US,D,20220624,000000,4.0512,4.0512,3.7027,3.97,32682,0
SAIH.US,D,20220627,000000,4.0499,4.0499,3.9,3.93,1970,0
SAIH.US,D,20220628,000000,4.0077,4.0203,3.85,3.9,4461,0
SAIH.US,D,20220629,000000,3.9647,4.0853,3.92,4.02,3895,0
SAIH.US,D,20220630,000000,4.3548,4.3548,3.9,4.01,7273,0
SAIH.US,D,20220701,000000,3.9909,4.32,3.82,4.19,38225,0
SAIH.US,D,20220705,000000,3.72,4.04,3.3,3.8,33277,0
SAIH.US,D,20220706,000000,3.896,3.91,3.85,3.85,2245,0
SAIH.US,D,20220707,000000,3.9864,3.99,3.8,3.99,7843,0
SAIH.US,D,20220708,000000,3.9855,3.9855,3.8,3.97,10477,0
SAIH.US,D,20220711,000000,3.9964,3.9964,3.9,3.974,1538,0
SAIH.US,D,20220712,000000,4.214,4.214,3.8001,3.9781,4279,0
SAIH.US,D,20220713,000000,4.3093,4.3093,3.8557,3.9881,2813,0
SAIH.US,D,20220714,000000,4.1659,4.1659,4.06,4.1,1360,0
SAIH.US,D,20220715,000000,4.1763,4.1763,4.16,4.16,554,0
SAIH.US,D,20220718,000000,4.2186,4.2499,4.0184,4.1796,6731,0
SAIH.US,D,20220719,000000,4.2296,4.97,4.01,4.76,8625,0
SAIH.US,D,20220720,000000,4.998,5,4.75,4.9,5431,0
SAIH.US,D,20220721,000000,4.95,5.2233,4.55,5.0616,8810,0
SAIH.US,D,20220722,000000,4.8,5.043,4.8,5.0143,2472,0
SAIH.US,D,20220725,000000,5.4011,5.4011,5.26,5.26,1005,0
SAIH.US,D,20220726,000000,5.3075,5.3075,5,5.14,3310,0
SAIH.US,D,20220727,000000,5.05,5.4332,5,5.38,2533,0
SAIH.US,D,20220728,000000,5.54,5.54,5.3816,5.39,3935,0
SAIH.US,D,20220729,000000,5.886,6.9973,5.74,6.14,76550,0
SAIH.US,D,20220801,000000,7.16,7.2,5.96,6.86,30675,0
SAIH.US,D,20220802,000000,7.35,7.35,6.01,7.32,72999,0
SAIH.US,D,20220803,000000,7.07,7.13,6.48,6.61,24328,0
SAIH.US,D,20220804,000000,6.81,6.8609,5.39,5.6345,20482,0
SAIH.US,D,20220805,000000,5.54,5.88,5.25,5.7912,51426,0
SAIH.US,D,20220808,000000,5.82,6.4221,5.41,5.9793,71333,0
SAIH.US,D,20220809,000000,6.4,10.4906,5.24,5.3947,1890474,0
SAIH.US,D,20220810,000000,4.92,5.2674,4.48,4.93,111934,0
SAIH.US,D,20220811,000000,4.57,5.03,4.29,4.8,67802,0
SAIH.US,D,20220812,000000,4.712,5.03,4.36,4.87,79697,0
SAIH.US,D,20220815,000000,4.85,5.99,4.67,5.63,127377,0
SAIH.US,D,20220816,000000,5.49,6.55,5.08,5.88,121777,0
SAIH.US,D,20220817,000000,6.1,6.5,5.66,5.83,94846,0
SAIH.US,D,20220818,000000,6.41,6.41,5.25,6.1112,136757,0
SAIH.US,D,20220819,000000,5.9407,6.34,5.4732,6.34,80060,0
SAIH.US,D,20220822,000000,6.15,6.42,5.85,6.12,76812,0
SAIH.US,D,20220823,000000,5.89,6.3338,5.69,6.17,119584,0
SAIH.US,D,20220824,000000,6.59,6.59,5.75,6.25,169593,0
SAIH.US,D,20220825,000000,6.16,6.23,5.77,5.9,131188,0
SAIH.US,D,20220826,000000,6.2004,6.25,5.8,6.2,127193,0
SAIH.US,D,20220829,000000,6.03,6.14,5.46,5.65,155232,0
SAIH.US,D,20220830,000000,5.66,6.23,5.425,5.62,45381,0
SAIH.US,D,20220831,000000,5.74,6.1198,5.305,5.57,91840,0
SAIH.US,D,20220901,000000,5.84,5.84,4.65,5,146687,0
SAIH.US,D,20220902,000000,5,5.5599,4.9699,5.19,128768,0
SAIH.US,D,20220906,000000,5.1,5.51,4.62,4.7,142202,0
SAIH.US,D,20220907,000000,4.8385,5.84,4.4401,5.42,230063,0
SAIH.US,D,20220908,000000,5.15,6.14,4.95,5.76,203510,0
SAIH.US,D,20220909,000000,5.83,6.4021,5.485,5.64,224122,0
SAIH.US,D,20220912,000000,5.53,5.8427,5.3,5.54,173943,0
SAIH.US,D,20220913,000000,5.27,5.7019,5.17,5.47,28031,0
SAIH.US,D,20220914,000000,5.6634,5.6974,5.3,5.37,35651,0
SAIH.US,D,20220915,000000,5.13,6.15,5.13,5.94,111998,0
SAIH.US,D,20220916,000000,5.83,6.3001,5.66,5.8611,79318,0
SAIH.US,D,20220919,000000,5.6,6.33,5.6,6.23,726034,0
SAIH.US,D,20220920,000000,5.97,6.7873,5.805,6.68,702116,0
SAIH.US,D,20220921,000000,6.37,7.25,6.05,6.8,592202,0
SAIH.US,D,20220922,000000,6.44,7,6.27,6.45,800343,0
SAIH.US,D,20220923,000000,6.58,6.88,6,6.49,709472,0
SAIH.US,D,20220926,000000,6.79,6.79,4.77,4.77,796617,0
SAIH.US,D,20220927,000000,4.86,5.45,4,4.19,872406,0
SAIH.US,D,20220928,000000,4.01,4.11,2.8212,3.06,1180327,0
SAIH.US,D,20220929,000000,2.93,3.33,2.23,2.26,1047636,0
SAIH.US,D,20220930,000000,2.63,3.5299,2.31,3.24,5343945,0
SAIH.US,D,20221003,000000,2.8,3.41,2.78,3.17,252457,0
SAIH.US,D,20221004,000000,3.1,4.1,3.1,3.86,218726,0
SAIH.US,D,20221005,000000,3.77,3.8799,3.58,3.75,35050,0
SAIH.US,D,20221006,000000,3.35,5,3.35,4.89,179773,0
SAIH.US,D,20221007,000000,4.81,5.23,4.81,5.01,37210,0
SAIH.US,D,20221010,000000,4.96,4.96,4.38,4.44,63546,0
SAIH.US,D,20221011,000000,4.44,4.44,3.84,4.07,38782,0
SAIH.US,D,20221012,000000,4,4.38,3.74,3.84,75186,0
SAIH.US,D,20221013,000000,3.8413,4.23,3.51,3.58,79053,0
SAIH.US,D,20221014,000000,3.75,3.75,3.3589,3.44,65879,0
SAIH.US,D,20221017,000000,3.48,3.48,3.2811,3.45,25339,0
SAIH.US,D,20221018,000000,3.35,3.55,3.05,3.1,32034,0
SAIH.US,D,20221019,000000,2.88,3.39,2.88,3.03,41447,0
SAIH.US,D,20221020,000000,3.37,3.37,2.82,2.89,30758,0
SAIH.US,D,20221021,000000,2.75,3.0392,2.62,3,210460,0
SAIH.US,D,20221024,000000,2.71,3.74,2.62,2.85,135155,0
SAIH.US,D,20221025,000000,3.02,3.09,2.69,2.71,62515,0
SAIH.US,D,20221026,000000,2.64,2.8,2.64,2.7882,66564,0
SAIH.US,D,20221027,000000,2.75,2.87,2.61,2.61,62486,0
SAIH.US,D,20221028,000000,2.69,2.715,2.33,2.33,281553,0
SAIH.US,D,20221031,000000,2.42,2.42,2.2401,2.3,30199,0
SAIH.US,D,20221101,000000,2.3,2.39,2.26,2.3,84643,0
SAIH.US,D,20221102,000000,2.3301,2.355,2.1,2.1,59386,0
SAIH.US,D,20221103,000000,2.2,2.2,2.03,2.06,54015,0
SAIH.US,D,20221104,000000,2.15,2.39,2.0704,2.32,16361,0
SAIH.US,D,20221107,000000,2.4231,2.505,2.4231,2.505,1309,0
SAIH.US,D,20221108,000000,2.49,2.61,2.46,2.49,15135,0
SAIH.US,D,20221109,000000,2.34,2.3635,2.15,2.19,78001,0
SAIH.US,D,20221110,000000,2.18,2.22,2.14,2.22,3812,0
SAIH.US,D,20221111,000000,2.36,2.36,2.35,2.35,1642,0
SAIH.US,D,20221114,000000,2.44,2.44,2.29,2.32,2072,0
SAIH.US,D,20221115,000000,2.25,2.5,2.25,2.39,22433,0
SAIH.US,D,20221116,000000,2.48,2.48,2.4741,2.48,1034,0
SAIH.US,D,20221117,000000,2.46,2.5,2.275,2.34,8692,0
SAIH.US,D,20221118,000000,2.42,2.76,2.25,2.76,32102,0
SAIH.US,D,20221121,000000,2.48,2.765,2.48,2.61,4627,0
SAIH.US,D,20221122,000000,2.72,2.985,2.5,2.68,6484,0
SAIH.US,D,20221123,000000,2.68,2.68,2.51,2.51,2232,0
SAIH.US,D,20221128,000000,2.5,2.8369,2.5,2.68,1233,0
SAIH.US,D,20221129,000000,2.92,2.92,2.55,2.74,1996,0
SAIH.US,D,20221130,000000,2.57,2.95,2.33,2.6,5534,0
SAIH.US,D,20221201,000000,2.69,2.69,2.69,2.69,332,0
SAIH.US,D,20221202,000000,2.73,2.73,2.5326,2.68,2215,0
SAIH.US,D,20221205,000000,2.61,2.71,2.37,2.49,3503,0
SAIH.US,D,20221206,000000,2.73,3.23,2.48,3.02,24168,0
SAIH.US,D,20221207,000000,3.21,3.21,2.51,2.62,16152,0
SAIH.US,D,20221208,000000,2.64,3,2.64,3,3979,0
SAIH.US,D,20221209,000000,3.06,3.069,2.75,3.06,11401,0
SAIH.US,D,20221212,000000,3.11,3.37,3.04,3.37,2748,0
SAIH.US,D,20221213,000000,3.35,3.63,3.3,3.63,5823,0
SAIH.US,D,20221214,000000,3.99,3.99,3.68,3.7,7044,0
SAIH.US,D,20221215,000000,3.83,3.83,3.49,3.66,1294,0
SAIH.US,D,20221216,000000,3.58,3.8,3.18,3.18,26003,0
SAIH.US,D,20221219,000000,3.6,3.6,3.19,3.39,10065,0
SAIH.US,D,20221220,000000,3.51,3.63,3.48,3.48,971,0
SAIH.US,D,20221221,000000,3.52,3.52,3.1728,3.45,7607,0
SAIH.US,D,20221222,000000,3.46,3.52,3.22,3.52,2100,0
SAIH.US,D,20221223,000000,3.35,3.35,3.1,3.2,9944,0
SAIH.US,D,20221227,000000,3.21,3.56,3.21,3.56,1698,0
SAIH.US,D,20221228,000000,3.37,3.37,3.03,3.175,1808,0
SAIH.US,D,20221229,000000,2.9,2.9,2.03,2.4,13954,0
SAIH.US,D,20221230,000000,2.4265,2.54,2.01,2.01,8448,0
SAIH.US,D,20230103,000000,2.2498,2.2498,2.115,2.23,2344,0
SAIH.US,D,20230104,000000,2.193,2.193,1.65,1.77,12094,0
SAIH.US,D,20230105,000000,1.9,1.9,1.68,1.79,9953,0
SAIH.US,D,20230106,000000,1.9381,1.98,1.6601,1.8231,12398,0
SAIH.US,D,20230109,000000,1.61,1.8272,1.59,1.61,15350,0
SAIH.US,D,20230110,000000,1.65,1.7818,1.38,1.4376,14927,0
SAIH.US,D,20230111,000000,1.47,1.6424,1.46,1.6,32308,0
SAIH.US,D,20230112,000000,1.7598,1.835,1.6,1.72,24747,0
SAIH.US,D,20230113,000000,1.7869,1.83,1.61,1.6844,37310,0
SAIH.US,D,20230117,000000,1.9,1.9,1.59,1.67,132508,0
SAIH.US,D,20230118,000000,1.71,1.7808,1.53,1.53,50779,0
SAIH.US,D,20230119,000000,1.55,1.56,1.415,1.56,43179,0
SAIH.US,D,20230120,000000,1.53,1.55,1,1.07,115255,0
SAIH.US,D,20230123,000000,1.26,1.69,1.17,1.38,543816,0
SAIH.US,D,20230124,000000,1.4,1.55,1.35,1.45,125528,0
SAIH.US,D,20230125,000000,1.42,1.45,1.33,1.4,16938,0
SAIH.US,D,20230126,000000,1.33,1.5,1.31,1.4,28474,0
SAIH.US,D,20230127,000000,1.36,1.4663,1.32,1.4,24580,0
SAIH.US,D,20230130,000000,1.42,1.42,1.2001,1.2399,18906,0
SAIH.US,D,20230131,000000,1.3213,1.47,1.275,1.3401,17493,0
SAIH.US,D,20230201,000000,1.3806,1.419,1.28,1.3348,38662,0
SAIH.US,D,20230202,000000,1.3678,1.3899,1.28,1.3689,10592,0
SAIH.US,D,20230203,000000,1.33,1.3542,1.29,1.3348,2647,0
SAIH.US,D,20230206,000000,1.3778,1.3842,1.2768,1.3,7440,0
SAIH.US,D,20230207,000000,1.265,1.27,1.1827,1.26,17656,0
SAIH.US,D,20230208,000000,1.31,1.3402,1.1287,1.2499,6526,0
SAIH.US,D,20230209,000000,1.3122,1.3122,1.2,1.25,7751,0
SAIH.US,D,20230210,000000,1.1801,1.2337,1.16,1.23,3386,0
SAIH.US,D,20230213,000000,1.25,1.33,1.11,1.19,25731,0
SAIH.US,D,20230214,000000,1.1,1.182,1.01,1.15,6507,0
SAIH.US,D,20230215,000000,1.1975,1.2872,1.1975,1.2872,1824,0
SAIH.US,D,20230216,000000,1.35,1.35,1.21,1.27,30572,0
SAIH.US,D,20230217,000000,1.21,1.28,1.19,1.28,5399,0
SAIH.US,D,20230221,000000,1.18,1.33,1.18,1.29,32377,0
SAIH.US,D,20230222,000000,1.235,1.265,1.235,1.26,1601,0
SAIH.US,D,20230223,000000,1.3297,1.35,1.2101,1.315,3696,0
SAIH.US,D,20230224,000000,1.2221,1.2221,1.2221,1.2221,567,0
SAIH.US,D,20230227,000000,1.231,1.27,1.18,1.205,22143,0
SAIH.US,D,20230228,000000,1.2101,1.2634,1.2,1.2,5809,0
SAIH.US,D,20230301,000000,1.25,1.2755,1.2,1.21,6571,0
SAIH.US,D,20230302,000000,1.2,1.21,1.19,1.1901,11322,0
SAIH.US,D,20230303,000000,1.28,1.2899,1.27,1.27,2230,0
SAIH.US,D,20230306,000000,1.22,1.255,1.22,1.255,913,0
SAIH.US,D,20230307,000000,1.3712,1.3712,1.3405,1.3405,1622,0
SAIH.US,D,20230308,000000,1.3059,1.3059,1.2,1.2,6994,0
SAIH.US,D,20230309,000000,1.2,1.2814,1.2,1.2,2554,0
SAIH.US,D,20230310,000000,1.2,1.22,1.2,1.205,1545,0
SAIH.US,D,20230313,000000,1.2007,1.2628,1.2,1.2586,1962,0
SAIH.US,D,20230314,000000,1.21,1.2846,1.2,1.2,1157,0
SAIH.US,D,20230315,000000,1.201,1.2114,1.2,1.21,4738,0
SAIH.US,D,20230316,000000,1.2,1.21,1.2,1.2,10659,0
SAIH.US,D,20230317,000000,1.22,1.2895,1.18,1.2712,6341,0
SAIH.US,D,20230320,000000,1.2,1.284,1.2,1.2,2879,0
SAIH.US,D,20230321,000000,1.2986,1.2986,1.27,1.27,326,0
SAIH.US,D,20230322,000000,1.3459,1.3459,1.125,1.17,10461,0
SAIH.US,D,20230323,000000,1.2547,1.2547,1.16,1.2,2706,0
SAIH.US,D,20230324,000000,1.27,1.27,1.2,1.2,514,0
SAIH.US,D,20230327,000000,1.28,1.28,1.21,1.21,559,0
SAIH.US,D,20230328,000000,1.21,1.2769,1.16,1.16,4664,0
SAIH.US,D,20230329,000000,1.16,1.34,1.16,1.19,54193,0
SAIH.US,D,20230330,000000,1.19,1.3007,1.19,1.29,6813,0
SAIH.US,D,20230331,000000,1.2,1.29,1.2,1.24,11444,0
SAIH.US,D,20230403,000000,1.2399,1.255,1.2,1.21,2517,0
SAIH.US,D,20230404,000000,1.2,1.27,1.2,1.21,4584,0
SAIH.US,D,20230405,000000,1.234,1.24,1.2,1.2,976,0
SAIH.US,D,20230406,000000,1.24,1.25,1.21,1.21,1598,0
SAIH.US,D,20230410,000000,1.225,1.225,1.17,1.19,5336,0
SAIH.US,D,20230411,000000,1.2582,1.2582,1.19,1.225,2611,0
SAIH.US,D,20230412,000000,1.29,1.29,1.2,1.2202,4280,0
SAIH.US,D,20230413,000000,1.32,1.92,1.2,1.52,537210,0
SAIH.US,D,20230414,000000,6.17,7.4,3.8475,4.9,44152351,0
SAIH.US,D,20230417,000000,3.86,4.53,3.37,3.82,3108679,0
SAIH.US,D,20230418,000000,3.55,3.7899,2.26,2.51,880304,0
SAIH.US,D,20230419,000000,2.46,4.25,2.3901,4.205,16431666,0
SAIH.US,D,20230420,000000,3.78,4.02,3.12,3.48,1715698,0
SAIH.US,D,20230421,000000,3.34,3.84,2.8318,2.9,1022586,0
SAIH.US,D,20230424,000000,2.78,2.93,2.41,2.55,344030,0
SAIH.US,D,20230425,000000,2.67,2.96,2.57,2.7857,993690,0
SAIH.US,D,20230426,000000,3.89,4.7,3.61,3.74,57024699,0
SAIH.US,D,20230427,000000,3.58,4.09,3.32,3.92,1674203,0
SAIH.US,D,20230428,000000,4.02,4.81,3.94,4.69,2772949,0
SAIH.US,D,20230501,000000,3.92,4.58,3.66,4.45,710655,0
SAIH.US,D,20230502,000000,4.09,4.43,3.48,3.54,336797,0
SAIH.US,D,20230503,000000,3.74,3.86,3.46,3.56,201503,0
SAIH.US,D,20230504,000000,3.68,4.29,3.52,3.85,652984,0
SAIH.US,D,20230505,000000,3.73,3.87,3.23,3.26,348759,0
SAIH.US,D,20230508,000000,3.22,3.3781,3.05,3.17,184109,0
SAIH.US,D,20230509,000000,3.15,3.2899,2.76,2.85,232641,0
SAIH.US,D,20230510,000000,2.93,2.96,2.74,2.77,116743,0
SAIH.US,D,20230511,000000,2.75,2.835,2.33,2.37,132812,0
SAIH.US,D,20230512,000000,2.44,2.45,2.11,2.22,246989,0
SAIH.US,D,20230515,000000,2.23,2.65,2.1,2.25,510816,0
SAIH.US,D,20230516,000000,2.26,2.4046,1.9,1.98,170305,0
SAIH.US,D,20230517,000000,1.98,2.16,1.98,2.1,163108,0
SAIH.US,D,20230518,000000,2.07,2.25,1.87,2.03,317456,0
SAIH.US,D,20230519,000000,2.04,2.08,1.72,1.91,271408,0
SAIH.US,D,20230522,000000,1.91,1.9456,1.75,1.79,79584,0
SAIH.US,D,20230523,000000,1.8,1.8199,1.6,1.69,158283,0
SAIH.US,D,20230524,000000,1.64,1.67,1.52,1.62,106965,0
SAIH.US,D,20230525,000000,1.8,1.8801,1.62,1.63,785031,0
SAIH.US,D,20230526,000000,1.6,1.65,1.35,1.46,274309,0
SAIH.US,D,20230530,000000,1.58,1.78,1.37,1.75,1171458,0
SAIH.US,D,20230531,000000,1.63,1.98,1.43,1.56,2954342,0
SAIH.US,D,20230601,000000,1.47,1.535,1.38,1.39,583276,0
SAIH.US,D,20230602,000000,1.43,1.5,1.35,1.41,225585,0
SAIH.US,D,20230605,000000,1.41,1.43,1.32,1.37,301496,0
SAIH.US,D,20230606,000000,1.32,1.52,1.32,1.49,372401,0
SAIH.US,D,20230607,000000,1.48,1.54,1.39,1.47,134739,0
SAIH.US,D,20230608,000000,1.44,1.48,1.39,1.42,168010,0
SAIH.US,D,20230609,000000,1.4,1.53,1.36,1.4,163615,0
SAIH.US,D,20230612,000000,1.39,1.43,1.37,1.42,113673,0
SAIH.US,D,20230613,000000,1.41,1.52,1.37,1.44,334263,0
SAIH.US,D,20230614,000000,1.43,1.45,1.38,1.42,115686,0
SAIH.US,D,20230615,000000,1.41,1.46,1.3501,1.39,240287,0
SAIH.US,D,20230616,000000,1.36,1.4084,1.29,1.29,184278,0
SAIH.US,D,20230620,000000,1.3,1.45,1.25,1.42,307999,0
SAIH.US,D,20230621,000000,1.42,1.51,1.3601,1.39,360573,0
SAIH.US,D,20230622,000000,1.36,1.44,1.35,1.39,167128,0
SAIH.US,D,20230623,000000,1.36,1.48,1.36,1.42,138861,0
SAIH.US,D,20230626,000000,1.32,1.3999,1.28,1.31,202245,0
SAIH.US,D,20230627,000000,1.31,1.4,1.31,1.37,73138,0
SAIH.US,D,20230628,000000,1.3698,1.4799,1.36,1.38,105147,0
SAIH.US,D,20230629,000000,1.42,1.43,1.36,1.38,55835,0
SAIH.US,D,20230630,000000,1.37,1.43,1.36,1.39,41661,0
SAIH.US,D,20230703,000000,1.39,1.46,1.35,1.46,43723,0
SAIH.US,D,20230705,000000,1.44,1.44,1.37,1.37,51486,0
SAIH.US,D,20230706,000000,1.4119,1.42,1.32,1.35,59042,0
SAIH.US,D,20230707,000000,1.3501,1.42,1.33,1.34,72742,0
SAIH.US,D,20230710,000000,1.34,1.39,1.32,1.3835,53446,0
SAIH.US,D,20230711,000000,1.39,1.65,1.365,1.48,440631,0
SAIH.US,D,20230712,000000,1.5,1.55,1.4301,1.47,92777,0
SAIH.US,D,20230713,000000,1.46,1.94,1.45,1.9,974732,0
SAIH.US,D,20230714,000000,2.15,2.48,1.63,2.03,3175347,0
SAIH.US,D,20230717,000000,1.92,2.28,1.85,2.15,721241,0
SAIH.US,D,20230718,000000,2.1,2.26,2,2.22,304801,0
SAIH.US,D,20230719,000000,2.22,2.34,2.15,2.27,165779,0
SAIH.US,D,20230720,000000,2.28,2.34,1.96,2.12,227194,0
SAIH.US,D,20230721,000000,2.11,2.18,2.0001,2.03,166571,0
SAIH.US,D,20230724,000000,2.03,2.03,1.8,1.87,87546,0
SAIH.US,D,20230725,000000,1.93,1.93,1.63,1.67,102359,0
SAIH.US,D,20230726,000000,1.72,1.82,1.7,1.81,98809,0
SAIH.US,D,20230727,000000,1.78,1.81,1.57,1.57,85768,0
SAIH.US,D,20230728,000000,1.53,1.7081,1.5004,1.68,119142,0
SAIH.US,D,20230731,000000,1.68,1.77,1.65,1.75,69089,0
SAIH.US,D,20230801,000000,1.73,1.794,1.62,1.75,111962,0
SAIH.US,D,20230802,000000,1.685,1.705,1.63,1.65,40520,0
SAIH.US,D,20230803,000000,1.6919,1.6919,1.5701,1.58,25998,0
SAIH.US,D,20230804,000000,1.65,1.65,1.4501,1.55,120422,0
SAIH.US,D,20230807,000000,1.56,1.6199,1.45,1.5899,41079,0
SAIH.US,D,20230808,000000,1.6,1.65,1.48,1.58,45205,0
SAIH.US,D,20230809,000000,1.55,1.64,1.4501,1.5,167397,0
SAIH.US,D,20230810,000000,1.51,1.54,1.4001,1.41,142359,0
SAIH.US,D,20230811,000000,1.45,1.53,1.39,1.48,242744,0
SAIH.US,D,20230814,000000,1.48,1.5,1.4107,1.44,46113,0
SAIH.US,D,20230815,000000,1.47,1.5,1.4,1.4,61322,0
SAIH.US,D,20230816,000000,1.3513,1.46,1.3513,1.4,38902,0
SAIH.US,D,20230817,000000,1.3688,1.46,1.36,1.37,59541,0
SAIH.US,D,20230818,000000,1.361,1.361,1.27,1.32,77512,0
SAIH.US,D,20230821,000000,1.32,1.4398,1.3177,1.35,32206,0
SAIH.US,D,20230822,000000,1.42,1.42,1.34,1.3501,5504,0
SAIH.US,D,20230823,000000,1.41,1.43,1.36,1.42,31988,0
SAIH.US,D,20230824,000000,1.45,1.45,1.27,1.32,41665,0
SAIH.US,D,20230825,000000,1.32,1.34,1.2656,1.29,12135,0
SAIH.US,D,20230828,000000,1.29,1.39,1.23,1.23,75319,0
SAIH.US,D,20230829,000000,1.26,1.519,1.26,1.45,134796,0
SAIH.US,D,20230830,000000,1.4397,1.45,1.4,1.43,11489,0
SAIH.US,D,20230831,000000,1.405,1.43,1.2902,1.3897,24509,0
SAIH.US,D,20230901,000000,1.335,1.5,1.3299,1.33,51773,0
SAIH.US,D,20230905,000000,1.31,1.3601,1.2,1.2,177772,0
SAIH.US,D,20230906,000000,1.26,1.3489,1.2027,1.29,75552,0
SAIH.US,D,20230907,000000,1.27,1.33,1.23,1.33,34268,0
SAIH.US,D,20230908,000000,1.3,1.32,1.17,1.19,28554,0
SAIH.US,D,20230911,000000,1.21,1.32,1.18,1.2,74048,0
SAIH.US,D,20230912,000000,1.22,1.24,1.21,1.23,9368,0
SAIH.US,D,20230913,000000,1.2229,1.23,1.21,1.22,8700,0
SAIH.US,D,20230914,000000,1.2201,1.31,1.2,1.24,25267,0
SAIH.US,D,20230915,000000,1.2,1.27,1.11,1.2,34801,0
SAIH.US,D,20230918,000000,1.26,1.26,1.1424,1.15,4585,0
SAIH.US,D,20230919,000000,1.15,1.2,1.1,1.1001,31607,0
SAIH.US,D,20230920,000000,1.1448,1.1992,1.11,1.13,22135,0
SAIH.US,D,20230921,000000,1.18,1.18,1.1,1.115,9232,0
SAIH.US,D,20230922,000000,1.1,1.1,1.01,1.0699,20500,0
SAIH.US,D,20230925,000000,1.0601,1.0764,1.01,1.07,7814,0
SAIH.US,D,20230926,000000,1.05,1.07,1.03,1.03,63714,0
SAIH.US,D,20230927,000000,1.0587,1.06,1.03,1.03,19165,0
SAIH.US,D,20230928,000000,1.0107,1.0258,1.01,1.01,13343,0
SAIH.US,D,20230929,000000,1.07,1.07,0.855,1,43665,0
SAIH.US,D,20231002,000000,1.0629,1.0665,0.94,0.9401,16207,0
SAIH.US,D,20231003,000000,0.96,0.98,0.8928,0.9,119100,0
SAIH.US,D,20231004,000000,0.9464,0.955,0.88,0.9503,38783,0
SAIH.US,D,20231005,000000,0.9369,0.9457,0.9,0.945,1301,0
SAIH.US,D,20231006,000000,0.9,0.927299,0.9,0.914,5251,0
SAIH.US,D,20231009,000000,0.91,0.91,0.8701,0.8701,10617,0
SAIH.US,D,20231010,000000,0.87,0.949899,0.87,0.9022,14426,0
SAIH.US,D,20231011,000000,1,1,0.9024,0.9024,29343,0
SAIH.US,D,20231012,000000,0.9024,0.9997,0.8955,0.9,47302,0
SAIH.US,D,20231013,000000,0.945,0.95,0.9,0.9,5350,0
SAIH.US,D,20231016,000000,0.95,0.95,0.8601,0.9,12677,0
SAIH.US,D,20231017,000000,0.95,0.95,0.9112,0.9499,8208,0
SAIH.US,D,20231018,000000,0.9499,0.95,0.9,0.9,2528,0
SAIH.US,D,20231019,000000,0.87,0.9466,0.87,0.9,3208,0
SAIH.US,D,20231020,000000,0.94,0.94,0.86,0.93,4190,0
SAIH.US,D,20231023,000000,0.94,0.94,0.86,0.9088,11672,0
SAIH.US,D,20231024,000000,0.99,1.14,0.98,1.08,60892,0
SAIH.US,D,20231025,000000,1.1,1.4499,1.02,1.02,196580,0
SAIH.US,D,20231026,000000,1.04,1.08,0.95,1.03,35196,0
SAIH.US,D,20231027,000000,1.1053,1.1053,0.97,1,5831,0
SAIH.US,D,20231030,000000,1.0957,1.0957,0.96,1.05,4323,0
SAIH.US,D,20231031,000000,1.04,1.1598,0.9951,1.05,18302,0
SAIH.US,D,20231101,000000,0.9878,1.04,0.9401,1.03,10880,0
SAIH.US,D,20231102,000000,1.02,1.05,0.9301,1.01,27789,0
SAIH.US,D,20231103,000000,1,1.11,0.93,1.01,51671,0
SAIH.US,D,20231106,000000,0.95,0.98,0.93,0.93,12708,0
SAIH.US,D,20231107,000000,0.8711,0.95,0.8711,0.93,21018,0
SAIH.US,D,20231108,000000,0.93,1.04,0.88,1.01,32162,0
SAIH.US,D,20231109,000000,1.01,1.05,0.98,0.9951,3286,0
SAIH.US,D,20231110,000000,1.04,1.04,0.8439,0.8439,37664,0
SAIH.US,D,20231113,000000,0.811,0.9863,0.81,0.8101,45726,0
SAIH.US,D,20231114,000000,0.8409,0.9951,0.8409,0.88,25597,0
SAIH.US,D,20231115,000000,0.9649,0.9951,0.88,0.9185,8016,0
SAIH.US,D,20231116,000000,0.9,0.99,0.8635,0.924,9214,0
SAIH.US,D,20231117,000000,0.925,1,0.8801,0.92,6946,0
SAIH.US,D,20231120,000000,0.89,0.9551,0.89,0.9529,10809,0
SAIH.US,D,20231121,000000,0.9898,0.99,0.82,0.8521,15174,0
SAIH.US,D,20231122,000000,0.96,0.96,0.8501,0.894,4023,0
SAIH.US,D,20231124,000000,0.88,0.96,0.88,0.9249,3154,0
SAIH.US,D,20231127,000000,0.9,0.94,0.885,0.9001,4148,0
SAIH.US,D,20231128,000000,0.9962,0.9962,0.9001,0.9201,1777,0
SAIH.US,D,20231129,000000,0.9614,0.9614,0.8929,0.8929,1162,0
SAIH.US,D,20231130,000000,0.9149,0.92,0.891,0.92,2559,0
SAIH.US,D,20231201,000000,0.915499,0.97,0.9,0.9599,58796,0
SAIH.US,D,20231204,000000,1,1.12,0.96,1.08,54933,0
SAIH.US,D,20231205,000000,1.0755,1.41,1.05,1.24,121555,0
SAIH.US,D,20231206,000000,1.31,1.34,1.03,1.11,79456,0
SAIH.US,D,20231207,000000,1.2148,1.2288,1.07,1.145,11794,0
SAIH.US,D,20231208,000000,1.2783,1.2783,1.06,1.14,17412,0
SAIH.US,D,20231211,000000,1.2,1.2,1.02,1.15,25700,0
SAIH.US,D,20231212,000000,1.15,1.256,1.02,1.02,17392,0
SAIH.US,D,20231213,000000,1.02,1.2,0.96,1.09,43222,0
SAIH.US,D,20231214,000000,1.0701,1.13,1.03,1.095,10409,0
SAIH.US,D,20231215,000000,1.07,1.12,1.03,1.05,11677,0
SAIH.US,D,20231218,000000,1.0857,1.15,1.03,1.15,19446,0
SAIH.US,D,20231219,000000,1.1899,1.27,1.16,1.23,60093,0
SAIH.US,D,20231220,000000,1.16,1.29,1.1001,1.135,109417,0
SAIH.US,D,20231221,000000,1.14,1.195,1.055,1.12,29964,0
SAIH.US,D,20231222,000000,1.19,1.3,1.09,1.27,57935,0
SAIH.US,D,20231226,000000,1.32,1.32,1.13,1.19,29792,0
SAIH.US,D,20231227,000000,1.2296,1.58,1.22,1.57,519909,0
SAIH.US,D,20231228,000000,1.46,1.65,1.2,1.44,570645,0
SAIH.US,D,20231229,000000,1.34,1.34,1.05,1.19,395063,0
SAIH.US,D,20240102,000000,1.29,1.29,1.1,1.1,186935,0
SAIH.US,D,20240103,000000,1.07,1.1457,0.9901,1.01,76214,0
SAIH.US,D,20240104,000000,1,1.17,1,1.09,60653,0
SAIH.US,D,20240105,000000,1.09,1.1448,1.0401,1.1123,32831,0
SAIH.US,D,20240108,000000,1.15,1.15,1,1.14,56083,0
SAIH.US,D,20240109,000000,1.1,1.13,1.04,1.04,25355,0
SAIH.US,D,20240110,000000,1.02,1.0987,0.9985,1.04,80602,0
SAIH.US,D,20240111,000000,1.17,1.38,1.06,1.21,4838697,0
SAIH.US,D,20240112,000000,1.13,1.18,1.01,1.12,337176,0
SAIH.US,D,20240116,000000,1.13,1.1399,1.04,1.05,81496,0
SAIH.US,D,20240117,000000,1.01,1.06,0.9811,0.99,108308,0
SAIH.US,D,20240118,000000,1.02,1.0381,0.8795,0.94,79781,0
SAIH.US,D,20240119,000000,0.9235,0.96,0.9,0.91,60552,0
SAIH.US,D,20240122,000000,0.9199,0.93,0.842,0.876491,42034,0
SAIH.US,D,20240123,000000,0.8299,0.8723,0.814,0.821,69817,0
SAIH.US,D,20240124,000000,0.8547,0.866,0.8,0.8012,25164,0
SAIH.US,D,20240125,000000,0.8293,0.9196,0.82381,0.8487,9583,0
SAIH.US,D,20240126,000000,0.86,0.919,0.8238,0.87,27939,0
SAIH.US,D,20240129,000000,0.8702,0.93,0.87,0.915,13725,0
SAIH.US,D,20240130,000000,0.88,0.88,0.836,0.88,14643,0
SAIH.US,D,20240131,000000,0.8256,0.87,0.8256,0.8669,6311,0
SAIH.US,D,20240201,000000,0.8501,0.869,0.8236,0.824,17772,0
SAIH.US,D,20240202,000000,0.8915,0.918,0.8268,0.85095,19546,0
SAIH.US,D,20240205,000000,0.866,0.9,0.786,0.786,40735,0
SAIH.US,D,20240206,000000,0.81,0.833,0.8006,0.833,9851,0
SAIH.US,D,20240207,000000,0.88,0.88,0.786,0.8,11232,0
SAIH.US,D,20240208,000000,0.865,0.94,0.85,0.9,62388,0
SAIH.US,D,20240209,000000,0.91,0.964,0.8801,0.921,30737,0
SAIH.US,D,20240212,000000,0.94,0.97,0.84,0.84,80023,0
SAIH.US,D,20240213,000000,0.88,0.999,0.850001,0.999,46212,0
SAIH.US,D,20240214,000000,0.9949,1.15,0.9949,1.12,161355,0
SAIH.US,D,20240215,000000,1.09,1.13,1,1.06,71733,0
SAIH.US,D,20240216,000000,1.07,1.15,1.05,1.13,100587,0
SAIH.US,D,20240220,000000,1.12,1.12,0.97,1.045,115612,0
SAIH.US,D,20240221,000000,1.01,1.055,0.9226,0.955,59416,0
SAIH.US,D,20240222,000000,1.06,1.06,0.9201,0.9602,74504,0
SAIH.US,D,20240223,000000,0.9542,0.9625,0.894,0.9555,25653,0
SAIH.US,D,20240226,000000,0.9614,1.05,0.920101,1,141808,0
SAIH.US,D,20240227,000000,1.0361,1.19,0.96,1.1,669239,0
SAIH.US,D,20240228,000000,1.19,1.3,1.08,1.1,791678,0
SAIH.US,D,20240229,000000,1.16,1.19,1,1.18,270682,0
SAIH.US,D,20240301,000000,1.16,1.16,1.01,1.02,98840,0
SAIH.US,D,20240304,000000,1.06,1.1,1.03,1.08,118259,0
SAIH.US,D,20240305,000000,1.04,1.13,1.03,1.045,118329,0
SAIH.US,D,20240306,000000,1.03,1.03,0.931,0.990101,88768,0
SAIH.US,D,20240307,000000,1.01,1.01,0.932,0.973012,37218,0
SAIH.US,D,20240308,000000,0.9575,1.02,0.92,0.96,32739,0
SAIH.US,D,20240311,000000,1,1.07,0.97,1.01,66716,0
SAIH.US,D,20240312,000000,0.99,1.04,0.95,1.0199,68241,0
SAIH.US,D,20240313,000000,1.07,1.2,1.02,1.2,263915,0
SAIH.US,D,20240314,000000,1.18,1.21,1.08,1.21,145800,0
SAIH.US,D,20240315,000000,1.2,1.27,1.11,1.27,179392,0
SAIH.US,D,20240318,000000,1.19,1.25,1.1201,1.1531,73516,0
SAIH.US,D,20240319,000000,1.13,1.13,1.06,1.07,23162,0
SAIH.US,D,20240320,000000,1.12,1.19,1.09,1.17,27393,0
SAIH.US,D,20240321,000000,1.15,1.2299,1.15,1.165,50418,0
SAIH.US,D,20240322,000000,1.17,1.17,1.12,1.13,17185,0
SAIH.US,D,20240325,000000,1.13,1.2,1.06,1.1,30037,0
SAIH.US,D,20240326,000000,1.11,1.1404,1.09,1.12,11576,0
SAIH.US,D,20240327,000000,1.17,1.17,1.03,1.06,68412,0
SAIH.US,D,20240328,000000,1.04,1.2,1.04,1.16,53146,0
SAIH.US,D,20240401,000000,1.18,1.19,1.04,1.1,22503,0
SAIH.US,D,20240402,000000,1.07,1.08,1.06,1.06,17548,0
SAIH.US,D,20240403,000000,1.08,1.08,1,1.04,19623,0
SAIH.US,D,20240404,000000,1.03,1.1389,1.03,1.11,38713,0
SAIH.US,D,20240405,000000,1.13,1.13,1.07,1.08,6250,0
SAIH.US,D,20240408,000000,1.0901,1.1202,1.02,1.05,33266,0
SAIH.US,D,20240409,000000,1.05,1.0677,1,1.04,20686,0
SAIH.US,D,20240410,000000,1.028,1.028,0.9551,0.9701,60136,0
SAIH.US,D,20240411,000000,0.9701,0.9891,0.9569,0.9797,11020,0
SAIH.US,D,20240412,000000,0.98,0.98,0.9,0.90745,28302,0
SAIH.US,D,20240415,000000,0.93,0.93,0.8,0.8181,55041,0
SAIH.US,D,20240416,000000,0.8095,0.8897,0.809,0.8384,27799,0
SAIH.US,D,20240417,000000,0.85,0.875,0.84,0.8501,21319,0
SAIH.US,D,20240418,000000,0.850401,0.855,0.8201,0.85,1933,0
SAIH.US,D,20240419,000000,0.85,0.854,0.795,0.7951,39523,0
SAIH.US,D,20240422,000000,0.85,0.8501,0.8001,0.84,9815,0
SAIH.US,D,20240423,000000,0.85,0.89,0.8301,0.87,28465,0
SAIH.US,D,20240424,000000,0.85,0.8701,0.8316,0.8398,20729,0
SAIH.US,D,20240425,000000,0.83,0.8499,0.7594,0.7797,82518,0
SAIH.US,D,20240426,000000,0.8196,0.82,0.7798,0.7957,6386,0
SAIH.US,D,20240429,000000,0.79,0.86,0.79,0.85,32779,0
SAIH.US,D,20240430,000000,0.99,0.99,0.831,0.92675,102283,0
SAIH.US,D,20240501,000000,0.9732,0.9732,0.8721,0.9,13821,0
SAIH.US,D,20240502,000000,0.8975,0.917,0.88,0.88,4965,0
SAIH.US,D,20240503,000000,0.9503,0.9503,0.8345,0.8544,13517,0
SAIH.US,D,20240506,000000,0.8999,0.8999,0.87,0.8756,11902,0
SAIH.US,D,20240507,000000,0.86,0.915,0.8345,0.8345,9824,0
SAIH.US,D,20240508,000000,0.8345,0.91,0.8345,0.8801,19348,0
SAIH.US,D,20240509,000000,0.9199,0.9199,0.854,0.871,13473,0
SAIH.US,D,20240510,000000,0.871,1.0859,0.871,1.0859,101973,0
SAIH.US,D,20240513,000000,1.04,1.04,0.9006,0.92,21974,0
SAIH.US,D,20240514,000000,0.98,0.98,0.88,0.9213,20680,0
SAIH.US,D,20240515,000000,0.87,0.92,0.87,0.905751,19660,0
SAIH.US,D,20240516,000000,0.89,0.9199,0.85,0.9098,13029,0
SAIH.US,D,20240517,000000,0.92,1,0.881,0.9154,21538,0
SAIH.US,D,20240520,000000,0.98,0.98,0.881,0.93,11307,0
SAIH.US,D,20240521,000000,0.99,1.0199,0.92,0.9203,61393,0
SAIH.US,D,20240522,000000,0.9699,0.9699,0.93,0.95,7203,0
SAIH.US,D,20240523,000000,0.985,0.9876,0.93,0.93,10854,0
SAIH.US,D,20240524,000000,0.979999,0.979999,0.91,0.95,4487,0
SAIH.US,D,20240528,000000,0.95,1.0199,0.91,1.0099,70806,0
SAIH.US,D,20240529,000000,0.98,0.9999,0.934899,0.9402,20540,0
SAIH.US,D,20240530,000000,1.01,1.19,0.9456,1.08,195563,0
SAIH.US,D,20240531,000000,1.03,1.1359,0.9615,0.995,94279,0
SAIH.US,D,20240603,000000,0.97225,1.07,0.9496,1.07,39159,0
SAIH.US,D,20240604,000000,1.04,1.1,0.97,1.02,52649,0
SAIH.US,D,20240605,000000,1.05,1.05,0.9693,1.01,42214,0
SAIH.US,D,20240606,000000,1,1.05,0.95,0.98,41832,0
SAIH.US,D,20240607,000000,0.96,1.04,0.9362,0.97,14859,0
SAIH.US,D,20240610,000000,1.03,1.03,0.925,0.9716,18151,0
SAIH.US,D,20240611,000000,0.9715,0.9715,0.92,0.97,10312,0
SAIH.US,D,20240612,000000,0.9301,0.9601,0.9184,0.9184,26878,0
SAIH.US,D,20240613,000000,0.97,0.97,0.881,0.9,19741,0
SAIH.US,D,20240614,000000,0.881,0.92,0.87,0.92,20253,0
SAIH.US,D,20240617,000000,0.886,0.9199,0.852,0.885,20035,0
SAIH.US,D,20240618,000000,0.885,0.8986,0.8601,0.89,3870,0
SAIH.US,D,20240620,000000,0.9193,0.92,0.852,0.86915,8080,0
SAIH.US,D,20240621,000000,0.852,0.919999,0.81,0.83,30367,0
SAIH.US,D,20240624,000000,0.83,0.9099,0.83,0.8675,18127,0
SAIH.US,D,20240625,000000,0.888,1,0.8681,0.9639,69916,0
SAIH.US,D,20240626,000000,0.963999,1.06,0.9279,1.045,93255,0
SAIH.US,D,20240627,000000,1.09,1.3,0.9778,1.15,459178,0
SAIH.US,D,20240628,000000,1.14,1.192,0.9999,1.05,2801677,0
SAIH.US,D,20240701,000000,0.9799,1.01,0.93775,0.96,309560,0
SAIH.US,D,20240702,000000,0.9233,0.9233,0.833704,0.8808,152653,0
SAIH.US,D,20240703,000000,0.88,0.924,0.87,0.9,14250,0
SAIH.US,D,20240705,000000,0.9063,0.9642,0.8411,0.9375,117706,0
SAIH.US,D,20240708,000000,0.98,0.98,0.8901,0.9447,17016,0
SAIH.US,D,20240709,000000,0.91,0.91,0.85,0.8927,88473,0
SAIH.US,D,20240710,000000,0.8891,1.28,0.87,1.15,1519981,0
SAIH.US,D,20240711,000000,1.05,1.1552,0.882,0.9304,372953,0
SAIH.US,D,20240712,000000,0.96,0.96,0.9,0.92,39439,0
SAIH.US,D,20240715,000000,0.94,0.98,0.8985,0.92,63021,0
SAIH.US,D,20240716,000000,0.9698,1.04,0.9,1.02,99322,0
SAIH.US,D,20240717,000000,1.04,1.05,0.9511,0.97,2035930,0
SAIH.US,D,20240718,000000,1.01,1.01,0.8556,0.8717,2900733,0
SAIH.US,D,20240719,000000,0.8759,0.91,0.84,0.896163,194177,0
SAIH.US,D,20240722,000000,0.88,0.945,0.8789,0.88,129692,0
SAIH.US,D,20240723,000000,0.898,0.94,0.87,0.8868,180384,0
SAIH.US,D,20240724,000000,0.879851,0.899951,0.8403,0.88,64761,0
SAIH.US,D,20240725,000000,0.8606,0.8877,0.8403,0.8877,71934,0
SAIH.US,D,20240726,000000,0.92,0.92,0.8503,0.9095,13562,0
SAIH.US,D,20240729,000000,0.878,0.9094,0.8662,0.8849,31547,0
SAIH.US,D,20240730,000000,0.9198,0.9198,0.8529,0.87,40490,0
SAIH.US,D,20240731,000000,0.9,0.9,0.8501,0.9,33651,0
SAIH.US,D,20240801,000000,0.8627,0.8989,0.83,0.8462,100558,0
SAIH.US,D,20240802,000000,0.8885,0.8892,0.83,0.851,12680,0
SAIH.US,D,20240805,000000,0.7999,0.8,0.7,0.7603,62830,0
SAIH.US,D,20240806,000000,0.7801,0.8,0.7669,0.77482,87516,0
SAIH.US,D,20240807,000000,0.77984,0.798,0.76,0.7603,10629,0
SAIH.US,D,20240808,000000,0.7701,0.8,0.7701,0.7826,16166,0
SAIH.US,D,20240809,000000,0.771,0.8849,0.7448,0.86,81568,0
SAIH.US,D,20240812,000000,0.8866,0.8866,0.8,0.86,7096,0
SAIH.US,D,20240813,000000,0.8764,0.8764,0.7892,0.8648,11320,0
SAIH.US,D,20240814,000000,0.8699,0.87,0.8016,0.8416,8759,0
SAIH.US,D,20240815,000000,0.8001,0.8425,0.8001,0.8333,27421,0
SAIH.US,D,20240816,000000,0.87,0.8759,0.82,0.87,17241,0
SAIH.US,D,20240819,000000,0.830101,1.04,0.801,1.02,166409,0
SAIH.US,D,20240820,000000,0.95,0.95,0.89,0.8901,50681,0
SAIH.US,D,20240821,000000,0.8608,0.923,0.8118,0.8691,35171,0
SAIH.US,D,20240822,000000,0.896592,0.896592,0.8356,0.869,12998,0
SAIH.US,D,20240823,000000,0.8821,0.92,0.84,0.88,20712,0
SAIH.US,D,20240826,000000,0.9,0.9,0.850001,0.851,18600,0
SAIH.US,D,20240827,000000,0.849,0.87,0.849,0.8518,26886,0
SAIH.US,D,20240828,000000,0.811,0.8508,0.81,0.81,30466,0
SAIH.US,D,20240829,000000,0.869,0.898,0.801,0.84,19499,0
SAIH.US,D,20240830,000000,0.8301,0.87,0.82,0.833,14755,0
SAIH.US,D,20240903,000000,0.833,0.85,0.786,0.82,18133,0
SAIH.US,D,20240904,000000,0.8066,0.82,0.76,0.7911,22140,0
SAIH.US,D,20240905,000000,0.8399,0.8399,0.791,0.7925,14013,0
SAIH.US,D,20240906,000000,0.8,0.800101,0.738,0.768,32414,0
SAIH.US,D,20240909,000000,0.8303,0.8303,0.736,0.742,38740,0
SAIH.US,D,20240910,000000,0.75,0.775,0.715,0.7501,19226,0
SAIH.US,D,20240911,000000,0.79,0.79,0.6609,0.74,14900,0
SAIH.US,D,20240912,000000,0.7401,0.78,0.74,0.7426,38800,0
SAIH.US,D,20240913,000000,0.74,0.75,0.73,0.74,22200,0
SAIH.US,D,20240916,000000,0.74,0.7401,0.7001,0.7076,22800,0
SAIH.US,D,20240917,000000,0.71,0.8,0.681,0.7505,16600,0
SAIH.US,D,20240918,000000,0.76,0.76,0.7171,0.73,8100,0
SAIH.US,D,20240919,000000,0.739,0.7507,0.715,0.7438,7800,0
SAIH.US,D,20240920,000000,0.74,0.8507,0.71,0.82,189100,0
SAIH.US,D,20240923,000000,0.819,0.8829,0.81,0.83,81500,0
SAIH.US,D,20240924,000000,0.81,0.88,0.81,0.84,75900,0
SAIH.US,D,20240925,000000,0.8315,0.85,0.74,0.79,70400,0
SAIH.US,D,20240926,000000,0.76,0.8149,0.72,0.7604,122200,0
SAIH.US,D,20240927,000000,0.74,0.8,0.693,0.731,284700,0
SAIH.US,D,20240930,000000,0.75,0.8,0.7105,0.76,62198,0
SAIH.US,D,20241001,000000,0.742,0.7781,0.66,0.768,82210,0
SAIH.US,D,20241002,000000,0.763,0.7828,0.74,0.7532,37527,0
SAIH.US,D,20241003,000000,0.779,0.78,0.713,0.75,56136,0
SAIH.US,D,20241004,000000,0.7101,0.7491,0.6625,0.69,76285,0
SAIH.US,D,20241007,000000,0.7,0.725001,0.69,0.705,43568,0
SAIH.US,D,20241008,000000,0.6865,0.706,0.666,0.675,41044,0
SAIH.US,D,20241009,000000,0.66,0.674,0.61,0.61,66522,0
SAIH.US,D,20241010,000000,0.6354,0.67,0.543,0.549,54578,0
SAIH.US,D,20241011,000000,0.549,0.5928,0.5351,0.5885,14749,0
SAIH.US,D,20241014,000000,0.5885,0.6,0.5351,0.5503,40996,0
SAIH.US,D,20241015,000000,0.582,0.584,0.5402,0.5599,10278,0
SAIH.US,D,20241016,000000,0.595,1.7985,0.552,0.9455,34456232,0
SAIH.US,D,20241017,000000,0.7999,0.957,0.6612,0.8478,2622002,0
SAIH.US,D,20241018,000000,0.866,1.3,0.8031,1.03,4239755,0
SAIH.US,D,20241021,000000,1.1,1.25,0.9465,0.95,1189557,0
SAIH.US,D,20241022,000000,0.9557,1.02,0.85,0.893,544643,0
SAIH.US,D,20241023,000000,0.891,0.92,0.85,0.8977,209287,0
SAIH.US,D,20241024,000000,0.8852,0.98,0.81,0.8865,861929,0
SAIH.US,D,20241025,000000,0.8943,1.03,0.866,0.9329,741470,0
SAIH.US,D,20241028,000000,0.933,1.17,0.933,1.13,1168445,0
SAIH.US,D,20241029,000000,1.1,1.16,0.9703,1.08,533460,0
SAIH.US,D,20241030,000000,1.12,1.3,1.11,1.2,1577612,0
SAIH.US,D,20241031,000000,1.17,1.25,1.09,1.12,459347,0
SAIH.US,D,20241101,000000,1.14,1.15,1,1.03,293805,0
SAIH.US,D,20241104,000000,1.06,1.06,0.95,1.02,157610,0
SAIH.US,D,20241105,000000,1.01,1.05,0.966,1.02,119977,0
SAIH.US,D,20241106,000000,1.02,1.1,1,1.05,142883,0
SAIH.US,D,20241107,000000,1.02,1.24,1.02,1.22,473833,0
SAIH.US,D,20241108,000000,1.18,1.37,1.18,1.34,715416,0
SAIH.US,D,20241111,000000,1.35,1.42,1.22,1.29,597715,0
SAIH.US,D,20241112,000000,1.29,1.5,1.235,1.49,754945,0
SAIH.US,D,20241113,000000,1.4,1.5299,1.11,1.17,538493,0
SAIH.US,D,20241114,000000,1.19,1.24,1.01,1.03,348607,0
SAIH.US,D,20241115,000000,1.03,1.0396,0.86,0.9101,424931,0
SAIH.US,D,20241118,000000,0.915,0.9995,0.894001,0.95,175069,0
SAIH.US,D,20241119,000000,0.9455,0.965,0.9001,0.922,95167,0
SAIH.US,D,20241120,000000,0.97,1.02,0.92,0.95,351268,0
SAIH.US,D,20241121,000000,0.9357,1.18,0.9357,1.02,1085297,0
SAIH.US,D,20241122,000000,1.02,1.13,0.9789,1.11,231463,0
SAIH.US,D,20241125,000000,1.11,1.13,0.9607,0.994,261864,0
SAIH.US,D,20241126,000000,1.02,1.0399,0.915,0.9545,170459,0
SAIH.US,D,20241127,000000,1,1.07,0.935,0.9654,160193,0
SAIH.US,D,20241129,000000,0.976,1.03,0.93,1,100675,0
SAIH.US,D,20241202,000000,1.02,1.04,0.95,0.99,100089,0
SAIH.US,D,20241203,000000,0.99,1.04,0.95,0.95,273784,0
SAIH.US,D,20241204,000000,0.97,0.984999,0.87,0.9465,260878,0
SAIH.US,D,20241205,000000,0.962,0.99,0.9315,0.9538,102532,0
SAIH.US,D,20241206,000000,0.931,0.9489,0.91,0.9455,121595,0
SAIH.US,D,20241209,000000,0.96,0.98,0.89,0.896,121845,0
SAIH.US,D,20241210,000000,0.9332,0.95,0.88,0.929,82246,0
SAIH.US,D,20241211,000000,0.8838,0.91,0.83,0.88,126817,0
SAIH.US,D,20241212,000000,0.8439,0.9332,0.8439,0.91,93878,0
SAIH.US,D,20241213,000000,0.91,0.93,0.8901,0.92,39861,0
SAIH.US,D,20241216,000000,0.94,0.98,0.9075,0.9699,124640,0
SAIH.US,D,20241217,000000,0.985,0.989,0.92,0.93,52307,0
SAIH.US,D,20241218,000000,0.96,0.977999,0.87,0.874615,93431,0
SAIH.US,D,20241219,000000,0.87,0.97,0.84,0.8525,103073,0
SAIH.US,D,20241220,000000,0.864,0.871,0.7615,0.7956,243432,0
SAIH.US,D,20241223,000000,0.7717,0.824,0.7002,0.7116,88524,0
SAIH.US,D,20241224,000000,0.7001,0.77,0.7,0.7314,27426,0
SAIH.US,D,20241226,000000,0.77,0.78,0.7021,0.7419,72447,0
SAIH.US,D,20241227,000000,0.7196,0.77,0.71,0.7201,47440,0
SAIH.US,D,20241230,000000,0.7,0.746,0.6702,0.7201,118829,0
SAIH.US,D,20241231,000000,0.77,0.79,0.7005,0.77,108836,0
SAIH.US,D,20250102,000000,0.78,0.8047,0.7301,0.766246,98943,0
SAIH.US,D,20250103,000000,0.798,0.86,0.766,0.802,48309,0
SAIH.US,D,20250106,000000,0.87,0.89,0.7945,0.836,112433,0
SAIH.US,D,20250107,000000,0.85,0.879,0.748,0.7623,173331,0
SAIH.US,D,20250108,000000,0.771,0.8,0.7346,0.7346,26575,0
SAIH.US,D,20250110,000000,0.73,0.733,0.6632,0.6762,72486,0
SAIH.US,D,20250113,000000,0.6762,0.77,0.65,0.6941,52700,0
SAIH.US,D,20250114,000000,0.7496,0.768,0.606,0.660258,35419,0
SAIH.US,D,20250115,000000,0.66,0.7575,0.6,0.6,43117,0
SAIH.US,D,20250116,000000,0.63,0.67,0.6116,0.6339,27901,0
SAIH.US,D,20250117,000000,0.61,0.7337,0.61,0.701899,189085,0
SAIH.US,D,20250121,000000,0.7357,0.7895,0.69,0.7849,210034,0
SAIH.US,D,20250122,000000,0.79,0.79,0.7003,0.72,136850,0
SAIH.US,D,20250123,000000,0.6905,1,0.6905,0.9499,1252713,0
SAIH.US,D,20250124,000000,0.95,0.95,0.851101,0.9459,267740,0
SAIH.US,D,20250127,000000,0.87,0.87,0.6621,0.7187,317913,0
SAIH.US,D,20250128,000000,0.71,0.77,0.7,0.76,97623,0
SAIH.US,D,20250129,000000,0.7602,0.79005,0.67,0.79005,83089,0
SAIH.US,D,20250130,000000,0.7509,0.8869,0.7509,0.865,411420,0
SAIH.US,D,20250131,000000,0.8503,0.9,0.85,0.88,72005,0
SAIH.US,D,20250203,000000,0.8291,0.9,0.805,0.829,58020,0
SAIH.US,D,20250204,000000,0.85,0.987,0.819,0.8375,118209,0
SAIH.US,D,20250205,000000,0.819,0.9344,0.819,0.899,231254,0
SAIH.US,D,20250206,000000,0.884,0.889,0.831605,0.87,37736,0
SAIH.US,D,20250207,000000,0.9199,0.9498,0.8879,0.939,170947,0
SAIH.US,D,20250210,000000,0.9108,0.950001,0.87,0.8851,37823,0
SAIH.US,D,20250211,000000,0.91,0.926,0.8315,0.8315,25703,0
SAIH.US,D,20250212,000000,0.844,0.9,0.83,0.8736,36651,0
SAIH.US,D,20250213,000000,0.867,0.89,0.84,0.89,30636,0
