<TICKER>,<PER>,<DATE>,<TIME>,<OPEN>,<HIGH>,<LOW>,<CLOSE>,<VOL>,<OPENINT>
SEZL.US,D,20230914,000000,21.87,36.555,15.4,15.81,158608,0
SEZL.US,D,20230915,000000,15.85,15.85,13.34,13.42,59414,0
SEZL.US,D,20230918,000000,12.68,16.17,11.3301,12.93,118877,0
SEZL.US,D,20230919,000000,20.41,24.7,16.32,17.4,1738278,0
SEZL.US,D,20230920,000000,14.81,15.8,12.8001,14.39,140490,0
SEZL.US,D,20230921,000000,12.86,14.65,11.9439,14.2,52741,0
SEZL.US,D,20230922,000000,13.65,14.8,12.85,13.42,56428,0
SEZL.US,D,20230925,000000,13.1627,14.5365,12.75,13.2601,25568,0
SEZL.US,D,20230926,000000,12.99,13.585,12.49,13.25,79524,0
SEZL.US,D,20230927,000000,12.66,13.8,12.66,13.15,8882,0
SEZL.US,D,20230928,000000,12.6,14.37,12.59,13.25,43054,0
SEZL.US,D,20230929,000000,13.28,13.69,12.8,13.12,31742,0
SEZL.US,D,20231002,000000,13.22,13.6,12.55,12.9,26179,0
SEZL.US,D,20231003,000000,12.9,12.9,11.75,12.25,8394,0
SEZL.US,D,20231004,000000,11,12,10,11.51,14197,0
SEZL.US,D,20231005,000000,11.35,11.889,11.07,11.32,15696,0
SEZL.US,D,20231006,000000,11.65,12.05,10.895,11.3,16899,0
SEZL.US,D,20231009,000000,11.55,11.6,11.04,11.14,3696,0
SEZL.US,D,20231010,000000,10.56,11.03,10.56,10.7,2283,0
SEZL.US,D,20231011,000000,10.4,12.0873,10.4,10.975,18901,0
SEZL.US,D,20231012,000000,11.15,11.4449,10.56,10.61,9307,0
SEZL.US,D,20231013,000000,10.78,10.78,10.4,10.4,3238,0
SEZL.US,D,20231016,000000,10.49,11.04,10.07,10.9,8070,0
SEZL.US,D,20231017,000000,11.135,11.98,10.615,10.64,9233,0
SEZL.US,D,20231018,000000,10.65,11.82,10.65,10.8,16265,0
SEZL.US,D,20231019,000000,11.25,11.274,10.5,11.274,4203,0
SEZL.US,D,20231020,000000,11.27,11.27,11.27,11.27,1076,0
SEZL.US,D,20231023,000000,11,11,10.42,10.42,1480,0
SEZL.US,D,20231024,000000,10.42,10.57,9.65,10,7011,0
SEZL.US,D,20231025,000000,10.271,10.4,9.76,9.9045,6409,0
SEZL.US,D,20231026,000000,8.85,9.3854,7.15,8.3,22113,0
SEZL.US,D,20231027,000000,7.9,9.25,7.405,8.145,30704,0
SEZL.US,D,20231030,000000,8.15,9.695,8,9.1813,35560,0
SEZL.US,D,20231031,000000,9.065,9.55,8.88,9,14838,0
SEZL.US,D,20231101,000000,8.8,10,8.6045,9.5,22573,0
SEZL.US,D,20231102,000000,8.84,9.6699,8.79,9.235,5513,0
SEZL.US,D,20231103,000000,9.45,9.5,9.15,9.5,3006,0
SEZL.US,D,20231106,000000,9.98,9.98,8.8,9.3,7522,0
SEZL.US,D,20231107,000000,9.9178,9.9178,9.64,9.8,1330,0
SEZL.US,D,20231108,000000,9.01,10,9.01,9.67,2466,0
SEZL.US,D,20231109,000000,9.94,10.2,9.94,10.122,2065,0
SEZL.US,D,20231110,000000,10.78,13.76,10.3001,10.75,94964,0
SEZL.US,D,20231113,000000,10,10.9999,10,10.5,4977,0
SEZL.US,D,20231114,000000,10.482,12.28,10.482,12,9000,0
SEZL.US,D,20231115,000000,11.8,12.11,10.74,11.405,16532,0
SEZL.US,D,20231116,000000,11.33,11.86,11.33,11.51,6438,0
SEZL.US,D,20231117,000000,11.5,12.0348,11.1999,11.2,20981,0
SEZL.US,D,20231120,000000,10.93,11.7,10.515,10.98,24842,0
SEZL.US,D,20231121,000000,10.2197,10.63,9.93,10.2,22476,0
SEZL.US,D,20231122,000000,10,11.48,9.9,10.66,29452,0
SEZL.US,D,20231124,000000,10.66,10.66,10.0101,10.2,17809,0
SEZL.US,D,20231127,000000,10.2,10.6925,9.7501,10.225,60457,0
SEZL.US,D,20231128,000000,10.29,11.3655,10.27,10.4,20630,0
SEZL.US,D,20231129,000000,10.5,10.78,10,10.13,13031,0
SEZL.US,D,20231130,000000,10.13,10.4387,9.85,9.99,27055,0
SEZL.US,D,20231201,000000,9.99,10.52,9.75,10,15002,0
SEZL.US,D,20231204,000000,10,10.23,9.9288,10.1,25170,0
SEZL.US,D,20231205,000000,9.95,10.3,9.94,10.1,33681,0
SEZL.US,D,20231206,000000,10.5,11.24,10.48,10.7,28204,0
SEZL.US,D,20231207,000000,10.88,11.24,10.7227,11.2,7759,0
SEZL.US,D,20231208,000000,11.24,13.7999,11.16,12.45,45198,0
SEZL.US,D,20231211,000000,12.09,12.5802,11.06,12.1655,25781,0
SEZL.US,D,20231212,000000,12.33,13,12.31,12.4,23147,0
SEZL.US,D,20231213,000000,12.4,13.9588,12.4,13,46930,0
SEZL.US,D,20231214,000000,13.61,15.7954,12.93,13.65,41813,0
SEZL.US,D,20231215,000000,13.81,16,13.3001,14.48,114114,0
SEZL.US,D,20231218,000000,14.96,15.9257,14.27,14.9,35706,0
SEZL.US,D,20231219,000000,14.8449,19.4499,14.83,19,67479,0
SEZL.US,D,20231220,000000,18.56,19,16.52,17,58320,0
SEZL.US,D,20231221,000000,16.8,18,15,17.47,44765,0
SEZL.US,D,20231222,000000,18.82,27.4799,17.25,24.41,269481,0
SEZL.US,D,20231226,000000,24.5,25.35,18.67,19.18,161462,0
SEZL.US,D,20231227,000000,19.36,21.91,18.62,19.16,54366,0
SEZL.US,D,20231228,000000,18.99,22.99,18.62,19.48,71385,0
SEZL.US,D,20231229,000000,20.07,22.34,19.5,20.52,136096,0
SEZL.US,D,20240102,000000,21,22.4453,20.44,21.4,72192,0
SEZL.US,D,20240103,000000,21.4,21.5775,20.495,21.2,31175,0
SEZL.US,D,20240104,000000,21.2,22.0872,20.2,20.2,44548,0
SEZL.US,D,20240105,000000,19.5,19.98,18.4901,19.6,72977,0
SEZL.US,D,20240108,000000,18.5,18.7612,17.01,18.69,72536,0
SEZL.US,D,20240109,000000,18.5,18.5,16.32,16.84,43920,0
SEZL.US,D,20240110,000000,16.5,17.3475,16.23,16.49,42876,0
SEZL.US,D,20240111,000000,17.16,18.51,16.7,17,85563,0
SEZL.US,D,20240112,000000,16.72,19.66,16.7,18.26,45213,0
SEZL.US,D,20240116,000000,18.26,20.8899,18.23,20.75,34822,0
SEZL.US,D,20240117,000000,22.14,24.9699,20.83,24.3,66771,0
SEZL.US,D,20240118,000000,25.15,34.99,25.05,31.63,210274,0
SEZL.US,D,20240119,000000,32.23,39,31.0101,36.86,117099,0
SEZL.US,D,20240122,000000,39.09,42,35.439,36.81,122621,0
SEZL.US,D,20240123,000000,36.5,37.1,31.82,33.38,55401,0
SEZL.US,D,20240124,000000,33.37,33.78,31.27,31.27,17654,0
SEZL.US,D,20240125,000000,30.78,35.2974,30.41,33.26,30314,0
SEZL.US,D,20240126,000000,33.6,35.6143,33,34.74,16434,0
SEZL.US,D,20240129,000000,35.43,42.1,35.0066,40.2,58366,0
SEZL.US,D,20240130,000000,40,41.7099,37.01,38.96,29186,0
SEZL.US,D,20240131,000000,38.9,39.33,36.56,37.99,13571,0
SEZL.US,D,20240201,000000,37.51,48.99,37.47,44,89869,0
SEZL.US,D,20240202,000000,45.12,45.8599,39.88,42.4,39277,0
SEZL.US,D,20240205,000000,41.38,42.8195,38.505,38.81,69391,0
SEZL.US,D,20240206,000000,38.49,42,37.61,39,50319,0
SEZL.US,D,20240207,000000,39,41.7643,39,40.51,35835,0
SEZL.US,D,20240208,000000,41.25,42.4499,40.25,42.34,14907,0
SEZL.US,D,20240209,000000,42.5,44.994,40.5511,43.52,36484,0
SEZL.US,D,20240212,000000,42.88,49.3,42.88,47,41256,0
SEZL.US,D,20240213,000000,45.06,47.1199,45.052,45.65,10733,0
SEZL.US,D,20240214,000000,46.85,52.06,46.25,48.95,24685,0
SEZL.US,D,20240215,000000,48.95,51.49,48.25,48.5,13764,0
SEZL.US,D,20240216,000000,50.15,50.75,49.02,49.78,10797,0
SEZL.US,D,20240220,000000,50.19,58,49,50.94,75544,0
SEZL.US,D,20240221,000000,52,52.3,40.9,46.39,36038,0
SEZL.US,D,20240222,000000,45.49,49,38.22,38.26,51748,0
SEZL.US,D,20240223,000000,38.51,44.49,38.51,42.68,23516,0
SEZL.US,D,20240226,000000,43.18,49.855,43.18,48.25,45232,0
SEZL.US,D,20240227,000000,55.01,59.5925,51,57.9,107763,0
SEZL.US,D,20240228,000000,60,60,49.68,52.51,33752,0
SEZL.US,D,20240229,000000,51,51,43.07,46.86,59524,0
SEZL.US,D,20240301,000000,45.01,47.49,43.8,45.13,30753,0
SEZL.US,D,20240304,000000,44.67,53,44.67,51.84,93604,0
SEZL.US,D,20240305,000000,51,55.432,50.1,52.62,59844,0
SEZL.US,D,20240306,000000,54.48,55.7762,53.66,55.57,22955,0
SEZL.US,D,20240307,000000,55.57,67.9477,51.8001,65.52,81127,0
SEZL.US,D,20240308,000000,67.45,69.98,59.225,60.73,47921,0
SEZL.US,D,20240311,000000,60,62.01,53.24,53.75,34973,0
SEZL.US,D,20240312,000000,52.5,60.745,50.2,58.89,28837,0
SEZL.US,D,20240313,000000,57.08,59.7933,56,58.35,42408,0
SEZL.US,D,20240314,000000,56.57,59.99,56.57,59.99,43545,0
SEZL.US,D,20240315,000000,59,60.665,53.135,58.16,85190,0
SEZL.US,D,20240318,000000,56.58,59.676,55.01,59.19,50893,0
SEZL.US,D,20240319,000000,58.5,63.79,57.99,63.79,73658,0
SEZL.US,D,20240320,000000,61.55,64.75,61.2021,64.49,21652,0
SEZL.US,D,20240321,000000,62.81,65.64,62.81,65.64,21018,0
SEZL.US,D,20240322,000000,67.19,77.365,66.295,75.01,148137,0
SEZL.US,D,20240325,000000,73.75,80.8449,72.75,79.25,65524,0
SEZL.US,D,20240326,000000,78,89.54,78,87,82919,0
SEZL.US,D,20240327,000000,90,100,84.0883,92.5,114002,0
SEZL.US,D,20240328,000000,92,92,77,84.49,258284,0
SEZL.US,D,20240401,000000,82.75,82.75,60.51,68.26,121469,0
SEZL.US,D,20240402,000000,67.64,67.64,61,65.46,44856,0
SEZL.US,D,20240403,000000,65.2,77.1636,63.03,74.78,52497,0
SEZL.US,D,20240404,000000,77.48,78.76,63.79,65.1,52277,0
SEZL.US,D,20240405,000000,65.38,73,63,67.96,26671,0
SEZL.US,D,20240408,000000,68.47,72.99,64.87,72.24,30825,0
SEZL.US,D,20240409,000000,74.01,78.35,72,72.48,38713,0
SEZL.US,D,20240410,000000,72.99,72.99,66.2933,68.7,46172,0
SEZL.US,D,20240411,000000,67.1,71.06,66.7009,67.61,26519,0
SEZL.US,D,20240412,000000,65.77,70.65,65,65.15,27024,0
SEZL.US,D,20240415,000000,67.1,68.19,63,65.21,23632,0
SEZL.US,D,20240416,000000,63,65.3,57.195,60.19,53385,0
SEZL.US,D,20240417,000000,57.61,66.09,57.2,64.36,59968,0
SEZL.US,D,20240418,000000,60.78,67.25,57.365,58.75,114731,0
SEZL.US,D,20240419,000000,55.99,59.48,51.1,55.47,85237,0
SEZL.US,D,20240422,000000,55.32,55.32,47.73,49.3,90139,0
SEZL.US,D,20240423,000000,49.29,57.605,47.325,55.85,121683,0
SEZL.US,D,20240424,000000,54.3,58.8,53.71,54.6,96940,0
SEZL.US,D,20240425,000000,53.94,56,51,52.56,68123,0
SEZL.US,D,20240426,000000,53.03,62,52.85,58.99,95573,0
SEZL.US,D,20240429,000000,59.99,61.45,52.01,54.66,106823,0
SEZL.US,D,20240430,000000,54.01,54.48,49.66,50.63,99056,0
SEZL.US,D,20240501,000000,49.84,51.475,43.91,49.65,106948,0
SEZL.US,D,20240502,000000,50.12,51.8421,47.96,51.71,95836,0
SEZL.US,D,20240503,000000,52.99,54.94,49.535,50.48,79267,0
SEZL.US,D,20240506,000000,49.78,52.9,48.71,50.63,88467,0
SEZL.US,D,20240507,000000,51.41,51.41,43.04,43.85,154277,0
SEZL.US,D,20240508,000000,43.01,46.0299,40.39,44.74,143352,0
SEZL.US,D,20240509,000000,65,83.99,62.77,78.59,779634,0
SEZL.US,D,20240510,000000,77,84.5875,74.5,83.74,184708,0
SEZL.US,D,20240513,000000,81.23,84.54,77.4,78.1,110784,0
SEZL.US,D,20240514,000000,82.38,82.38,67.27,70.6,147551,0
SEZL.US,D,20240515,000000,70.6,73.95,66.5,71.84,48467,0
SEZL.US,D,20240516,000000,72.5,75.3621,68.06,68.73,67304,0
SEZL.US,D,20240517,000000,68.04,71.02,64.14,66.91,73357,0
SEZL.US,D,20240520,000000,66.91,74.99,66.8,74.18,38357,0
SEZL.US,D,20240521,000000,74.5,77.02,73.41,76.67,22618,0
SEZL.US,D,20240522,000000,75.18,75.18,66.5,68.04,44830,0
SEZL.US,D,20240523,000000,70,70,65,68.235,24655,0
SEZL.US,D,20240524,000000,67.01,70,64.555,69.22,72357,0
SEZL.US,D,20240528,000000,70,72.67,67.215,69.16,71568,0
SEZL.US,D,20240529,000000,68.25,78.8,67.925,78.8,91239,0
SEZL.US,D,20240530,000000,77.01,83.56,77.01,81.17,77430,0
SEZL.US,D,20240531,000000,79.83,82,76,80.18,73582,0
SEZL.US,D,20240603,000000,80,81.3215,73.59,77.68,32712,0
SEZL.US,D,20240604,000000,78.66,83.7844,76.785,80.07,49777,0
SEZL.US,D,20240605,000000,78.81,90.82,78.81,89.86,77072,0
SEZL.US,D,20240606,000000,89.1,95,87.7253,93.5,121001,0
SEZL.US,D,20240607,000000,88.35,90.1299,82.2216,85.65,101765,0
SEZL.US,D,20240610,000000,83.78,85,79,79.02,58986,0
SEZL.US,D,20240611,000000,78.22,79.61,70.2901,72.05,128671,0
SEZL.US,D,20240612,000000,73.45,76.63,69.01,70.85,61145,0
SEZL.US,D,20240613,000000,70.83,76,70,76,102067,0
SEZL.US,D,20240614,000000,77.95,83.99,77.49,81.26,67951,0
SEZL.US,D,20240617,000000,79.98,83.855,78.41,80.5,78534,0
SEZL.US,D,20240618,000000,80.5,85.29,79.755,82.85,83385,0
SEZL.US,D,20240620,000000,84,88.17,81.5739,85.36,116903,0
SEZL.US,D,20240621,000000,84.5,84.5,75.05,81.06,152900,0
SEZL.US,D,20240624,000000,77.01,80.57,72.01,79.42,103887,0
SEZL.US,D,20240625,000000,77.11,83.17,76.24,81.52,123316,0
SEZL.US,D,20240626,000000,85.6,88,80.3,82,122649,0
SEZL.US,D,20240627,000000,81.5,89.5299,81.33,87.93,123766,0
SEZL.US,D,20240628,000000,85.74,89.365,84.35,88.22,435381,0
SEZL.US,D,20240701,000000,86.76,91.063,83,88.95,115005,0
SEZL.US,D,20240702,000000,87,88.95,80.69,88.89,155231,0
SEZL.US,D,20240703,000000,88,91.04,87.38,90.2,100066,0
SEZL.US,D,20240705,000000,91.5,92.3693,87,89.93,120891,0
SEZL.US,D,20240708,000000,90.28,91.05,85.01,89.21,108908,0
SEZL.US,D,20240709,000000,89.31,98.32,89.1,95.24,172032,0
SEZL.US,D,20240710,000000,96.65,97,81,81.98,156177,0
SEZL.US,D,20240711,000000,77.76,84.2,74.55,82.18,126546,0
SEZL.US,D,20240712,000000,83.09,88.305,80.86,87.58,82821,0
SEZL.US,D,20240715,000000,87.58,89,82.68,85.65,91695,0
SEZL.US,D,20240716,000000,88,91.5,85.23,91.35,63409,0
SEZL.US,D,20240717,000000,90.81,92.15,86.75,90,59637,0
SEZL.US,D,20240718,000000,89.82,91,84.0538,84.33,44144,0
SEZL.US,D,20240719,000000,87.59,87.59,82.89,83.49,31597,0
SEZL.US,D,20240722,000000,83,86.43,82.23,85.46,18008,0
SEZL.US,D,20240723,000000,85.4,87.9,85.28,87.59,33256,0
SEZL.US,D,20240724,000000,87.19,87.19,83,83.85,42249,0
SEZL.US,D,20240725,000000,83.31,84.87,79.3,82.65,34897,0
SEZL.US,D,20240726,000000,84.75,86.44,82.86,85.23,17621,0
SEZL.US,D,20240729,000000,84.77,89.5,81.71,81.77,38155,0
SEZL.US,D,20240730,000000,82.57,84.26,78.2509,79.99,35298,0
SEZL.US,D,20240731,000000,81.59,87.69,81.41,87.46,33450,0
SEZL.US,D,20240801,000000,85.935,87.74,77.01,77.02,49158,0
SEZL.US,D,20240802,000000,76.95,77.5,70.0001,77.1,57059,0
SEZL.US,D,20240805,000000,70.96,76.5799,70.95,73.75,38016,0
SEZL.US,D,20240806,000000,75,79.94,70.96,78.3,49783,0
SEZL.US,D,20240807,000000,76.9,82.78,76.9,78.82,73145,0
SEZL.US,D,20240808,000000,93,107.49,85.0001,106.5,321624,0
SEZL.US,D,20240809,000000,104,117,97.66,116.41,191507,0
SEZL.US,D,20240812,000000,108.81,126.04,107.9,118.36,333100,0
SEZL.US,D,20240813,000000,118.5,127,116.55,126.47,140582,0
SEZL.US,D,20240814,000000,125,128,119,121.14,100674,0
SEZL.US,D,20240815,000000,121.09,124.88,118,123.99,78153,0
SEZL.US,D,20240816,000000,124.38,127.205,120.01,123.82,113031,0
SEZL.US,D,20240819,000000,123.54,132.19,122.6,129.99,123100,0
SEZL.US,D,20240820,000000,130.98,134.8,126.0601,127.61,74769,0
SEZL.US,D,20240821,000000,127.98,136.5,127.98,130.49,110338,0
SEZL.US,D,20240822,000000,131.6,134.25,126.3,127.1,69768,0
SEZL.US,D,20240823,000000,127.31,132.8699,126.09,127.93,84192,0
SEZL.US,D,20240826,000000,128.26,128.4,119.35,120.98,100037,0
SEZL.US,D,20240827,000000,120.97,133.49,120.115,132,78334,0
SEZL.US,D,20240828,000000,130,131.96,124.19,129.97,124889,0
SEZL.US,D,20240829,000000,131.41,140.36,128.67,133.45,121010,0
SEZL.US,D,20240830,000000,135.44,136.23,131.389,136.23,78205,0
SEZL.US,D,20240903,000000,134.02,136.474,124.45,130.87,168454,0
SEZL.US,D,20240904,000000,130,139.12,128,134.35,134401,0
SEZL.US,D,20240905,000000,134.84,138.86,132.85,138.23,71170,0
SEZL.US,D,20240906,000000,138,138,126.24,126.67,91749,0
SEZL.US,D,20240909,000000,128.15,137.3899,127.57,132.75,97935,0
SEZL.US,D,20240910,000000,136.21,136.21,128.96,133.31,70968,0
SEZL.US,D,20240911,000000,133.33,142.4799,129.5001,140.03,111759,0
SEZL.US,D,20240912,000000,141.8,151.65,140.8166,149.26,115560,0
SEZL.US,D,20240913,000000,150,154.77,146.23,150.31,71906,0
SEZL.US,D,20240916,000000,152,153.24,145.01,152.23,52233,0
SEZL.US,D,20240917,000000,154,154,145,148.78,59901,0
SEZL.US,D,20240918,000000,149.61,149.7699,140.4745,147.56,69328,0
SEZL.US,D,20240919,000000,153.38,166.18,150,160.15,107182,0
SEZL.US,D,20240920,000000,160.15,165.32,157.3001,163.4,112721,0
SEZL.US,D,20240923,000000,166.82,167.94,161.5001,164.01,70803,0
SEZL.US,D,20240924,000000,167.89,179.99,165.05,176.97,113585,0
SEZL.US,D,20240925,000000,177.5,185.1777,170.465,173.93,119843,0
SEZL.US,D,20240926,000000,177.64,181.0905,175.35,176.79,42496,0
SEZL.US,D,20240927,000000,172.51,176.5,170.085,172.93,59540,0
SEZL.US,D,20240930,000000,172.22,175.316,167.9302,170.59,97606,0
SEZL.US,D,20241001,000000,170.87,170.87,161.3,163.71,69050,0
SEZL.US,D,20241002,000000,164,167.8,158.07,162.37,79173,0
SEZL.US,D,20241003,000000,162.33,163.675,147.51,148.6,88071,0
SEZL.US,D,20241004,000000,150.07,157.31,142.91,155.35,97403,0
SEZL.US,D,20241007,000000,157.99,166.57,157.99,164,76729,0
SEZL.US,D,20241008,000000,164,166.76,161.345,162.55,49749,0
SEZL.US,D,20241009,000000,163,163,155.04,156.24,86048,0
SEZL.US,D,20241010,000000,154.59,159.58,153.94,159.34,60561,0
SEZL.US,D,20241011,000000,161,182.9999,160.775,179.75,85459,0
SEZL.US,D,20241014,000000,179.75,192.6299,176.75,187.83,90073,0
SEZL.US,D,20241015,000000,191.39,202.15,183.05,200.71,109240,0
SEZL.US,D,20241016,000000,199.9,203.81,194.7197,203.18,66857,0
SEZL.US,D,20241017,000000,205.14,220,204.26,218.79,122419,0
SEZL.US,D,20241018,000000,219.11,232.02,212,225.42,133283,0
SEZL.US,D,20241021,000000,226,227.5,185.8365,193.48,195090,0
SEZL.US,D,20241022,000000,193.55,197.905,182.15,192.17,117878,0
SEZL.US,D,20241023,000000,190,196.53,186.13,190.17,33924,0
SEZL.US,D,20241024,000000,192.4,208.69,192.4,208.69,74019,0
SEZL.US,D,20241025,000000,211,224.7527,209,212.96,78840,0
SEZL.US,D,20241028,000000,219.18,227.99,216.4582,220.92,56508,0
SEZL.US,D,20241029,000000,220,220,205.51,216.42,68841,0
SEZL.US,D,20241030,000000,218.67,235.96,216.695,229.64,100382,0
SEZL.US,D,20241031,000000,230,231.535,207.5,214.66,99101,0
SEZL.US,D,20241101,000000,218.71,223.9999,208,213,52711,0
SEZL.US,D,20241104,000000,214.5,226.95,198.44,199.82,104144,0
SEZL.US,D,20241105,000000,200.28,213.9999,192,204.72,55402,0
SEZL.US,D,20241106,000000,214.51,243.0526,206.7801,242.03,133337,0
SEZL.US,D,20241107,000000,249.62,269.16,246.9172,250.47,142599,0
SEZL.US,D,20241108,000000,350,454.16,307.7,431.48,632223,0
SEZL.US,D,20241111,000000,414.32,444.066,392.76,427.21,215341,0
SEZL.US,D,20241112,000000,422.39,426.66,345.21,367.95,228257,0
SEZL.US,D,20241113,000000,364.27,405,364.27,382.09,117275,0
SEZL.US,D,20241114,000000,394.4,414.93,368.0001,372.2,108360,0
SEZL.US,D,20241115,000000,361.17,385,360.88,385,70328,0
SEZL.US,D,20241118,000000,390.02,400,377.81,399.74,85827,0
SEZL.US,D,20241119,000000,399.3,426.66,390,425.88,109577,0
SEZL.US,D,20241120,000000,425,430.05,383.66,390.12,105881,0
SEZL.US,D,20241121,000000,402.28,461.15,402.27,446.05,165922,0
SEZL.US,D,20241122,000000,442.41,477.525,437.25,463.98,113573,0
SEZL.US,D,20241125,000000,471.02,475,447.04,464,153317,0
SEZL.US,D,20241126,000000,450.29,468.65,411.3701,428.455,129262,0
SEZL.US,D,20241127,000000,446.7,446.7,398.36,414.95,85598,0
SEZL.US,D,20241129,000000,412,430.52,412,424.03,53088,0
SEZL.US,D,20241202,000000,428.95,450,368.0638,383.02,191583,0
SEZL.US,D,20241203,000000,384.84,397.69,377.02,384.04,87416,0
SEZL.US,D,20241204,000000,380.72,390.7985,355.2101,368.55,150635,0
SEZL.US,D,20241205,000000,359.54,388.01,359.54,373.12,73423,0
SEZL.US,D,20241206,000000,374.5,381.19,359.37,362.23,82163,0
SEZL.US,D,20241209,000000,374.25,374.25,331.84,331.84,102330,0
SEZL.US,D,20241210,000000,330,350,325,325.25,66652,0
SEZL.US,D,20241211,000000,329,333,309.34,320.06,110984,0
SEZL.US,D,20241212,000000,319.71,327.995,312,315.87,84262,0
SEZL.US,D,20241213,000000,314.99,328.37,308.02,309.01,58978,0
SEZL.US,D,20241216,000000,310.24,335.7375,300.0019,327.15,120266,0
SEZL.US,D,20241217,000000,332.94,335.5,311.99,315.18,66857,0
SEZL.US,D,20241218,000000,324.3,324.9899,225,242.17,539299,0
SEZL.US,D,20241219,000000,243.37,266.61,242.2609,243.32,245605,0
SEZL.US,D,20241220,000000,235.68,272.4,226.835,271.16,177993,0
SEZL.US,D,20241223,000000,279.68,284.7181,257.8817,265.97,125622,0
SEZL.US,D,20241224,000000,268.99,268.99,252.1,255.74,45217,0
SEZL.US,D,20241226,000000,253,279.1612,253,272.31,103981,0
SEZL.US,D,20241227,000000,267.31,269.52,255,265.06,95896,0
SEZL.US,D,20241230,000000,256.58,263,242.1423,255,99868,0
SEZL.US,D,20241231,000000,259.01,268.57,248.13,255.8,186219,0
SEZL.US,D,20250102,000000,260.51,272.8,242,272.79,186780,0
SEZL.US,D,20250103,000000,273.72,280.5,262.9986,278.69,136556,0
SEZL.US,D,20250106,000000,281.45,283.4,265.19,276.05,108831,0
SEZL.US,D,20250107,000000,281.5,281.5,250.1061,254.19,148227,0
SEZL.US,D,20250108,000000,249.48,253.75,237.57,248.12,87350,0
SEZL.US,D,20250110,000000,242,242,222.84,228.63,127857,0
SEZL.US,D,20250113,000000,217.08,225.92,210.23,221.94,115603,0
SEZL.US,D,20250114,000000,228.57,245.615,224.71,233.42,101120,0
SEZL.US,D,20250115,000000,241.87,269.6999,241.87,259.57,148313,0
SEZL.US,D,20250116,000000,323.28,324.77,262.4446,262.51,276283,0
SEZL.US,D,20250117,000000,261.24,267.2562,221.36,225,252963,0
SEZL.US,D,20250121,000000,233.64,240.01,210.92,229.76,207604,0
SEZL.US,D,20250122,000000,231.25,237.135,217.1619,229.51,114702,0
SEZL.US,D,20250123,000000,229.28,238.97,225.4305,238.73,97050,0
SEZL.US,D,20250124,000000,236.36,245,233.0001,235.06,82973,0
SEZL.US,D,20250127,000000,222.39,229.8299,218,225.28,120154,0
SEZL.US,D,20250128,000000,225.22,238.265,218,235.79,100796,0
SEZL.US,D,20250129,000000,233.81,244.33,231.49,242.06,47244,0
SEZL.US,D,20250130,000000,240.46,249.88,227.49,233.67,97282,0
SEZL.US,D,20250131,000000,234.69,246.58,229.93,234.01,88760,0
SEZL.US,D,20250203,000000,218.86,234.56,215,230.58,76955,0
SEZL.US,D,20250204,000000,231.25,243.91,227.26,240.97,89891,0
SEZL.US,D,20250205,000000,244.63,245.99,237.16,242.01,70345,0
SEZL.US,D,20250206,000000,246,254.225,237.16,245.19,77402,0
SEZL.US,D,20250207,000000,250,273.58,249.8325,254.32,121261,0
SEZL.US,D,20250210,000000,268,311.03,265.35,277.54,215635,0
SEZL.US,D,20250211,000000,287.998,287.998,255.12,264.65,157139,0
SEZL.US,D,20250212,000000,256.39,311.59,256.39,305.32,217495,0
SEZL.US,D,20250213,000000,308.5,336.16,308.5,335,232821,0
