<TICKER>,<PER>,<DATE>,<TIME>,<OPEN>,<HIGH>,<LOW>,<CLOSE>,<VOL>,<OPENINT>
SHCR.US,D,20201125,000000,10.02,10.08,10.02,10.05,2400,0
SHCR.US,D,20201127,000000,10.88,10.88,9.97,9.97,3926,0
SHCR.US,D,20201130,000000,10,10.7519,9.99,10.3,36913,0
SHCR.US,D,20201201,000000,10.06,10.3,10.05,10.15,27421,0
SHCR.US,D,20201202,000000,10.02,10.28,10.02,10.28,20285,0
SHCR.US,D,20201203,000000,10.21,10.28,10.1,10.175,7909,0
SHCR.US,D,20201204,000000,10.24,10.24,10,10.095,4490,0
SHCR.US,D,20201207,000000,10.21,10.4,10.1,10.4,8283,0
SHCR.US,D,20201208,000000,10.4,10.47,10.11,10.39,72600,0
SHCR.US,D,20201209,000000,10.35,10.35,10.2,10.2,40136,0
SHCR.US,D,20201210,000000,10.25,10.4899,10.18,10.3,25544,0
SHCR.US,D,20201211,000000,10.2,10.7427,10.2,10.5541,341586,0
SHCR.US,D,20201214,000000,10.92,10.92,10.29,10.36,152072,0
SHCR.US,D,20201215,000000,10.5364,10.5364,10.28,10.3,309564,0
SHCR.US,D,20201216,000000,10.3,10.375,10.29,10.375,32686,0
SHCR.US,D,20201217,000000,10.49,10.595,10.35,10.58,173528,0
SHCR.US,D,20201218,000000,10.73,10.73,10.5,10.51,85087,0
SHCR.US,D,20201221,000000,10.57,10.65,10.3914,10.54,24709,0
SHCR.US,D,20201222,000000,10.56,10.6877,10.455,10.5,86787,0
SHCR.US,D,20201223,000000,10.5,10.66,10.47,10.497,180709,0
SHCR.US,D,20201224,000000,10.5,10.8,10.5,10.67,568610,0
SHCR.US,D,20201228,000000,11.19,11.2,10.72,10.79,730271,0
SHCR.US,D,20201229,000000,10.96,11,10.62,10.8,305824,0
SHCR.US,D,20201230,000000,10.61,10.76,10.6021,10.7,133889,0
SHCR.US,D,20201231,000000,10.75,10.79,10.44,10.54,397407,0
SHCR.US,D,20210104,000000,10.59,10.6048,10.38,10.5,341523,0
SHCR.US,D,20210105,000000,10.48,10.5,10.411,10.5,207352,0
SHCR.US,D,20210106,000000,10.5,10.6778,10.33,10.4199,259810,0
SHCR.US,D,20210107,000000,10.54,10.54,10.36,10.43,365048,0
SHCR.US,D,20210108,000000,10.7,10.8,10.54,10.69,679756,0
SHCR.US,D,20210111,000000,10.97,10.97,10.6,10.65,380352,0
SHCR.US,D,20210112,000000,10.81,11.35,10.7,10.91,650955,0
SHCR.US,D,20210113,000000,11.04,11.15,10.9001,11,351456,0
SHCR.US,D,20210114,000000,11.12,12.43,11.12,11.2,454228,0
SHCR.US,D,20210115,000000,11.4,11.43,10.82,10.82,376110,0
SHCR.US,D,20210119,000000,10.93,11.16,10.81,10.89,477905,0
SHCR.US,D,20210120,000000,10.9,11.36,10.9,11.22,309207,0
SHCR.US,D,20210121,000000,11.09,11.32,10.99,11,322328,0
SHCR.US,D,20210122,000000,11,11.095,10.85,10.9,521322,0
SHCR.US,D,20210125,000000,11,11.05,10.85,10.96,765313,0
SHCR.US,D,20210126,000000,11.12,11.25,10.75,10.82,891651,0
SHCR.US,D,20210127,000000,11.24,11.94,10.84,11.24,3082359,0
SHCR.US,D,20210128,000000,11.37,12.2,11.25,11.75,898193,0
SHCR.US,D,20210129,000000,11.8,11.8999,11.35,11.41,948037,0
SHCR.US,D,20210201,000000,11.57,11.85,11.25,11.42,507250,0
SHCR.US,D,20210202,000000,11.63,11.71,11.33,11.59,441668,0
SHCR.US,D,20210203,000000,11.65,11.95,11.5922,11.77,433044,0
SHCR.US,D,20210204,000000,11.9,12.17,11.78,11.93,532862,0
SHCR.US,D,20210205,000000,12.19,12.2,11.83,11.92,575658,0
SHCR.US,D,20210208,000000,12.09,12.16,11.77,11.86,548571,0
SHCR.US,D,20210209,000000,11.9,12.15,11.65,11.78,461041,0
SHCR.US,D,20210210,000000,11.97,12,11.66,11.85,547197,0
SHCR.US,D,20210211,000000,11.88,11.96,11,11.77,598554,0
SHCR.US,D,20210212,000000,11.77,12.81,10.85,11.31,11098366,0
SHCR.US,D,20210216,000000,11.69,11.97,11.27,11.35,2656377,0
SHCR.US,D,20210217,000000,11.56,11.66,11.37,11.56,1029338,0
SHCR.US,D,20210218,000000,11.4,11.64,11.15,11.15,1229903,0
SHCR.US,D,20210219,000000,11.52,11.97,11.32,11.92,1904584,0
SHCR.US,D,20210222,000000,11.9,12.69,11.8,12.5,6158165,0
SHCR.US,D,20210223,000000,11.74,12.77,10.88,12.43,1208430,0
SHCR.US,D,20210224,000000,12.51,12.5999,11.81,12.04,843905,0
SHCR.US,D,20210225,000000,11.9,11.9,10.87,10.89,859869,0
SHCR.US,D,20210226,000000,11.01,11.192,10.5,10.89,1200935,0
SHCR.US,D,20210301,000000,11.28,11.43,10.99,11.39,632530,0
SHCR.US,D,20210302,000000,11.29,11.45,10.7124,10.76,951611,0
SHCR.US,D,20210303,000000,10.8,10.93,10.21,10.26,1336203,0
SHCR.US,D,20210304,000000,10.25,10.47,9.88,10.11,1104432,0
SHCR.US,D,20210305,000000,10.1402,10.38,9.92,10.18,1388793,0
SHCR.US,D,20210308,000000,10.45,10.45,10.21,10.42,792920,0
SHCR.US,D,20210309,000000,10.42,10.54,10.25,10.26,546897,0
SHCR.US,D,20210310,000000,10.28,10.45,10.1,10.21,313874,0
SHCR.US,D,20210311,000000,10.3,10.7399,10.19,10.68,533272,0
SHCR.US,D,20210312,000000,10.62,10.79,10.4028,10.45,253393,0
SHCR.US,D,20210315,000000,10.45,10.45,10.22,10.26,1039941,0
SHCR.US,D,20210316,000000,10.23,10.265,10.08,10.19,472003,0
SHCR.US,D,20210317,000000,10.14,10.28,10.1,10.21,410945,0
SHCR.US,D,20210318,000000,10.15,10.32,10.1,10.14,327274,0
SHCR.US,D,20210319,000000,10.14,10.19,9.99,10.13,488419,0
SHCR.US,D,20210322,000000,10.09,10.19,10.07,10.1,290760,0
SHCR.US,D,20210323,000000,10.1,10.14,9.95,9.96,602288,0
SHCR.US,D,20210324,000000,10.02,10.02,9.89,9.93,829616,0
SHCR.US,D,20210325,000000,9.85,10.09,9.75,10.04,1138739,0
SHCR.US,D,20210326,000000,10.03,10.04,9.905,9.93,298903,0
SHCR.US,D,20210329,000000,10,10.04,9.905,9.98,330079,0
SHCR.US,D,20210330,000000,9.94,9.98,9.915,9.92,119283,0
SHCR.US,D,20210331,000000,9.94,10.05,9.92,9.97,349333,0
SHCR.US,D,20210401,000000,10.05,10.14,9.915,9.92,582155,0
SHCR.US,D,20210405,000000,9.95,10,9.94,9.96,204744,0
SHCR.US,D,20210406,000000,9.93,10.02,9.93,10,129437,0
SHCR.US,D,20210407,000000,10,10.02,9.95,9.96,118846,0
SHCR.US,D,20210408,000000,10,10.06,9.95,10.01,317363,0
SHCR.US,D,20210409,000000,10.01,10.07,9.965,9.99,303874,0
SHCR.US,D,20210412,000000,9.99,10.06,9.93,9.96,143761,0
SHCR.US,D,20210413,000000,9.98,9.99,9.93,9.95,154155,0
SHCR.US,D,20210414,000000,9.99,9.99,9.92,9.93,369886,0
SHCR.US,D,20210415,000000,9.93,9.98,9.9,9.94,315611,0
SHCR.US,D,20210416,000000,9.99,10,9.91,9.93,165025,0
SHCR.US,D,20210419,000000,9.9,9.95,9.89,9.9,1464313,0
SHCR.US,D,20210420,000000,9.89,9.91,9.79,9.85,406461,0
SHCR.US,D,20210421,000000,9.85,9.93,9.85,9.92,925966,0
SHCR.US,D,20210422,000000,9.94,9.95,9.9,9.93,179012,0
SHCR.US,D,20210423,000000,9.96,9.99,9.915,9.98,226884,0
SHCR.US,D,20210426,000000,9.98,10.01,9.95,9.98,330367,0
SHCR.US,D,20210427,000000,9.95,9.99,9.9,9.91,83699,0
SHCR.US,D,20210428,000000,9.95,10,9.93,9.98,106758,0
SHCR.US,D,20210429,000000,9.9565,10,9.9565,9.98,159374,0
SHCR.US,D,20210430,000000,9.96,10,9.95,9.97,134564,0
SHCR.US,D,20210503,000000,9.98,10,9.96,9.98,154636,0
SHCR.US,D,20210504,000000,10,10,9.97,9.97,115711,0
SHCR.US,D,20210505,000000,9.96,10,9.96,9.98,111897,0
SHCR.US,D,20210506,000000,9.98,10,9.95,9.98,222494,0
SHCR.US,D,20210507,000000,9.98,10.03,9.98,9.98,244474,0
SHCR.US,D,20210510,000000,9.98,10,9.88,9.9,365449,0
SHCR.US,D,20210511,000000,9.88,9.98,9.8501,9.92,227598,0
SHCR.US,D,20210512,000000,9.95,9.98,9.91,9.94,262750,0
SHCR.US,D,20210513,000000,9.96,9.98,9.91,9.92,127774,0
SHCR.US,D,20210514,000000,9.99,9.99,9.9,9.94,73564,0
SHCR.US,D,20210517,000000,9.95,9.98,9.94,9.96,120443,0
SHCR.US,D,20210518,000000,9.96,10,9.9535,9.97,186023,0
SHCR.US,D,20210519,000000,9.97,9.98,9.9,9.94,687548,0
SHCR.US,D,20210520,000000,9.98,9.99,9.93,9.99,162571,0
SHCR.US,D,20210521,000000,10,10,9.94,9.97,147878,0
SHCR.US,D,20210524,000000,9.99,10,9.97,10,471233,0
SHCR.US,D,20210525,000000,9.99,10,9.95,9.99,129452,0
SHCR.US,D,20210526,000000,9.98,10,9.95,9.99,140784,0
SHCR.US,D,20210527,000000,9.97,10,9.97,9.99,203941,0
SHCR.US,D,20210528,000000,10,10.01,9.98,9.99,333833,0
SHCR.US,D,20210601,000000,9.99,10,9.96,9.99,124135,0
SHCR.US,D,20210602,000000,9.96,10,9.96,9.99,156541,0
SHCR.US,D,20210603,000000,9.98,10.02,9.96,9.99,97073,0
SHCR.US,D,20210604,000000,10,10.05,9.96,9.98,126969,0
SHCR.US,D,20210607,000000,9.98,10.01,9.96,9.97,95831,0
SHCR.US,D,20210608,000000,9.96,10.006,9.95,9.99,124987,0
SHCR.US,D,20210609,000000,10.01,10.0703,10,10.01,428437,0
SHCR.US,D,20210610,000000,10.02,10.03,9.97,10.02,145199,0
SHCR.US,D,20210611,000000,10.01,10.03,9.98,9.98,201560,0
SHCR.US,D,20210614,000000,9.99,10.03,9.98,10.01,404173,0
SHCR.US,D,20210615,000000,10.01,10.04,9.9601,9.98,931915,0
SHCR.US,D,20210616,000000,9.99,10.02,9.96,10,219069,0
SHCR.US,D,20210617,000000,10,10,9.96,9.98,418192,0
SHCR.US,D,20210618,000000,9.97,9.99,9.96,9.97,956017,0
SHCR.US,D,20210621,000000,9.96,9.99,9.96,9.97,1014715,0
SHCR.US,D,20210622,000000,9.97,9.99,9.97,9.99,863611,0
SHCR.US,D,20210623,000000,9.99,9.99,9.94,9.94,955272,0
SHCR.US,D,20210624,000000,9.98,9.98,9.81,9.88,146792,0
SHCR.US,D,20210625,000000,9.92,10.04,9.7601,9.87,240551,0
SHCR.US,D,20210628,000000,9.89,10.3699,9.8791,10.26,372956,0
SHCR.US,D,20210629,000000,10.23,10.7677,9.89,10,429112,0
SHCR.US,D,20210630,000000,10,10.03,9.26,9.28,336127,0
SHCR.US,D,20210701,000000,9.5,9.5184,8.85,9,400453,0
SHCR.US,D,20210702,000000,9.37,9.65,9.2,9.33,560300,0
SHCR.US,D,20210706,000000,9.39,9.4325,8.24,8.28,769044,0
SHCR.US,D,20210707,000000,9,9.1436,7.73,7.83,890310,0
SHCR.US,D,20210708,000000,7.81,8.03,7.2017,7.43,1296389,0
SHCR.US,D,20210709,000000,7.53,8.075,7.31,7.77,588536,0
SHCR.US,D,20210712,000000,8.1488,8.1488,7.17,7.35,580287,0
SHCR.US,D,20210713,000000,7.43,7.6,7.09,7.15,470587,0
SHCR.US,D,20210714,000000,7.21,7.44,6.35,6.43,1310303,0
SHCR.US,D,20210715,000000,6.44,6.79,6.39,6.7,386246,0
SHCR.US,D,20210716,000000,6.69,6.98,6.41,6.48,384495,0
SHCR.US,D,20210719,000000,6.45,6.8599,6.37,6.71,814486,0
SHCR.US,D,20210720,000000,7.2,7.2,6.4,6.5,943325,0
SHCR.US,D,20210721,000000,6.47,7.33,6.45,7.17,1688009,0
SHCR.US,D,20210722,000000,7.09,7.35,6.9,7.31,1022284,0
SHCR.US,D,20210723,000000,7.3,7.48,6.88,7.46,477506,0
SHCR.US,D,20210726,000000,7.45,7.58,6.81,7.17,554166,0
SHCR.US,D,20210727,000000,7.04,7.07,6.52,6.56,636320,0
SHCR.US,D,20210728,000000,7.07,7.38,6.71,7.1,637570,0
SHCR.US,D,20210729,000000,7.02,7.81,7,7.42,758980,0
SHCR.US,D,20210730,000000,7.2,8.41,7.03,8.06,672496,0
SHCR.US,D,20210802,000000,8.3,8.5,7.9,8.35,995670,0
SHCR.US,D,20210803,000000,8.4,8.4,7.53,7.59,1054176,0
SHCR.US,D,20210804,000000,7.81,7.92,6.65,6.81,4206673,0
SHCR.US,D,20210805,000000,6.984,7.39,6.83,7.32,772213,0
SHCR.US,D,20210806,000000,7.28,7.38,6.91,7.16,1077138,0
SHCR.US,D,20210809,000000,7.2,7.72,6.94,7.66,645190,0
SHCR.US,D,20210810,000000,7.79,7.79,7.08,7.5,1543023,0
SHCR.US,D,20210811,000000,7.85,8.09,7.1,7.39,1404092,0
SHCR.US,D,20210812,000000,7.31,7.67,6.66,7.42,2778970,0
SHCR.US,D,20210813,000000,7.36,7.4,6.7,6.75,1497998,0
SHCR.US,D,20210816,000000,6.68,6.98,6.15,6.28,1203502,0
SHCR.US,D,20210817,000000,6.29,6.51,5.665,6.31,2154450,0
SHCR.US,D,20210818,000000,6.4,6.63,6.28,6.46,1402331,0
SHCR.US,D,20210819,000000,6.45,6.95,6.13,6.77,1328335,0
SHCR.US,D,20210820,000000,6.73,7,6.73,6.83,709436,0
SHCR.US,D,20210823,000000,7,7.56,6.95,7.49,1106316,0
SHCR.US,D,20210824,000000,7.49,7.66,7.02,7.24,1454776,0
SHCR.US,D,20210825,000000,7.32,7.7,7.07,7.1,819714,0
SHCR.US,D,20210826,000000,7.05,7.51,7.05,7.33,1136875,0
SHCR.US,D,20210827,000000,7.37,7.86,7.28,7.51,1063241,0
SHCR.US,D,20210830,000000,7.61,7.6636,7.32,7.4,908525,0
SHCR.US,D,20210831,000000,7.545,7.59,7.24,7.46,1624983,0
SHCR.US,D,20210901,000000,7.5264,8.08,7.3,7.95,1172776,0
SHCR.US,D,20210902,000000,7.92,8.69,7.83,8.59,1487713,0
SHCR.US,D,20210903,000000,8.8793,9.28,8.51,9.15,2018003,0
SHCR.US,D,20210907,000000,9.15,9.2,6.93,7.16,5484931,0
SHCR.US,D,20210908,000000,7.31,7.34,6.79,6.83,2639896,0
SHCR.US,D,20210909,000000,6.81,7.8,6.81,7.48,2737081,0
SHCR.US,D,20210910,000000,7.36,8.14,7.3533,8.02,2441425,0
SHCR.US,D,20210913,000000,7.96,8.29,7.48,8.15,1857927,0
SHCR.US,D,20210914,000000,8.11,8.33,7.98,8.02,1380969,0
SHCR.US,D,20210915,000000,8.1,8.54,7.93,8.47,1456027,0
SHCR.US,D,20210916,000000,8.3,8.94,8.27,8.72,1458477,0
SHCR.US,D,20210917,000000,8.705,9.2,8.51,9.01,17937696,0
SHCR.US,D,20210920,000000,8.55,9.03,8.37,8.77,918990,0
SHCR.US,D,20210921,000000,9.0478,9.0478,8.38,8.45,328891,0
SHCR.US,D,20210922,000000,8.47,8.67,8.25,8.43,614212,0
SHCR.US,D,20210923,000000,8.5626,8.84,8.32,8.77,660048,0
SHCR.US,D,20210924,000000,8.75,8.87,8.5,8.6,332125,0
SHCR.US,D,20210927,000000,8.6,8.7542,8.01,8.19,590381,0
SHCR.US,D,20210928,000000,8.09,8.1494,7.52,7.56,727714,0
SHCR.US,D,20210929,000000,7.71,7.82,7.35,7.52,220355,0
SHCR.US,D,20210930,000000,7.71,8.84,7.44,8.23,1449133,0
SHCR.US,D,20211001,000000,8.255,8.255,7.55,8.02,668725,0
SHCR.US,D,20211004,000000,7.92,7.9952,7.26,7.41,625954,0
SHCR.US,D,20211005,000000,7.33,7.63,7.23,7.63,558771,0
SHCR.US,D,20211006,000000,7.55,7.9,7.52,7.83,332938,0
SHCR.US,D,20211007,000000,8.03,8.46,7.81,8.32,1339605,0
SHCR.US,D,20211008,000000,8.295,8.33,7.48,7.505,1615513,0
SHCR.US,D,20211011,000000,7.68,7.7,7.2,7.22,762313,0
SHCR.US,D,20211012,000000,7.21,7.41,7.02,7.17,944329,0
SHCR.US,D,20211013,000000,7.24,7.25,6.92,7.03,569993,0
SHCR.US,D,20211014,000000,7.14,7.22,6.87,6.9,817287,0
SHCR.US,D,20211015,000000,7,7.02,6.68,6.83,716222,0
SHCR.US,D,20211018,000000,6.8,6.98,6.55,6.98,574389,0
SHCR.US,D,20211019,000000,6.95,6.95,6.64,6.84,445310,0
SHCR.US,D,20211020,000000,6.9,7.25,6.75,7.21,575226,0
SHCR.US,D,20211021,000000,7.21,7.245,6.91,7.1,465048,0
SHCR.US,D,20211022,000000,7.04,7.1699,6.95,7.1,483231,0
SHCR.US,D,20211025,000000,7.6,8.09,7.33,7.66,2299367,0
SHCR.US,D,20211026,000000,7.67,7.67,7.04,7.31,752625,0
SHCR.US,D,20211027,000000,7.27,7.27,6.71,6.91,700519,0
SHCR.US,D,20211028,000000,6.91,7.36,6.835,7.14,802199,0
SHCR.US,D,20211029,000000,7.11,7.95,6.96,7.42,1525839,0
SHCR.US,D,20211101,000000,7.395,7.47,7.18,7.42,446751,0
SHCR.US,D,20211102,000000,7.41,7.5686,7.05,7.18,680517,0
SHCR.US,D,20211103,000000,7.22,7.71,7.06,7.43,621137,0
SHCR.US,D,20211104,000000,7.52,7.61,7.21,7.34,497639,0
SHCR.US,D,20211105,000000,7.39,7.4,7.05,7.21,613534,0
SHCR.US,D,20211108,000000,7.27,7.34,7.07,7.13,605387,0
SHCR.US,D,20211109,000000,7.14,7.235,6.89,7.22,946766,0
SHCR.US,D,20211110,000000,7.49,8.05,7.01,7.92,2758215,0
SHCR.US,D,20211111,000000,7.97,8.54,7.75,8.26,1092743,0
SHCR.US,D,20211112,000000,8.27,8.4,7.61,7.77,868950,0
SHCR.US,D,20211115,000000,7.7,7.75,7.31,7.43,588925,0
SHCR.US,D,20211116,000000,7.41,7.49,7.17,7.36,731417,0
SHCR.US,D,20211117,000000,7.585,7.585,6.97,7.09,719693,0
SHCR.US,D,20211118,000000,6.965,7.03,6.75,6.77,979281,0
SHCR.US,D,20211119,000000,6.865,6.865,6.52,6.72,678298,0
SHCR.US,D,20211122,000000,6.69,6.9222,6.18,6.21,871425,0
SHCR.US,D,20211123,000000,6.25,6.25,5.72,5.91,1054477,0
SHCR.US,D,20211124,000000,6.07,6.32,5.85,6.26,957750,0
SHCR.US,D,20211126,000000,6.19,6.5,6.18,6.31,600654,0
SHCR.US,D,20211129,000000,6.42,6.54,6.05,6.28,684442,0
SHCR.US,D,20211130,000000,6.22,6.359,5.99,6.33,654331,0
SHCR.US,D,20211201,000000,6.43,6.49,5.845,5.96,1341570,0
SHCR.US,D,20211202,000000,5.92,6.11,5.555,5.74,916517,0
SHCR.US,D,20211203,000000,5.74,5.9615,5.53,5.84,1096669,0
SHCR.US,D,20211206,000000,5.83,5.83,4.91,5.17,2237349,0
SHCR.US,D,20211207,000000,5.24,5.6,5.23,5.28,1032589,0
SHCR.US,D,20211208,000000,5.37,5.71,5.07,5.48,1556004,0
SHCR.US,D,20211209,000000,5.345,5.5,4.94,5.1,1191610,0
SHCR.US,D,20211210,000000,5.12,5.18,4.85,4.87,714144,0
SHCR.US,D,20211213,000000,4.89,5.01,4.74,4.76,1028294,0
SHCR.US,D,20211214,000000,4.68,4.98,4.66,4.79,1128609,0
SHCR.US,D,20211215,000000,4.79,4.96,4.63,4.86,1042800,0
SHCR.US,D,20211216,000000,5,5.1129,4.81,4.85,803706,0
SHCR.US,D,20211217,000000,4.85,5.12,4.73,5,2458499,0
SHCR.US,D,20211220,000000,4.8,4.97,4.73,4.78,956772,0
SHCR.US,D,20211221,000000,4.82,4.98,4.72,4.95,1020641,0
SHCR.US,D,20211222,000000,5,5.0682,4.73,4.94,1139045,0
SHCR.US,D,20211223,000000,4.959,5.085,4.69,4.96,1319606,0
SHCR.US,D,20211227,000000,4.88,5.13,4.8187,5,1094116,0
SHCR.US,D,20211228,000000,4.94,4.95,4.15,4.37,6414637,0
SHCR.US,D,20211229,000000,4.33,4.64,4.2,4.53,3029208,0
SHCR.US,D,20211230,000000,4.54,4.96,4.47,4.84,2430808,0
SHCR.US,D,20211231,000000,4.77,4.87,4.46,4.49,2226838,0
SHCR.US,D,20220103,000000,4.5,4.9,4.46,4.73,1985667,0
SHCR.US,D,20220104,000000,4.9124,5.03,4.51,4.8,2254304,0
SHCR.US,D,20220105,000000,4.81,4.845,4.35,4.37,1068635,0
SHCR.US,D,20220106,000000,4.43,4.43,4.07,4.13,1154405,0
SHCR.US,D,20220107,000000,4.1,4.2698,3.81,3.95,2201572,0
SHCR.US,D,20220110,000000,3.92,4.05,3.765,4.04,1072546,0
SHCR.US,D,20220111,000000,4,4.12,3.93,3.95,853348,0
SHCR.US,D,20220112,000000,4.02,4.14,3.8,3.81,1527928,0
SHCR.US,D,20220113,000000,3.83,3.85,3.64,3.73,1254348,0
SHCR.US,D,20220114,000000,3.7,3.72,3.54,3.59,1423552,0
SHCR.US,D,20220118,000000,3.52,3.5799,3.25,3.31,1352035,0
SHCR.US,D,20220119,000000,3.34,3.55,3.28,3.36,1997469,0
SHCR.US,D,20220120,000000,3.37,3.525,3.24,3.25,1945540,0
SHCR.US,D,20220121,000000,3.2,3.3,3.11,3.17,1361507,0
SHCR.US,D,20220124,000000,3.11,3.335,3.01,3.31,1368403,0
SHCR.US,D,20220125,000000,3.4202,3.4202,2.99,3.11,2440351,0
SHCR.US,D,20220126,000000,3.15,3.25,2.96,2.98,1434468,0
SHCR.US,D,20220127,000000,3.08,3.08,2.81,2.84,1147958,0
SHCR.US,D,20220128,000000,2.82,3.01,2.76,3,3809248,0
SHCR.US,D,20220131,000000,3.05,3.52,3,3.41,2518263,0
SHCR.US,D,20220201,000000,3.4592,3.56,3.26,3.4,1445047,0
SHCR.US,D,20220202,000000,3.43,3.43,3.27,3.37,1055166,0
SHCR.US,D,20220203,000000,3.3927,3.49,3.24,3.26,712426,0
SHCR.US,D,20220204,000000,3.25,3.49,3.17,3.42,1029648,0
SHCR.US,D,20220207,000000,3.43,3.55,3.4,3.48,1018482,0
SHCR.US,D,20220208,000000,3.47,3.595,3.35,3.52,1060444,0
SHCR.US,D,20220209,000000,3.6,3.61,3.42,3.44,2130400,0
SHCR.US,D,20220210,000000,3.41,3.53,3.34,3.46,1714536,0
SHCR.US,D,20220211,000000,3.45,3.47,3.13,3.16,1393481,0
SHCR.US,D,20220214,000000,3.12,3.22,3.01,3.09,1198326,0
SHCR.US,D,20220215,000000,3.07,3.17,2.98,3.15,1128704,0
SHCR.US,D,20220216,000000,3.09,3.155,3.01,3.12,888948,0
SHCR.US,D,20220217,000000,3.09,3.17,2.98,3,1040194,0
SHCR.US,D,20220218,000000,3.05,3.114,2.94,3.04,1058670,0
SHCR.US,D,20220222,000000,2.97,3.1,2.92,2.94,822461,0
SHCR.US,D,20220223,000000,2.96,2.995,2.8,2.9,1233522,0
SHCR.US,D,20220224,000000,2.79,3.11,2.72,3.11,1122601,0
SHCR.US,D,20220225,000000,3.17,3.17,3.04,3.16,1086372,0
SHCR.US,D,20220228,000000,3.13,3.265,3.04,3.05,1457090,0
SHCR.US,D,20220301,000000,3.05,3.125,2.93,2.96,704909,0
SHCR.US,D,20220302,000000,2.94,2.95,2.81,2.9,713417,0
SHCR.US,D,20220303,000000,2.95,2.96,2.775,2.83,804057,0
SHCR.US,D,20220304,000000,2.77,2.88,2.77,2.78,801461,0
SHCR.US,D,20220307,000000,2.77,3.26,2.75,2.96,3621130,0
SHCR.US,D,20220308,000000,2.94,3.095,2.88,2.99,1505914,0
SHCR.US,D,20220309,000000,3.16,3.33,3.1,3.23,1890127,0
SHCR.US,D,20220310,000000,3.16,3.27,3.08,3.19,1250933,0
SHCR.US,D,20220311,000000,3.21,3.255,2.99,3,1441442,0
SHCR.US,D,20220314,000000,2.98,2.99,2.68,2.7,910731,0
SHCR.US,D,20220315,000000,2.69,2.79,2.675,2.79,613761,0
SHCR.US,D,20220316,000000,2.83,2.94,2.79,2.88,1799404,0
SHCR.US,D,20220317,000000,2.84,3.01,2.84,2.94,1249610,0
SHCR.US,D,20220318,000000,2.99,3.005,2.84,2.88,1784590,0
SHCR.US,D,20220321,000000,3,3.12,2.92,3.07,2212617,0
SHCR.US,D,20220322,000000,3.09,3.55,3.09,3.44,2600364,0
SHCR.US,D,20220323,000000,3.39,3.45,3.36,3.36,1444355,0
SHCR.US,D,20220324,000000,3.4,3.42,3.15,3.31,1039471,0
SHCR.US,D,20220325,000000,3.34,3.37,3.27,3.33,700565,0
SHCR.US,D,20220328,000000,3.31,3.4,3.24,3.27,1081306,0
SHCR.US,D,20220329,000000,3.28,3.4,3.18,3.22,1114163,0
SHCR.US,D,20220330,000000,3.25,3.43,3.2,3.3,1128801,0
SHCR.US,D,20220331,000000,2.75,2.965,2.28,2.47,7822323,0
SHCR.US,D,20220401,000000,2.44,2.565,2.21,2.54,4350278,0
SHCR.US,D,20220404,000000,2.57,2.65,2.43,2.62,1865483,0
SHCR.US,D,20220405,000000,2.59,2.65,2.51,2.61,1567403,0
SHCR.US,D,20220406,000000,2.56,2.595,2.33,2.33,1873766,0
SHCR.US,D,20220407,000000,2.32,2.39,2.23,2.36,1228807,0
SHCR.US,D,20220408,000000,2.37,2.37,2.165,2.29,2662926,0
SHCR.US,D,20220411,000000,2.24,2.41,2.19,2.38,1876015,0
SHCR.US,D,20220412,000000,2.39,2.49,2.33,2.46,1490172,0
SHCR.US,D,20220413,000000,2.49,2.67,2.46,2.59,1725321,0
SHCR.US,D,20220414,000000,2.6,2.6,2.47,2.6,1128048,0
SHCR.US,D,20220418,000000,2.6,2.6,2.455,2.53,977088,0
SHCR.US,D,20220419,000000,2.49,2.66,2.435,2.64,1241076,0
SHCR.US,D,20220420,000000,2.64,2.76,2.5649,2.74,1994379,0
SHCR.US,D,20220421,000000,2.76,2.83,2.64,2.65,1327602,0
SHCR.US,D,20220422,000000,2.64,2.755,2.58,2.72,1470207,0
SHCR.US,D,20220425,000000,2.66,2.87,2.61,2.84,1603268,0
SHCR.US,D,20220426,000000,2.84,2.85,2.67,2.72,1200596,0
SHCR.US,D,20220427,000000,2.7,2.785,2.625,2.71,1169738,0
SHCR.US,D,20220428,000000,2.72,2.82,2.65,2.81,1515750,0
SHCR.US,D,20220429,000000,2.8,2.89,2.72,2.74,1235922,0
SHCR.US,D,20220502,000000,2.72,2.905,2.64,2.88,1370049,0
SHCR.US,D,20220503,000000,2.87,2.94,2.71,2.74,1057633,0
SHCR.US,D,20220504,000000,2.79,2.86,2.65,2.82,1713655,0
SHCR.US,D,20220505,000000,2.79,2.86,2.635,2.68,1153343,0
SHCR.US,D,20220506,000000,2.67,2.6891,2.465,2.58,1539701,0
SHCR.US,D,20220509,000000,2.5,2.615,2.4335,2.48,1706063,0
SHCR.US,D,20220510,000000,2.46,2.58,2.05,2.07,2226217,0
SHCR.US,D,20220511,000000,2.02,2.17,1.9,1.96,2482787,0
SHCR.US,D,20220512,000000,2.38,2.4,1.99,2.36,3115295,0
SHCR.US,D,20220513,000000,2.4,2.79,2.38,2.74,3882405,0
SHCR.US,D,20220516,000000,2.78,2.9,2.66,2.69,1597443,0
SHCR.US,D,20220517,000000,2.75,2.8,2.5805,2.76,1211963,0
SHCR.US,D,20220518,000000,2.72,2.875,2.64,2.69,1182411,0
SHCR.US,D,20220519,000000,2.65,2.78,2.62,2.76,1215555,0
SHCR.US,D,20220520,000000,2.77,2.85,2.66,2.7,1017762,0
SHCR.US,D,20220523,000000,2.69,2.75,2.575,2.69,912292,0
SHCR.US,D,20220524,000000,2.66,2.735,2.58,2.66,1039235,0
SHCR.US,D,20220525,000000,2.64,2.66,2.46,2.59,1403188,0
SHCR.US,D,20220526,000000,2.57,2.67,2.56,2.62,925388,0
SHCR.US,D,20220527,000000,2.64,2.83,2.64,2.81,1093947,0
SHCR.US,D,20220531,000000,2.77,2.95,2.76,2.79,2398666,0
SHCR.US,D,20220601,000000,2.84,2.935,2.74,2.83,1545236,0
SHCR.US,D,20220602,000000,2.82,3.1988,2.8,3.17,2448401,0
SHCR.US,D,20220603,000000,3.09,3.155,3.02,3.06,1742453,0
SHCR.US,D,20220606,000000,3.11,3.11,2.365,2.55,5778014,0
SHCR.US,D,20220607,000000,2.47,2.63,2.345,2.58,3505244,0
SHCR.US,D,20220608,000000,2.53,2.83,2.53,2.58,2571499,0
SHCR.US,D,20220609,000000,2.62,2.62,2.23,2.23,2346527,0
SHCR.US,D,20220610,000000,2.2,2.24,2.05,2.1,1570930,0
SHCR.US,D,20220613,000000,2.09,2.09,1.775,1.82,2466706,0
SHCR.US,D,20220614,000000,1.95,1.959,1.82,1.94,1802877,0
SHCR.US,D,20220615,000000,1.95,2.12,1.9,2.08,4144180,0
SHCR.US,D,20220616,000000,1.96,2.09,1.93,1.98,3681211,0
SHCR.US,D,20220617,000000,1.96,2.125,1.96,2.01,4312318,0
SHCR.US,D,20220621,000000,2.02,2.15,1.94,1.97,3399680,0
SHCR.US,D,20220622,000000,1.93,2.05,1.85,1.88,3254681,0
SHCR.US,D,20220623,000000,1.84,1.97,1.83,1.95,1582933,0
SHCR.US,D,20220624,000000,1.96,2.045,1.88,1.92,9192297,0
SHCR.US,D,20220627,000000,1.92,1.92,1.72,1.76,2197977,0
SHCR.US,D,20220628,000000,1.75,1.83,1.67,1.68,1267859,0
SHCR.US,D,20220629,000000,1.67,1.7,1.58,1.61,1791135,0
SHCR.US,D,20220630,000000,1.58,1.63,1.53,1.58,1380984,0
SHCR.US,D,20220701,000000,1.59,1.595,1.44,1.51,3720847,0
SHCR.US,D,20220705,000000,1.47,1.65,1.44,1.64,1541711,0
SHCR.US,D,20220706,000000,1.63,1.78,1.63,1.74,1287795,0
SHCR.US,D,20220707,000000,1.75,1.86,1.725,1.83,1995241,0
SHCR.US,D,20220708,000000,1.8,1.84,1.7,1.76,2190188,0
SHCR.US,D,20220711,000000,1.75,1.79,1.62,1.63,815095,0
SHCR.US,D,20220712,000000,1.65,1.65,1.59,1.61,877653,0
SHCR.US,D,20220713,000000,1.57,1.65,1.5499,1.61,1131107,0
SHCR.US,D,20220714,000000,1.57,1.61,1.505,1.56,1208267,0
SHCR.US,D,20220715,000000,1.6,1.6,1.51,1.56,1359407,0
SHCR.US,D,20220718,000000,1.56,1.62,1.56,1.57,886358,0
SHCR.US,D,20220719,000000,1.62,1.63,1.54,1.62,1326821,0
SHCR.US,D,20220720,000000,1.61,1.66,1.53,1.63,2876610,0
SHCR.US,D,20220721,000000,1.66,1.7,1.58,1.67,1572207,0
SHCR.US,D,20220722,000000,1.67,1.68,1.505,1.52,1514957,0
SHCR.US,D,20220725,000000,1.6,1.6,1.445,1.5,1232379,0
SHCR.US,D,20220726,000000,1.49,1.51,1.445,1.5,1117564,0
SHCR.US,D,20220727,000000,1.49,1.52,1.46,1.47,1386218,0
SHCR.US,D,20220728,000000,1.49,1.5,1.38,1.47,1436504,0
SHCR.US,D,20220729,000000,1.47,1.47,1.375,1.43,1173697,0
SHCR.US,D,20220801,000000,1.42,1.42,1.38,1.4,805674,0
SHCR.US,D,20220802,000000,1.4,1.52,1.4,1.49,1517423,0
SHCR.US,D,20220803,000000,1.51,1.57,1.5,1.57,1158762,0
SHCR.US,D,20220804,000000,1.58,1.61,1.56,1.61,1599000,0
SHCR.US,D,20220805,000000,1.59,1.61,1.53,1.57,1201233,0
SHCR.US,D,20220808,000000,1.58,1.59,1.52,1.53,1297859,0
SHCR.US,D,20220809,000000,1.53,1.53,1.46,1.51,2229910,0
SHCR.US,D,20220810,000000,1.4,1.85,1.4,1.83,2865635,0
SHCR.US,D,20220811,000000,1.85,2,1.77,1.87,1707816,0
SHCR.US,D,20220812,000000,1.8,1.95,1.79,1.88,1571154,0
SHCR.US,D,20220815,000000,1.88,1.91,1.72,1.74,1728534,0
SHCR.US,D,20220816,000000,1.72,1.84,1.6729,1.83,2964819,0
SHCR.US,D,20220817,000000,1.81,1.82,1.72,1.76,1059386,0
SHCR.US,D,20220818,000000,1.77,1.78,1.59,1.63,929330,0
SHCR.US,D,20220819,000000,1.64,1.64,1.52,1.55,1109639,0
SHCR.US,D,20220822,000000,1.52,1.7,1.52,1.69,2192909,0
SHCR.US,D,20220823,000000,1.67,1.78,1.65,1.78,1841283,0
SHCR.US,D,20220824,000000,1.75,2.04,1.75,2.04,3494826,0
SHCR.US,D,20220825,000000,2.05,2.1,1.93,2.04,1976513,0
SHCR.US,D,20220826,000000,2.06,2.22,2.025,2.1,2383072,0
SHCR.US,D,20220829,000000,2.09,2.1,1.8701,1.95,3514248,0
SHCR.US,D,20220830,000000,1.96,1.98,1.81,1.84,1618047,0
SHCR.US,D,20220831,000000,1.8,1.915,1.76,1.83,1277564,0
SHCR.US,D,20220901,000000,1.78,1.93,1.75,1.9,2162297,0
SHCR.US,D,20220902,000000,1.92,1.96,1.83,1.93,1329213,0
SHCR.US,D,20220906,000000,1.97,2.155,1.875,2.02,3051546,0
SHCR.US,D,20220907,000000,1.99,2.02,1.92,1.95,2369752,0
SHCR.US,D,20220908,000000,1.92,2.02,1.91,1.96,1113855,0
SHCR.US,D,20220909,000000,1.96,2.06,1.93,2.01,1694882,0
SHCR.US,D,20220912,000000,2,2.05,1.95,2.01,1506501,0
SHCR.US,D,20220913,000000,1.95,1.995,1.9,1.93,1875798,0
SHCR.US,D,20220914,000000,1.93,1.96,1.85,1.85,1758603,0
SHCR.US,D,20220915,000000,1.86,1.95,1.695,1.71,3063896,0
SHCR.US,D,20220916,000000,1.7,1.71,1.61,1.67,29814187,0
SHCR.US,D,20220919,000000,1.65,2.01,1.64,1.96,3517340,0
SHCR.US,D,20220920,000000,1.94,2.11,1.925,1.98,2007453,0
SHCR.US,D,20220921,000000,2,2.17,1.93,2.06,2082795,0
SHCR.US,D,20220922,000000,2.02,2.03,1.89,2,2950057,0
SHCR.US,D,20220923,000000,1.99,2.04,1.85,1.86,1872318,0
SHCR.US,D,20220926,000000,1.82,1.93,1.79,1.83,2798402,0
SHCR.US,D,20220927,000000,1.84,1.89,1.805,1.84,1729148,0
SHCR.US,D,20220928,000000,1.84,2.03,1.84,1.99,1770280,0
SHCR.US,D,20220929,000000,1.96,1.99,1.87,1.9,1609623,0
SHCR.US,D,20220930,000000,1.88,2.02,1.855,1.9,3359301,0
SHCR.US,D,20221003,000000,1.94,2.055,1.88,2.01,1859344,0
SHCR.US,D,20221004,000000,2.02,2.085,1.99,2.04,1935961,0
SHCR.US,D,20221005,000000,1.97,2.03,1.925,2,1794829,0
SHCR.US,D,20221006,000000,1.97,2.045,1.96,2.04,1066535,0
SHCR.US,D,20221007,000000,2.02,2.12,1.965,2.05,1906688,0
SHCR.US,D,20221010,000000,2.02,2.025,1.95,1.98,1714749,0
SHCR.US,D,20221011,000000,1.99,2.01,1.9,1.93,1365538,0
SHCR.US,D,20221012,000000,1.92,1.92,1.83,1.89,1139805,0
SHCR.US,D,20221013,000000,1.83,1.96,1.7906,1.95,1096968,0
SHCR.US,D,20221014,000000,1.99,1.99,1.835,1.85,875804,0
SHCR.US,D,20221017,000000,1.91,1.91,1.845,1.87,1099424,0
SHCR.US,D,20221018,000000,1.89,1.94,1.87,1.88,708236,0
SHCR.US,D,20221019,000000,1.86,1.89,1.82,1.87,768888,0
SHCR.US,D,20221020,000000,1.88,1.97,1.84,1.9,926027,0
SHCR.US,D,20221021,000000,1.95,1.95,1.83,1.9,847178,0
SHCR.US,D,20221024,000000,1.9,1.91,1.815,1.9,785983,0
SHCR.US,D,20221025,000000,1.88,1.945,1.8601,1.88,1366442,0
SHCR.US,D,20221026,000000,1.9,1.95,1.855,1.87,1472387,0
SHCR.US,D,20221027,000000,1.88,1.88,1.77,1.78,1136857,0
SHCR.US,D,20221028,000000,1.81,1.925,1.76,1.91,866992,0
SHCR.US,D,20221031,000000,1.88,1.95,1.86,1.92,1083843,0
SHCR.US,D,20221101,000000,1.95,1.95,1.89,1.91,854338,0
SHCR.US,D,20221102,000000,1.9,1.92,1.82,1.84,1815947,0
SHCR.US,D,20221103,000000,1.87,1.87,1.65,1.68,1307593,0
SHCR.US,D,20221104,000000,1.76,1.76,1.64,1.68,787054,0
SHCR.US,D,20221107,000000,1.7,1.7,1.575,1.65,1178206,0
SHCR.US,D,20221108,000000,1.65,1.68,1.54,1.58,1410585,0
SHCR.US,D,20221109,000000,1.56,1.61,1.39,1.49,3657882,0
SHCR.US,D,20221110,000000,1.6,1.87,1.59,1.74,4060344,0
SHCR.US,D,20221111,000000,1.7,1.76,1.64,1.68,2454960,0
SHCR.US,D,20221114,000000,1.68,1.69,1.55,1.62,2429350,0
SHCR.US,D,20221115,000000,1.6,1.68,1.56,1.67,1578979,0
SHCR.US,D,20221116,000000,1.66,1.68,1.6,1.67,1351567,0
SHCR.US,D,20221117,000000,1.62,1.68,1.62,1.67,1002530,0
SHCR.US,D,20221118,000000,1.69,1.705,1.63,1.65,1355703,0
SHCR.US,D,20221121,000000,1.63,1.685,1.59,1.67,1595015,0
SHCR.US,D,20221122,000000,1.67,1.74,1.6,1.72,908714,0
SHCR.US,D,20221123,000000,1.73,1.78,1.665,1.78,1173699,0
SHCR.US,D,20221125,000000,1.75,1.855,1.73,1.8,1297755,0
SHCR.US,D,20221128,000000,1.78,1.805,1.72,1.75,1216112,0
SHCR.US,D,20221129,000000,1.75,1.85,1.75,1.83,1166855,0
SHCR.US,D,20221130,000000,1.82,1.915,1.79,1.91,1746278,0
SHCR.US,D,20221201,000000,1.92,2.08,1.92,2.07,1801313,0
SHCR.US,D,20221202,000000,2,2.175,1.98,2.14,2097528,0
SHCR.US,D,20221205,000000,2.09,2.2,2.04,2.07,1715579,0
SHCR.US,D,20221206,000000,2.04,2.09,2.01,2.03,844078,0
SHCR.US,D,20221207,000000,2.02,2.085,1.99,2.04,801394,0
SHCR.US,D,20221208,000000,2.03,2.105,2,2.09,950543,0
SHCR.US,D,20221209,000000,2.05,2.105,2.01,2.02,861557,0
SHCR.US,D,20221212,000000,2,2.15,1.995,2.11,4650226,0
SHCR.US,D,20221213,000000,2.17,2.25,2.155,2.16,1215743,0
SHCR.US,D,20221214,000000,2.2,2.22,2.155,2.17,1138915,0
SHCR.US,D,20221215,000000,2.17,2.19,2.04,2.04,995347,0
SHCR.US,D,20221216,000000,2.02,2.075,1.92,2.04,2975821,0
SHCR.US,D,20221219,000000,2.04,2.04,1.92,1.92,659750,0
SHCR.US,D,20221220,000000,1.95,1.95,1.78,1.8,1045979,0
SHCR.US,D,20221221,000000,1.83,1.87,1.74,1.77,838776,0
SHCR.US,D,20221222,000000,1.8,1.8,1.65,1.74,896195,0
SHCR.US,D,20221223,000000,1.73,1.76,1.65,1.67,727241,0
SHCR.US,D,20221227,000000,1.66,1.67,1.535,1.57,1516361,0
SHCR.US,D,20221228,000000,1.57,1.605,1.49,1.57,1087468,0
SHCR.US,D,20221229,000000,1.55,1.64,1.54,1.6,985343,0
SHCR.US,D,20221230,000000,1.57,1.615,1.565,1.6,1181829,0
SHCR.US,D,20230103,000000,1.65,1.74,1.59,1.65,3576372,0
SHCR.US,D,20230104,000000,1.63,1.7,1.58,1.67,1816887,0
SHCR.US,D,20230105,000000,1.66,1.66,1.52,1.62,2206833,0
SHCR.US,D,20230106,000000,1.63,1.68,1.57,1.62,1691663,0
SHCR.US,D,20230109,000000,1.65,1.81,1.64,1.77,1813060,0
SHCR.US,D,20230110,000000,1.75,1.92,1.75,1.92,2331202,0
SHCR.US,D,20230111,000000,1.91,2.07,1.89,2.05,1768385,0
SHCR.US,D,20230112,000000,2.07,2.195,2.04,2.19,975223,0
SHCR.US,D,20230113,000000,2.17,2.26,1.96,2.24,1613550,0
SHCR.US,D,20230117,000000,2.22,2.37,2.18,2.36,1487835,0
SHCR.US,D,20230118,000000,2.35,2.415,2.32,2.37,1485445,0
SHCR.US,D,20230119,000000,2.35,2.44,2.321,2.34,1503698,0
SHCR.US,D,20230120,000000,2.39,2.39,2.24,2.25,1934600,0
SHCR.US,D,20230123,000000,2.25,2.25,2.14,2.19,3405483,0
SHCR.US,D,20230124,000000,2.18,2.42,2.18,2.37,1454139,0
SHCR.US,D,20230125,000000,2.31,2.41,2.27,2.39,782085,0
SHCR.US,D,20230126,000000,2.4,2.41,2.355,2.4,824290,0
SHCR.US,D,20230127,000000,2.39,2.57,2.33,2.56,1069106,0
SHCR.US,D,20230130,000000,2.54,2.565,2.46,2.53,934837,0
SHCR.US,D,20230131,000000,2.53,2.63,2.53,2.54,767555,0
SHCR.US,D,20230201,000000,2.54,2.58,2.42,2.53,1014420,0
SHCR.US,D,20230202,000000,2.56,2.67,2.51,2.58,955806,0
SHCR.US,D,20230203,000000,2.53,2.71,2.51,2.6,750856,0
SHCR.US,D,20230206,000000,2.6,2.6199,2.54,2.57,918696,0
SHCR.US,D,20230207,000000,2.61,2.67,2.54,2.66,917184,0
SHCR.US,D,20230208,000000,2.63,2.7,2.51,2.53,496480,0
SHCR.US,D,20230209,000000,2.55,2.625,2.495,2.52,1400468,0
SHCR.US,D,20230210,000000,2.49,2.605,2.46,2.54,916439,0
SHCR.US,D,20230213,000000,2.51,2.57,2.415,2.45,785700,0
SHCR.US,D,20230214,000000,2.43,2.545,2.4101,2.53,506137,0
SHCR.US,D,20230215,000000,2.5,2.64,2.5,2.62,664157,0
SHCR.US,D,20230216,000000,2.56,2.675,2.56,2.6,663549,0
SHCR.US,D,20230217,000000,2.61,2.61,2.405,2.42,766961,0
SHCR.US,D,20230221,000000,2.46,2.46,2.34,2.34,643640,0
SHCR.US,D,20230222,000000,2.35,2.42,2.315,2.4,580907,0
SHCR.US,D,20230223,000000,2.41,2.44,2.31,2.37,396647,0
SHCR.US,D,20230224,000000,2.33,2.38,2.285,2.35,650100,0
SHCR.US,D,20230227,000000,2.36,2.425,2.31,2.31,669743,0
SHCR.US,D,20230228,000000,2.32,2.41,2.32,2.34,695670,0
SHCR.US,D,20230301,000000,2.33,2.36,2.26,2.28,715304,0
SHCR.US,D,20230302,000000,2.26,2.335,2.22,2.33,397918,0
SHCR.US,D,20230303,000000,2.33,2.425,2.32,2.41,395500,0
SHCR.US,D,20230306,000000,2.44,2.53,2.4,2.52,664911,0
SHCR.US,D,20230307,000000,2.5,2.61,2.5,2.59,530366,0
SHCR.US,D,20230308,000000,2.6,2.625,2.5048,2.53,423615,0
SHCR.US,D,20230309,000000,2.5,2.555,2.27,2.275,499658,0
SHCR.US,D,20230310,000000,2.25,2.265,2.11,2.14,498174,0
SHCR.US,D,20230313,000000,2.1,2.22,2.07,2.18,570252,0
SHCR.US,D,20230314,000000,2.29,2.35,2.255,2.32,688978,0
SHCR.US,D,20230315,000000,2.35,2.35,2.21,2.29,538555,0
SHCR.US,D,20230316,000000,2.23,2.35,2.185,2.34,629221,0
SHCR.US,D,20230317,000000,2.31,2.31,2.195,2.25,1410523,0
SHCR.US,D,20230320,000000,2.28,2.295,2.145,2.15,512089,0
SHCR.US,D,20230321,000000,2.21,2.3,2.17,2.29,481607,0
SHCR.US,D,20230322,000000,2.33,2.33,2.13,2.13,571216,0
SHCR.US,D,20230323,000000,2.13,2.23,2.12,2.19,434804,0
SHCR.US,D,20230324,000000,2.15,2.24,2.1,2.2,525429,0
SHCR.US,D,20230327,000000,2.25,2.255,2.19,2.23,427521,0
SHCR.US,D,20230328,000000,2.21,2.25,2.12,2.13,512064,0
SHCR.US,D,20230329,000000,1.7,1.82,1.4101,1.55,5560322,0
SHCR.US,D,20230330,000000,1.55,1.56,1.42,1.46,3190373,0
SHCR.US,D,20230331,000000,1.43,1.45,1.34,1.42,3612106,0
SHCR.US,D,20230403,000000,1.41,1.48,1.32,1.46,2176968,0
SHCR.US,D,20230404,000000,1.45,1.47,1.39,1.45,1516455,0
SHCR.US,D,20230405,000000,1.42,1.48,1.38,1.45,1178741,0
SHCR.US,D,20230406,000000,1.48,1.48,1.39,1.44,1150488,0
SHCR.US,D,20230410,000000,1.41,1.5,1.41,1.49,769161,0
SHCR.US,D,20230411,000000,1.48,1.53,1.445,1.5,925536,0
SHCR.US,D,20230412,000000,1.51,1.615,1.5,1.56,843018,0
SHCR.US,D,20230413,000000,1.56,1.67,1.56,1.65,787319,0
SHCR.US,D,20230414,000000,1.64,1.65,1.52,1.56,1416933,0
SHCR.US,D,20230417,000000,1.55,1.65,1.5,1.65,604911,0
SHCR.US,D,20230418,000000,1.62,1.73,1.575,1.71,1049878,0
SHCR.US,D,20230419,000000,1.71,1.745,1.65,1.68,804138,0
SHCR.US,D,20230420,000000,1.65,1.71,1.65,1.71,396217,0
SHCR.US,D,20230421,000000,1.66,1.74,1.66,1.7,759652,0
SHCR.US,D,20230424,000000,1.68,1.75,1.68,1.7,353279,0
SHCR.US,D,20230425,000000,1.69,1.7,1.55,1.57,736286,0
SHCR.US,D,20230426,000000,1.53,1.5688,1.49,1.54,672348,0
SHCR.US,D,20230427,000000,1.53,1.575,1.51,1.56,690160,0
SHCR.US,D,20230428,000000,1.54,1.565,1.47,1.54,818619,0
SHCR.US,D,20230501,000000,1.5,1.6,1.47,1.58,651215,0
SHCR.US,D,20230502,000000,1.57,1.6,1.51,1.55,663340,0
SHCR.US,D,20230503,000000,1.55,1.61,1.5,1.51,1320296,0
SHCR.US,D,20230504,000000,1.5,1.53,1.43,1.52,884976,0
SHCR.US,D,20230505,000000,1.54,1.57,1.445,1.5,2313606,0
SHCR.US,D,20230508,000000,1.52,1.52,1.45,1.47,1171889,0
SHCR.US,D,20230509,000000,1.45,1.55,1.36,1.5,2509299,0
SHCR.US,D,20230510,000000,1.56,1.6,1.49,1.59,1229292,0
SHCR.US,D,20230511,000000,1.54,1.545,1.42,1.47,2526323,0
SHCR.US,D,20230512,000000,1.5,1.5,1.43,1.44,1474922,0
SHCR.US,D,20230515,000000,1.46,1.47,1.37,1.44,1443989,0
SHCR.US,D,20230516,000000,1.42,1.45,1.35,1.36,666054,0
SHCR.US,D,20230517,000000,1.36,1.46,1.31,1.45,1614585,0
SHCR.US,D,20230518,000000,1.43,1.46,1.36,1.4,938610,0
SHCR.US,D,20230519,000000,1.43,1.43,1.33,1.36,827336,0
SHCR.US,D,20230522,000000,1.38,1.45,1.355,1.44,849076,0
SHCR.US,D,20230523,000000,1.43,1.475,1.405,1.41,865066,0
SHCR.US,D,20230524,000000,1.41,1.45,1.39,1.43,672907,0
SHCR.US,D,20230525,000000,1.42,1.45,1.355,1.43,1120546,0
SHCR.US,D,20230526,000000,1.41,1.46,1.4,1.44,796878,0
SHCR.US,D,20230530,000000,1.43,1.45,1.39,1.44,791251,0
SHCR.US,D,20230531,000000,1.47,1.52,1.38,1.49,10448536,0
SHCR.US,D,20230601,000000,1.51,1.61,1.47,1.59,6054740,0
SHCR.US,D,20230602,000000,1.62,1.7,1.59,1.68,4478276,0
SHCR.US,D,20230605,000000,1.67,1.695,1.62,1.64,1351795,0
SHCR.US,D,20230606,000000,1.63,1.665,1.61,1.65,4009882,0
SHCR.US,D,20230607,000000,1.65,1.69,1.63,1.65,3019102,0
SHCR.US,D,20230608,000000,1.65,1.655,1.53,1.63,1219896,0
SHCR.US,D,20230609,000000,1.6,1.65,1.58,1.59,555210,0
SHCR.US,D,20230612,000000,1.58,1.63,1.565,1.58,942777,0
SHCR.US,D,20230613,000000,1.58,1.69,1.58,1.68,2094534,0
SHCR.US,D,20230614,000000,1.69,1.705,1.6,1.63,1025003,0
SHCR.US,D,20230615,000000,1.64,1.77,1.62,1.71,3733157,0
SHCR.US,D,20230616,000000,1.72,1.72,1.64,1.69,2438714,0
SHCR.US,D,20230620,000000,1.71,1.72,1.63,1.7,1089551,0
SHCR.US,D,20230621,000000,1.68,1.695,1.64,1.66,845434,0
SHCR.US,D,20230622,000000,1.66,1.71,1.62,1.69,1110218,0
SHCR.US,D,20230623,000000,1.65,1.74,1.65,1.7,3835875,0
SHCR.US,D,20230626,000000,1.715,1.75,1.68,1.68,902034,0
SHCR.US,D,20230627,000000,1.69,1.74,1.665,1.73,1018026,0
SHCR.US,D,20230628,000000,1.72,1.78,1.72,1.75,1085778,0
SHCR.US,D,20230629,000000,1.75,1.79,1.68,1.71,1060451,0
SHCR.US,D,20230630,000000,1.72,1.775,1.6946,1.75,1375759,0
SHCR.US,D,20230703,000000,1.73,1.77,1.701,1.73,376205,0
SHCR.US,D,20230705,000000,1.72,1.72,1.66,1.66,653406,0
SHCR.US,D,20230706,000000,1.65,1.67,1.58,1.65,818450,0
SHCR.US,D,20230707,000000,1.65,1.71,1.62,1.68,791132,0
SHCR.US,D,20230710,000000,1.66,1.72,1.64,1.71,685734,0
SHCR.US,D,20230711,000000,1.72,1.76,1.71,1.74,654377,0
SHCR.US,D,20230712,000000,1.76,1.76,1.72,1.74,544631,0
SHCR.US,D,20230713,000000,1.75,1.775,1.72,1.74,587672,0
SHCR.US,D,20230714,000000,1.74,1.755,1.69,1.74,533751,0
SHCR.US,D,20230717,000000,1.75,1.8,1.715,1.78,548710,0
SHCR.US,D,20230718,000000,1.76,1.8,1.7,1.75,564436,0
SHCR.US,D,20230719,000000,1.75,1.76,1.7,1.72,568439,0
SHCR.US,D,20230720,000000,1.7,1.725,1.66,1.66,529583,0
SHCR.US,D,20230721,000000,1.68,1.68,1.45,1.47,1020219,0
SHCR.US,D,20230724,000000,1.46,1.5,1.36,1.41,1054251,0
SHCR.US,D,20230725,000000,1.38,1.4,1.3,1.35,3084666,0
SHCR.US,D,20230726,000000,1.35,1.365,1.24,1.3,2671384,0
SHCR.US,D,20230727,000000,1.3,1.32,1.11,1.24,3027187,0
SHCR.US,D,20230728,000000,1.24,1.37,1.23,1.35,1534985,0
SHCR.US,D,20230731,000000,1.32,1.4,1.31,1.39,1534673,0
SHCR.US,D,20230801,000000,1.35,1.41,1.32,1.35,1154565,0
SHCR.US,D,20230802,000000,1.32,1.345,1.265,1.28,803310,0
SHCR.US,D,20230803,000000,1.28,1.29,1.2,1.26,2589914,0
SHCR.US,D,20230804,000000,1.26,1.3,1.22,1.24,992490,0
SHCR.US,D,20230807,000000,1.22,1.25,1.1908,1.24,844665,0
SHCR.US,D,20230808,000000,1.23,1.25,1.2,1.23,1073633,0
SHCR.US,D,20230809,000000,1.31,1.33,1.19,1.19,1669581,0
SHCR.US,D,20230810,000000,1.22,1.3,1.18,1.24,4113723,0
SHCR.US,D,20230811,000000,1.24,1.25,1.19,1.24,1166436,0
SHCR.US,D,20230814,000000,1.21,1.22,1.15,1.16,509159,0
SHCR.US,D,20230815,000000,1.16,1.205,1.13,1.17,964486,0
SHCR.US,D,20230816,000000,1.16,1.175,1.075,1.12,2479231,0
SHCR.US,D,20230817,000000,1.13,1.13,1.03,1.09,1621245,0
SHCR.US,D,20230818,000000,1.06,1.075,1.01,1.03,3399860,0
SHCR.US,D,20230821,000000,1.05,1.0593,1.01,1.03,1145945,0
SHCR.US,D,20230822,000000,1.01,1.03,0.9213,0.9391,3764658,0
SHCR.US,D,20230823,000000,0.95,0.9756,0.9351,0.96,3238300,0
SHCR.US,D,20230824,000000,0.961,0.9773,0.8522,0.8588,2487981,0
SHCR.US,D,20230825,000000,0.8655,0.8701,0.7918,0.7953,6930094,0
SHCR.US,D,20230828,000000,0.7958,0.8249,0.77505,0.7977,3837697,0
SHCR.US,D,20230829,000000,0.8068,0.8335,0.7695,0.832,10212781,0
SHCR.US,D,20230830,000000,0.869,0.9166,0.8463,0.9009,4083726,0
SHCR.US,D,20230831,000000,0.9116,0.9797,0.91,0.9476,3197923,0
SHCR.US,D,20230901,000000,0.956,0.9872,0.9217,0.952,1366519,0
SHCR.US,D,20230905,000000,0.9421,0.9621,0.865,0.8732,3861332,0
SHCR.US,D,20230906,000000,0.8687,0.88595,0.815,0.8721,6079564,0
SHCR.US,D,20230907,000000,0.8978,0.9199,0.8381,0.8769,1287794,0
SHCR.US,D,20230908,000000,0.88,0.939,0.858,0.8865,1834918,0
SHCR.US,D,20230911,000000,0.8814,0.9199,0.88,0.89,1415706,0
SHCR.US,D,20230912,000000,0.9,0.95,0.891,0.9124,1271018,0
SHCR.US,D,20230913,000000,0.9076,0.99,0.9076,0.9696,3124726,0
SHCR.US,D,20230914,000000,0.9971,1.03,0.9648,1,2010424,0
SHCR.US,D,20230915,000000,1.01,1.02,0.935,0.9699,3651589,0
SHCR.US,D,20230918,000000,0.9961,1,0.944,0.958,1311580,0
SHCR.US,D,20230919,000000,0.957,0.9737,0.925,0.9553,1039535,0
SHCR.US,D,20230920,000000,0.9794,1.02,0.9512,0.9577,643704,0
SHCR.US,D,20230921,000000,0.935,0.9718,0.8931,0.929,869160,0
SHCR.US,D,20230922,000000,0.9461,0.97,0.903,0.9055,553174,0
SHCR.US,D,20230925,000000,0.906,0.98,0.8933,0.9082,843626,0
SHCR.US,D,20230926,000000,0.93,0.96,0.887,0.897,711932,0
SHCR.US,D,20230927,000000,0.897,0.93,0.861,0.885,790437,0
SHCR.US,D,20230928,000000,0.8754,0.9534,0.8501,0.9375,925063,0
SHCR.US,D,20230929,000000,0.9497,0.9699,0.9037,0.9404,1031130,0
SHCR.US,D,20231002,000000,0.9102,0.9599,0.8833,0.9006,824267,0
SHCR.US,D,20231003,000000,0.9,0.94,0.86,0.9026,971223,0
SHCR.US,D,20231004,000000,0.8963,0.929,0.8507,0.8954,1127693,0
SHCR.US,D,20231005,000000,0.8856,0.9113,0.851,0.886,630973,0
SHCR.US,D,20231006,000000,0.88,0.929399,0.8711,0.8875,601902,0
SHCR.US,D,20231009,000000,0.8603,0.9137,0.8409,0.9068,823571,0
SHCR.US,D,20231010,000000,0.9001,0.9789,0.8901,0.9354,727707,0
SHCR.US,D,20231011,000000,1.03,1.205,1.03,1.19,4328205,0
SHCR.US,D,20231012,000000,1.18,1.3,1.1501,1.19,2878045,0
SHCR.US,D,20231013,000000,1.23,1.265,1.15,1.24,1827710,0
SHCR.US,D,20231016,000000,1.24,1.24,1.16,1.19,1302272,0
SHCR.US,D,20231017,000000,1.17,1.205,1.12,1.19,1345152,0
SHCR.US,D,20231018,000000,1.18,1.21,1.155,1.17,941109,0
SHCR.US,D,20231019,000000,1.16,1.19,1.11,1.18,1237176,0
SHCR.US,D,20231020,000000,1.21,1.285,1.17,1.21,1071818,0
SHCR.US,D,20231023,000000,1.19,1.23,1.19,1.2,708233,0
SHCR.US,D,20231024,000000,1.2,1.205,1.1,1.15,765048,0
SHCR.US,D,20231025,000000,1.1,1.13,1.05,1.11,841814,0
SHCR.US,D,20231026,000000,1.1,1.11,1.045,1.06,501464,0
SHCR.US,D,20231027,000000,1.06,1.08,0.93,1.06,1297640,0
SHCR.US,D,20231030,000000,1.09,1.11,1.04,1.07,310341,0
SHCR.US,D,20231031,000000,1.06,1.08,1.035,1.05,540375,0
SHCR.US,D,20231101,000000,1.05,1.05,0.97,1.01,1069027,0
SHCR.US,D,20231102,000000,1.02,1.09,1.01,1.08,692529,0
SHCR.US,D,20231103,000000,1.09,1.16,1.09,1.14,557920,0
SHCR.US,D,20231106,000000,1.15,1.15,1.04,1.05,406122,0
SHCR.US,D,20231107,000000,1.06,1.1,1.055,1.07,505487,0
SHCR.US,D,20231108,000000,1.08,1.095,1.01,1.07,687070,0
SHCR.US,D,20231109,000000,1.02,1.11,1,1.04,1028195,0
SHCR.US,D,20231110,000000,1.07,1.08,0.9901,1.02,709783,0
SHCR.US,D,20231113,000000,1.03,1.08,0.982,1.08,927120,0
SHCR.US,D,20231114,000000,1.13,1.18,1.08,1.16,1400250,0
SHCR.US,D,20231115,000000,1.16,1.185,1.06,1.08,865655,0
SHCR.US,D,20231116,000000,1.07,1.07,0.9069,0.942,2045016,0
SHCR.US,D,20231117,000000,0.9875,0.9965,0.9026,0.9041,1870393,0
SHCR.US,D,20231120,000000,0.9002,0.955,0.9002,0.9477,973598,0
SHCR.US,D,20231121,000000,0.9599,0.960199,0.9203,0.9301,1194287,0
SHCR.US,D,20231122,000000,0.9363,0.9578,0.9202,0.9452,476055,0
SHCR.US,D,20231124,000000,0.9374,1,0.93,0.974,219344,0
SHCR.US,D,20231127,000000,0.95,0.95,0.911,0.9309,1019875,0
SHCR.US,D,20231128,000000,0.9365,0.97,0.91,0.9319,900052,0
SHCR.US,D,20231129,000000,0.9382,0.96,0.9241,0.9404,567012,0
SHCR.US,D,20231130,000000,0.949,0.9544,0.9244,0.9376,657590,0
SHCR.US,D,20231201,000000,0.9303,0.969,0.9202,0.9335,931911,0
SHCR.US,D,20231204,000000,0.93,0.952799,0.9119,0.93,662067,0
SHCR.US,D,20231205,000000,0.9218,0.9489,0.92,0.9216,797788,0
SHCR.US,D,20231206,000000,0.94,0.9452,0.892,0.9112,1349073,0
SHCR.US,D,20231207,000000,0.9188,0.97,0.895,0.9679,466689,0
SHCR.US,D,20231208,000000,0.9679,0.98,0.89,0.9398,1308716,0
SHCR.US,D,20231211,000000,0.9384,0.96,0.9236,0.9427,611596,0
SHCR.US,D,20231212,000000,0.93,0.9574,0.901,0.9415,335607,0
SHCR.US,D,20231213,000000,0.93,1.01,0.9251,0.993,862159,0
SHCR.US,D,20231214,000000,1.02,1.04,0.9351,0.948,948135,0
SHCR.US,D,20231215,000000,0.9975,0.9989,0.905,0.9447,3541438,0
SHCR.US,D,20231218,000000,0.97,0.9996,0.905,0.9452,1001031,0
SHCR.US,D,20231219,000000,0.9498,1.01,0.920345,0.9965,968022,0
SHCR.US,D,20231220,000000,0.9965,1.06,0.96,1.06,1268771,0
SHCR.US,D,20231221,000000,1.07,1.08,1.025,1.06,529668,0
SHCR.US,D,20231222,000000,1.08,1.09,1.02,1.07,529381,0
SHCR.US,D,20231226,000000,1.08,1.1,1.04,1.08,628614,0
SHCR.US,D,20231227,000000,1.06,1.1,1.02,1.05,1139675,0
SHCR.US,D,20231228,000000,1.04,1.125,1.02,1.11,693827,0
SHCR.US,D,20231229,000000,1.12,1.12,1.04,1.08,1030766,0
SHCR.US,D,20240102,000000,1.08,1.1,1.04,1.04,436280,0
SHCR.US,D,20240103,000000,1.02,1.045,0.9972,1,559055,0
SHCR.US,D,20240104,000000,1.05,1.07,1,1.06,631074,0
SHCR.US,D,20240105,000000,1.03,1.07,0.9965,1,629032,0
SHCR.US,D,20240108,000000,0.9934,1.06,0.9911,1.06,760449,0
SHCR.US,D,20240109,000000,1.03,1.07,1,1.01,529156,0
SHCR.US,D,20240110,000000,1.03,1.05,1,1.03,601740,0
SHCR.US,D,20240111,000000,1.04,1.04,0.9789,1.02,1018010,0
SHCR.US,D,20240112,000000,1.05,1.05,1.02,1.03,380967,0
SHCR.US,D,20240116,000000,1.03,1.05,0.9565,0.9705,1071602,0
SHCR.US,D,20240117,000000,0.97,0.983,0.916,0.9687,577122,0
SHCR.US,D,20240118,000000,0.9451,0.984,0.92,0.9453,555862,0
SHCR.US,D,20240119,000000,0.9926,0.9926,0.9078,0.9464,1260734,0
SHCR.US,D,20240122,000000,0.9094,1.02,0.9094,1.01,459570,0
SHCR.US,D,20240123,000000,1.03,1.08,0.9899,1.06,610515,0
SHCR.US,D,20240124,000000,1.08,1.1,1.03,1.05,714771,0
SHCR.US,D,20240125,000000,1.05,1.08,1.015,1.03,452126,0
SHCR.US,D,20240126,000000,1.06,1.09,1.03,1.07,513956,0
SHCR.US,D,20240129,000000,1.07,1.16,1.02,1.14,733991,0
SHCR.US,D,20240130,000000,1.14,1.19,1.1,1.13,741653,0
SHCR.US,D,20240131,000000,1.14,1.2,1.12,1.13,621489,0
SHCR.US,D,20240201,000000,1.15,1.2,1.11,1.18,676790,0
SHCR.US,D,20240202,000000,1.15,1.205,1.15,1.17,636600,0
SHCR.US,D,20240205,000000,1.15,1.15,1.05,1.06,700554,0
SHCR.US,D,20240206,000000,1.06,1.11,1.06,1.09,524318,0
SHCR.US,D,20240207,000000,1.11,1.14,1.035,1.06,815977,0
SHCR.US,D,20240208,000000,1.05,1.13,1.05,1.05,715037,0
SHCR.US,D,20240209,000000,1.05,1.085,1.02,1.03,762215,0
SHCR.US,D,20240212,000000,1.05,1.08,1.02,1.06,1249319,0
SHCR.US,D,20240213,000000,1.02,1.14,1.02,1.03,1185042,0
SHCR.US,D,20240214,000000,1.03,1.085,1.025,1.07,1367091,0
SHCR.US,D,20240215,000000,1.09,1.16,1.07,1.15,1342827,0
SHCR.US,D,20240216,000000,1.16,1.2,1.12,1.13,943739,0
SHCR.US,D,20240220,000000,1.1,1.115,1.0493,1.09,1046337,0
SHCR.US,D,20240221,000000,1.06,1.0799,0.97571,0.99,1339335,0
SHCR.US,D,20240222,000000,0.98,1.02,0.9388,0.9701,1997243,0
SHCR.US,D,20240223,000000,0.95,0.9998,0.8717,0.8847,2610711,0
SHCR.US,D,20240226,000000,0.9101,0.9633,0.8882,0.9275,1743423,0
SHCR.US,D,20240227,000000,0.9498,1.01,0.94,0.9901,518694,0
SHCR.US,D,20240228,000000,0.99,1.01,0.9615,0.9705,612113,0
SHCR.US,D,20240229,000000,1,1,0.92,0.94,1726789,0
SHCR.US,D,20240301,000000,0.945,1.01,0.9433,0.9509,620568,0
SHCR.US,D,20240304,000000,0.95,1,0.95,0.974,549632,0
SHCR.US,D,20240305,000000,0.98,0.9989,0.9235,0.9289,422051,0
SHCR.US,D,20240306,000000,0.9331,0.96,0.895,0.8976,306498,0
SHCR.US,D,20240307,000000,0.9197,0.9474,0.91,0.9391,512497,0
SHCR.US,D,20240308,000000,0.95,0.98,0.9419,0.95,574654,0
SHCR.US,D,20240311,000000,0.94,0.9649,0.9135,0.9354,1149201,0
SHCR.US,D,20240312,000000,0.99,1.03,0.9051,0.9518,1781694,0
SHCR.US,D,20240313,000000,0.99,0.99,0.93,0.947,1165113,0
SHCR.US,D,20240314,000000,1.01,1.01,0.8755,0.9303,1193119,0
SHCR.US,D,20240315,000000,0.905,0.98,0.905,0.9785,1894611,0
SHCR.US,D,20240318,000000,0.98,0.9899,0.94,0.9537,581555,0
SHCR.US,D,20240319,000000,0.96,1.02,0.96,0.9824,810127,0
SHCR.US,D,20240320,000000,0.97,0.992,0.9437,0.9787,839785,0
SHCR.US,D,20240321,000000,0.981,0.9951,0.915,0.958,1377463,0
SHCR.US,D,20240322,000000,0.97,1.01,0.9177,0.9306,4066921,0
SHCR.US,D,20240325,000000,0.935,0.9596,0.87,0.8975,3817521,0
SHCR.US,D,20240326,000000,0.9071,0.9288,0.83365,0.8653,3211685,0
SHCR.US,D,20240327,000000,0.9,0.9089,0.8031,0.8391,2663797,0
SHCR.US,D,20240328,000000,0.8381,0.8381,0.7407,0.7675,6169729,0
SHCR.US,D,20240401,000000,0.74,0.7401,0.4811,0.5504,11131813,0
SHCR.US,D,20240402,000000,0.55,0.6436,0.5307,0.6376,5082832,0
SHCR.US,D,20240403,000000,0.6342,0.665,0.5808,0.6559,2625607,0
SHCR.US,D,20240404,000000,0.65,0.75,0.622,0.68,2484673,0
SHCR.US,D,20240405,000000,0.68,0.7,0.6307,0.6776,1772618,0
SHCR.US,D,20240408,000000,0.69,0.82,0.6707,0.7989,2515331,0
SHCR.US,D,20240409,000000,0.8,0.8407,0.697,0.7377,1995001,0
SHCR.US,D,20240410,000000,0.7,0.7607,0.7,0.73,2261185,0
SHCR.US,D,20240411,000000,0.7239,0.8047,0.7107,0.7809,1970831,0
SHCR.US,D,20240412,000000,0.7897,0.8185,0.73,0.7424,1839080,0
SHCR.US,D,20240415,000000,0.756,0.77,0.6847,0.7127,2800432,0
SHCR.US,D,20240416,000000,0.7019,0.7019,0.6226,0.6701,3539417,0
SHCR.US,D,20240417,000000,0.6807,0.6972,0.65,0.6617,2430771,0
SHCR.US,D,20240418,000000,0.6617,0.6755,0.6307,0.6339,2236216,0
SHCR.US,D,20240419,000000,0.6267,0.6743,0.5907,0.6569,6842128,0
SHCR.US,D,20240422,000000,0.655,0.7136,0.637,0.6972,2864749,0
SHCR.US,D,20240423,000000,0.6913,0.7599,0.68,0.7302,1964567,0
SHCR.US,D,20240424,000000,0.73,0.79,0.72535,0.7721,2374820,0
SHCR.US,D,20240425,000000,0.76,0.77,0.7122,0.7431,1261686,0
SHCR.US,D,20240426,000000,0.7465,0.8183,0.7465,0.81,1552400,0
SHCR.US,D,20240429,000000,0.8056,0.8056,0.7405,0.7462,1413429,0
SHCR.US,D,20240430,000000,0.7463,0.7463,0.6549,0.7159,2771127,0
SHCR.US,D,20240501,000000,0.7236,0.7665,0.7,0.7253,1727335,0
SHCR.US,D,20240502,000000,0.7246,0.775,0.691,0.7423,2029161,0
SHCR.US,D,20240503,000000,0.758,0.7757,0.71,0.7445,719690,0
SHCR.US,D,20240506,000000,0.75,0.755,0.7,0.7209,1863868,0
SHCR.US,D,20240507,000000,0.72,0.7525,0.7,0.7259,1084451,0
SHCR.US,D,20240508,000000,0.7218,0.7289,0.6868,0.6909,1234999,0
SHCR.US,D,20240509,000000,0.68,0.6964,0.67,0.6834,2382462,0
SHCR.US,D,20240510,000000,0.71,0.8195,0.6707,0.7718,3985272,0
SHCR.US,D,20240513,000000,0.7718,0.8279,0.7082,0.71,2492495,0
SHCR.US,D,20240514,000000,0.725,0.7638,0.715,0.7537,1031011,0
SHCR.US,D,20240515,000000,0.756,0.8,0.73,0.7601,1757088,0
SHCR.US,D,20240516,000000,0.776,0.8,0.75175,0.7843,2543318,0
SHCR.US,D,20240517,000000,0.79,0.8693,0.768,0.8558,2863605,0
SHCR.US,D,20240520,000000,0.8674,0.884,0.813,0.835,1078515,0
SHCR.US,D,20240521,000000,0.81,0.867,0.75,0.8525,1829589,0
SHCR.US,D,20240522,000000,0.85,0.8748,0.8401,0.8617,2323394,0
SHCR.US,D,20240523,000000,0.86,0.88,0.808,0.823,2445305,0
SHCR.US,D,20240524,000000,0.8339,0.8498,0.809,0.822,1400945,0
SHCR.US,D,20240528,000000,0.8365,0.88,0.76,0.8735,3998339,0
SHCR.US,D,20240529,000000,0.8487,0.88,0.8112,0.815,1729438,0
SHCR.US,D,20240530,000000,0.817,0.865,0.81,0.8455,2071989,0
SHCR.US,D,20240531,000000,0.8564,0.8564,0.795,0.8143,8056345,0
SHCR.US,D,20240603,000000,0.82,0.8616,0.757,0.8122,2771002,0
SHCR.US,D,20240604,000000,0.7916,0.83,0.79,0.8119,1758085,0
SHCR.US,D,20240605,000000,0.82,0.8683,0.79,0.8439,1604899,0
SHCR.US,D,20240606,000000,0.8395,0.89,0.8239,0.8594,1647631,0
SHCR.US,D,20240607,000000,0.835,0.8537,0.8,0.8379,1119563,0
SHCR.US,D,20240610,000000,0.82,0.8815,0.81,0.8633,1278965,0
SHCR.US,D,20240611,000000,0.85,0.92,0.825,0.9103,1672408,0
SHCR.US,D,20240612,000000,0.92,0.9382,0.8539,0.8706,1273542,0
SHCR.US,D,20240613,000000,0.852,0.8999,0.7901,0.8042,1018725,0
SHCR.US,D,20240614,000000,0.78,0.8139,0.76,0.8056,1165046,0
SHCR.US,D,20240617,000000,0.8013,0.8104,0.78,0.8004,736930,0
SHCR.US,D,20240618,000000,0.8,0.8195,0.753,0.7999,1328452,0
SHCR.US,D,20240620,000000,0.78,0.7999,0.76,0.7744,896616,0
SHCR.US,D,20240621,000000,1.36,1.38,1.35,1.37,56333782,0
SHCR.US,D,20240624,000000,1.37,1.4,1.36,1.37,20841220,0
SHCR.US,D,20240625,000000,1.38,1.39,1.37,1.38,7793978,0
SHCR.US,D,20240626,000000,1.37,1.38,1.37,1.37,4740045,0
SHCR.US,D,20240627,000000,1.37,1.38,1.37,1.38,7515636,0
SHCR.US,D,20240628,000000,1.37,1.38,1.35,1.35,45286245,0
SHCR.US,D,20240701,000000,1.37,1.38,1.37,1.38,2707576,0
SHCR.US,D,20240702,000000,1.37,1.38,1.37,1.375,2170326,0
SHCR.US,D,20240703,000000,1.37,1.38,1.37,1.38,1420153,0
SHCR.US,D,20240705,000000,1.37,1.38,1.36,1.37,2609542,0
SHCR.US,D,20240708,000000,1.37,1.38,1.36,1.37,2989290,0
SHCR.US,D,20240709,000000,1.36,1.38,1.36,1.38,2915309,0
SHCR.US,D,20240710,000000,1.37,1.38,1.37,1.37,3044794,0
SHCR.US,D,20240711,000000,1.37,1.38,1.36,1.37,4655203,0
SHCR.US,D,20240712,000000,1.38,1.38,1.37,1.375,1780788,0
SHCR.US,D,20240715,000000,1.37,1.38,1.37,1.37,2215443,0
SHCR.US,D,20240716,000000,1.38,1.38,1.37,1.38,1326318,0
SHCR.US,D,20240717,000000,1.37,1.38,1.37,1.37,1839977,0
SHCR.US,D,20240718,000000,1.37,1.38,1.37,1.38,1695424,0
SHCR.US,D,20240719,000000,1.37,1.38,1.37,1.37,1894304,0
SHCR.US,D,20240722,000000,1.37,1.375,1.36,1.37,5819508,0
SHCR.US,D,20240723,000000,1.36,1.38,1.36,1.38,4912928,0
SHCR.US,D,20240724,000000,1.37,1.38,1.37,1.38,1852298,0
SHCR.US,D,20240725,000000,1.38,1.38,1.37,1.375,1400886,0
SHCR.US,D,20240726,000000,1.38,1.38,1.37,1.38,977156,0
SHCR.US,D,20240729,000000,1.37,1.38,1.37,1.37,1664557,0
SHCR.US,D,20240730,000000,1.38,1.38,1.37,1.37,590720,0
SHCR.US,D,20240731,000000,1.37,1.38,1.37,1.37,849153,0
SHCR.US,D,20240801,000000,1.38,1.38,1.37,1.375,1333050,0
SHCR.US,D,20240802,000000,1.37,1.38,1.37,1.375,2790505,0
SHCR.US,D,20240805,000000,1.37,1.38,1.35,1.38,7037935,0
SHCR.US,D,20240806,000000,1.37,1.38,1.37,1.37,2835037,0
SHCR.US,D,20240807,000000,1.37,1.38,1.37,1.38,5049742,0
SHCR.US,D,20240808,000000,1.37,1.38,1.37,1.37,545606,0
SHCR.US,D,20240809,000000,1.37,1.38,1.37,1.38,3515443,0
SHCR.US,D,20240812,000000,1.37,1.38,1.37,1.375,2030818,0
SHCR.US,D,20240813,000000,1.37,1.39,1.37,1.38,4705848,0
SHCR.US,D,20240814,000000,1.38,1.39,1.38,1.385,616133,0
SHCR.US,D,20240815,000000,1.39,1.39,1.38,1.38,1746796,0
SHCR.US,D,20240816,000000,1.38,1.39,1.38,1.38,761330,0
SHCR.US,D,20240819,000000,1.38,1.39,1.38,1.39,688409,0
SHCR.US,D,20240820,000000,1.39,1.39,1.38,1.39,754036,0
SHCR.US,D,20240821,000000,1.39,1.39,1.38,1.39,1321675,0
SHCR.US,D,20240822,000000,1.38,1.39,1.38,1.38,979643,0
SHCR.US,D,20240823,000000,1.38,1.39,1.38,1.38,1319048,0
SHCR.US,D,20240826,000000,1.38,1.39,1.38,1.39,2093193,0
SHCR.US,D,20240827,000000,1.38,1.39,1.38,1.385,1004334,0
SHCR.US,D,20240828,000000,1.38,1.4,1.38,1.39,2229636,0
SHCR.US,D,20240829,000000,1.4,1.4,1.39,1.39,1884889,0
SHCR.US,D,20240830,000000,1.39,1.4,1.39,1.39,1044589,0
SHCR.US,D,20240903,000000,1.39,1.4,1.39,1.39,2841945,0
SHCR.US,D,20240904,000000,1.39,1.4,1.39,1.39,574004,0
SHCR.US,D,20240905,000000,1.39,1.4,1.39,1.4,1938888,0
SHCR.US,D,20240906,000000,1.39,1.41,1.39,1.4,4085301,0
SHCR.US,D,20240909,000000,1.4,1.41,1.4,1.4,3669553,0
SHCR.US,D,20240910,000000,1.41,1.41,1.4,1.4,539207,0
SHCR.US,D,20240911,000000,1.4,1.41,1.4,1.4,924725,0
SHCR.US,D,20240912,000000,1.4,1.41,1.4,1.4,385207,0
SHCR.US,D,20240913,000000,1.4,1.41,1.4,1.4,384656,0
SHCR.US,D,20240916,000000,1.4,1.41,1.4,1.405,335875,0
SHCR.US,D,20240917,000000,1.4,1.41,1.4,1.4,449040,0
SHCR.US,D,20240918,000000,1.41,1.42,1.41,1.42,2959889,0
SHCR.US,D,20240919,000000,1.42,1.42,1.41,1.41,650925,0
SHCR.US,D,20240920,000000,1.41,1.42,1.41,1.42,2620008,0
SHCR.US,D,20240923,000000,1.41,1.42,1.41,1.41,646134,0
SHCR.US,D,20240924,000000,1.41,1.42,1.41,1.41,286474,0
SHCR.US,D,20240925,000000,1.41,1.42,1.41,1.42,1023318,0
SHCR.US,D,20240926,000000,1.42,1.42,1.41,1.42,400862,0
SHCR.US,D,20240927,000000,1.42,1.42,1.41,1.41,341262,0
SHCR.US,D,20240930,000000,1.41,1.42,1.41,1.42,526974,0
SHCR.US,D,20241001,000000,1.42,1.42,1.41,1.42,1394504,0
SHCR.US,D,20241002,000000,1.42,1.43,1.42,1.42,2635226,0
SHCR.US,D,20241003,000000,1.42,1.43,1.42,1.42,1442867,0
SHCR.US,D,20241004,000000,1.42,1.43,1.42,1.42,319173,0
SHCR.US,D,20241007,000000,1.42,1.43,1.42,1.43,2311750,0
SHCR.US,D,20241008,000000,1.42,1.43,1.42,1.425,561379,0
SHCR.US,D,20241009,000000,1.43,1.43,1.42,1.42,443695,0
SHCR.US,D,20241010,000000,1.42,1.43,1.42,1.43,410850,0
SHCR.US,D,20241011,000000,1.42,1.43,1.42,1.42,351305,0
SHCR.US,D,20241014,000000,1.42,1.44,1.42,1.43,17448229,0
SHCR.US,D,20241015,000000,1.43,1.43,1.42,1.43,5605884,0
SHCR.US,D,20241016,000000,1.43,1.44,1.43,1.43,5233397,0
SHCR.US,D,20241017,000000,1.43,1.44,1.43,1.43,2363577,0
SHCR.US,D,20241018,000000,1.43,1.44,1.43,1.435,1793189,0
SHCR.US,D,20241021,000000,1.43,1.44,1.43,1.43,4605512,0
