<TICKER>,<PER>,<DATE>,<TIME>,<OPEN>,<HIGH>,<LOW>,<CLOSE>,<VOL>,<OPENINT>
SHFS.US,D,20210823,000000,9.88,10.44,9.86,10,402030,0
SHFS.US,D,20210824,000000,10.09,10.67,9.93,9.93,900,0
SHFS.US,D,20210825,000000,9.91,9.91,9.9,9.9,2254,0
SHFS.US,D,20210831,000000,9.91,9.91,9.91,9.91,3907,0
SHFS.US,D,20210901,000000,9.91,9.91,9.91,9.91,17800,0
SHFS.US,D,20210903,000000,9.95,9.95,9.95,9.95,25878,0
SHFS.US,D,20210907,000000,9.91,9.965,9.91,9.965,313,0
SHFS.US,D,20210910,000000,9.97,9.97,9.97,9.97,25107,0
SHFS.US,D,20210914,000000,9.96,9.96,9.76,9.93,29078,0
SHFS.US,D,20210916,000000,9.93,9.96,9.9,9.96,224833,0
SHFS.US,D,20210920,000000,9.97,9.97,9.97,9.97,612,0
SHFS.US,D,20210921,000000,9.96,9.96,9.96,9.96,74046,0
SHFS.US,D,20210923,000000,9.98,9.98,9.98,9.98,2400,0
SHFS.US,D,20210927,000000,10,10,10,10,4147,0
SHFS.US,D,20210928,000000,9.99,10.04,9.99,10.03,3736,0
SHFS.US,D,20210929,000000,9.98,9.98,9.98,9.98,1759,0
SHFS.US,D,20210930,000000,10.01,10.01,10.01,10.01,266,0
SHFS.US,D,20211001,000000,9.99,10.03,9.99,10.03,3945,0
SHFS.US,D,20211004,000000,10.08,10.08,10.08,10.08,488,0
SHFS.US,D,20211005,000000,10.06,10.06,10.06,10.06,151,0
SHFS.US,D,20211006,000000,10,10,10,10,164,0
SHFS.US,D,20211007,000000,10.03,10.03,10.03,10.03,252,0
SHFS.US,D,20211014,000000,10.06,10.06,10.01,10.01,250026,0
SHFS.US,D,20211025,000000,10.1,10.145,10.05,10.05,30553,0
SHFS.US,D,20211027,000000,10.08,10.08,10.08,10.08,102,0
SHFS.US,D,20211029,000000,10.04,10.06,10.01,10.01,2007,0
SHFS.US,D,20211110,000000,10.01,10.01,10.01,10.01,301,0
SHFS.US,D,20211116,000000,10.155,10.2899,10.08,10.1257,12427,0
SHFS.US,D,20211117,000000,10.13,10.13,10.1,10.115,4739,0
SHFS.US,D,20211118,000000,10.12,10.2399,10.11,10.12,1556,0
SHFS.US,D,20211119,000000,10.11,11.13,10.02,10.095,9988,0
SHFS.US,D,20211122,000000,10.1,10.1,10.08,10.08,2352,0
SHFS.US,D,20211123,000000,10.09,10.09,10.09,10.09,648,0
SHFS.US,D,20211124,000000,10.05,10.07,10.05,10.05,3524,0
SHFS.US,D,20211129,000000,10.09,10.09,10.03,10.09,3731,0
SHFS.US,D,20211130,000000,10.06,10.13,10.04,10.0402,12279,0
SHFS.US,D,20211201,000000,10.0691,10.0691,10,10,4199,0
SHFS.US,D,20211206,000000,10.01,10.01,10.01,10.01,26038,0
SHFS.US,D,20211207,000000,10.02,10.02,10.01,10.01,22101,0
SHFS.US,D,20211208,000000,10,10.0532,10,10.0532,1455,0
SHFS.US,D,20211209,000000,10,10.06,10,10.05,2514,0
SHFS.US,D,20211210,000000,10.01,10.02,10.01,10.02,428,0
SHFS.US,D,20211213,000000,10,10.0001,10,10.0001,1109,0
SHFS.US,D,20211214,000000,10.05,10.09,10.05,10.07,1958,0
SHFS.US,D,20211215,000000,10.07,10.07,10.07,10.07,100,0
SHFS.US,D,20211217,000000,10.02,10.02,10.02,10.02,412,0
SHFS.US,D,20211220,000000,10.041,10.05,10.03,10.03,134661,0
SHFS.US,D,20211221,000000,10.02,10.02,10.02,10.02,197,0
SHFS.US,D,20211222,000000,10.02,10.02,10.02,10.02,678,0
SHFS.US,D,20211223,000000,10.05,10.05,10.05,10.05,9569,0
SHFS.US,D,20211231,000000,10.04,10.07,10.04,10.07,11305,0
SHFS.US,D,20220104,000000,10.02,10.02,10.02,10.02,1006,0
SHFS.US,D,20220105,000000,10.05,10.05,10.05,10.05,66787,0
SHFS.US,D,20220106,000000,10.06,10.06,10.04,10.04,1876,0
SHFS.US,D,20220111,000000,10.06,10.06,10.04,10.04,2260,0
SHFS.US,D,20220112,000000,10.06,10.07,10.0599,10.0699,31685,0
SHFS.US,D,20220120,000000,10.03,10.1,10.03,10.06,5736,0
SHFS.US,D,20220121,000000,10.03,10.07,10.03,10.07,12035,0
SHFS.US,D,20220124,000000,10.046,10.046,10.04,10.04,2069,0
SHFS.US,D,20220125,000000,10.0458,10.07,10.0458,10.05,11650,0
SHFS.US,D,20220126,000000,10.04,10.09,10.04,10.09,8508,0
SHFS.US,D,20220127,000000,10.56,10.56,10.04,10.06,1556,0
SHFS.US,D,20220128,000000,10.1,10.1,10.06,10.09,6323,0
SHFS.US,D,20220131,000000,10.04,10.09,10.04,10.09,1976,0
SHFS.US,D,20220201,000000,10.06,10.06,10.06,10.06,791,0
SHFS.US,D,20220202,000000,10.1,10.1,10.06,10.06,1521,0
SHFS.US,D,20220203,000000,10.1,10.11,10.06,10.09,3567,0
SHFS.US,D,20220204,000000,10.11,10.12,10.11,10.12,479,0
SHFS.US,D,20220209,000000,10.07,10.11,10.07,10.09,1050,0
SHFS.US,D,20220211,000000,10.08,10.1,10.07,10.09,10682,0
SHFS.US,D,20220214,000000,10.11,10.13,10.09,10.115,164447,0
SHFS.US,D,20220215,000000,10.12,10.13,10.1,10.115,106333,0
SHFS.US,D,20220216,000000,10.16,11.18,10.12,10.12,5035,0
SHFS.US,D,20220217,000000,10.16,10.3666,10.1,10.1,5720,0
SHFS.US,D,20220218,000000,10.14,10.14,10.14,10.14,208,0
SHFS.US,D,20220222,000000,10.1,10.1398,10.1,10.12,78786,0
SHFS.US,D,20220223,000000,10.12,10.1884,10.12,10.1884,649,0
SHFS.US,D,20220224,000000,10.1,10.1001,10.1,10.1,899,0
SHFS.US,D,20220225,000000,10.19,10.19,10.132,10.132,296,0
SHFS.US,D,20220301,000000,10.1,10.12,10.1,10.12,1450,0
SHFS.US,D,20220302,000000,10.2,10.2,10.2,10.2,451,0
SHFS.US,D,20220303,000000,10.1396,10.1396,10.1396,10.1396,195,0
SHFS.US,D,20220304,000000,10.12,10.1399,10.1001,10.1001,2779,0
SHFS.US,D,20220308,000000,10.13,10.13,10.11,10.11,683,0
SHFS.US,D,20220310,000000,10.11,10.135,10.1,10.13,1264,0
SHFS.US,D,20220311,000000,10.16,10.16,10.12,10.12,404360,0
SHFS.US,D,20220314,000000,10.1738,10.1738,10.13,10.1375,1786,0
SHFS.US,D,20220315,000000,10.1,10.13,10.1,10.13,3898,0
SHFS.US,D,20220316,000000,10.12,10.13,10.12,10.12,38342,0
SHFS.US,D,20220317,000000,10.12,10.1205,10.12,10.12,57384,0
SHFS.US,D,20220321,000000,10.12,10.12,10.12,10.12,752,0
SHFS.US,D,20220322,000000,10.12,10.1201,10.12,10.1201,3089,0
SHFS.US,D,20220323,000000,10.1429,10.1429,10.1429,10.1429,249,0
SHFS.US,D,20220328,000000,10.16,10.16,10.16,10.16,130,0
SHFS.US,D,20220329,000000,10.12,10.12,10.12,10.12,645,0
SHFS.US,D,20220331,000000,10.13,10.13,10.12,10.12,12506,0
SHFS.US,D,20220401,000000,10.14,10.16,10.14,10.16,9071,0
SHFS.US,D,20220405,000000,10.15,10.16,10.15,10.16,662,0
SHFS.US,D,20220406,000000,10.15,10.1503,10.12,10.12,1090,0
SHFS.US,D,20220407,000000,10.16,10.16,10.16,10.16,907,0
SHFS.US,D,20220411,000000,10.18,10.18,10.1699,10.1799,2453,0
SHFS.US,D,20220412,000000,10.1799,10.18,10.17,10.17,2352,0
SHFS.US,D,20220413,000000,10.1401,10.1401,10.14,10.14,12115,0
SHFS.US,D,20220414,000000,10.16,10.16,10.16,10.16,200,0
SHFS.US,D,20220418,000000,10.18,10.18,10.17,10.17,918,0
SHFS.US,D,20220419,000000,10.15,10.165,10.15,10.15,457,0
SHFS.US,D,20220420,000000,10.1799,10.1799,10.1799,10.1799,393,0
SHFS.US,D,20220421,000000,10.17,10.17,10.16,10.16,2828,0
SHFS.US,D,20220422,000000,10.16,10.16,10.15,10.1501,34272,0
SHFS.US,D,20220425,000000,10.15,10.165,10.14,10.165,749330,0
SHFS.US,D,20220427,000000,10.1799,10.1799,10.15,10.15,290,0
SHFS.US,D,20220428,000000,10.17,10.17,10.17,10.17,384,0
SHFS.US,D,20220429,000000,10.17,10.18,10.17,10.18,442,0
SHFS.US,D,20220502,000000,10.15,10.15,10.15,10.15,194,0
SHFS.US,D,20220503,000000,10.18,10.18,10.18,10.18,186,0
SHFS.US,D,20220505,000000,10.19,10.19,10.15,10.15,8924,0
SHFS.US,D,20220509,000000,10.17,10.17,10.17,10.17,368,0
SHFS.US,D,20220510,000000,10.17,10.174,10.1601,10.1601,561,0
SHFS.US,D,20220511,000000,10.14,10.1401,10.14,10.1401,9840,0
SHFS.US,D,20220512,000000,10.14,10.14,10.14,10.14,20324,0
SHFS.US,D,20220513,000000,10.14,10.14,10.14,10.14,10248,0
SHFS.US,D,20220517,000000,10.1501,10.1501,10.15,10.15,2069,0
SHFS.US,D,20220519,000000,10.18,10.18,10.15,10.15,514,0
SHFS.US,D,20220523,000000,10.165,10.165,10.165,10.165,276,0
SHFS.US,D,20220524,000000,10.16,10.16,10.16,10.16,105011,0
SHFS.US,D,20220525,000000,10.16,10.18,10.16,10.18,1029,0
SHFS.US,D,20220526,000000,10.16,10.17,10.16,10.17,798,0
SHFS.US,D,20220527,000000,10.17,10.19,10.17,10.19,497,0
SHFS.US,D,20220531,000000,10.2,10.21,10.18,10.18,27715,0
SHFS.US,D,20220601,000000,10.18,10.18,10.18,10.18,162,0
SHFS.US,D,20220602,000000,10.195,10.195,10.1801,10.1801,811,0
SHFS.US,D,20220606,000000,10.196,10.196,10.196,10.196,187,0
SHFS.US,D,20220608,000000,10.18,10.21,10.18,10.18,1275,0
SHFS.US,D,20220609,000000,10.18,10.18,10.18,10.18,537,0
SHFS.US,D,20220610,000000,10.21,10.22,10.21,10.22,10919,0
SHFS.US,D,20220613,000000,10.19,10.19,10.19,10.19,11034,0
SHFS.US,D,20220614,000000,10.2,10.2,10.18,10.18,106447,0
SHFS.US,D,20220615,000000,10.18,10.18,10.18,10.18,1873,0
SHFS.US,D,20220616,000000,10.18,10.19,10.18,10.18,4475,0
SHFS.US,D,20220617,000000,10.18,10.21,10.165,10.2,1807851,0
SHFS.US,D,20220621,000000,9.5244,9.98,9.2,9.5999,24930,0
SHFS.US,D,20220622,000000,9.5,9.64,8.5953,8.77,108823,0
SHFS.US,D,20220623,000000,8.75,9.2,8.49,8.9,3801354,0
SHFS.US,D,20220624,000000,8.85,9,7.72,7.95,28595,0
SHFS.US,D,20220627,000000,8.49,9.5,7.8801,9.26,1134404,0
SHFS.US,D,20220628,000000,9.01,9.8141,8.88,9.59,41848,0
SHFS.US,D,20220629,000000,9.56,9.85,9.31,9.7,22568,0
SHFS.US,D,20220630,000000,10,30.47,10,10.61,1376274,0
SHFS.US,D,20220701,000000,10.4,10.7399,9.97,10.2101,164196,0
SHFS.US,D,20220705,000000,10,10.89,9.0501,10.61,115963,0
SHFS.US,D,20220706,000000,10.09,10.5,9.74,10.24,32820,0
SHFS.US,D,20220707,000000,9.75,10.75,9.75,10.64,83210,0
SHFS.US,D,20220708,000000,10.61,14.26,10.4,10.595,243583,0
SHFS.US,D,20220711,000000,11.11,13.25,10.7,10.85,152420,0
SHFS.US,D,20220712,000000,10.91,12.25,10.8,11.42,51592,0
SHFS.US,D,20220713,000000,11.6,12.32,10.15,10.15,31131,0
SHFS.US,D,20220714,000000,10.3,10.655,9.8,9.81,49123,0
SHFS.US,D,20220715,000000,9.75,10.645,8.8,10.57,43432,0
SHFS.US,D,20220718,000000,9.48,11.09,9.29,10.24,4718,0
SHFS.US,D,20220719,000000,10.455,10.94,9.975,9.975,13518,0
SHFS.US,D,20220720,000000,10.041,10.041,9.52,9.7,2805,0
SHFS.US,D,20220721,000000,9.61,10.14,9.61,9.9001,3290,0
SHFS.US,D,20220722,000000,10.07,10.07,9.52,9.6,4424,0
SHFS.US,D,20220725,000000,9.6,9.7,9.48,9.48,2755,0
SHFS.US,D,20220726,000000,9,9.5,9,9.19,4154,0
SHFS.US,D,20220727,000000,9.01,10.95,9,10.25,45058,0
SHFS.US,D,20220728,000000,10.505,10.505,9.0001,9.53,34337,0
SHFS.US,D,20220729,000000,9.6,10.61,9,10.61,22111,0
SHFS.US,D,20220801,000000,10.21,10.39,10.21,10.3,7306,0
SHFS.US,D,20220802,000000,9.45,10.4,9.0106,10.4,2769,0
SHFS.US,D,20220803,000000,9.67,10.29,9.46,10.27,15651,0
SHFS.US,D,20220804,000000,10,10.85,10,10.31,16740,0
SHFS.US,D,20220805,000000,11.28,11.28,10.23,10.31,3269,0
SHFS.US,D,20220808,000000,10.97,11,10.4,10.45,4120,0
SHFS.US,D,20220809,000000,10.21,10.291,10.21,10.21,3024,0
SHFS.US,D,20220810,000000,10.21,10.2101,10.21,10.2101,965,0
SHFS.US,D,20220811,000000,9.69,10.91,9.69,10.69,4140,0
SHFS.US,D,20220812,000000,10.138,10.138,9.9,9.9,1085,0
SHFS.US,D,20220815,000000,9.36,10.21,9.36,10.21,1224,0
SHFS.US,D,20220816,000000,9.5453,10.33,9.5453,10.255,1071,0
SHFS.US,D,20220817,000000,10.25,10.25,10.25,10.25,460,0
SHFS.US,D,20220818,000000,10.45,10.45,9.76,9.88,62416,0
SHFS.US,D,20220819,000000,9.71,9.71,9.25,9.3,2126,0
SHFS.US,D,20220822,000000,9.13,9.13,9.13,9.13,272,0
SHFS.US,D,20220823,000000,9.33,9.33,9.33,9.33,213,0
SHFS.US,D,20220824,000000,9.75,10.27,9.75,10.27,2358,0
SHFS.US,D,20220825,000000,10.21,10.21,10,10.21,2534,0
SHFS.US,D,20220826,000000,10.29,10.29,10.29,10.29,744,0
SHFS.US,D,20220829,000000,10.21,10.95,10.21,10.36,13709,0
SHFS.US,D,20220830,000000,10.5,10.5,10.19,10.19,3824,0
SHFS.US,D,20220831,000000,10.27,10.93,10.27,10.93,5715,0
SHFS.US,D,20220902,000000,10.9,10.9,10.9,10.9,175,0
SHFS.US,D,20220906,000000,10.4,10.5,10.22,10.22,1522,0
SHFS.US,D,20220907,000000,10.27,10.27,10.2,10.26,11069,0
SHFS.US,D,20220908,000000,10.235,10.235,10.22,10.235,1039,0
SHFS.US,D,20220909,000000,10.22,10.31,10.22,10.31,4927,0
SHFS.US,D,20220912,000000,10.24,10.24,10.23,10.23,4347,0
SHFS.US,D,20220913,000000,10.2,10.21,10.2,10.2,2329,0
SHFS.US,D,20220914,000000,10.28,10.3,10.25,10.28,3909,0
SHFS.US,D,20220915,000000,10.2301,10.2301,10.23,10.23,1985,0
SHFS.US,D,20220916,000000,10.2,10.26,10.17,10.2,16660,0
SHFS.US,D,20220919,000000,10.27,11.75,10.2,10.25,35695,0
SHFS.US,D,20220920,000000,10.26,10.5,10.25,10.28,30588,0
SHFS.US,D,20220921,000000,10.25,10.375,10.25,10.25,19517,0
SHFS.US,D,20220922,000000,10.25,10.3999,9.25,9.65,12385,0
SHFS.US,D,20220923,000000,10.3499,10.3499,9.0101,9.78,6176,0
SHFS.US,D,20220926,000000,9.78,9.78,9.15,9.15,1203,0
SHFS.US,D,20220927,000000,9.28,10.05,9.14,10.05,3169,0
SHFS.US,D,20220928,000000,9.1001,12.45,9.1001,10.31,61251,0
SHFS.US,D,20220929,000000,11.47,11.47,5.5,8.74,494600,0
SHFS.US,D,20220930,000000,7.41,7.77,5.62,6.99,266600,0
SHFS.US,D,20221003,000000,6.25,6.69,5.66,5.9,60800,0
SHFS.US,D,20221004,000000,5.7,5.7,4.46,5.05,213000,0
SHFS.US,D,20221005,000000,6.45,13.6,6.44,7.52,4858900,0
SHFS.US,D,20221006,000000,7.68,8.44,6.92,7.31,295200,0
SHFS.US,D,20221007,000000,7.05,7.84,5.88,6.09,141100,0
SHFS.US,D,20221010,000000,5.83,6.1435,4.76,5.8,86700,0
SHFS.US,D,20221011,000000,5.24,6.4,5.18,6.11,49100,0
SHFS.US,D,20221012,000000,5.93,6.04,5.17,5.49,38800,0
SHFS.US,D,20221013,000000,5.21,5.67,4.99,5.19,27300,0
SHFS.US,D,20221014,000000,5.39,5.39,4.12,4.2301,22500,0
SHFS.US,D,20221017,000000,4.45,4.84,3.18,3.3,182500,0
SHFS.US,D,20221018,000000,3.68,4.25,2.9,3.14,125600,0
SHFS.US,D,20221019,000000,2.96,3,2.3,2.72,73701,0
SHFS.US,D,20221020,000000,2.64,2.7483,2.35,2.58,33800,0
SHFS.US,D,20221021,000000,2.88,2.88,2.3,2.56,21500,0
SHFS.US,D,20221024,000000,2.47,2.87,2.31,2.84,24272,0
SHFS.US,D,20221025,000000,2.81,3.17,2.64,2.92,141232,0
SHFS.US,D,20221026,000000,3.75,3.75,2.76,3.21,121041,0
SHFS.US,D,20221027,000000,3.01,3.5,2.77,3.1,90456,0
SHFS.US,D,20221028,000000,3.14,3.15,2.81,3.02,28647,0
SHFS.US,D,20221031,000000,3.26,3.26,2.62,2.81,32790,0
SHFS.US,D,20221101,000000,2.8,2.83,2.47,2.61,51841,0
SHFS.US,D,20221102,000000,2.8,3,2.53,2.53,81076,0
SHFS.US,D,20221103,000000,2.8999,2.8999,2.66,2.705,2174,0
SHFS.US,D,20221104,000000,2.76,2.76,2.4,2.665,10542,0
SHFS.US,D,20221107,000000,2.46,2.69,2.32,2.34,7162,0
SHFS.US,D,20221108,000000,2.39,2.55,2.36,2.48,10739,0
SHFS.US,D,20221109,000000,2.03,2.2,1.89,2.04,7879,0
SHFS.US,D,20221110,000000,2.4,6,2.4,3.79,5713897,0
SHFS.US,D,20221111,000000,3.79,4.04,2.72,4.04,510016,0
SHFS.US,D,20221114,000000,3.73,4.89,3.68,4.25,279646,0
SHFS.US,D,20221115,000000,4.3,4.4499,3.4001,3.86,106908,0
SHFS.US,D,20221116,000000,3.65,3.8,3.13,3.79,24143,0
SHFS.US,D,20221117,000000,3.6966,3.9199,3.61,3.7735,20341,0
SHFS.US,D,20221118,000000,3.6,4.24,3.4212,3.77,108954,0
SHFS.US,D,20221121,000000,3.75,4.09,3.62,3.86,30766,0
SHFS.US,D,20221122,000000,3.87,4.09,3.86,3.96,14740,0
SHFS.US,D,20221123,000000,3.95,4.15,3.79,4.11,26538,0
SHFS.US,D,20221125,000000,4.15,4.21,3.9163,4.21,8343,0
SHFS.US,D,20221128,000000,4.25,4.25,3.7101,3.72,25424,0
SHFS.US,D,20221129,000000,4.09,4.09,3.6001,3.66,25545,0
SHFS.US,D,20221130,000000,3.66,4.25,3.07,4.25,80934,0
SHFS.US,D,20221201,000000,3.7301,4.18,3.7301,3.89,4895,0
SHFS.US,D,20221202,000000,3.68,4.15,3.68,4.15,3507,0
SHFS.US,D,20221205,000000,4.15,4.15,3.94,4.02,13128,0
SHFS.US,D,20221206,000000,3.91,4.02,3.82,3.98,15137,0
SHFS.US,D,20221207,000000,3.99,3.99,3.54,3.8,15815,0
SHFS.US,D,20221208,000000,3.8,4.07,3.8,4.05,13967,0
SHFS.US,D,20221209,000000,4.05,4.05,3.3,3.31,26711,0
SHFS.US,D,20221212,000000,3.25,3.25,2.02,2.16,176655,0
SHFS.US,D,20221213,000000,2.05,2.1,1.87,2.06,41940,0
SHFS.US,D,20221214,000000,2.12,2.28,2,2,26355,0
SHFS.US,D,20221215,000000,2,2.05,1.81,1.83,19374,0
SHFS.US,D,20221216,000000,2.27,2.27,1.63,1.79,88775,0
SHFS.US,D,20221219,000000,1.91,1.9518,1.8,1.85,10073,0
SHFS.US,D,20221220,000000,1.86,1.915,1.86,1.915,3873,0
SHFS.US,D,20221221,000000,1.84,1.98,1.84,1.84,25982,0
SHFS.US,D,20221222,000000,1.9,1.9256,1.75,1.85,6089,0
SHFS.US,D,20221223,000000,1.84,1.92,1.8399,1.92,1559,0
SHFS.US,D,20221227,000000,1.71,1.9473,1.71,1.91,11303,0
SHFS.US,D,20221228,000000,1.82,1.89,1.73,1.84,10821,0
SHFS.US,D,20221229,000000,1.84,1.8548,1.701,1.83,8028,0
SHFS.US,D,20221230,000000,1.75,1.775,1.71,1.775,2242,0
SHFS.US,D,20230103,000000,1.75,1.75,1.46,1.47,22115,0
SHFS.US,D,20230104,000000,1.49,1.5892,1.47,1.55,5663,0
SHFS.US,D,20230105,000000,1.84,1.84,1.5155,1.55,6677,0
SHFS.US,D,20230106,000000,1.56,1.64,1.47,1.47,55619,0
SHFS.US,D,20230109,000000,1.5,1.585,1.3,1.3,51888,0
SHFS.US,D,20230110,000000,1.3,1.35,1.29,1.31,18641,0
SHFS.US,D,20230111,000000,1.3,1.4408,1.23,1.24,67093,0
SHFS.US,D,20230112,000000,1.3,1.3083,1.22,1.22,29596,0
SHFS.US,D,20230113,000000,1.22,1.3499,1.22,1.23,41048,0
SHFS.US,D,20230117,000000,1.29,1.36,1.27,1.3,79802,0
SHFS.US,D,20230118,000000,1.33,1.36,1.25,1.34,39221,0
SHFS.US,D,20230119,000000,1.31,1.34,1.28,1.28,9178,0
SHFS.US,D,20230120,000000,1.29,1.3399,1.25,1.26,36026,0
SHFS.US,D,20230123,000000,1.2775,1.3176,1.26,1.28,23032,0
SHFS.US,D,20230124,000000,1.26,1.31,1.241,1.27,17268,0
SHFS.US,D,20230125,000000,1.25,1.25,1.21,1.23,9866,0
SHFS.US,D,20230126,000000,1.21,1.24,1.08,1.08,83926,0
SHFS.US,D,20230127,000000,1.1,1.1,0.856,0.88,156230,0
SHFS.US,D,20230130,000000,0.94,0.99,0.85,0.96,564495,0
SHFS.US,D,20230131,000000,1.06,1.06,0.945,1.02,3896056,0
SHFS.US,D,20230201,000000,0.96,0.9829,0.8611,0.92,609352,0
SHFS.US,D,20230202,000000,0.92,0.9541,0.880001,0.9001,378763,0
SHFS.US,D,20230203,000000,0.89,0.99,0.89,0.9001,564975,0
SHFS.US,D,20230206,000000,0.94,0.98,0.88,0.98,424310,0
SHFS.US,D,20230207,000000,0.98,0.9999,0.89,0.92,237368,0
SHFS.US,D,20230208,000000,0.92,0.92,0.6721,0.8018,578022,0
SHFS.US,D,20230209,000000,0.7975,0.8301,0.75,0.795,352092,0
SHFS.US,D,20230210,000000,0.7703,0.8549,0.75,0.76,207906,0
SHFS.US,D,20230213,000000,0.8757,0.8815,0.72,0.8524,2896928,0
SHFS.US,D,20230214,000000,0.756,0.813908,0.756,0.813908,193891,0
SHFS.US,D,20230215,000000,0.7829,0.81,0.74,0.7701,284400,0
SHFS.US,D,20230216,000000,0.7599,0.85,0.7599,0.8,108327,0
SHFS.US,D,20230217,000000,0.84,0.84,0.76,0.7801,62272,0
SHFS.US,D,20230221,000000,0.753,0.8,0.7463,0.7938,114491,0
SHFS.US,D,20230222,000000,0.779899,0.798999,0.754,0.781,33781,0
SHFS.US,D,20230223,000000,0.7597,0.7654,0.71,0.7483,214976,0
SHFS.US,D,20230224,000000,0.78,0.7899,0.708271,0.7888,115619,0
SHFS.US,D,20230227,000000,0.8,0.8,0.701,0.7799,233898,0
SHFS.US,D,20230228,000000,0.7565,0.768435,0.72,0.72,192085,0
SHFS.US,D,20230301,000000,0.7199,0.7255,0.6859,0.6901,87660,0
SHFS.US,D,20230302,000000,0.695,0.7129,0.6204,0.6736,111255,0
SHFS.US,D,20230303,000000,0.66,0.7,0.66,0.6999,103432,0
SHFS.US,D,20230306,000000,0.7089,0.74,0.6611,0.71,117722,0
SHFS.US,D,20230307,000000,0.6914,0.7189,0.68,0.69,86509,0
SHFS.US,D,20230308,000000,0.6751,0.71,0.6712,0.69,75976,0
SHFS.US,D,20230309,000000,0.7,0.71,0.66,0.7,63386,0
SHFS.US,D,20230310,000000,0.69,0.69,0.659,0.67,51366,0
SHFS.US,D,20230313,000000,0.67,0.670101,0.561,0.5811,311400,0
SHFS.US,D,20230314,000000,0.6,0.6424,0.58,0.605,137249,0
SHFS.US,D,20230315,000000,0.59,0.61,0.55,0.58,106902,0
SHFS.US,D,20230316,000000,0.5874,0.631,0.56,0.62,109075,0
SHFS.US,D,20230317,000000,0.62,0.6299,0.5605,0.58,170299,0
SHFS.US,D,20230320,000000,0.6098,0.6098,0.54,0.55,76760,0
SHFS.US,D,20230321,000000,0.5412,0.555,0.461,0.49,222105,0
SHFS.US,D,20230322,000000,0.52,0.53,0.49,0.513,80745,0
SHFS.US,D,20230323,000000,0.5005,0.53,0.481,0.49,61182,0
SHFS.US,D,20230324,000000,0.4706,0.5099,0.4706,0.49,21281,0
SHFS.US,D,20230327,000000,0.51,0.5293,0.496961,0.51,82942,0
SHFS.US,D,20230328,000000,0.5184,0.5184,0.468,0.4894,87683,0
SHFS.US,D,20230329,000000,0.521,0.521,0.45,0.472,161346,0
SHFS.US,D,20230330,000000,0.59,0.6099,0.502,0.6,1743227,0
SHFS.US,D,20230331,000000,0.5397,0.561,0.498,0.51,266802,0
SHFS.US,D,20230403,000000,0.52,0.525,0.489,0.5198,81901,0
SHFS.US,D,20230404,000000,0.4992,0.52,0.4902,0.5172,29617,0
SHFS.US,D,20230405,000000,0.5016,0.5016,0.4122,0.469,169177,0
SHFS.US,D,20230406,000000,0.4682,0.484,0.46,0.4705,24166,0
SHFS.US,D,20230410,000000,0.46,0.47,0.445,0.4599,68308,0
SHFS.US,D,20230411,000000,0.46,0.52,0.449,0.5,131558,0
SHFS.US,D,20230412,000000,0.52,0.543,0.48,0.49,141445,0
SHFS.US,D,20230413,000000,0.5007,0.5335,0.471,0.48,61375,0
SHFS.US,D,20230414,000000,0.4799,0.48,0.471,0.4789,79631,0
SHFS.US,D,20230417,000000,0.4751,0.48,0.4113,0.474,58512,0
SHFS.US,D,20230418,000000,0.48,0.48,0.4612,0.48,73878,0
SHFS.US,D,20230419,000000,0.48,0.5078,0.4582,0.4899,217922,0
SHFS.US,D,20230420,000000,0.481,0.53,0.481,0.51,251489,0
SHFS.US,D,20230421,000000,0.510101,0.53,0.4816,0.51,101979,0
SHFS.US,D,20230424,000000,0.53,0.594,0.51,0.585,669648,0
SHFS.US,D,20230425,000000,0.5848,0.629,0.5525,0.5723,2440984,0
SHFS.US,D,20230426,000000,0.56,0.5801,0.5525,0.58,243775,0
SHFS.US,D,20230427,000000,0.5525,0.5792,0.535,0.5753,203977,0
SHFS.US,D,20230428,000000,0.5582,0.58,0.545,0.57,332406,0
SHFS.US,D,20230501,000000,0.56,0.5829,0.5425,0.5605,103286,0
SHFS.US,D,20230502,000000,0.563,0.563,0.545,0.555,642511,0
SHFS.US,D,20230503,000000,0.5525,0.5525,0.495,0.4951,251342,0
SHFS.US,D,20230504,000000,0.4802,0.5,0.48,0.495,64008,0
SHFS.US,D,20230505,000000,0.5,0.5344,0.4905,0.5125,337294,0
SHFS.US,D,20230508,000000,0.5005,0.51,0.4907,0.503,48164,0
SHFS.US,D,20230509,000000,0.4994,0.5,0.475,0.4955,14286,0
SHFS.US,D,20230510,000000,0.4812,0.5,0.475,0.4948,105537,0
SHFS.US,D,20230511,000000,0.6098,0.6371,0.44,0.4674,23859304,0
SHFS.US,D,20230512,000000,0.4377,0.4595,0.4202,0.4302,1464271,0
SHFS.US,D,20230515,000000,0.44,0.445,0.4073,0.41,1077607,0
SHFS.US,D,20230516,000000,0.41,0.41,0.36,0.381,1236795,0
SHFS.US,D,20230517,000000,0.41,0.41,0.36,0.3899,1326777,0
SHFS.US,D,20230518,000000,0.39,0.4035,0.381,0.3845,417741,0
SHFS.US,D,20230519,000000,0.38,0.3885,0.33,0.3823,720016,0
SHFS.US,D,20230522,000000,0.38,0.3877,0.37,0.3775,292156,0
SHFS.US,D,20230523,000000,0.38,0.3891,0.3738,0.38505,609322,0
SHFS.US,D,20230524,000000,0.381,0.4045,0.38,0.385,498922,0
SHFS.US,D,20230525,000000,0.42,0.4776,0.4011,0.46,1428534,0
SHFS.US,D,20230526,000000,0.46,0.5076,0.46,0.5,615557,0
SHFS.US,D,20230530,000000,0.5,0.5,0.45,0.48,227751,0
SHFS.US,D,20230531,000000,0.5,0.51,0.47,0.5025,256293,0
SHFS.US,D,20230601,000000,0.4915,0.5075,0.47551,0.5075,69806,0
SHFS.US,D,20230602,000000,0.5025,0.5118,0.4855,0.507,180417,0
SHFS.US,D,20230605,000000,0.54,0.5438,0.51,0.52,173703,0
SHFS.US,D,20230606,000000,0.5144,0.525,0.495,0.518,93259,0
SHFS.US,D,20230607,000000,0.5075,0.539,0.5014,0.5301,213428,0
SHFS.US,D,20230608,000000,0.5301,0.5628,0.52,0.5593,275691,0
SHFS.US,D,20230609,000000,0.57,0.598,0.5602,0.5945,437029,0
SHFS.US,D,20230612,000000,0.618,0.63,0.601,0.611,329848,0
SHFS.US,D,20230613,000000,0.611,0.64,0.611,0.6251,308740,0
SHFS.US,D,20230614,000000,0.6251,0.63,0.5815,0.6,310562,0
SHFS.US,D,20230615,000000,0.6059,0.615,0.58,0.602,85916,0
SHFS.US,D,20230616,000000,0.6075,0.63,0.6001,0.6059,445908,0
SHFS.US,D,20230620,000000,0.61,0.6272,0.5805,0.5823,145379,0
SHFS.US,D,20230621,000000,0.5987,0.6158,0.5701,0.5705,125895,0
SHFS.US,D,20230622,000000,0.5891,0.59,0.534,0.5676,108401,0
SHFS.US,D,20230623,000000,0.555,0.555,0.5205,0.5352,79514,0
SHFS.US,D,20230626,000000,0.52,0.55,0.48,0.53,93083,0
SHFS.US,D,20230627,000000,0.5035,0.5398,0.5001,0.5303,64066,0
SHFS.US,D,20230628,000000,0.5282,0.53,0.5025,0.525,60100,0
SHFS.US,D,20230629,000000,0.53,0.53,0.52,0.53,35788,0
SHFS.US,D,20230630,000000,0.535,0.535,0.5148,0.53,28970,0
SHFS.US,D,20230703,000000,0.53,0.53,0.5028,0.53,42120,0
SHFS.US,D,20230705,000000,0.53,0.53,0.505,0.5223,49789,0
SHFS.US,D,20230706,000000,0.5,0.52,0.459,0.4999,166409,0
SHFS.US,D,20230707,000000,0.492,0.52,0.4747,0.5095,87013,0
SHFS.US,D,20230710,000000,0.505,0.52,0.4964,0.5151,23722,0
SHFS.US,D,20230711,000000,0.508,0.51712,0.495,0.51,58473,0
SHFS.US,D,20230712,000000,0.5087,0.515,0.4501,0.5149,76855,0
SHFS.US,D,20230713,000000,0.5149,0.52,0.495,0.52,23641,0
SHFS.US,D,20230714,000000,0.5174,0.523,0.51,0.52,13049,0
SHFS.US,D,20230717,000000,0.52,0.525,0.511,0.5163,25992,0
SHFS.US,D,20230718,000000,0.512,0.52,0.5,0.51,56797,0
SHFS.US,D,20230719,000000,0.5002,0.5189,0.5002,0.514149,10520,0
SHFS.US,D,20230720,000000,0.5141,0.5299,0.5141,0.5245,49836,0
SHFS.US,D,20230721,000000,0.52,0.55,0.52,0.55,84991,0
SHFS.US,D,20230724,000000,0.55,0.58,0.54,0.55,41222,0
SHFS.US,D,20230725,000000,0.55,0.5761,0.54,0.56,28707,0
SHFS.US,D,20230726,000000,0.56,0.57,0.5511,0.56,16407,0
SHFS.US,D,20230727,000000,0.554001,0.5578,0.5375,0.55,21379,0
SHFS.US,D,20230728,000000,0.5503,0.5503,0.54,0.55,23104,0
SHFS.US,D,20230731,000000,0.563,0.563101,0.5019,0.549,80695,0
SHFS.US,D,20230801,000000,0.5319,0.5629,0.511,0.528,55262,0
SHFS.US,D,20230802,000000,0.52,0.55,0.5066,0.5299,11529,0
SHFS.US,D,20230803,000000,0.53,0.53,0.508451,0.514,10178,0
SHFS.US,D,20230804,000000,0.524,0.524,0.4999,0.5014,43569,0
SHFS.US,D,20230807,000000,0.5,0.515,0.4701,0.492,85467,0
SHFS.US,D,20230808,000000,0.5017,0.52,0.491101,0.495,17087,0
SHFS.US,D,20230809,000000,0.5,0.515,0.495,0.495,11364,0
SHFS.US,D,20230810,000000,0.49,0.5,0.460284,0.4899,26441,0
SHFS.US,D,20230811,000000,0.481,0.4849,0.47,0.48,16782,0
SHFS.US,D,20230814,000000,0.489,0.4947,0.475001,0.48995,15630,0
SHFS.US,D,20230815,000000,0.462101,0.4963,0.462101,0.4963,6489,0
SHFS.US,D,20230816,000000,0.4755,0.495,0.4347,0.465,66664,0
SHFS.US,D,20230817,000000,0.46,0.46,0.4001,0.45,83144,0
SHFS.US,D,20230818,000000,0.45,0.464,0.4212,0.45,23331,0
SHFS.US,D,20230821,000000,0.421,0.441,0.421,0.4246,10005,0
SHFS.US,D,20230822,000000,0.44,0.4448,0.4247,0.44,11458,0
SHFS.US,D,20230823,000000,0.44,0.4499,0.4,0.415,36505,0
SHFS.US,D,20230824,000000,0.42,0.42,0.3578,0.3815,46121,0
SHFS.US,D,20230825,000000,0.385,0.3899,0.3706,0.3706,20888,0
SHFS.US,D,20230828,000000,0.382,0.3874,0.34,0.360201,38197,0
SHFS.US,D,20230829,000000,0.3335,0.3833,0.33,0.3399,117224,0
SHFS.US,D,20230830,000000,0.34,0.3899,0.33,0.3706,229172,0
SHFS.US,D,20230831,000000,0.3701,0.44,0.3701,0.415,156528,0
SHFS.US,D,20230901,000000,0.4225,0.44,0.42,0.43,70334,0
SHFS.US,D,20230905,000000,0.46,0.498,0.44,0.4462,224541,0
SHFS.US,D,20230906,000000,0.459,0.489699,0.41,0.41,467688,0
SHFS.US,D,20230907,000000,0.4408,0.4408,0.395,0.411,110747,0
SHFS.US,D,20230908,000000,0.4448,0.4448,0.41,0.4156,29344,0
SHFS.US,D,20230911,000000,0.41,0.465,0.41,0.45,113462,0
SHFS.US,D,20230912,000000,0.45,0.46,0.43,0.45,196680,0
SHFS.US,D,20230913,000000,0.44,0.61,0.435,0.5531,2913029,0
SHFS.US,D,20230914,000000,0.57,0.6399,0.507673,0.6204,784344,0
SHFS.US,D,20230915,000000,0.62161,0.8601,0.6211,0.7819,2676176,0
SHFS.US,D,20230918,000000,0.82,0.8719,0.7,0.78,830376,0
SHFS.US,D,20230919,000000,0.7955,0.82485,0.76,0.8139,486241,0
SHFS.US,D,20230920,000000,0.8088,0.8088,0.6543,0.7247,433121,0
SHFS.US,D,20230921,000000,0.7335,0.7489,0.711,0.7351,84130,0
SHFS.US,D,20230922,000000,0.7203,0.78,0.7187,0.7649,185494,0
SHFS.US,D,20230925,000000,0.77,0.79,0.756,0.776,86363,0
SHFS.US,D,20230926,000000,0.784999,0.7899,0.7345,0.7694,148451,0
SHFS.US,D,20230927,000000,0.77,0.86,0.75,0.829,474574,0
SHFS.US,D,20230928,000000,0.8587,0.9,0.771,0.7921,799722,0
SHFS.US,D,20230929,000000,0.81,0.85,0.759,0.79,122108,0
SHFS.US,D,20231002,000000,0.813,0.84,0.76,0.7977,138799,0
SHFS.US,D,20231003,000000,0.8,0.8155,0.7601,0.7955,83467,0
SHFS.US,D,20231004,000000,0.815,0.815,0.7911,0.805548,74328,0
SHFS.US,D,20231005,000000,0.8,0.810201,0.77,0.79,63570,0
SHFS.US,D,20231006,000000,0.78,0.809,0.7702,0.7899,37123,0
SHFS.US,D,20231009,000000,0.8,0.8,0.7,0.74,123098,0
SHFS.US,D,20231010,000000,0.7301,0.7499,0.66,0.6999,202978,0
SHFS.US,D,20231011,000000,0.681,0.6998,0.635,0.6533,255678,0
SHFS.US,D,20231012,000000,0.66,0.6734,0.6401,0.6734,113854,0
SHFS.US,D,20231013,000000,0.7,0.712995,0.6751,0.68,28399,0
SHFS.US,D,20231016,000000,0.739,0.739,0.68,0.7199,69081,0
SHFS.US,D,20231017,000000,0.7102,0.74,0.71,0.715,133935,0
SHFS.US,D,20231018,000000,0.73,0.73,0.650101,0.68,88828,0
SHFS.US,D,20231019,000000,0.7,0.709,0.665,0.6755,16743,0
SHFS.US,D,20231020,000000,0.6517,0.7247,0.6501,0.679,35734,0
SHFS.US,D,20231023,000000,0.679,0.679,0.626,0.6448,119825,0
SHFS.US,D,20231024,000000,0.648999,0.669,0.628,0.6425,63450,0
SHFS.US,D,20231025,000000,0.6339,0.649,0.6153,0.643,78471,0
SHFS.US,D,20231026,000000,0.643,0.739,0.6327,0.6999,235719,0
SHFS.US,D,20231027,000000,0.72,0.808,0.6773,0.77,369775,0
SHFS.US,D,20231030,000000,0.789,0.789,0.7101,0.7286,123282,0
SHFS.US,D,20231031,000000,0.714818,0.744999,0.681,0.6854,43525,0
SHFS.US,D,20231101,000000,0.7399,0.7399,0.681,0.6962,55214,0
SHFS.US,D,20231102,000000,0.7,0.7247,0.678176,0.697501,103422,0
SHFS.US,D,20231103,000000,0.7,0.705,0.675,0.6892,84102,0
SHFS.US,D,20231106,000000,0.69,0.723239,0.6801,0.6831,27734,0
SHFS.US,D,20231107,000000,0.71,0.7299,0.67,0.671,33136,0
SHFS.US,D,20231108,000000,0.67,0.715,0.6602,0.669,51791,0
SHFS.US,D,20231109,000000,0.6727,0.7149,0.65,0.6911,54588,0
SHFS.US,D,20231110,000000,0.660001,0.7,0.65,0.6524,39401,0
SHFS.US,D,20231113,000000,0.68,0.68,0.65,0.66,35957,0
SHFS.US,D,20231114,000000,0.654951,0.67,0.6499,0.6599,75582,0
SHFS.US,D,20231115,000000,0.65,0.6973,0.62,0.63,94383,0
SHFS.US,D,20231116,000000,0.649,0.65,0.6151,0.616,34986,0
SHFS.US,D,20231117,000000,0.631,0.6403,0.616,0.638853,79756,0
SHFS.US,D,20231120,000000,0.642,0.689,0.642,0.68,39118,0
SHFS.US,D,20231121,000000,0.679,0.75,0.64,0.7171,79962,0
SHFS.US,D,20231122,000000,0.7,0.75,0.7,0.7321,68009,0
SHFS.US,D,20231124,000000,0.735,0.7653,0.735,0.7599,84567,0
SHFS.US,D,20231127,000000,0.78,0.78,0.7551,0.7553,27035,0
SHFS.US,D,20231128,000000,0.76,0.7789,0.7401,0.75,56918,0
SHFS.US,D,20231129,000000,0.740001,0.7568,0.710001,0.711,35243,0
SHFS.US,D,20231130,000000,0.72,0.771,0.72,0.724,57631,0
SHFS.US,D,20231201,000000,0.772,0.772,0.7227,0.75,124219,0
SHFS.US,D,20231204,000000,0.749,0.84,0.74,0.8301,211061,0
SHFS.US,D,20231205,000000,0.835,0.93,0.8297,0.927,339270,0
SHFS.US,D,20231206,000000,0.93,0.97,0.89,0.9501,137750,0
SHFS.US,D,20231207,000000,0.94,0.979,0.88,0.8843,149819,0
SHFS.US,D,20231208,000000,0.91,1.06,0.9,1,353149,0
SHFS.US,D,20231211,000000,0.96,1.02,0.9201,1,358824,0
SHFS.US,D,20231212,000000,0.99,1.0099,0.97,0.97,107843,0
SHFS.US,D,20231213,000000,1,1,0.96,0.982,111134,0
SHFS.US,D,20231214,000000,0.9687,1.009,0.955,0.98,151623,0
SHFS.US,D,20231215,000000,0.986,0.986,0.91,0.91,141411,0
SHFS.US,D,20231218,000000,0.93,0.947,0.9,0.93,110233,0
SHFS.US,D,20231219,000000,0.94,0.95,0.9102,0.9414,63557,0
SHFS.US,D,20231220,000000,0.9459,1.16,0.92,1.14,1235401,0
SHFS.US,D,20231221,000000,1.14,1.17,1.04,1.15,398354,0
SHFS.US,D,20231222,000000,1.15,1.33,1.14,1.24,433798,0
SHFS.US,D,20231226,000000,1.25,1.29,1.22,1.26,259082,0
SHFS.US,D,20231227,000000,1.28,1.37,1.2102,1.35,278725,0
SHFS.US,D,20231228,000000,1.37,1.43,1.33,1.4,131522,0
SHFS.US,D,20231229,000000,1.42,1.55,1.35,1.42,265669,0
SHFS.US,D,20240102,000000,1.41,1.45,1.3101,1.36,91614,0
SHFS.US,D,20240103,000000,1.33,1.351,1.15,1.26,218085,0
SHFS.US,D,20240104,000000,1.24,1.3499,1.2201,1.29,55815,0
SHFS.US,D,20240105,000000,1.34,1.44,1.24,1.43,159322,0
SHFS.US,D,20240108,000000,1.44,1.44,1.33,1.37,84597,0
SHFS.US,D,20240109,000000,1.36,1.44,1.352,1.44,93950,0
SHFS.US,D,20240110,000000,1.42,1.44,1.36,1.41,72146,0
SHFS.US,D,20240111,000000,1.44,1.44,1.35,1.36,47724,0
SHFS.US,D,20240112,000000,1.25,1.34,1.25,1.26,161251,0
SHFS.US,D,20240116,000000,1.29,1.39,1.29,1.37,70183,0
SHFS.US,D,20240117,000000,1.39,1.39,1.345,1.38,37270,0
SHFS.US,D,20240118,000000,1.38,1.4099,1.31,1.34,84907,0
SHFS.US,D,20240119,000000,1.39,1.39,1.26,1.28,52071,0
SHFS.US,D,20240122,000000,1.26,1.31,1.18,1.22,102582,0
SHFS.US,D,20240123,000000,1.2,1.2,1.15,1.15,127871,0
SHFS.US,D,20240124,000000,1.15,1.15,1.1,1.14,64550,0
SHFS.US,D,20240125,000000,1.1112,1.13,1.035,1.04,117220,0
SHFS.US,D,20240126,000000,1.03,1.1799,1.03,1.14,444815,0
SHFS.US,D,20240129,000000,1.18,1.18,1.01,1.03,215988,0
SHFS.US,D,20240130,000000,1.04,1.07,1.03,1.05,83585,0
SHFS.US,D,20240131,000000,1.05,1.1027,1.01,1.03,51025,0
SHFS.US,D,20240201,000000,1.03,1.0509,0.97,1,354333,0
SHFS.US,D,20240202,000000,0.979999,0.985,0.9349,0.97,133699,0
SHFS.US,D,20240205,000000,0.99,1.0275,0.9425,0.951,102316,0
SHFS.US,D,20240206,000000,0.9543,0.9738,0.9275,0.96,136944,0
SHFS.US,D,20240207,000000,0.94,0.95,0.9251,0.95,36748,0
SHFS.US,D,20240208,000000,0.935,0.95,0.9101,0.9488,54172,0
SHFS.US,D,20240209,000000,0.9746,0.9746,0.9261,0.9538,34273,0
SHFS.US,D,20240212,000000,1.02,1.02,0.930001,0.975,42889,0
SHFS.US,D,20240213,000000,0.97,0.9731,0.9,0.922,71146,0
SHFS.US,D,20240214,000000,0.97,0.97,0.9,0.94,58171,0
SHFS.US,D,20240215,000000,0.9101,0.9999,0.91,0.99,66357,0
SHFS.US,D,20240216,000000,0.99,1.0795,0.9601,1.05,45796,0
SHFS.US,D,20240220,000000,1.08,1.0976,1.05,1.06,43036,0
SHFS.US,D,20240221,000000,1.08,1.08,0.9856,1.0599,34517,0
SHFS.US,D,20240222,000000,1.04,1.05,0.975,1,69534,0
SHFS.US,D,20240223,000000,1,1.005,0.97,0.9949,27629,0
SHFS.US,D,20240226,000000,1,1,0.9511,0.97,60352,0
SHFS.US,D,20240227,000000,0.9649,0.97,0.88,0.9,138118,0
SHFS.US,D,20240228,000000,0.9,0.9699,0.8901,0.95,56452,0
SHFS.US,D,20240229,000000,0.935,0.935,0.89,0.899,66188,0
SHFS.US,D,20240301,000000,0.94,0.94,0.89,0.91,25389,0
SHFS.US,D,20240304,000000,0.91,0.91,0.81,0.8499,177289,0
SHFS.US,D,20240305,000000,0.805,0.89495,0.805,0.8761,60096,0
SHFS.US,D,20240306,000000,0.89,0.91,0.8555,0.88,23879,0
SHFS.US,D,20240307,000000,0.85,0.91,0.85,0.91,9124,0
SHFS.US,D,20240308,000000,0.91,0.9199,0.8551,0.91,53093,0
SHFS.US,D,20240311,000000,0.9019,0.902,0.8541,0.8541,27482,0
SHFS.US,D,20240312,000000,0.8524,0.87,0.83,0.8556,72154,0
SHFS.US,D,20240313,000000,0.8714,0.91,0.8713,0.88,43126,0
SHFS.US,D,20240314,000000,0.89,0.9,0.83,0.83,61048,0
SHFS.US,D,20240315,000000,0.8353,0.9146,0.8353,0.88,69035,0
SHFS.US,D,20240318,000000,0.9099,0.94999,0.85,0.88,144777,0
SHFS.US,D,20240319,000000,0.8401,0.881,0.8401,0.8487,18357,0
SHFS.US,D,20240320,000000,0.875,0.875,0.82,0.8475,47946,0
SHFS.US,D,20240321,000000,0.84,0.895,0.8073,0.85,58216,0
SHFS.US,D,20240322,000000,0.8203,0.95,0.8203,0.9464,205093,0
SHFS.US,D,20240325,000000,0.94,0.95,0.8715,0.9127,105402,0
SHFS.US,D,20240326,000000,0.9,0.95,0.88,0.9055,94406,0
SHFS.US,D,20240327,000000,0.91,1,0.91,0.99,81447,0
SHFS.US,D,20240328,000000,0.97,0.9949,0.95,0.965,51296,0
SHFS.US,D,20240401,000000,0.995,1.01,0.9407,0.974,35474,0
SHFS.US,D,20240402,000000,0.97,0.9748,0.9,0.9412,54735,0
SHFS.US,D,20240403,000000,0.92,0.92,0.87,0.89,78766,0
SHFS.US,D,20240404,000000,0.885,0.89,0.8301,0.84,124855,0
SHFS.US,D,20240405,000000,0.86,0.86,0.8,0.816,88228,0
SHFS.US,D,20240408,000000,0.82,0.84,0.81,0.8362,45319,0
SHFS.US,D,20240409,000000,0.81,0.8298,0.75,0.7905,112098,0
SHFS.US,D,20240410,000000,0.77,0.8074,0.711,0.765,121827,0
SHFS.US,D,20240411,000000,0.74,0.825,0.736,0.825,148033,0
SHFS.US,D,20240412,000000,0.8218,0.83,0.78,0.8001,68913,0
SHFS.US,D,20240415,000000,0.82,0.83,0.75,0.7698,72486,0
SHFS.US,D,20240416,000000,0.779999,0.789899,0.71,0.725,59268,0
SHFS.US,D,20240417,000000,0.72,0.732,0.655,0.6798,157624,0
SHFS.US,D,20240418,000000,0.67,0.7299,0.67,0.7281,131880,0
SHFS.US,D,20240419,000000,0.7163,0.7499,0.715,0.7397,21387,0
SHFS.US,D,20240422,000000,0.725,0.73,0.725,0.7287,13495,0
SHFS.US,D,20240423,000000,0.6887,0.74,0.6887,0.7,79243,0
SHFS.US,D,20240424,000000,0.743,0.743,0.7,0.7101,18060,0
SHFS.US,D,20240425,000000,0.72,0.75,0.7,0.73,36977,0
SHFS.US,D,20240426,000000,0.74,0.77,0.74,0.7547,35218,0
SHFS.US,D,20240429,000000,0.7547,0.7547,0.7255,0.7398,6676,0
SHFS.US,D,20240430,000000,0.74,0.94,0.735,0.89,382953,0
SHFS.US,D,20240501,000000,0.8792,0.885,0.7888,0.8,154456,0
SHFS.US,D,20240502,000000,0.78,0.7998,0.7614,0.7659,52685,0
SHFS.US,D,20240503,000000,0.78,0.8099,0.7635,0.77,20671,0
SHFS.US,D,20240506,000000,0.79,0.805,0.7794,0.784,32922,0
SHFS.US,D,20240507,000000,0.7852,0.7899,0.7803,0.7804,11884,0
SHFS.US,D,20240508,000000,0.7801,0.7857,0.75,0.76,15517,0
SHFS.US,D,20240509,000000,0.795051,0.7975,0.751,0.7883,16432,0
SHFS.US,D,20240510,000000,0.8,0.802,0.7883,0.7949,40432,0
SHFS.US,D,20240513,000000,0.8,0.8,0.77,0.79355,73911,0
SHFS.US,D,20240514,000000,0.8,0.8,0.75,0.77,71915,0
SHFS.US,D,20240515,000000,0.75,0.792,0.75,0.7515,30323,0
SHFS.US,D,20240516,000000,0.767,0.79,0.7525,0.77,27913,0
SHFS.US,D,20240517,000000,0.78,0.78,0.7525,0.7536,4385,0
SHFS.US,D,20240520,000000,0.7536,0.765,0.7536,0.762,24977,0
SHFS.US,D,20240521,000000,0.7638,0.7638,0.75,0.75,5769,0
SHFS.US,D,20240522,000000,0.75,0.7699,0.75,0.7699,30809,0
SHFS.US,D,20240523,000000,0.77,0.77,0.7354,0.7474,46875,0
SHFS.US,D,20240524,000000,0.735,0.76,0.7332,0.7349,14910,0
SHFS.US,D,20240528,000000,0.759,0.759,0.7306,0.738,15870,0
SHFS.US,D,20240529,000000,0.7311,0.7401,0.7306,0.7329,17510,0
SHFS.US,D,20240530,000000,0.7376,0.7376,0.7,0.72,72839,0
SHFS.US,D,20240531,000000,0.730001,0.76,0.7001,0.73,17867,0
SHFS.US,D,20240603,000000,0.73,0.745001,0.705,0.7107,34717,0
SHFS.US,D,20240604,000000,0.7,0.7233,0.6754,0.7,49157,0
SHFS.US,D,20240605,000000,0.7,0.7,0.65,0.67,81841,0
SHFS.US,D,20240606,000000,0.661,0.661,0.601,0.63,146180,0
SHFS.US,D,20240607,000000,0.64,0.642249,0.555,0.56,135631,0
SHFS.US,D,20240610,000000,0.56,0.68,0.56,0.652,95902,0
SHFS.US,D,20240611,000000,0.663,0.67005,0.5843,0.66,66754,0
SHFS.US,D,20240612,000000,0.72,0.72,0.6299,0.689,56904,0
SHFS.US,D,20240613,000000,0.676,0.68,0.622301,0.67,29173,0
SHFS.US,D,20240614,000000,0.6201,0.6563,0.605,0.606,35230,0
SHFS.US,D,20240617,000000,0.605,0.64,0.5531,0.575,105927,0
SHFS.US,D,20240618,000000,0.5898,0.589801,0.505,0.5259,90059,0
SHFS.US,D,20240620,000000,0.51,0.5561,0.5055,0.541,127391,0
SHFS.US,D,20240621,000000,0.541,0.5583,0.524,0.5491,214768,0
SHFS.US,D,20240624,000000,0.55,0.58,0.5301,0.57,74312,0
SHFS.US,D,20240625,000000,0.557,0.5725,0.5275,0.565,53301,0
SHFS.US,D,20240626,000000,0.56,0.56,0.5303,0.544,20303,0
SHFS.US,D,20240627,000000,0.559,0.5599,0.530101,0.558,9662,0
SHFS.US,D,20240628,000000,0.55,0.5599,0.535,0.5359,62539,0
SHFS.US,D,20240701,000000,0.552,0.552,0.512,0.5409,54958,0
SHFS.US,D,20240702,000000,0.5408,0.56,0.5301,0.5481,49396,0
SHFS.US,D,20240703,000000,0.534,0.5599,0.5089,0.5552,19665,0
SHFS.US,D,20240705,000000,0.55,0.55,0.5151,0.5499,27051,0
SHFS.US,D,20240708,000000,0.5499,0.5499,0.505,0.505,30807,0
SHFS.US,D,20240709,000000,0.505,0.72,0.505,0.6701,211673,0
SHFS.US,D,20240710,000000,0.66,0.743,0.655001,0.6929,118735,0
SHFS.US,D,20240711,000000,0.6721,0.6999,0.6534,0.6881,45077,0
SHFS.US,D,20240712,000000,0.6211,0.7,0.6211,0.685,48705,0
SHFS.US,D,20240715,000000,0.65,0.6666,0.605,0.6157,84867,0
SHFS.US,D,20240716,000000,0.635,0.68,0.6175,0.6425,39873,0
SHFS.US,D,20240717,000000,0.6034,0.6898,0.6034,0.6849,42800,0
SHFS.US,D,20240718,000000,0.6319,0.73,0.63,0.6789,68535,0
SHFS.US,D,20240719,000000,0.63,0.68,0.63,0.634,30948,0
SHFS.US,D,20240722,000000,0.63,0.67,0.595,0.6298,98512,0
SHFS.US,D,20240723,000000,0.612,0.7,0.6,0.6635,63266,0
SHFS.US,D,20240724,000000,0.66,0.66,0.6194,0.6337,18891,0
SHFS.US,D,20240725,000000,0.62,0.66,0.611,0.6375,25406,0
SHFS.US,D,20240726,000000,0.61,0.69,0.61,0.669,51679,0
SHFS.US,D,20240729,000000,0.67,0.67,0.605,0.6147,83117,0
SHFS.US,D,20240730,000000,0.64,0.68,0.6301,0.6496,56599,0
SHFS.US,D,20240731,000000,0.61,0.65,0.6099,0.65,27467,0
SHFS.US,D,20240801,000000,0.68,0.6899,0.6192,0.6702,37702,0
SHFS.US,D,20240802,000000,0.679,0.679,0.621,0.621,28412,0
SHFS.US,D,20240805,000000,0.575,0.588,0.551,0.585,35588,0
SHFS.US,D,20240806,000000,0.55,0.69,0.55,0.625,12508,0
SHFS.US,D,20240807,000000,0.63,0.65,0.57,0.59,64829,0
SHFS.US,D,20240808,000000,0.6299,0.65,0.51,0.602,37589,0
SHFS.US,D,20240809,000000,0.565,0.599,0.56,0.599,24624,0
SHFS.US,D,20240812,000000,0.5999,0.6499,0.554,0.63,48301,0
SHFS.US,D,20240813,000000,0.61,0.6399,0.5802,0.61,41403,0
SHFS.US,D,20240814,000000,0.64,0.64,0.6,0.6249,25161,0
SHFS.US,D,20240815,000000,0.61,0.6649,0.61,0.6301,40334,0
SHFS.US,D,20240816,000000,0.63,0.65,0.63,0.635,17333,0
SHFS.US,D,20240819,000000,0.63,0.635,0.5805,0.635,53194,0
SHFS.US,D,20240820,000000,0.591,0.6359,0.577,0.6359,76275,0
SHFS.US,D,20240821,000000,0.640001,0.65,0.63,0.6375,58105,0
SHFS.US,D,20240822,000000,0.642551,0.64296,0.62,0.6294,51672,0
SHFS.US,D,20240823,000000,0.611,0.65,0.6085,0.65,57359,0
SHFS.US,D,20240826,000000,0.647,0.65,0.62,0.649,38392,0
SHFS.US,D,20240827,000000,0.625,0.65,0.5733,0.5875,18825,0
SHFS.US,D,20240828,000000,0.59,0.63485,0.59,0.6,30309,0
SHFS.US,D,20240829,000000,0.63,0.63,0.5663,0.585,35250,0
SHFS.US,D,20240830,000000,0.58,0.65,0.5744,0.631,47147,0
SHFS.US,D,20240903,000000,0.65,0.65,0.6,0.619,27408,0
SHFS.US,D,20240904,000000,0.58,0.595,0.555,0.56,47056,0
SHFS.US,D,20240905,000000,0.56,0.59,0.55,0.5643,39759,0
SHFS.US,D,20240906,000000,0.5503,0.6,0.55,0.59,24167,0
SHFS.US,D,20240909,000000,0.5725,0.61,0.5301,0.599,75301,0
SHFS.US,D,20240910,000000,0.6099,0.6099,0.56,0.58,20289,0
SHFS.US,D,20240911,000000,0.58,0.58,0.55,0.58,53403,0
SHFS.US,D,20240912,000000,0.56,0.58,0.55,0.57,82407,0
SHFS.US,D,20240913,000000,0.57,0.57,0.545,0.562,62840,0
SHFS.US,D,20240916,000000,0.5578,0.62,0.5501,0.5779,42339,0
SHFS.US,D,20240917,000000,0.581,0.59,0.5669,0.567,3798,0
SHFS.US,D,20240918,000000,0.5701,0.59,0.5394,0.54,72677,0
SHFS.US,D,20240919,000000,0.56,0.56,0.54,0.5594,32470,0
SHFS.US,D,20240920,000000,0.56,0.58,0.5433,0.5756,123925,0
SHFS.US,D,20240923,000000,0.55,0.58,0.5411,0.5697,50016,0
SHFS.US,D,20240924,000000,0.5871,0.5871,0.52,0.5301,57463,0
SHFS.US,D,20240925,000000,0.522,0.55,0.505,0.5449,84063,0
SHFS.US,D,20240926,000000,0.54,0.5599,0.52,0.5299,53523,0
SHFS.US,D,20240927,000000,0.5299,0.55,0.5,0.5146,94722,0
SHFS.US,D,20240930,000000,0.51,0.5574,0.5001,0.5533,56322,0
SHFS.US,D,20241001,000000,0.5569,0.5569,0.4801,0.4901,74662,0
SHFS.US,D,20241002,000000,0.4925,0.5199,0.4901,0.5,15990,0
SHFS.US,D,20241003,000000,0.508,0.53,0.4909,0.5043,34103,0
SHFS.US,D,20241004,000000,0.525,0.525,0.49,0.4901,31065,0
SHFS.US,D,20241007,000000,0.5,0.5388,0.5,0.525,81526,0
SHFS.US,D,20241008,000000,0.491,0.52,0.456,0.4825,93600,0
SHFS.US,D,20241009,000000,0.519,0.52,0.49,0.49,20696,0
SHFS.US,D,20241010,000000,0.46,0.4815,0.44085,0.4815,126634,0
SHFS.US,D,20241011,000000,0.4852,0.49,0.48,0.4821,16577,0
SHFS.US,D,20241014,000000,0.46,0.4811,0.46,0.4611,69923,0
SHFS.US,D,20241015,000000,0.48165,0.48165,0.4733,0.48,5593,0
SHFS.US,D,20241016,000000,0.4818,0.489899,0.4507,0.4737,52956,0
SHFS.US,D,20241017,000000,0.47,0.5075,0.47,0.5075,27676,0
SHFS.US,D,20241018,000000,0.505,0.505,0.46,0.464101,49703,0
SHFS.US,D,20241021,000000,0.47,0.4975,0.47,0.47,16401,0
SHFS.US,D,20241022,000000,0.47,0.52,0.47,0.4769,18472,0
SHFS.US,D,20241023,000000,0.519,0.519,0.4554,0.4578,40604,0
SHFS.US,D,20241024,000000,0.446,0.5,0.446,0.47,44395,0
SHFS.US,D,20241025,000000,0.475,0.489899,0.4543,0.4543,43617,0
SHFS.US,D,20241028,000000,0.475,0.4841,0.4443,0.4462,36524,0
SHFS.US,D,20241029,000000,0.442401,0.4468,0.41,0.4398,34802,0
SHFS.US,D,20241030,000000,0.4,0.4385,0.4,0.41,59919,0
SHFS.US,D,20241031,000000,0.4199,0.4199,0.39,0.3901,56132,0
SHFS.US,D,20241101,000000,0.39,0.42,0.32,0.405,242696,0
SHFS.US,D,20241104,000000,0.4,0.4,0.3645,0.3939,107834,0
SHFS.US,D,20241105,000000,0.3939,0.4,0.3702,0.3799,74263,0
SHFS.US,D,20241106,000000,0.3799,0.3951,0.3442,0.37,154489,0
SHFS.US,D,20241107,000000,0.37,0.37369,0.355,0.3551,45589,0
SHFS.US,D,20241108,000000,0.3551,0.36,0.3413,0.35,52015,0
SHFS.US,D,20241111,000000,0.35,0.35,0.3,0.342,118460,0
SHFS.US,D,20241112,000000,0.3361,0.42,0.3361,0.3625,405780,0
SHFS.US,D,20241113,000000,0.35,0.3986,0.3123,0.355,196035,0
SHFS.US,D,20241114,000000,0.3443,0.380001,0.3201,0.3444,174920,0
SHFS.US,D,20241115,000000,0.3301,0.35,0.3151,0.345,62337,0
SHFS.US,D,20241118,000000,0.3081,0.345,0.3081,0.3177,79995,0
SHFS.US,D,20241119,000000,0.306,0.3381,0.3,0.31,91454,0
SHFS.US,D,20241120,000000,0.31,0.3299,0.2958,0.31,266945,0
SHFS.US,D,20241121,000000,0.31,0.49,0.3009,0.403,1354433,0
SHFS.US,D,20241122,000000,0.385,0.48,0.3748,0.425,237023,0
SHFS.US,D,20241125,000000,0.434,0.48,0.4,0.421,424885,0
SHFS.US,D,20241126,000000,0.427,0.4587,0.4,0.42,116059,0
SHFS.US,D,20241127,000000,0.4299,0.455,0.4,0.428,121955,0
SHFS.US,D,20241129,000000,0.4377,0.475,0.42,0.4554,150850,0
SHFS.US,D,20241202,000000,0.48,0.484999,0.44,0.46,80181,0
SHFS.US,D,20241203,000000,0.447,0.47,0.424,0.459,68232,0
SHFS.US,D,20241204,000000,0.44,0.45,0.4,0.4108,123353,0
SHFS.US,D,20241205,000000,0.406,0.4201,0.39,0.4082,104872,0
SHFS.US,D,20241206,000000,0.4,0.42,0.39,0.4168,41871,0
SHFS.US,D,20241209,000000,0.41,0.415,0.4004,0.4149,165974,0
SHFS.US,D,20241210,000000,0.41,0.417,0.39,0.4,65851,0
SHFS.US,D,20241211,000000,0.4,0.4,0.37,0.371,281345,0
SHFS.US,D,20241212,000000,0.365,0.3889,0.3425,0.344,448756,0
SHFS.US,D,20241213,000000,0.37,0.37,0.3332,0.34,115238,0
SHFS.US,D,20241216,000000,0.349,0.425,0.3331,0.3953,534159,0
SHFS.US,D,20241217,000000,0.388,0.4199,0.3642,0.3847,67380,0
SHFS.US,D,20241218,000000,0.4,0.4406,0.375,0.375,265011,0
SHFS.US,D,20241219,000000,0.37,0.4,0.37,0.397,133975,0
SHFS.US,D,20241220,000000,0.3855,0.425,0.3855,0.415,298822,0
SHFS.US,D,20241223,000000,0.409,0.429,0.4089,0.4171,51016,0
SHFS.US,D,20241224,000000,0.43,0.43,0.4149,0.416,29537,0
SHFS.US,D,20241226,000000,0.42,0.45,0.4056,0.4152,94594,0
SHFS.US,D,20241227,000000,0.415,0.43,0.4001,0.421,116630,0
SHFS.US,D,20241230,000000,0.417,0.43,0.4,0.4151,201098,0
SHFS.US,D,20241231,000000,0.4,0.470049,0.4,0.4503,255635,0
SHFS.US,D,20250102,000000,0.4368,0.45,0.4205,0.4205,63685,0
SHFS.US,D,20250103,000000,0.44,0.44,0.4222,0.435,13496,0
SHFS.US,D,20250106,000000,0.425,0.4299,0.391,0.392,90425,0
SHFS.US,D,20250107,000000,0.39,0.3948,0.376,0.3779,2845570,0
SHFS.US,D,20250108,000000,0.371,0.4249,0.321,0.409,1345226,0
SHFS.US,D,20250110,000000,0.41,0.4101,0.3309,0.39,224376,0
SHFS.US,D,20250113,000000,0.3878,0.3878,0.3603,0.38,57945,0
SHFS.US,D,20250114,000000,0.38,0.42,0.37,0.4021,333320,0
SHFS.US,D,20250115,000000,0.415,0.415,0.3801,0.395,75240,0
SHFS.US,D,20250116,000000,0.39,0.3999,0.3701,0.3801,110882,0
SHFS.US,D,20250117,000000,0.385,0.3973,0.363,0.387,119441,0
SHFS.US,D,20250121,000000,0.4,0.4,0.3821,0.389,55672,0
SHFS.US,D,20250122,000000,0.376,0.4,0.3603,0.382,110593,0
SHFS.US,D,20250123,000000,0.38,0.385,0.37,0.379,57439,0
SHFS.US,D,20250124,000000,0.371,0.3972,0.37,0.374,54705,0
SHFS.US,D,20250127,000000,0.39,0.3994,0.374,0.3994,25018,0
SHFS.US,D,20250128,000000,0.3909,0.3909,0.3664,0.381,41106,0
SHFS.US,D,20250129,000000,0.3906,0.45,0.38,0.438,916013,0
SHFS.US,D,20250130,000000,0.4438,0.49,0.43,0.4727,178078,0
SHFS.US,D,20250131,000000,0.4699,0.526699,0.4699,0.4979,113343,0
SHFS.US,D,20250203,000000,0.47,0.498,0.4478,0.4899,94695,0
SHFS.US,D,20250204,000000,0.49,0.5098,0.45,0.487,107324,0
SHFS.US,D,20250205,000000,0.4725,0.4949,0.4501,0.484,145135,0
SHFS.US,D,20250206,000000,0.4695,0.4695,0.4356,0.4356,104840,0
SHFS.US,D,20250207,000000,0.4282,0.4401,0.4034,0.435,82861,0
SHFS.US,D,20250210,000000,0.4277,0.4567,0.4034,0.4298,32421,0
SHFS.US,D,20250211,000000,0.4298,0.43,0.4011,0.429,127019,0
SHFS.US,D,20250212,000000,0.438,0.438,0.409901,0.41,16014,0
SHFS.US,D,20250213,000000,0.42,0.42,0.39,0.401,99209,0
