<TICKER>,<PER>,<DATE>,<TIME>,<OPEN>,<HIGH>,<LOW>,<CLOSE>,<VOL>,<OPENINT>
SNAXW.US,D,20190307,000000,0.2,0.2,0.1624,0.1624,26900,0
SNAXW.US,D,20190308,000000,0.2,0.2,0.19,0.19,65000,0
SNAXW.US,D,20190311,000000,0.19,0.19,0.19,0.19,300,0
SNAXW.US,D,20190312,000000,0.19,0.19,0.19,0.19,200,0
SNAXW.US,D,20190313,000000,0.19,0.19,0.19,0.19,31200,0
SNAXW.US,D,20190314,000000,0.19,0.1901,0.19,0.19,101100,0
SNAXW.US,D,20190315,000000,0.19,0.19,0.19,0.19,33700,0
SNAXW.US,D,20190318,000000,0.19,0.19,0.19,0.19,300,0
SNAXW.US,D,20190321,000000,0.18,0.18,0.17,0.17,301000,0
SNAXW.US,D,20190322,000000,0.2,0.2,0.2,0.2,300,0
SNAXW.US,D,20190325,000000,0.19,0.19,0.17,0.1701,63000,0
SNAXW.US,D,20190328,000000,0.1901,0.2,0.1901,0.2,7800,0
SNAXW.US,D,20190401,000000,0.19,0.19,0.18,0.18,25000,0
SNAXW.US,D,20190404,000000,0.2,0.2,0.2,0.2,200,0
SNAXW.US,D,20190405,000000,0.19,0.19,0.1801,0.1801,11800,0
SNAXW.US,D,20190411,000000,0.1702,0.21,0.17,0.2,183680,0
SNAXW.US,D,20190415,000000,0.2,0.2,0.2,0.2,30100,0
SNAXW.US,D,20190416,000000,0.2,0.2,0.2,0.2,25300,0
SNAXW.US,D,20190417,000000,0.22,0.22,0.22,0.22,56000,0
SNAXW.US,D,20190418,000000,0.2,0.25,0.2,0.24,78200,0
SNAXW.US,D,20190422,000000,0.25,0.25,0.25,0.25,14300,0
SNAXW.US,D,20190423,000000,0.25,0.25,0.25,0.25,126300,0
SNAXW.US,D,20190424,000000,0.25,0.25,0.25,0.25,100,0
SNAXW.US,D,20190429,000000,0.25,0.25,0.25,0.25,4000,0
SNAXW.US,D,20190430,000000,0.25,0.25,0.25,0.25,17500,0
SNAXW.US,D,20190501,000000,0.25,0.25,0.25,0.25,2000,0
SNAXW.US,D,20190502,000000,0.25,0.26,0.25,0.26,7400,0
SNAXW.US,D,20190503,000000,0.25,0.26,0.25,0.2588,1520,0
SNAXW.US,D,20190506,000000,0.25,0.25,0.25,0.25,1000,0
SNAXW.US,D,20190507,000000,0.25,0.25,0.25,0.25,1800,0
SNAXW.US,D,20190508,000000,0.25,0.25,0.25,0.25,39400,0
SNAXW.US,D,20190514,000000,0.24,0.24,0.24,0.24,100,0
SNAXW.US,D,20190515,000000,0.2589,0.26,0.23,0.23,5600,0
SNAXW.US,D,20190520,000000,0.2536,0.2536,0.2536,0.2536,100,0
SNAXW.US,D,20190521,000000,0.22,0.24,0.19,0.24,23500,0
SNAXW.US,D,20190529,000000,0.22,0.22,0.19,0.22,96040,0
SNAXW.US,D,20190530,000000,0.2,0.2,0.2,0.2,4000,0
SNAXW.US,D,20190606,000000,0.26,0.26,0.26,0.26,100,0
SNAXW.US,D,20190607,000000,0.23,0.23,0.23,0.23,200,0
SNAXW.US,D,20190610,000000,0.23,0.23,0.23,0.23,100,0
SNAXW.US,D,20190611,000000,0.23,0.23,0.23,0.23,300,0
SNAXW.US,D,20190612,000000,0.25,0.25,0.25,0.25,15000,0
SNAXW.US,D,20190614,000000,0.23,0.23,0.23,0.23,200,0
SNAXW.US,D,20190625,000000,0.21,0.21,0.21,0.21,100,0
SNAXW.US,D,20190626,000000,0.21,0.21,0.21,0.21,1000,0
SNAXW.US,D,20190708,000000,0.21,0.21,0.21,0.21,1000,0
SNAXW.US,D,20190716,000000,0.21,0.21,0.21,0.21,200,0
SNAXW.US,D,20190717,000000,0.21,0.21,0.21,0.21,7400,0
SNAXW.US,D,20190718,000000,0.21,0.21,0.21,0.21,1000,0
SNAXW.US,D,20190719,000000,0.21,0.21,0.21,0.21,1000,0
SNAXW.US,D,20190723,000000,0.21,0.21,0.21,0.21,1000,0
SNAXW.US,D,20190731,000000,0.21,0.21,0.21,0.21,6000,0
SNAXW.US,D,20190806,000000,0.2101,0.2101,0.21,0.21,25000,0
SNAXW.US,D,20190820,000000,0.2,0.22,0.2,0.22,8520,0
SNAXW.US,D,20190822,000000,0.2,0.2,0.2,0.2,1600,0
SNAXW.US,D,20190904,000000,0.21,0.21,0.21,0.21,100,0
SNAXW.US,D,20190919,000000,0.2,0.2001,0.2,0.2001,1500,0
SNAXW.US,D,20190923,000000,0.22,0.23,0.22,0.22,3000,0
SNAXW.US,D,20190924,000000,0.23,0.23,0.22,0.22,10400,0
SNAXW.US,D,20190926,000000,0.21,0.21,0.21,0.21,3062,0
SNAXW.US,D,20190930,000000,0.2002,0.2002,0.2002,0.2002,5600,0
SNAXW.US,D,20191003,000000,0.22,0.22,0.22,0.22,700,0
SNAXW.US,D,20191014,000000,0.21,0.22,0.21,0.22,19600,0
SNAXW.US,D,20191015,000000,0.2199,0.22,0.2199,0.22,60000,0
SNAXW.US,D,20191016,000000,0.22,0.22,0.22,0.22,100,0
SNAXW.US,D,20191021,000000,0.22,0.22,0.2099,0.2099,4850,0
SNAXW.US,D,20191118,000000,0.22,0.22,0.215,0.22,396400,0
SNAXW.US,D,20191204,000000,0.23,0.23,0.2289,0.23,2000,0
SNAXW.US,D,20191205,000000,0.2063,0.2063,0.205,0.2061,2000,0
SNAXW.US,D,20191218,000000,0.21,0.21,0.2001,0.2001,2600,0
SNAXW.US,D,20191219,000000,0.21,0.21,0.21,0.21,2000,0
SNAXW.US,D,20200121,000000,0.22,0.2201,0.21,0.2201,92000,0
SNAXW.US,D,20200129,000000,0.23,0.23,0.23,0.23,50000,0
SNAXW.US,D,20200130,000000,0.23,0.23,0.23,0.23,26500,0
SNAXW.US,D,20200131,000000,0.23,0.23,0.23,0.23,49900,0
SNAXW.US,D,20200203,000000,0.23,0.23,0.22,0.22,24550,0
SNAXW.US,D,20200207,000000,0.223631,0.223631,0.22,0.22,700,0
SNAXW.US,D,20200214,000000,0.229,0.229,0.229,0.229,160,0
SNAXW.US,D,20200225,000000,0.22,0.221,0.22,0.22,15245,0
SNAXW.US,D,20200227,000000,0.189199,0.19,0.18,0.19,21900,0
SNAXW.US,D,20200305,000000,0.2,0.2,0.1994,0.1994,14200,0
SNAXW.US,D,20200309,000000,0.1801,0.1801,0.18,0.18,27732,0
SNAXW.US,D,20200311,000000,0.15,0.15,0.15,0.15,12500,0
SNAXW.US,D,20200312,000000,0.1101,0.1101,0.1101,0.1101,21700,0
SNAXW.US,D,20200313,000000,0.1101,0.1101,0.1101,0.1101,100,0
SNAXW.US,D,20200316,000000,0.11,0.11,0.11,0.11,100,0
SNAXW.US,D,20200317,000000,0.1,0.12,0.09,0.105,326800,0
SNAXW.US,D,20200318,000000,0.092031,0.092031,0.09,0.09,1652,0
SNAXW.US,D,20200320,000000,0.1,0.11,0.1,0.1,50106,0
SNAXW.US,D,20200327,000000,0.1,0.1,0.1,0.1,3000,0
SNAXW.US,D,20200331,000000,0.1,0.1,0.1,0.1,19700,0
SNAXW.US,D,20200403,000000,0.1,0.1,0.1,0.1,10000,0
SNAXW.US,D,20200406,000000,0.075,0.075,0.075,0.075,200,0
SNAXW.US,D,20200408,000000,0.074,0.074,0.074,0.074,1500,0
SNAXW.US,D,20200409,000000,0.0962,0.1,0.0962,0.1,531,0
SNAXW.US,D,20200413,000000,0.12,0.12,0.12,0.12,100,0
SNAXW.US,D,20200429,000000,0.1,0.1,0.1,0.1,172050,0
SNAXW.US,D,20200430,000000,0.06,0.09,0.06,0.07,30880,0
SNAXW.US,D,20200506,000000,0.09,0.09,0.09,0.09,200,0
SNAXW.US,D,20200512,000000,0.07,0.07,0.069899,0.069899,2000,0
SNAXW.US,D,20200518,000000,0.09,0.09,0.065,0.065,1101,0
SNAXW.US,D,20200519,000000,0.0608,0.0608,0.0608,0.0608,1500,0
SNAXW.US,D,20200520,000000,0.0645,0.0645,0.0645,0.0645,2190,0
SNAXW.US,D,20200521,000000,0.1,0.1,0.1,0.1,16342,0
SNAXW.US,D,20200528,000000,0.26,0.26,0.1003,0.18,16600,0
SNAXW.US,D,20200529,000000,0.14,0.1401,0.14,0.1401,693,0
SNAXW.US,D,20200601,000000,0.1821,0.2366,0.13,0.13,2900,0
SNAXW.US,D,20200602,000000,0.169,0.17,0.15,0.1546,67100,0
SNAXW.US,D,20200603,000000,0.14,0.15,0.14,0.15,3000,0
SNAXW.US,D,20200604,000000,0.15,0.15,0.136,0.15,13300,0
SNAXW.US,D,20200605,000000,0.2128,0.2499,0.15,0.15,7811,0
SNAXW.US,D,20200608,000000,0.25,0.25,0.2234,0.25,27535,0
SNAXW.US,D,20200609,000000,0.25,0.32,0.25,0.32,23601,0
SNAXW.US,D,20200610,000000,0.32,0.35,0.255,0.29,202521,0
SNAXW.US,D,20200611,000000,0.29,0.29,0.21,0.21,12985,0
SNAXW.US,D,20200612,000000,0.21,0.2932,0.182,0.24,267603,0
SNAXW.US,D,20200615,000000,0.270265,0.270265,0.248,0.248,9202,0
SNAXW.US,D,20200617,000000,0.29,0.56,0.26,0.3622,98978,0
SNAXW.US,D,20200618,000000,0.421039,0.421039,0.2987,0.32,55098,0
SNAXW.US,D,20200619,000000,0.3,0.3,0.22,0.2999,10590,0
SNAXW.US,D,20200622,000000,0.3001,0.3001,0.25,0.3,88660,0
SNAXW.US,D,20200623,000000,0.3999,0.4499,0.32,0.4,992405,0
SNAXW.US,D,20200624,000000,0.38,0.38,0.331,0.36,59671,0
SNAXW.US,D,20200625,000000,0.39,0.39,0.321,0.338501,27350,0
SNAXW.US,D,20200626,000000,0.34,0.3789,0.331,0.36,349540,0
SNAXW.US,D,20200629,000000,0.5,0.54,0.35,0.3997,140032,0
SNAXW.US,D,20200630,000000,0.44,0.4699,0.398,0.4299,195322,0
SNAXW.US,D,20200701,000000,0.4399,0.7,0.3803,0.66,538650,0
SNAXW.US,D,20200702,000000,0.71,0.71,0.55,0.58,154587,0
SNAXW.US,D,20200706,000000,0.55,0.6399,0.55,0.5999,74401,0
SNAXW.US,D,20200707,000000,0.58,0.6,0.4001,0.52,129598,0
SNAXW.US,D,20200708,000000,0.520101,0.520101,0.45,0.499899,51027,0
SNAXW.US,D,20200709,000000,0.5,0.62,0.47505,0.612499,254360,0
SNAXW.US,D,20200710,000000,0.7106,0.75,0.6,0.699,173292,0
SNAXW.US,D,20200713,000000,0.74,0.8,0.65,0.71933,410589,0
SNAXW.US,D,20200714,000000,0.869,0.869,0.5408,0.65,297612,0
SNAXW.US,D,20200715,000000,0.67,0.95,0.6251,0.7499,367554,0
SNAXW.US,D,20200716,000000,0.75,0.75,0.620101,0.659851,156793,0
SNAXW.US,D,20200717,000000,0.765,0.765,0.66,0.74,52877,0
SNAXW.US,D,20200720,000000,0.72,0.74,0.65,0.69,68119,0
SNAXW.US,D,20200721,000000,0.7399,0.74,0.6499,0.685,118738,0
SNAXW.US,D,20200722,000000,0.5061,0.55,0.2621,0.29,1783359,0
SNAXW.US,D,20200723,000000,0.36,0.3712,0.28,0.2841,303949,0
SNAXW.US,D,20200724,000000,0.35,0.35,0.29,0.29,132387,0
SNAXW.US,D,20200727,000000,0.29,0.39,0.29,0.294999,177593,0
SNAXW.US,D,20200728,000000,0.317,0.317,0.26,0.27,66257,0
SNAXW.US,D,20200729,000000,0.27,0.33,0.27,0.28,53473,0
SNAXW.US,D,20200730,000000,0.3,0.3,0.25,0.27,181460,0
SNAXW.US,D,20200731,000000,0.25,0.2999,0.2301,0.29,104154,0
SNAXW.US,D,20200803,000000,0.3,0.3,0.2402,0.27,24687,0
SNAXW.US,D,20200804,000000,0.2999,0.3,0.27,0.27,10398,0
SNAXW.US,D,20200805,000000,0.27,0.2899,0.2502,0.26,185463,0
SNAXW.US,D,20200806,000000,0.2505,0.2582,0.2301,0.25,132700,0
SNAXW.US,D,20200807,000000,0.279,0.28,0.23,0.2798,78573,0
SNAXW.US,D,20200810,000000,0.254899,0.2897,0.22,0.25,115118,0
SNAXW.US,D,20200811,000000,0.27,0.27,0.241,0.242,14723,0
SNAXW.US,D,20200812,000000,0.2302,0.245858,0.23,0.2302,33198,0
SNAXW.US,D,20200813,000000,0.2302,0.2465,0.197,0.24,233609,0
SNAXW.US,D,20200814,000000,0.24,0.25445,0.235,0.2487,33851,0
SNAXW.US,D,20200817,000000,0.2499,0.2499,0.235,0.23515,24119,0
SNAXW.US,D,20200818,000000,0.24,0.258,0.24,0.2579,25530,0
SNAXW.US,D,20200819,000000,0.26,0.2601,0.25,0.2501,28338,0
SNAXW.US,D,20200820,000000,0.26,0.27,0.25,0.27,6920,0
SNAXW.US,D,20200821,000000,0.26,0.26,0.25,0.257,53610,0
SNAXW.US,D,20200824,000000,0.26,0.26,0.24,0.24,72995,0
SNAXW.US,D,20200825,000000,0.25,0.25,0.241,0.25,27384,0
SNAXW.US,D,20200826,000000,0.25,0.274,0.2499,0.273866,63462,0
SNAXW.US,D,20200827,000000,0.25,0.2799,0.25,0.27,22910,0
SNAXW.US,D,20200828,000000,0.2819,0.294899,0.278,0.285,15287,0
SNAXW.US,D,20200831,000000,0.28,0.29251,0.2775,0.29251,18621,0
SNAXW.US,D,20200901,000000,0.27,0.35,0.27,0.3325,86908,0
SNAXW.US,D,20200902,000000,0.35,0.35,0.2801,0.314999,54767,0
SNAXW.US,D,20200903,000000,0.35,0.35,0.31,0.3284,19763,0
SNAXW.US,D,20200904,000000,0.31,0.33,0.3,0.32,8255,0
SNAXW.US,D,20200908,000000,0.335,0.34,0.3,0.322,72536,0
SNAXW.US,D,20200909,000000,0.320001,0.3578,0.3056,0.3578,34750,0
SNAXW.US,D,20200910,000000,0.34,0.35,0.31,0.3488,54127,0
SNAXW.US,D,20200911,000000,0.33,0.34,0.3,0.33,23668,0
SNAXW.US,D,20200914,000000,0.33415,0.34,0.3,0.33,31636,0
SNAXW.US,D,20200915,000000,0.31,0.36,0.31,0.33,9778,0
SNAXW.US,D,20200916,000000,0.35,0.449999,0.32,0.395001,169120,0
SNAXW.US,D,20200917,000000,0.43,0.43,0.37,0.405,26829,0
SNAXW.US,D,20200918,000000,0.4,0.41,0.38,0.409899,52704,0
SNAXW.US,D,20200921,000000,0.4,0.45,0.39,0.410001,29024,0
SNAXW.US,D,20200922,000000,0.4,0.41,0.34,0.34,129703,0
SNAXW.US,D,20200923,000000,0.4,0.4,0.33,0.359899,18542,0
SNAXW.US,D,20200924,000000,0.33,0.33,0.26,0.3279,166114,0
SNAXW.US,D,20200925,000000,0.3,0.33,0.25,0.33,24101,0
SNAXW.US,D,20200928,000000,0.3303,0.34,0.29,0.329999,6388,0
SNAXW.US,D,20200929,000000,0.27,0.3199,0.26,0.28,26711,0
SNAXW.US,D,20200930,000000,0.29,0.33,0.29,0.33,27070,0
SNAXW.US,D,20201001,000000,0.33,0.353303,0.29,0.33,78241,0
SNAXW.US,D,20201002,000000,0.2701,0.3553,0.2701,0.31,10563,0
SNAXW.US,D,20201005,000000,0.28,0.33,0.28,0.3284,10578,0
SNAXW.US,D,20201006,000000,0.27,0.318,0.27,0.318,5600,0
SNAXW.US,D,20201007,000000,0.31,0.31,0.275,0.275101,9374,0
SNAXW.US,D,20201008,000000,0.3499,0.3499,0.349,0.349,259,0
SNAXW.US,D,20201009,000000,0.3,0.3001,0.2505,0.2801,60770,0
SNAXW.US,D,20201012,000000,0.28,0.3,0.26,0.265,84927,0
SNAXW.US,D,20201013,000000,0.26,0.27,0.26,0.27,3395,0
SNAXW.US,D,20201014,000000,0.270101,0.29,0.265,0.2768,66252,0
SNAXW.US,D,20201015,000000,0.28,0.28,0.2209,0.2598,86940,0
SNAXW.US,D,20201016,000000,0.29,0.29,0.25,0.25,36600,0
SNAXW.US,D,20201019,000000,0.2897,0.2897,0.25,0.2602,19700,0
SNAXW.US,D,20201020,000000,0.25,0.2501,0.245501,0.246,35313,0
SNAXW.US,D,20201021,000000,0.29,0.29,0.252,0.2663,13975,0
SNAXW.US,D,20201022,000000,0.26,0.2667,0.26,0.26,24100,0
SNAXW.US,D,20201023,000000,0.2309,0.2899,0.2309,0.26,13992,0
SNAXW.US,D,20201026,000000,0.2899,0.334,0.26,0.27,53281,0
SNAXW.US,D,20201027,000000,0.329,0.329,0.2137,0.2138,57930,0
SNAXW.US,D,20201028,000000,0.2899,0.3,0.23,0.250001,38523,0
SNAXW.US,D,20201029,000000,0.32,0.329,0.21,0.2394,24242,0
SNAXW.US,D,20201030,000000,0.2499,0.2499,0.221,0.245,29263,0
SNAXW.US,D,20201102,000000,0.2489,0.2489,0.2489,0.2489,113,0
SNAXW.US,D,20201103,000000,0.2489,0.254799,0.22,0.23,21671,0
SNAXW.US,D,20201104,000000,0.236,0.254,0.1711,0.1773,294442,0
SNAXW.US,D,20201105,000000,0.1487,0.1528,0.1,0.15,142128,0
SNAXW.US,D,20201106,000000,0.15,0.15,0.13,0.14,19746,0
SNAXW.US,D,20201109,000000,0.1,0.15,0.1,0.132999,37196,0
SNAXW.US,D,20201110,000000,0.1003,0.15,0.1003,0.131,30966,0
SNAXW.US,D,20201111,000000,0.122,0.14,0.12,0.13,5750,0
SNAXW.US,D,20201112,000000,0.15,0.15,0.13,0.1391,17625,0
SNAXW.US,D,20201113,000000,0.132,0.15,0.13,0.15,16075,0
SNAXW.US,D,20201116,000000,0.15,0.1618,0.1405,0.15,80446,0
SNAXW.US,D,20201117,000000,0.15,0.15,0.13,0.15,26450,0
SNAXW.US,D,20201118,000000,0.141,0.2079,0.141,0.1801,272408,0
SNAXW.US,D,20201119,000000,0.18,0.21,0.1601,0.21,78976,0
SNAXW.US,D,20201120,000000,0.21,0.25,0.2,0.245,68258,0
SNAXW.US,D,20201123,000000,0.24,0.289,0.2091,0.275,133774,0
SNAXW.US,D,20201124,000000,0.28,0.28,0.221,0.24,17632,0
SNAXW.US,D,20201125,000000,0.23,0.289,0.23,0.28,54345,0
SNAXW.US,D,20201127,000000,0.3814,0.3814,0.276,0.341,106427,0
SNAXW.US,D,20201130,000000,0.341,0.39,0.27463,0.39,62458,0
SNAXW.US,D,20201201,000000,0.38,0.4577,0.34,0.34,324334,0
SNAXW.US,D,20201202,000000,0.4,0.4,0.3,0.3784,253887,0
SNAXW.US,D,20201203,000000,0.38,0.38,0.327001,0.339,33313,0
SNAXW.US,D,20201204,000000,0.34,0.37,0.34,0.37,82118,0
SNAXW.US,D,20201207,000000,0.365001,0.425,0.351,0.39,88418,0
SNAXW.US,D,20201208,000000,0.4,0.4,0.351,0.4,41902,0
SNAXW.US,D,20201209,000000,0.4,0.44,0.38,0.4,168538,0
SNAXW.US,D,20201210,000000,0.38,0.555,0.374999,0.55,174471,0
SNAXW.US,D,20201211,000000,0.54,0.66,0.5104,0.609999,225726,0
SNAXW.US,D,20201214,000000,0.56,0.66,0.54,0.57,212688,0
SNAXW.US,D,20201215,000000,0.57,0.649999,0.54,0.570101,313515,0
SNAXW.US,D,20201216,000000,0.57,0.63,0.5599,0.5961,137517,0
SNAXW.US,D,20201217,000000,0.6,0.6016,0.56,0.575,165587,0
SNAXW.US,D,20201218,000000,0.58,0.63,0.5591,0.6075,114057,0
SNAXW.US,D,20201221,000000,0.6793,0.6793,0.56,0.6,257201,0
SNAXW.US,D,20201222,000000,0.63,0.75,0.63,0.7049,266656,0
SNAXW.US,D,20201223,000000,0.7,0.8,0.6711,0.7975,664811,0
SNAXW.US,D,20201224,000000,0.8,0.86,0.75,0.7897,313549,0
SNAXW.US,D,20201228,000000,0.8301,0.85,0.58,0.74,233339,0
SNAXW.US,D,20201229,000000,0.7201,0.79,0.7201,0.7202,25685,0
SNAXW.US,D,20201230,000000,0.7499,0.759,0.68,0.759,135546,0
SNAXW.US,D,20201231,000000,0.66,0.8198,0.651,0.796,582958,0
SNAXW.US,D,20210104,000000,0.779899,0.78,0.6606,0.72,76168,0
SNAXW.US,D,20210105,000000,0.6822,0.8,0.6822,0.7,203791,0
SNAXW.US,D,20210106,000000,0.75,0.82,0.7299,0.7798,243725,0
SNAXW.US,D,20210107,000000,0.78,0.81,0.682,0.7187,161382,0
SNAXW.US,D,20210108,000000,0.7,0.7693,0.67,0.67,60992,0
SNAXW.US,D,20210111,000000,0.714801,0.76,0.64,0.64,97243,0
SNAXW.US,D,20210112,000000,0.678899,0.72,0.67,0.715,121992,0
SNAXW.US,D,20210113,000000,0.84,0.8401,0.74,0.785,105255,0
SNAXW.US,D,20210114,000000,0.801,1.19,0.801,1.15,690490,0
SNAXW.US,D,20210115,000000,1.15,1.15,0.9,0.95,251176,0
SNAXW.US,D,20210119,000000,1,1,0.87,0.91,256805,0
SNAXW.US,D,20210120,000000,0.91,0.96,0.88,0.89,232697,0
SNAXW.US,D,20210121,000000,0.94,0.94,0.87,0.89,126011,0
SNAXW.US,D,20210122,000000,0.9,0.94,0.85,0.89,165058,0
SNAXW.US,D,20210125,000000,0.8901,0.9811,0.89,0.95,397734,0
SNAXW.US,D,20210126,000000,0.921,0.98,0.904,0.9547,185656,0
SNAXW.US,D,20210127,000000,0.905,0.92,0.691,0.691,318138,0
SNAXW.US,D,20210128,000000,1,1.11,0.8103,0.9499,1631626,0
SNAXW.US,D,20210129,000000,1.09,1.09,0.91,0.9799,261023,0
SNAXW.US,D,20210201,000000,0.981,1.05,0.9,1,437222,0
SNAXW.US,D,20210202,000000,0.95,1.13,0.9499,1.05,380761,0
SNAXW.US,D,20210203,000000,1.1,1.2,1.075,1.2,382789,0
SNAXW.US,D,20210204,000000,1.24,1.6046,1.2399,1.472,994493,0
SNAXW.US,D,20210205,000000,1.47,1.67,1.47,1.6,721589,0
SNAXW.US,D,20210208,000000,1.66,1.7,1.41,1.6599,291845,0
SNAXW.US,D,20210209,000000,1.7,1.7336,1.32,1.42,243097,0
SNAXW.US,D,20210210,000000,1.54,1.54,1.16,1.23,316506,0
SNAXW.US,D,20210211,000000,1.25,1.29,1.13,1.14,241771,0
SNAXW.US,D,20210212,000000,1.23,1.2399,1.13,1.16,180833,0
SNAXW.US,D,20210216,000000,1.16,1.21,1.1,1.1195,148076,0
SNAXW.US,D,20210217,000000,1.19,1.24,1.11,1.13,273596,0
SNAXW.US,D,20210218,000000,1.185,1.1953,1.08,1.13,355375,0
SNAXW.US,D,20210219,000000,1.21,1.21,1.11,1.1356,182857,0
SNAXW.US,D,20210222,000000,1.14,1.29,1.14,1.16,437773,0
SNAXW.US,D,20210223,000000,1.16,1.16,0.95,1.015,262371,0
SNAXW.US,D,20210224,000000,1.12,1.1201,0.9,0.96,477918,0
SNAXW.US,D,20210225,000000,1,1.02,0.92,0.9501,98012,0
SNAXW.US,D,20210226,000000,0.979899,0.98,0.88,0.88,126363,0
SNAXW.US,D,20210301,000000,1.02,1.2,1,1,223186,0
SNAXW.US,D,20210302,000000,1.1299,1.1299,0.880001,0.920001,47049,0
SNAXW.US,D,20210303,000000,0.9,0.915,0.85,0.868029,126290,0
SNAXW.US,D,20210304,000000,0.8601,0.8601,0.7,0.77999,162238,0
SNAXW.US,D,20210305,000000,0.740101,0.85,0.68,0.8,189740,0
SNAXW.US,D,20210308,000000,0.8,0.96,0.76,0.79,44607,0
SNAXW.US,D,20210309,000000,0.86,0.86,0.81,0.83,15921,0
SNAXW.US,D,20210310,000000,0.83,0.9281,0.78,0.879999,39536,0
SNAXW.US,D,20210311,000000,0.94,1,0.924,0.97,92637,0
SNAXW.US,D,20210312,000000,0.96,0.98,0.930001,0.97,16276,0
SNAXW.US,D,20210315,000000,0.99,0.997,0.8834,0.93,33157,0
SNAXW.US,D,20210316,000000,0.91,0.95,0.88,0.9,18431,0
SNAXW.US,D,20210317,000000,0.9491,0.9491,0.85,0.886,33893,0
SNAXW.US,D,20210318,000000,0.89,0.94,0.889251,0.912451,15154,0
SNAXW.US,D,20210319,000000,0.95,0.99,0.9,0.979251,72153,0
SNAXW.US,D,20210322,000000,0.96,1.04,0.96,1.01,105291,0
SNAXW.US,D,20210323,000000,1.02,1.02,0.9125,0.987599,10807,0
SNAXW.US,D,20210324,000000,0.9796,0.9796,0.9,0.91,29176,0
SNAXW.US,D,20210325,000000,0.870101,0.91,0.844999,0.87,55300,0
SNAXW.US,D,20210326,000000,0.84,0.8622,0.81,0.84,18238,0
SNAXW.US,D,20210329,000000,0.82,0.849799,0.81,0.82,11810,0
SNAXW.US,D,20210330,000000,0.82,0.8499,0.77,0.8195,25514,0
SNAXW.US,D,20210331,000000,0.82,0.85,0.77,0.85,9987,0
SNAXW.US,D,20210401,000000,0.87,0.88,0.8215,0.87,54585,0
SNAXW.US,D,20210405,000000,0.8749,0.9696,0.87,0.93,29163,0
SNAXW.US,D,20210406,000000,0.95,0.95,0.85,0.9499,34424,0
SNAXW.US,D,20210407,000000,0.94,0.94,0.9,0.939899,22000,0
SNAXW.US,D,20210408,000000,0.9301,0.995,0.9,0.95,92257,0
SNAXW.US,D,20210409,000000,1,1.09,0.9,1.01,159969,0
SNAXW.US,D,20210412,000000,0.95,1.07,0.95,1.06,81149,0
SNAXW.US,D,20210413,000000,0.96,1.05,0.951,1.02,28301,0
SNAXW.US,D,20210414,000000,1.02,1.05,0.99,0.99,16133,0
SNAXW.US,D,20210415,000000,0.9505,1.04,0.95,1,55208,0
SNAXW.US,D,20210416,000000,1,1.01,0.97,1.01,44723,0
SNAXW.US,D,20210419,000000,1,1,0.96,0.960201,13220,0
SNAXW.US,D,20210420,000000,0.98,1.0701,0.95,0.975,87610,0
SNAXW.US,D,20210421,000000,0.96,0.999,0.95,0.999,19371,0
SNAXW.US,D,20210422,000000,0.97,0.97,0.9501,0.96,9690,0
SNAXW.US,D,20210423,000000,0.96,0.9899,0.9,0.9799,13399,0
SNAXW.US,D,20210426,000000,0.94,1.01,0.92,1,80670,0
SNAXW.US,D,20210427,000000,1.01,1.01,0.99,1.0097,3080,0
SNAXW.US,D,20210428,000000,1,1,0.985,0.99,34649,0
SNAXW.US,D,20210429,000000,0.9897,0.99,0.95,0.9899,7220,0
SNAXW.US,D,20210430,000000,0.99,1.05,0.95,1.005,51756,0
SNAXW.US,D,20210503,000000,1.01,1.0268,1,1,80580,0
SNAXW.US,D,20210504,000000,0.96,1.005,0.96,0.998801,31545,0
SNAXW.US,D,20210505,000000,1,1.055,0.9977,1,42072,0
SNAXW.US,D,20210506,000000,1,1,0.85,0.95,31541,0
SNAXW.US,D,20210507,000000,0.93,1.01,0.91,0.91,10067,0
SNAXW.US,D,20210510,000000,0.91,0.96505,0.91,0.913,14388,0
SNAXW.US,D,20210511,000000,0.9201,0.96,0.9129,0.93,20830,0
SNAXW.US,D,20210512,000000,0.94,0.94,0.86,0.93,43907,0
SNAXW.US,D,20210513,000000,0.91995,0.9301,0.81,0.93,34515,0
SNAXW.US,D,20210514,000000,0.87,0.9499,0.86,0.912501,42432,0
SNAXW.US,D,20210517,000000,0.9,0.91,0.8407,0.8407,32500,0
SNAXW.US,D,20210518,000000,0.83,0.8999,0.810201,0.899374,14727,0
SNAXW.US,D,20210519,000000,0.8651,0.9,0.86,0.86,10921,0
SNAXW.US,D,20210520,000000,0.86,0.9,0.8449,0.85,57209,0
SNAXW.US,D,20210521,000000,0.86,0.9001,0.8202,0.85,24150,0
SNAXW.US,D,20210524,000000,0.85,0.87,0.85,0.85,10134,0
SNAXW.US,D,20210525,000000,0.88,0.9197,0.8502,0.89,24241,0
SNAXW.US,D,20210526,000000,0.850101,0.9,0.8501,0.8898,14303,0
SNAXW.US,D,20210527,000000,0.91,0.91,0.91,0.91,1001,0
SNAXW.US,D,20210528,000000,0.9,0.9099,0.87,0.88,63831,0
SNAXW.US,D,20210601,000000,0.9,0.9,0.88,0.9,15021,0
SNAXW.US,D,20210602,000000,0.8923,0.909499,0.8875,0.9,63802,0
SNAXW.US,D,20210603,000000,0.89,0.9047,0.89,0.9047,28104,0
SNAXW.US,D,20210604,000000,0.92,0.9445,0.91245,0.93,50051,0
SNAXW.US,D,20210607,000000,0.9301,0.9599,0.93,0.9599,27629,0
SNAXW.US,D,20210608,000000,0.9501,1.01,0.95,1,103858,0
SNAXW.US,D,20210609,000000,1,1.02,0.995,1.013,196793,0
SNAXW.US,D,20210610,000000,1.0001,1.12,1.0001,1.07,46129,0
SNAXW.US,D,20210611,000000,1.0106,1.07,1.0106,1.0602,9056,0
SNAXW.US,D,20210614,000000,1.07,1.08,1.036,1.08,50705,0
SNAXW.US,D,20210615,000000,1.02,1.09,1.02,1.03,3334,0
SNAXW.US,D,20210616,000000,1.02,1.069,1.02,1.035,36770,0
SNAXW.US,D,20210617,000000,1.05,1.14,1.045,1.13,186241,0
SNAXW.US,D,20210618,000000,1.13,1.17,1.0807,1.17,86763,0
SNAXW.US,D,20210621,000000,1.18,1.18,1.08,1.12,59717,0
SNAXW.US,D,20210622,000000,1.15,1.19,1.125,1.18,36038,0
SNAXW.US,D,20210623,000000,1.1746,1.26,1.1746,1.2302,103396,0
SNAXW.US,D,20210624,000000,1.23,1.3,1.23,1.3,58929,0
SNAXW.US,D,20210625,000000,1.29,1.3,1.2501,1.29,91843,0
SNAXW.US,D,20210628,000000,1.26,1.27,1.19,1.22,47120,0
SNAXW.US,D,20210629,000000,1.24,1.26,1.24,1.25,42553,0
SNAXW.US,D,20210630,000000,1.25,1.3,1.24,1.25,185628,0
SNAXW.US,D,20210701,000000,1.2601,1.31,1.25,1.29,83932,0
SNAXW.US,D,20210702,000000,1.28,1.3,1.27,1.3,33761,0
SNAXW.US,D,20210706,000000,1.29,1.31,1.2702,1.2702,39162,0
SNAXW.US,D,20210707,000000,1.34,1.34,1.22,1.283,65348,0
SNAXW.US,D,20210708,000000,1.21,1.28,1.21,1.26,53228,0
SNAXW.US,D,20210709,000000,1.25,1.3199,1.23,1.3,192354,0
SNAXW.US,D,20210712,000000,1.3399,1.39,1.31,1.35,121347,0
SNAXW.US,D,20210713,000000,1.355,1.3935,1.275,1.28,61602,0
SNAXW.US,D,20210714,000000,1.33,1.33,1.2,1.2,90133,0
SNAXW.US,D,20210715,000000,1.24,1.2799,1.14,1.2,93687,0
SNAXW.US,D,20210716,000000,1.14,1.24,1.12,1.22,216081,0
SNAXW.US,D,20210719,000000,1.15,1.15,1.07,1.12,126750,0
SNAXW.US,D,20210720,000000,1.15,1.43,1.1001,1.27,666563,0
SNAXW.US,D,20210721,000000,2.06,2.06,1.25,1.4001,192200,0
SNAXW.US,D,20210722,000000,1.2,1.35,1.11,1.2,224308,0
SNAXW.US,D,20210723,000000,1.14,1.27,1.12,1.2,58045,0
SNAXW.US,D,20210726,000000,1.2,1.3,1.18,1.237,87291,0
SNAXW.US,D,20210727,000000,1.19,1.22,1.11,1.18,40397,0
SNAXW.US,D,20210728,000000,1.2,1.21,1.175,1.2,42440,0
SNAXW.US,D,20210729,000000,1.175,1.2,1.175,1.185,52506,0
SNAXW.US,D,20210730,000000,1.17,1.18,1.15,1.16,13399,0
SNAXW.US,D,20210802,000000,1.1601,1.1999,1.16,1.16,6408,0
SNAXW.US,D,20210803,000000,1.19,1.19,1.1,1.11,35742,0
SNAXW.US,D,20210804,000000,1.15,1.15,1.09,1.1,60648,0
SNAXW.US,D,20210805,000000,1.12,1.14,1.0119,1.09,40607,0
SNAXW.US,D,20210806,000000,1.15,1.15,1.07,1.1,68465,0
SNAXW.US,D,20210809,000000,1.085,1.11,1.085,1.1,35482,0
SNAXW.US,D,20210810,000000,1.08,1.0801,1.03,1.08,10924,0
SNAXW.US,D,20210811,000000,1.07,1.07,1.035,1.04,15165,0
SNAXW.US,D,20210812,000000,1.0401,1.0401,0.9486,1,149036,0
SNAXW.US,D,20210813,000000,1.02,1.04,0.950101,0.98,52572,0
SNAXW.US,D,20210816,000000,1,1.09,0.9975,1.09,60250,0
SNAXW.US,D,20210817,000000,1.0512,1.0512,0.8407,0.8505,189480,0
SNAXW.US,D,20210818,000000,0.84,0.92,0.82,0.8203,91840,0
SNAXW.US,D,20210819,000000,0.82,0.85,0.763,0.77,22672,0
SNAXW.US,D,20210820,000000,0.760499,0.8,0.7601,0.78,70302,0
SNAXW.US,D,20210823,000000,0.77,0.9699,0.77,0.8,39170,0
SNAXW.US,D,20210824,000000,0.825,0.8999,0.76,0.83,24476,0
SNAXW.US,D,20210825,000000,0.9,0.95,0.8501,0.89,134954,0
SNAXW.US,D,20210826,000000,0.9425,1.02,0.89,0.91,33002,0
SNAXW.US,D,20210827,000000,1.0099,1.0099,0.87,0.89,68686,0
SNAXW.US,D,20210830,000000,0.8433,0.9,0.8433,0.8901,6030,0
SNAXW.US,D,20210831,000000,0.8272,0.9,0.8202,0.83,45885,0
SNAXW.US,D,20210901,000000,0.87,0.9,0.83,0.85,70324,0
SNAXW.US,D,20210902,000000,0.865,0.9,0.83,0.85,22989,0
SNAXW.US,D,20210903,000000,0.8405,0.9,0.8405,0.8996,19228,0
SNAXW.US,D,20210907,000000,0.8585,0.870251,0.81,0.83,66335,0
SNAXW.US,D,20210908,000000,0.8206,0.84,0.81,0.84,88161,0
SNAXW.US,D,20210909,000000,0.83,0.85,0.82,0.825,25857,0
SNAXW.US,D,20210910,000000,0.83,0.83,0.7989,0.81,42670,0
SNAXW.US,D,20210913,000000,0.8,0.8499,0.8,0.8399,15554,0
SNAXW.US,D,20210914,000000,0.82,0.84,0.76,0.81,229223,0
SNAXW.US,D,20210915,000000,0.8,0.8399,0.78,0.8001,122302,0
SNAXW.US,D,20210916,000000,0.9001,1.03,0.88,0.925,77502,0
SNAXW.US,D,20210917,000000,0.9,0.925,0.855,0.88,56548,0
SNAXW.US,D,20210920,000000,0.8499,0.8507,0.8,0.810101,100040,0
SNAXW.US,D,20210921,000000,0.8201,0.8497,0.82,0.8318,8650,0
SNAXW.US,D,20210922,000000,0.8,0.8497,0.8,0.8301,2700,0
SNAXW.US,D,20210923,000000,0.8201,0.825,0.8,0.8,8021,0
SNAXW.US,D,20210924,000000,0.8101,0.8101,0.8004,0.81,1525,0
SNAXW.US,D,20210927,000000,0.82,0.82,0.7109,0.780449,114291,0
SNAXW.US,D,20210928,000000,0.83,0.83,0.75,0.778799,27667,0
SNAXW.US,D,20210929,000000,0.83,0.83,0.8,0.82,10168,0
SNAXW.US,D,20210930,000000,0.83,0.83,0.721,0.7799,40063,0
SNAXW.US,D,20211001,000000,0.800101,0.8417,0.7901,0.7901,30897,0
SNAXW.US,D,20211004,000000,0.789899,0.8399,0.789461,0.799899,11599,0
SNAXW.US,D,20211005,000000,0.794899,0.794899,0.77,0.77,28147,0
SNAXW.US,D,20211006,000000,0.7899,0.7899,0.73,0.75,42890,0
SNAXW.US,D,20211007,000000,0.73,0.79,0.73,0.77,207406,0
SNAXW.US,D,20211008,000000,0.779041,0.7909,0.7776,0.78,8000,0
SNAXW.US,D,20211011,000000,0.8,0.8278,0.78,0.78,14078,0
SNAXW.US,D,20211012,000000,0.79505,0.79505,0.77,0.77,45625,0
SNAXW.US,D,20211013,000000,0.7675,0.79105,0.75,0.788899,43846,0
SNAXW.US,D,20211014,000000,0.78,0.7875,0.75,0.7875,43175,0
SNAXW.US,D,20211015,000000,0.7875,0.7875,0.7595,0.7599,9032,0
SNAXW.US,D,20211018,000000,0.76,0.766681,0.73,0.75195,5934,0
SNAXW.US,D,20211019,000000,0.7395,0.75,0.73,0.74,90430,0
SNAXW.US,D,20211020,000000,0.72,0.75,0.7,0.726401,15193,0
SNAXW.US,D,20211021,000000,0.7875,0.7875,0.732799,0.7499,8426,0
SNAXW.US,D,20211022,000000,0.782299,0.949,0.741699,0.89383,189002,0
SNAXW.US,D,20211025,000000,0.94,0.94,0.89,0.9195,45796,0
SNAXW.US,D,20211026,000000,0.8788,0.9599,0.8788,0.92,51673,0
SNAXW.US,D,20211027,000000,0.9175,0.9175,0.88,0.880226,53556,0
SNAXW.US,D,20211028,000000,0.8067,0.8997,0.8067,0.8443,17100,0
SNAXW.US,D,20211029,000000,0.819,0.819,0.7613,0.8,28588,0
SNAXW.US,D,20211101,000000,0.8149,0.87,0.8149,0.849999,28750,0
SNAXW.US,D,20211102,000000,0.8002,0.8002,0.79517,0.8,25326,0
SNAXW.US,D,20211103,000000,0.7999,0.8,0.77,0.7901,39372,0
SNAXW.US,D,20211104,000000,0.8,0.8,0.74,0.755101,34624,0
SNAXW.US,D,20211105,000000,0.77,0.7984,0.7601,0.780443,67969,0
SNAXW.US,D,20211108,000000,0.8,0.82,0.761201,0.78,153047,0
SNAXW.US,D,20211109,000000,0.7602,0.78,0.7545,0.78,31015,0
SNAXW.US,D,20211110,000000,0.84,0.8767,0.7604,0.79,33244,0
SNAXW.US,D,20211111,000000,0.7902,0.8101,0.7616,0.77,127407,0
SNAXW.US,D,20211112,000000,0.7562,0.8599,0.75,0.7702,93994,0
SNAXW.US,D,20211115,000000,0.7801,0.8698,0.771,0.81,213637,0
SNAXW.US,D,20211116,000000,0.8432,0.844208,0.78,0.78,139613,0
SNAXW.US,D,20211117,000000,0.78,0.8149,0.75,0.75,158873,0
SNAXW.US,D,20211118,000000,0.7599,0.7699,0.71,0.73,261165,0
SNAXW.US,D,20211119,000000,0.751,0.7599,0.71,0.711,37180,0
SNAXW.US,D,20211122,000000,0.7157,0.7201,0.68015,0.7,46327,0
SNAXW.US,D,20211123,000000,0.6501,0.738799,0.64505,0.69,222150,0
SNAXW.US,D,20211124,000000,0.7001,0.7368,0.7,0.7103,118369,0
SNAXW.US,D,20211126,000000,0.7,0.71,0.68,0.71,17456,0
SNAXW.US,D,20211129,000000,0.6776,0.7199,0.64,0.7199,149253,0
SNAXW.US,D,20211130,000000,0.6301,0.689,0.5444,0.5951,321391,0
SNAXW.US,D,20211201,000000,0.5999,0.6478,0.51,0.51,188158,0
SNAXW.US,D,20211202,000000,0.5599,0.6059,0.52,0.5789,45802,0
SNAXW.US,D,20211203,000000,0.53,0.5894,0.52,0.5698,87197,0
SNAXW.US,D,20211206,000000,0.5397,0.579799,0.53,0.5796,40975,0
SNAXW.US,D,20211207,000000,0.56,0.6548,0.55999,0.6548,32434,0
SNAXW.US,D,20211208,000000,0.6,0.65,0.5988,0.63,16600,0
SNAXW.US,D,20211209,000000,0.6799,0.72,0.67,0.67,26050,0
SNAXW.US,D,20211210,000000,0.6866,0.6866,0.6175,0.62,8084,0
SNAXW.US,D,20211213,000000,0.6101,0.6101,0.551,0.5511,26548,0
SNAXW.US,D,20211214,000000,0.55,0.69,0.55,0.5502,53300,0
SNAXW.US,D,20211215,000000,0.55,0.567,0.53025,0.566825,14570,0
SNAXW.US,D,20211216,000000,0.6301,0.74,0.580201,0.61,204343,0
SNAXW.US,D,20211217,000000,0.5944,0.6485,0.5944,0.61,55368,0
SNAXW.US,D,20211220,000000,0.6299,0.7091,0.5601,0.63,20321,0
SNAXW.US,D,20211221,000000,0.66,0.7499,0.6115,0.69505,68282,0
SNAXW.US,D,20211222,000000,0.6865,0.79,0.679393,0.7523,86026,0
SNAXW.US,D,20211223,000000,0.760051,0.760051,0.725,0.725,31556,0
SNAXW.US,D,20211227,000000,0.741,0.741,0.6921,0.71,10987,0
SNAXW.US,D,20211228,000000,0.720101,0.7549,0.6419,0.700849,17115,0
SNAXW.US,D,20211229,000000,0.6801,0.7,0.635,0.640509,28616,0
SNAXW.US,D,20211230,000000,0.715551,0.715551,0.62,0.6252,21692,0
SNAXW.US,D,20211231,000000,0.620101,0.620248,0.401,0.53,532234,0
SNAXW.US,D,20220103,000000,0.51,0.54,0.4899,0.52,48888,0
SNAXW.US,D,20220104,000000,0.5216,0.5218,0.49,0.49,4489,0
SNAXW.US,D,20220105,000000,0.49,0.4911,0.4633,0.4701,87100,0
SNAXW.US,D,20220106,000000,0.4999,0.4999,0.461,0.461,48404,0
SNAXW.US,D,20220107,000000,0.4559,0.4559,0.383,0.41,159199,0
SNAXW.US,D,20220110,000000,0.395101,0.4057,0.35,0.3698,25891,0
SNAXW.US,D,20220111,000000,0.3688,0.3999,0.3275,0.327501,50765,0
SNAXW.US,D,20220112,000000,0.3201,0.3298,0.3175,0.329799,73959,0
SNAXW.US,D,20220113,000000,0.320101,0.5274,0.311101,0.365,40625,0
SNAXW.US,D,20220114,000000,0.3302,0.3901,0.33,0.3705,46679,0
SNAXW.US,D,20220119,000000,0.3699,0.37,0.35,0.35,12420,0
SNAXW.US,D,20220120,000000,0.3305,0.3795,0.3305,0.3305,3866,0
SNAXW.US,D,20220121,000000,0.3112,0.4498,0.3112,0.3296,33798,0
SNAXW.US,D,20220124,000000,0.3299,0.3299,0.245,0.26428,104027,0
SNAXW.US,D,20220125,000000,0.28,0.31,0.23,0.285,59216,0
SNAXW.US,D,20220126,000000,0.3,0.330001,0.3,0.32,16600,0
SNAXW.US,D,20220127,000000,0.3,0.32,0.3,0.32,21954,0
SNAXW.US,D,20220128,000000,0.3,0.32,0.3,0.32,16700,0
SNAXW.US,D,20220131,000000,0.32,0.32,0.2919,0.2919,300,0
SNAXW.US,D,20220203,000000,0.289,0.2891,0.2889,0.2889,1491,0
SNAXW.US,D,20220204,000000,0.3,0.3,0.259,0.27,48129,0
SNAXW.US,D,20220207,000000,0.2832,0.2832,0.2832,0.2832,350,0
SNAXW.US,D,20220209,000000,0.31,0.3199,0.31,0.3199,200,0
SNAXW.US,D,20220210,000000,0.310929,0.3329,0.2901,0.31,10029,0
SNAXW.US,D,20220211,000000,0.3549,0.355,0.278998,0.278998,26105,0
SNAXW.US,D,20220214,000000,0.3203,0.4399,0.3203,0.3203,400,0
SNAXW.US,D,20220215,000000,0.334788,0.334788,0.3156,0.325049,300,0
SNAXW.US,D,20220216,000000,0.32,0.32,0.3,0.3101,444055,0
SNAXW.US,D,20220217,000000,0.320101,0.320101,0.32,0.3201,669,0
SNAXW.US,D,20220218,000000,0.31,0.31,0.28,0.28,1807,0
SNAXW.US,D,20220222,000000,0.272549,0.275,0.272549,0.275,1100,0
SNAXW.US,D,20220223,000000,0.245,0.2999,0.2204,0.28985,12726,0
SNAXW.US,D,20220224,000000,0.22,0.2999,0.22,0.265,11100,0
SNAXW.US,D,20220228,000000,0.29,0.3454,0.29,0.3454,35189,0
SNAXW.US,D,20220301,000000,0.3105,0.325,0.3105,0.325,11300,0
SNAXW.US,D,20220302,000000,0.3397,0.3708,0.2783,0.3001,237200,0
SNAXW.US,D,20220304,000000,0.3,0.30033,0.3,0.3,2200,0
SNAXW.US,D,20220307,000000,0.29,0.29,0.219,0.2552,107826,0
SNAXW.US,D,20220308,000000,0.2597,0.26,0.240599,0.2501,847,0
SNAXW.US,D,20220309,000000,0.2466,0.26,0.2399,0.2399,60637,0
SNAXW.US,D,20220311,000000,0.2213,0.3175,0.2213,0.267451,7960,0
SNAXW.US,D,20220314,000000,0.314799,0.314799,0.314799,0.314799,212,0
SNAXW.US,D,20220315,000000,0.2302,0.2999,0.21,0.2997,13405,0
SNAXW.US,D,20220316,000000,0.2203,0.2998,0.2,0.246,16440,0
SNAXW.US,D,20220317,000000,0.2179,0.2418,0.1901,0.2418,78392,0
SNAXW.US,D,20220318,000000,0.286,0.2999,0.23,0.23,1208,0
SNAXW.US,D,20220322,000000,0.23,0.23,0.194999,0.194999,18620,0
SNAXW.US,D,20220323,000000,0.2205,0.24,0.185,0.22785,47903,0
SNAXW.US,D,20220324,000000,0.2499,0.25,0.2001,0.2393,23510,0
SNAXW.US,D,20220328,000000,0.25,0.25,0.183,0.2081,53513,0
SNAXW.US,D,20220329,000000,0.18,0.1999,0.1591,0.165,126808,0
SNAXW.US,D,20220330,000000,0.1591,0.1671,0.1101,0.1408,118303,0
SNAXW.US,D,20220331,000000,0.1396,0.1965,0.1198,0.1475,404311,0
SNAXW.US,D,20220401,000000,0.155,0.160015,0.1455,0.160015,39600,0
SNAXW.US,D,20220404,000000,0.135,0.172,0.135,0.172,23453,0
SNAXW.US,D,20220405,000000,0.158,0.1644,0.1362,0.14,59147,0
SNAXW.US,D,20220406,000000,0.1405,0.1749,0.1353,0.1749,15750,0
SNAXW.US,D,20220407,000000,0.175,0.175,0.175,0.175,1100,0
SNAXW.US,D,20220408,000000,0.175,0.175,0.175,0.175,1506,0
SNAXW.US,D,20220411,000000,0.1551,0.1749,0.15082,0.1749,10926,0
SNAXW.US,D,20220412,000000,0.15,0.1619,0.1353,0.1619,31778,0
SNAXW.US,D,20220413,000000,0.15,0.15,0.125,0.136,248857,0
SNAXW.US,D,20220414,000000,0.145,0.151399,0.1278,0.1281,44028,0
SNAXW.US,D,20220418,000000,0.129,0.129,0.120501,0.120501,8600,0
SNAXW.US,D,20220419,000000,0.15,0.1586,0.1499,0.1586,106615,0
SNAXW.US,D,20220420,000000,0.1639,0.1639,0.127618,0.1595,2620,0
SNAXW.US,D,20220421,000000,0.14895,0.1648,0.1301,0.1309,20842,0
SNAXW.US,D,20220422,000000,0.13,0.1308,0.1251,0.1308,7346,0
SNAXW.US,D,20220425,000000,0.1253,0.1253,0.1253,0.1253,350,0
SNAXW.US,D,20220426,000000,0.128,0.128,0.1,0.1248,28143,0
SNAXW.US,D,20220427,000000,0.119899,0.12,0.0965,0.11,7500,0
SNAXW.US,D,20220428,000000,0.114899,0.114899,0.109999,0.109999,1501,0
SNAXW.US,D,20220429,000000,0.0967,0.1249,0.092,0.1249,6870,0
SNAXW.US,D,20220502,000000,0.1099,0.1244,0.0987,0.1244,34798,0
SNAXW.US,D,20220503,000000,0.115,0.1242,0.1099,0.1099,3633,0
SNAXW.US,D,20220504,000000,0.11,0.11,0.1002,0.1099,7938,0
SNAXW.US,D,20220505,000000,0.1005,0.1136,0.096,0.101001,11577,0
SNAXW.US,D,20220506,000000,0.107,0.122,0.107,0.11,1898,0
SNAXW.US,D,20220509,000000,0.0736,0.1085,0.0736,0.0811,57050,0
SNAXW.US,D,20220510,000000,0.0876,0.1005,0.0875,0.099899,124452,0
SNAXW.US,D,20220511,000000,0.1,0.105,0.09,0.0901,5065,0
SNAXW.US,D,20220512,000000,0.0801,0.095,0.0742,0.0742,46561,0
SNAXW.US,D,20220513,000000,0.11,0.11,0.0861,0.0911,194425,0
SNAXW.US,D,20220516,000000,0.0998,0.11,0.0988,0.1,40345,0
SNAXW.US,D,20220517,000000,0.1265,0.1267,0.1,0.1,20395,0
SNAXW.US,D,20220518,000000,0.1139,0.1139,0.092,0.095,46823,0
SNAXW.US,D,20220519,000000,0.126599,0.126599,0.0915,0.0915,15305,0
SNAXW.US,D,20220520,000000,0.12,0.12,0.1081,0.1081,26042,0
SNAXW.US,D,20220523,000000,0.09,0.1399,0.09,0.1399,1741,0
SNAXW.US,D,20220524,000000,0.0901,0.1199,0.0901,0.1196,4604,0
SNAXW.US,D,20220525,000000,0.11,0.11,0.09,0.1,6415,0
SNAXW.US,D,20220526,000000,0.0999,0.11,0.0911,0.1,29125,0
SNAXW.US,D,20220527,000000,0.093,0.1199,0.093,0.1199,3195,0
SNAXW.US,D,20220531,000000,0.0999,0.1,0.0998,0.1,6201,0
SNAXW.US,D,20220601,000000,0.0999,0.1,0.0866,0.099799,63206,0
SNAXW.US,D,20220602,000000,0.11,0.11,0.1,0.1,5121,0
SNAXW.US,D,20220606,000000,0.1,0.1093,0.0901,0.1014,24103,0
SNAXW.US,D,20220607,000000,0.0949,0.0999,0.0901,0.0999,2717,0
SNAXW.US,D,20220609,000000,0.1,0.1,0.1,0.1,500,0
SNAXW.US,D,20220610,000000,0.1197,0.1197,0.0861,0.1,18742,0
SNAXW.US,D,20220613,000000,0.0751,0.1222,0.0742,0.1,7600,0
SNAXW.US,D,20220615,000000,0.09,0.09,0.09,0.09,1000,0
SNAXW.US,D,20220616,000000,0.1016,0.1016,0.0983,0.0983,3050,0
SNAXW.US,D,20220621,000000,0.08,0.09,0.079899,0.09,9151,0
SNAXW.US,D,20220622,000000,0.0799,0.09,0.0799,0.08,26043,0
SNAXW.US,D,20220623,000000,0.08,0.08,0.0799,0.0799,3595,0
SNAXW.US,D,20220624,000000,0.0754,0.08338,0.0742,0.08338,14566,0
SNAXW.US,D,20220627,000000,0.0742,0.0742,0.0742,0.0742,905,0
SNAXW.US,D,20220628,000000,0.0798,0.1186,0.0738,0.08,113722,0
SNAXW.US,D,20220630,000000,0.09,0.09,0.0899,0.0899,2080,0
SNAXW.US,D,20220701,000000,0.088,0.09,0.0879,0.09,3300,0
SNAXW.US,D,20220705,000000,0.09,0.0979,0.0895,0.0979,5726,0
SNAXW.US,D,20220707,000000,0.0979,0.0979,0.0979,0.0979,432,0
SNAXW.US,D,20220708,000000,0.1015,0.10245,0.1,0.100001,14275,0
SNAXW.US,D,20220711,000000,0.0942,0.1024,0.0742,0.1024,3860,0
SNAXW.US,D,20220712,000000,0.0861,0.093051,0.0861,0.093051,501,0
SNAXW.US,D,20220713,000000,0.1,0.1,0.1,0.1,2203,0
SNAXW.US,D,20220718,000000,0.09,0.132,0.089899,0.1169,37003,0
SNAXW.US,D,20220719,000000,0.0903,0.0903,0.09,0.0901,4996,0
SNAXW.US,D,20220720,000000,0.094151,0.094151,0.09,0.09,5277,0
SNAXW.US,D,20220721,000000,0.0901,0.092781,0.0895,0.092781,14318,0
SNAXW.US,D,20220722,000000,0.09,0.09,0.09,0.09,2430,0
SNAXW.US,D,20220725,000000,0.09,0.09,0.080101,0.09,9906,0
SNAXW.US,D,20220726,000000,0.08,0.08,0.08,0.08,800,0
SNAXW.US,D,20220727,000000,0.09,0.09,0.09,0.09,400,0
SNAXW.US,D,20220728,000000,0.09,0.09,0.085,0.09,63604,0
SNAXW.US,D,20220801,000000,0.09,0.09,0.085,0.087076,1326,0
SNAXW.US,D,20220802,000000,0.0879,0.09,0.0879,0.09,7785,0
SNAXW.US,D,20220803,000000,0.085,0.0851,0.085,0.0851,1747,0
SNAXW.US,D,20220804,000000,0.0802,0.09,0.0743,0.09,15006,0
SNAXW.US,D,20220805,000000,0.0746,0.0746,0.0746,0.0746,27258,0
SNAXW.US,D,20220808,000000,0.0787,0.09,0.0744,0.09,37939,0
SNAXW.US,D,20220809,000000,0.08,0.08,0.0799,0.0799,5775,0
SNAXW.US,D,20220810,000000,0.082,0.0901,0.07,0.09,47625,0
SNAXW.US,D,20220811,000000,0.09,0.095,0.09,0.095,54600,0
SNAXW.US,D,20220812,000000,0.09,0.092,0.09,0.091,76001,0
SNAXW.US,D,20220815,000000,0.09,0.100101,0.0849,0.0849,44889,0
SNAXW.US,D,20220816,000000,0.0828,0.0828,0.0828,0.0828,1100,0
SNAXW.US,D,20220817,000000,0.08,0.0912,0.078,0.080001,79312,0
SNAXW.US,D,20220818,000000,0.0801,0.0801,0.0801,0.0801,2019,0
SNAXW.US,D,20220822,000000,0.0808,0.0856,0.0808,0.0856,8100,0
SNAXW.US,D,20220823,000000,0.0904,0.0904,0.0885,0.0885,6716,0
SNAXW.US,D,20220824,000000,0.0808,0.0808,0.0701,0.0701,1749,0
SNAXW.US,D,20220825,000000,0.071101,0.09,0.0707,0.09,57572,0
SNAXW.US,D,20220826,000000,0.09,0.0901,0.075,0.082501,118419,0
SNAXW.US,D,20220829,000000,0.080101,0.09,0.080101,0.09,1100,0
SNAXW.US,D,20220830,000000,0.1049,0.1049,0.09,0.0902,12263,0
SNAXW.US,D,20220831,000000,0.0707,0.0979,0.0707,0.0979,13100,0
SNAXW.US,D,20220901,000000,0.09,0.09,0.085,0.09,3419,0
SNAXW.US,D,20220906,000000,0.071,0.09,0.071,0.080751,3260,0
SNAXW.US,D,20220907,000000,0.08565,0.08565,0.0716,0.0856,1845,0
SNAXW.US,D,20220908,000000,0.0768,0.0768,0.0711,0.0739,35143,0
SNAXW.US,D,20220909,000000,0.0715,0.0715,0.064,0.07,60372,0
SNAXW.US,D,20220912,000000,0.08,0.0999,0.0642,0.09,322918,0
SNAXW.US,D,20220916,000000,0.0706,0.0706,0.07,0.07,29681,0
SNAXW.US,D,20220919,000000,0.0715,0.0715,0.0715,0.0715,42900,0
SNAXW.US,D,20220920,000000,0.071,0.071,0.071,0.071,2004,0
SNAXW.US,D,20220921,000000,0.08,0.0845,0.0581,0.0581,108700,0
SNAXW.US,D,20220922,000000,0.0702,0.0798,0.06,0.068649,18100,0
SNAXW.US,D,20220927,000000,0.065,0.065,0.0549,0.0599,14528,0
SNAXW.US,D,20220928,000000,0.07,0.07,0.07,0.07,100,0
SNAXW.US,D,20220929,000000,0.069,0.069,0.068899,0.068899,1455,0
SNAXW.US,D,20221003,000000,0.054201,0.065,0.054201,0.065,5397,0
SNAXW.US,D,20221004,000000,0.0546,0.0799,0.0471,0.0799,26589,0
SNAXW.US,D,20221005,000000,0.054,0.0831,0.054,0.0831,28100,0
SNAXW.US,D,20221006,000000,0.08,0.08,0.0382,0.0428,162364,0
SNAXW.US,D,20221007,000000,0.05,0.05,0.035,0.035,19170,0
SNAXW.US,D,20221010,000000,0.058,0.058,0.058,0.058,378,0
SNAXW.US,D,20221011,000000,0.058,0.058,0.058,0.058,150,0
SNAXW.US,D,20221013,000000,0.045,0.058,0.045,0.0575,22383,0
SNAXW.US,D,20221014,000000,0.0555,0.0555,0.0555,0.0555,528,0
SNAXW.US,D,20221018,000000,0.052,0.052,0.05,0.05,300,0
SNAXW.US,D,20221026,000000,0.048,0.0799,0.0342,0.0799,15525,0
SNAXW.US,D,20221031,000000,0.035838,0.0636,0.035838,0.0636,6922,0
SNAXW.US,D,20221102,000000,0.0342,0.05,0.033,0.033,3806,0
SNAXW.US,D,20221103,000000,0.05,0.05,0.027499,0.0276,11693,0
SNAXW.US,D,20221104,000000,0.0206,0.05,0.0202,0.05,22216,0
SNAXW.US,D,20221108,000000,0.0202,0.05,0.0202,0.05,1100,0
SNAXW.US,D,20221110,000000,0.0232,0.05,0.0227,0.05,6840,0
SNAXW.US,D,20221111,000000,0.05,0.05,0.0499,0.0499,8025,0
SNAXW.US,D,20221115,000000,0.05,0.05,0.05,0.05,925,0
SNAXW.US,D,20221117,000000,0.05,0.05,0.0499,0.0499,3007,0
SNAXW.US,D,20221118,000000,0.040201,0.075,0.040201,0.05,84842,0
SNAXW.US,D,20221122,000000,0.0749,0.0749,0.056299,0.0679,3598,0
SNAXW.US,D,20221128,000000,0.0538,0.07,0.0538,0.0699,61798,0
SNAXW.US,D,20221129,000000,0.0601,0.0798,0.057,0.0678,82219,0
SNAXW.US,D,20221130,000000,0.07,0.0749,0.0626,0.07,62191,0
SNAXW.US,D,20221202,000000,0.051,0.0776,0.051,0.0776,6444,0
SNAXW.US,D,20221205,000000,0.079,0.0797,0.0447,0.0447,8906,0
SNAXW.US,D,20221206,000000,0.0758,0.0758,0.0758,0.0758,238,0
SNAXW.US,D,20221208,000000,0.05,0.07,0.05,0.07,1985,0
SNAXW.US,D,20221213,000000,0.05,0.0741,0.05,0.0741,1425,0
SNAXW.US,D,20221214,000000,0.0732,0.0732,0.07,0.0701,546,0
SNAXW.US,D,20221215,000000,0.07,0.07,0.07,0.07,1737,0
SNAXW.US,D,20221216,000000,0.05,0.0742,0.05,0.0742,1656,0
SNAXW.US,D,20221219,000000,0.0542,0.0707,0.0542,0.0707,1000,0
SNAXW.US,D,20221220,000000,0.05,0.0759,0.05,0.0759,1192,0
SNAXW.US,D,20221223,000000,0.0375,0.0375,0.0375,0.0375,538,0
SNAXW.US,D,20221227,000000,0.045,0.0604,0.045,0.05,60487,0
SNAXW.US,D,20221228,000000,0.05,0.05,0.0469,0.0469,10000,0
SNAXW.US,D,20221229,000000,0.05,0.0501,0.0401,0.044,10026,0
SNAXW.US,D,20221230,000000,0.04,0.0679,0.0371,0.05,24500,0
SNAXW.US,D,20230103,000000,0.05,0.05,0.0457,0.0499,5258,0
SNAXW.US,D,20230104,000000,0.06,0.0601,0.06,0.0601,3004,0
SNAXW.US,D,20230111,000000,0.051101,0.0578,0.05,0.0562,31777,0
SNAXW.US,D,20230112,000000,0.053,0.0593,0.0371,0.059,8850,0
SNAXW.US,D,20230113,000000,0.065,0.065,0.045,0.0555,23278,0
SNAXW.US,D,20230119,000000,0.0596,0.0596,0.057399,0.0575,2975,0
SNAXW.US,D,20230120,000000,0.0579,0.0579,0.0579,0.0579,20454,0
SNAXW.US,D,20230124,000000,0.045,0.048,0.045,0.048,38737,0
SNAXW.US,D,20230125,000000,0.0591,0.0591,0.055,0.055,1626,0
SNAXW.US,D,20230126,000000,0.054899,0.054899,0.045049,0.045049,2260,0
SNAXW.US,D,20230127,000000,0.0549,0.055,0.049666,0.055,2220,0
SNAXW.US,D,20230131,000000,0.035401,0.055,0.035401,0.055,3545,0
SNAXW.US,D,20230201,000000,0.0549,0.055,0.0549,0.055,2529,0
SNAXW.US,D,20230208,000000,0.055,0.055,0.0363,0.044003,1495,0
SNAXW.US,D,20230213,000000,0.055,0.055,0.055,0.055,4000,0
SNAXW.US,D,20230214,000000,0.0388,0.055,0.037,0.055,2753,0
SNAXW.US,D,20230217,000000,0.0401,0.041,0.04,0.041,5713,0
SNAXW.US,D,20230222,000000,0.041,0.0411,0.0351,0.04,9795,0
SNAXW.US,D,20230306,000000,0.040101,0.040101,0.040101,0.040101,112,0
SNAXW.US,D,20230307,000000,0.045,0.045,0.0331,0.04,23365,0
SNAXW.US,D,20230308,000000,0.05,0.0542,0.0475,0.0475,44942,0
SNAXW.US,D,20230310,000000,0.047399,0.0475,0.047399,0.0474,8221,0
SNAXW.US,D,20230313,000000,0.0475,0.0475,0.0474,0.0474,8400,0
SNAXW.US,D,20230316,000000,0.0475,0.0475,0.0306,0.0425,4643,0
SNAXW.US,D,20230320,000000,0.036999,0.037,0.0325,0.0325,10412,0
SNAXW.US,D,20230321,000000,0.0325,0.0325,0.0325,0.0325,2000,0
SNAXW.US,D,20230322,000000,0.031,0.035001,0.025,0.026,34526,0
SNAXW.US,D,20230323,000000,0.030101,0.030101,0.030101,0.030101,315,0
SNAXW.US,D,20230324,000000,0.0475,0.0679,0.0475,0.0679,51148,0
SNAXW.US,D,20230327,000000,0.0669,0.0674,0.0151,0.059,25057,0
SNAXW.US,D,20230328,000000,0.027,0.059,0.0252,0.0302,9016,0
SNAXW.US,D,20230330,000000,0.032,0.056,0.0315,0.056,6446,0
SNAXW.US,D,20230331,000000,0.056,0.06,0.03,0.0579,63018,0
SNAXW.US,D,20230403,000000,0.05,0.05,0.05,0.05,112,0
SNAXW.US,D,20230404,000000,0.05,0.05,0.05,0.05,206,0
SNAXW.US,D,20230405,000000,0.0495,0.0495,0.0495,0.0495,250,0
SNAXW.US,D,20230406,000000,0.0495,0.0495,0.0485,0.0485,852,0
SNAXW.US,D,20230410,000000,0.0201,0.0373,0.0151,0.0242,125192,0
SNAXW.US,D,20230411,000000,0.0393,0.0472,0.0296,0.039,25320,0
SNAXW.US,D,20230412,000000,0.0395,0.0398,0.031,0.032,3103,0
SNAXW.US,D,20230413,000000,0.0351,0.0395,0.0211,0.026,4064,0
SNAXW.US,D,20230414,000000,0.0399,0.0399,0.0257,0.0257,1930,0
SNAXW.US,D,20230417,000000,0.039,0.039,0.0259,0.028,4028,0
SNAXW.US,D,20230418,000000,0.034999,0.039899,0.0259,0.0259,2789,0
SNAXW.US,D,20230419,000000,0.0259,0.0375,0.0204,0.0204,3274,0
SNAXW.US,D,20230420,000000,0.0204,0.0268,0.0197,0.0268,29933,0
SNAXW.US,D,20230421,000000,0.0266,0.0266,0.0151,0.0151,2355,0
SNAXW.US,D,20230424,000000,0.0154,0.0154,0.0154,0.0154,451,0
SNAXW.US,D,20230425,000000,0.023,0.0399,0.023,0.0399,5509,0
SNAXW.US,D,20230426,000000,0.04,0.04,0.04,0.04,1067,0
SNAXW.US,D,20230427,000000,0.025101,0.025101,0.025,0.025,500,0
SNAXW.US,D,20230428,000000,0.04,0.04,0.04,0.04,167,0
SNAXW.US,D,20230501,000000,0.0399,0.04,0.0216,0.0347,15052,0
SNAXW.US,D,20230505,000000,0.0284,0.0399,0.0144,0.0397,112842,0
SNAXW.US,D,20230508,000000,0.0191,0.0394,0.0186,0.0341,7503,0
SNAXW.US,D,20230509,000000,0.0398,0.0399,0.0398,0.0399,360,0
SNAXW.US,D,20230510,000000,0.0244,0.0244,0.0244,0.0244,360,0
SNAXW.US,D,20230511,000000,0.02755,0.02755,0.02755,0.02755,251,0
SNAXW.US,D,20230512,000000,0.02,0.02,0.0141,0.0197,110243,0
SNAXW.US,D,20230518,000000,0.0252,0.04,0.0227,0.0227,257411,0
SNAXW.US,D,20230519,000000,0.0381,0.0399,0.0381,0.0399,1826,0
SNAXW.US,D,20230522,000000,0.04,0.04,0.03,0.03,4934,0
SNAXW.US,D,20230523,000000,0.033,0.035,0.0221,0.0241,31126,0
SNAXW.US,D,20230525,000000,0.0373,0.0399,0.03,0.0397,31899,0
SNAXW.US,D,20230526,000000,0.0397,0.0497,0.0226,0.0226,85515,0
SNAXW.US,D,20230530,000000,0.0221,0.031,0.0221,0.03,28049,0
SNAXW.US,D,20230601,000000,0.03,0.0362,0.03,0.035,62359,0
SNAXW.US,D,20230606,000000,0.035,0.048,0.035,0.048,19462,0
SNAXW.US,D,20230608,000000,0.04,0.04,0.04,0.04,2144,0
SNAXW.US,D,20230609,000000,0.04,0.04,0.04,0.04,3806,0
SNAXW.US,D,20230612,000000,0.025,0.025,0.025,0.025,301,0
SNAXW.US,D,20230613,000000,0.025,0.025,0.025,0.025,1106,0
SNAXW.US,D,20230623,000000,0.0275,0.0499,0.0149,0.0499,53007,0
SNAXW.US,D,20230626,000000,0.0214,0.0495,0.0201,0.0425,6970,0
SNAXW.US,D,20230627,000000,0.0373,0.0391,0.0216,0.025,19377,0
SNAXW.US,D,20230628,000000,0.0354,0.036,0.0201,0.0206,3513,0
SNAXW.US,D,20230703,000000,0.025,0.025,0.025,0.025,3775,0
SNAXW.US,D,20230706,000000,0.0373,0.0373,0.0373,0.0373,125,0
SNAXW.US,D,20230710,000000,0.025,0.025,0.02,0.02,120752,0
SNAXW.US,D,20230711,000000,0.025,0.027351,0.025,0.027351,906,0
SNAXW.US,D,20230713,000000,0.0379,0.0399,0.0256,0.0399,18129,0
SNAXW.US,D,20230714,000000,0.025,0.03,0.025,0.025,10655,0
SNAXW.US,D,20230717,000000,0.025,0.025,0.025,0.025,2228,0
SNAXW.US,D,20230719,000000,0.03,0.034951,0.0275,0.03,14692,0
SNAXW.US,D,20230720,000000,0.0399,0.047,0.0399,0.047,726,0
SNAXW.US,D,20230721,000000,0.025,0.025,0.025,0.025,2121,0
SNAXW.US,D,20230724,000000,0.025,0.025,0.025,0.025,281,0
SNAXW.US,D,20230726,000000,0.0252,0.0252,0.02,0.02,44495,0
SNAXW.US,D,20230728,000000,0.0201,0.0201,0.02,0.02,4148,0
SNAXW.US,D,20230803,000000,0.0295,0.0295,0.0162,0.0187,34969,0
SNAXW.US,D,20230804,000000,0.0163,0.0163,0.0121,0.015,177946,0
SNAXW.US,D,20230808,000000,0.0123,0.0182,0.0123,0.0123,2818,0
SNAXW.US,D,20230809,000000,0.0127,0.0127,0.0127,0.0127,216,0
SNAXW.US,D,20230811,000000,0.019,0.0239,0.014,0.015,39019,0
SNAXW.US,D,20230814,000000,0.0175,0.0175,0.0151,0.0151,1200,0
SNAXW.US,D,20230815,000000,0.015,0.0151,0.0111,0.0117,82235,0
SNAXW.US,D,20230817,000000,0.0103,0.0162,0.0103,0.0162,4766,0
SNAXW.US,D,20230818,000000,0.0173,0.0173,0.0173,0.0173,186,0
SNAXW.US,D,20230821,000000,0.0229,0.023,0.0108,0.0109,10577,0
SNAXW.US,D,20230822,000000,0.0112,0.0112,0.0112,0.0112,700,0
SNAXW.US,D,20230824,000000,0.0115,0.0125,0.0115,0.0116,1569,0
SNAXW.US,D,20230825,000000,0.0121,0.0121,0.0121,0.0121,1088,0
SNAXW.US,D,20230830,000000,0.0125,0.01779,0.0084,0.0102,45712,0
SNAXW.US,D,20230831,000000,0.0103,0.0103,0.0103,0.0103,204,0
SNAXW.US,D,20230901,000000,0.0106,0.02,0.0106,0.0121,23582,0
SNAXW.US,D,20230905,000000,0.01,0.0102,0.01,0.0102,36851,0
SNAXW.US,D,20230906,000000,0.0111,0.0121,0.0102,0.0102,9964,0
SNAXW.US,D,20230907,000000,0.0102,0.0102,0.0102,0.0102,210,0
SNAXW.US,D,20230911,000000,0.0148,0.0148,0.0141,0.0141,787,0
SNAXW.US,D,20230913,000000,0.012651,0.012651,0.0105,0.010601,2053,0
SNAXW.US,D,20230914,000000,0.0105,0.0148,0.0105,0.0148,6745,0
SNAXW.US,D,20230919,000000,0.0117,0.0118,0.0104,0.0105,4575,0
SNAXW.US,D,20230921,000000,0.0118,0.0118,0.0118,0.0118,1400,0
SNAXW.US,D,20230929,000000,0.0119,0.0119,0.0119,0.0119,100,0
SNAXW.US,D,20231002,000000,0.0119,0.013071,0.011,0.011,10302,0
SNAXW.US,D,20231009,000000,0.012,0.012,0.0085,0.0091,42764,0
SNAXW.US,D,20231010,000000,0.009,0.009,0.009,0.009,569,0
SNAXW.US,D,20231011,000000,0.0091,0.0091,0.0042,0.0062,24665,0
SNAXW.US,D,20231012,000000,0.0062,0.015,0.0062,0.015,1891,0
SNAXW.US,D,20231017,000000,0.0088,0.0139,0.0079,0.0139,37103,0
SNAXW.US,D,20231018,000000,0.0139,0.014,0.0063,0.0139,27997,0
SNAXW.US,D,20231020,000000,0.0139,0.0139,0.012,0.012,3809,0
SNAXW.US,D,20231023,000000,0.01,0.011101,0.0051,0.01,32900,0
SNAXW.US,D,20231024,000000,0.01,0.01,0.009,0.01,9666,0
SNAXW.US,D,20231025,000000,0.01,0.012,0.0091,0.012,35399,0
SNAXW.US,D,20231026,000000,0.0105,0.011,0.009,0.009,96942,0
SNAXW.US,D,20231027,000000,0.009,0.009,0.0051,0.0051,29951,0
SNAXW.US,D,20231030,000000,0.01,0.01,0.0075,0.009,196275,0
SNAXW.US,D,20231101,000000,0.0011,0.009,0.0011,0.009,196491,0
SNAXW.US,D,20231102,000000,0.009,0.009,0.0045,0.0046,13006,0
SNAXW.US,D,20231103,000000,0.0068,0.008,0.0042,0.0046,18175,0
SNAXW.US,D,20231106,000000,0.0045,0.008,0.0045,0.008,913,0
SNAXW.US,D,20231108,000000,0.008,0.008,0.0045,0.0045,43686,0
SNAXW.US,D,20231109,000000,0.0078,0.008,0.0042,0.0043,10851,0
SNAXW.US,D,20231110,000000,0.008,0.008,0.008,0.008,1100,0
SNAXW.US,D,20231114,000000,0.0055,0.009,0.0055,0.0055,118490,0
SNAXW.US,D,20231117,000000,0.004,0.004,0.004,0.004,1000,0
SNAXW.US,D,20231122,000000,0.005,0.005,0.005,0.005,1178,0
SNAXW.US,D,20231128,000000,0.008,0.008,0.008,0.008,25000,0
SNAXW.US,D,20231201,000000,0.00599,0.00599,0.0053,0.0057,12423,0
SNAXW.US,D,20231204,000000,0.009,0.0171,0.0078,0.0171,41458,0
SNAXW.US,D,20231205,000000,0.017,0.0171,0.006,0.015,84483,0
SNAXW.US,D,20231206,000000,0.011,0.011022,0.011,0.011022,3767,0
SNAXW.US,D,20231207,000000,0.0055,0.0055,0.0053,0.0053,7045,0
SNAXW.US,D,20231208,000000,0.0053,0.0053,0.0053,0.0053,14592,0
SNAXW.US,D,20231212,000000,0.0055,0.0055,0.005,0.0051,2356,0
SNAXW.US,D,20231213,000000,0.0148,0.0148,0.0047,0.0047,22389,0
SNAXW.US,D,20231218,000000,0.0051,0.0125,0.005,0.0125,11410,0
SNAXW.US,D,20231219,000000,0.005,0.005,0.005,0.005,1000,0
SNAXW.US,D,20231220,000000,0.005,0.005,0.005,0.005,15934,0
SNAXW.US,D,20231221,000000,0.005,0.0053,0.0035,0.0042,88268,0
SNAXW.US,D,20231222,000000,0.0043,0.007,0.0042,0.0051,76981,0
SNAXW.US,D,20231226,000000,0.005,0.005,0.0045,0.0045,446,0
SNAXW.US,D,20231227,000000,0.0045,0.0049,0.0042,0.0049,30730,0
SNAXW.US,D,20231228,000000,0.0049,0.005,0.0042,0.005,10674,0
SNAXW.US,D,20231229,000000,0.005,0.011,0.0042,0.006,36130,0
SNAXW.US,D,20240104,000000,0.011,0.011,0.0095,0.0095,749,0
SNAXW.US,D,20240108,000000,0.007,0.0119,0.007,0.0095,4449,0
SNAXW.US,D,20240109,000000,0.0095,0.0119,0.0087,0.0119,2392,0
SNAXW.US,D,20240117,000000,0.005,0.0119,0.005,0.0111,2023,0
SNAXW.US,D,20240122,000000,0.005,0.005,0.005,0.005,108,0
SNAXW.US,D,20240125,000000,0.0053,0.012,0.0051,0.0091,34274,0
SNAXW.US,D,20240126,000000,0.0054,0.0054,0.0054,0.0054,25000,0
SNAXW.US,D,20240130,000000,0.006,0.006,0.0054,0.006,9442,0
SNAXW.US,D,20240131,000000,0.0057,0.0058,0.0055,0.0056,896,0
SNAXW.US,D,20240201,000000,0.0056,0.0057,0.0051,0.0052,5798,0
SNAXW.US,D,20240202,000000,0.0053,0.0053,0.0053,0.0053,1724,0
SNAXW.US,D,20240205,000000,0.0118,0.012,0.0053,0.006,13701,0
SNAXW.US,D,20240206,000000,0.006,0.01,0.006,0.01,442,0
SNAXW.US,D,20240207,000000,0.01,0.01,0.0056,0.0059,12261,0
SNAXW.US,D,20240208,000000,0.01,0.0127,0.0059,0.0062,40661,0
SNAXW.US,D,20240209,000000,0.0082,0.01,0.0064,0.01,6736,0
SNAXW.US,D,20240212,000000,0.01,0.01,0.0071,0.0099,2294,0
SNAXW.US,D,20240213,000000,0.01,0.01,0.007,0.01,3550,0
SNAXW.US,D,20240214,000000,0.01,0.01,0.007,0.00993,8419,0
SNAXW.US,D,20240215,000000,0.0072,0.01,0.0072,0.01,2768,0
SNAXW.US,D,20240216,000000,0.01,0.01,0.0072,0.01,8095,0
SNAXW.US,D,20240220,000000,0.01,0.01,0.0099,0.0099,867,0
SNAXW.US,D,20240221,000000,0.0072,0.01,0.0072,0.01,5810,0
SNAXW.US,D,20240222,000000,0.01,0.01,0.0073,0.0099,28160,0
SNAXW.US,D,20240223,000000,0.0099,0.01,0.0076,0.0076,6781,0
SNAXW.US,D,20240226,000000,0.008,0.01,0.008,0.0099,2761,0
SNAXW.US,D,20240227,000000,0.0076,0.0089,0.0076,0.0076,6240,0
SNAXW.US,D,20240228,000000,0.0076,0.0077,0.0076,0.0077,177909,0
SNAXW.US,D,20240301,000000,0.0077,0.0077,0.0076,0.0076,46155,0
SNAXW.US,D,20240304,000000,0.008,0.008,0.0076,0.0076,12193,0
SNAXW.US,D,20240305,000000,0.008,0.008,0.0076,0.0076,1886,0
SNAXW.US,D,20240306,000000,0.0076,0.0076,0.0076,0.0076,11467,0
SNAXW.US,D,20240308,000000,0.0076,0.0077,0.0051,0.0051,79526,0
SNAXW.US,D,20240311,000000,0.008,0.008,0.0051,0.0051,9358,0
SNAXW.US,D,20240312,000000,0.006,0.0065,0.0051,0.0051,1800,0
SNAXW.US,D,20240313,000000,0.0051,0.0051,0.0051,0.0051,8333,0
SNAXW.US,D,20240314,000000,0.0051,0.0051,0.0051,0.0051,1425,0
SNAXW.US,D,20240315,000000,0.0065,0.0065,0.0051,0.0051,8000,0
SNAXW.US,D,20240319,000000,0.0058,0.0058,0.0058,0.0058,5124,0
SNAXW.US,D,20240320,000000,0.0058,0.0058,0.005,0.005,27781,0
SNAXW.US,D,20240321,000000,0.0051,0.0088,0.005,0.0088,24314,0
SNAXW.US,D,20240322,000000,0.0088,0.0088,0.0057,0.0057,3000,0
SNAXW.US,D,20240326,000000,0.0057,0.0075,0.0057,0.0075,7232,0
SNAXW.US,D,20240327,000000,0.0057,0.0061,0.0057,0.0061,180200,0
SNAXW.US,D,20240328,000000,0.0052,0.0053,0.0052,0.0053,718,0
SNAXW.US,D,20240401,000000,0.0075,0.0097,0.0075,0.0096,12104,0
SNAXW.US,D,20240402,000000,0.0096,0.0096,0.0096,0.0096,166,0
SNAXW.US,D,20240403,000000,0.0096,0.0096,0.0056,0.0096,17123,0
SNAXW.US,D,20240404,000000,0.0096,0.0097,0.0095,0.0096,17969,0
SNAXW.US,D,20240405,000000,0.0058,0.0058,0.0058,0.0058,1000,0
SNAXW.US,D,20240410,000000,0.0063,0.0083,0.0063,0.0063,22361,0
SNAXW.US,D,20240411,000000,0.0096,0.0096,0.007,0.0091,15540,0
SNAXW.US,D,20240412,000000,0.0096,0.0096,0.0095,0.0095,900,0
SNAXW.US,D,20240415,000000,0.0069,0.0069,0.0058,0.0058,4070,0
SNAXW.US,D,20240416,000000,0.0062,0.0096,0.0062,0.0095,1212,0
SNAXW.US,D,20240417,000000,0.0096,0.0096,0.0062,0.0062,1600,0
SNAXW.US,D,20240422,000000,0.0075,0.008,0.0075,0.008,701,0
SNAXW.US,D,20240423,000000,0.0079,0.008,0.0067,0.008,26289,0
SNAXW.US,D,20240424,000000,0.0096,0.0096,0.0066,0.0067,109494,0
SNAXW.US,D,20240426,000000,0.0067,0.00706,0.0067,0.00706,2500,0
SNAXW.US,D,20240503,000000,0.0052,0.009,0.005,0.0052,52959,0
SNAXW.US,D,20240507,000000,0.0061,0.0096,0.0061,0.0096,8805,0
SNAXW.US,D,20240508,000000,0.0067,0.0067,0.0067,0.0067,100,0
SNAXW.US,D,20240510,000000,0.0069,0.007,0.0069,0.007,4074,0
SNAXW.US,D,20240513,000000,0.007,0.0092,0.007,0.00869,11002,0
SNAXW.US,D,20240515,000000,0.0086,0.0086,0.0086,0.0086,1500,0
SNAXW.US,D,20240520,000000,0.0069,0.007,0.0069,0.007,4000,0
SNAXW.US,D,20240521,000000,0.0069,0.0095,0.0068,0.008,89724,0
SNAXW.US,D,20240522,000000,0.007,0.007,0.007,0.007,520,0
SNAXW.US,D,20240524,000000,0.00915,0.0095,0.0072,0.00855,12674,0
SNAXW.US,D,20240528,000000,0.0086,0.0095,0.0071,0.0071,300650,0
SNAXW.US,D,20240603,000000,0.008,0.008,0.0071,0.008,3600,0
SNAXW.US,D,20240610,000000,0.0072,0.0072,0.0072,0.0072,400,0
SNAXW.US,D,20240611,000000,0.0073,0.0095,0.0073,0.0095,1031,0
SNAXW.US,D,20240614,000000,0.0073,0.0095,0.0072,0.0072,5968,0
SNAXW.US,D,20240617,000000,0.0072,0.0073,0.0072,0.0073,1217,0
SNAXW.US,D,20240618,000000,0.0071,0.0072,0.0071,0.0072,18236,0
SNAXW.US,D,20240620,000000,0.0071,0.0071,0.0071,0.0071,900,0
SNAXW.US,D,20240624,000000,0.0072,0.0095,0.0072,0.0095,82977,0
SNAXW.US,D,20240627,000000,0.0072,0.0073,0.0072,0.0073,600,0
SNAXW.US,D,20240703,000000,0.0072,0.0072,0.0072,0.0072,23475,0
SNAXW.US,D,20240709,000000,0.0094,0.0094,0.0072,0.0073,618,0
SNAXW.US,D,20240712,000000,0.0073,0.0073,0.0073,0.0073,250,0
SNAXW.US,D,20240715,000000,0.0073,0.0074,0.0073,0.0074,13999,0
SNAXW.US,D,20240716,000000,0.0094,0.0094,0.008,0.008,4600,0
SNAXW.US,D,20240722,000000,0.008,0.0094,0.0073,0.0094,31652,0
SNAXW.US,D,20240723,000000,0.00929,0.00929,0.00929,0.00929,5000,0
SNAXW.US,D,20240724,000000,0.0094,0.01,0.009,0.009,37300,0
SNAXW.US,D,20240726,000000,0.0073,0.0084,0.0073,0.0073,41489,0
SNAXW.US,D,20240802,000000,0.00855,0.00855,0.0076,0.0076,2500,0
SNAXW.US,D,20240816,000000,0.00712,0.00712,0.0055,0.0055,28000,0
SNAXW.US,D,20240819,000000,0.00604,0.00604,0.006,0.006,8128,0
SNAXW.US,D,20240829,000000,0.0063,0.0096,0.0063,0.0096,16600,0
SNAXW.US,D,20240830,000000,0.0065,0.0065,0.0063,0.0063,8203,0
SNAXW.US,D,20240903,000000,0.0068,0.0068,0.0067,0.0067,39814,0
SNAXW.US,D,20240905,000000,0.0088,0.0088,0.0068,0.0068,32690,0
SNAXW.US,D,20240906,000000,0.0078,0.0078,0.0068,0.0068,17113,0
SNAXW.US,D,20240910,000000,0.0068,0.0068,0.0027,0.0035,45537,0
SNAXW.US,D,20240911,000000,0.0041,0.0088,0.0041,0.0088,4468,0
SNAXW.US,D,20240913,000000,0.0041,0.0042,0.0041,0.0041,4000,0
SNAXW.US,D,20240917,000000,0.006,0.00735,0.0054,0.00735,67089,0
SNAXW.US,D,20240919,000000,0.0062,0.0064,0.0059,0.0064,7318,0
SNAXW.US,D,20240920,000000,0.0065,0.0088,0.0065,0.0066,11212,0
SNAXW.US,D,20240923,000000,0.0087,0.0087,0.0087,0.0087,131,0
SNAXW.US,D,20240924,000000,0.0088,0.0101,0.007,0.007,138622,0
SNAXW.US,D,20240926,000000,0.0067,0.0099,0.0065,0.0098,29542,0
SNAXW.US,D,20240927,000000,0.0078,0.0078,0.0067,0.0069,9351,0
SNAXW.US,D,20240930,000000,0.0073,0.0073,0.0069,0.0072,10050,0
SNAXW.US,D,20241001,000000,0.0075,0.0075,0.007,0.0071,44290,0
SNAXW.US,D,20241002,000000,0.0066,0.0075,0.0066,0.0074,15076,0
SNAXW.US,D,20241003,000000,0.007,0.0075,0.0066,0.0066,75282,0
SNAXW.US,D,20241004,000000,0.0072,0.0072,0.0059,0.0059,104344,0
SNAXW.US,D,20241007,000000,0.0055,0.0066,0.0055,0.0057,92245,0
SNAXW.US,D,20241009,000000,0.0055,0.0055,0.005,0.0051,27000,0
SNAXW.US,D,20241010,000000,0.0041,0.0041,0.0029,0.003,233972,0
SNAXW.US,D,20241011,000000,0.003,0.005,0.0021,0.005,205258,0
SNAXW.US,D,20241014,000000,0.0049,0.0049,0.0049,0.0049,37730,0
SNAXW.US,D,20241015,000000,0.0035,0.0039,0.0027,0.0038,653171,0
SNAXW.US,D,20241016,000000,0.00299,0.0036,0.00299,0.003,2720,0
SNAXW.US,D,20241017,000000,0.003,0.0038,0.003,0.0038,15647,0
SNAXW.US,D,20241018,000000,0.00425,0.005,0.00315,0.0042,26554,0
SNAXW.US,D,20241021,000000,0.0042,0.0047,0.0031,0.0042,9902,0
SNAXW.US,D,20241022,000000,0.0049,0.0075,0.0049,0.0074,1064430,0
SNAXW.US,D,20241023,000000,0.008,0.00885,0.0051,0.0053,188489,0
SNAXW.US,D,20241025,000000,0.0051,0.0059,0.005,0.005,104887,0
SNAXW.US,D,20241028,000000,0.005,0.0065,0.005,0.0065,91705,0
SNAXW.US,D,20241029,000000,0.0065,0.0065,0.0043,0.0046,11400,0
SNAXW.US,D,20241030,000000,0.0051,0.0051,0.0051,0.0051,3300,0
SNAXW.US,D,20241031,000000,0.0086,0.0086,0.006,0.007,1350,0
SNAXW.US,D,20241104,000000,0.0054,0.0054,0.0054,0.0054,1300,0
SNAXW.US,D,20241106,000000,0.0036,0.0037,0.0036,0.0037,600,0
SNAXW.US,D,20241107,000000,0.0036,0.0036,0.0036,0.0036,9000,0
SNAXW.US,D,20241108,000000,0.0039,0.008,0.0038,0.0039,13179,0
SNAXW.US,D,20241114,000000,0.0041,0.0041,0.004,0.0041,10971,0
SNAXW.US,D,20241120,000000,0.0037,0.0079,0.0037,0.006,5998,0
SNAXW.US,D,20241121,000000,0.0079,0.0079,0.0079,0.0079,1000,0
SNAXW.US,D,20241122,000000,0.0039,0.0048,0.0037,0.0045,108630,0
SNAXW.US,D,20241125,000000,0.0079,0.0079,0.0045,0.0045,1446,0
SNAXW.US,D,20241202,000000,0.005,0.0078,0.005,0.0078,124162,0
SNAXW.US,D,20241203,000000,0.0078,0.0078,0.0078,0.0078,10249,0
SNAXW.US,D,20241204,000000,0.008,0.008,0.0037,0.0037,6100,0
SNAXW.US,D,20241205,000000,0.0063,0.0079,0.0054,0.0054,122609,0
SNAXW.US,D,20241206,000000,0.0035,0.00789,0.0035,0.0044,4700,0
SNAXW.US,D,20241209,000000,0.0079,0.0079,0.0061,0.007,11630,0
SNAXW.US,D,20241210,000000,0.007,0.0074,0.0037,0.007,66951,0
SNAXW.US,D,20241211,000000,0.0077,0.0077,0.0077,0.0077,400,0
SNAXW.US,D,20241213,000000,0.0039,0.0039,0.0037,0.0037,25000,0
SNAXW.US,D,20241216,000000,0.0075,0.0075,0.005,0.006,38300,0
SNAXW.US,D,20241218,000000,0.005,0.0051,0.0044,0.00459,19373,0
SNAXW.US,D,20241219,000000,0.0052,0.006,0.0052,0.006,2150,0
SNAXW.US,D,20241220,000000,0.006,0.006,0.006,0.006,280,0
SNAXW.US,D,20241223,000000,0.006,0.0076,0.0036,0.004,87883,0
SNAXW.US,D,20241224,000000,0.004,0.0051,0.004,0.0048,27212,0
SNAXW.US,D,20241226,000000,0.0053,0.0079,0.005,0.00784,80651,0
SNAXW.US,D,20241227,000000,0.008,0.008,0.0057,0.0079,11682,0
SNAXW.US,D,20241230,000000,0.0076,0.0076,0.005,0.005,182411,0
SNAXW.US,D,20241231,000000,0.0064,0.0076,0.0052,0.0076,98650,0
SNAXW.US,D,20250102,000000,0.0076,0.0076,0.0067,0.0067,211956,0
SNAXW.US,D,20250103,000000,0.00759,0.00759,0.0057,0.0058,1903,0
SNAXW.US,D,20250106,000000,0.0057,0.0064,0.0057,0.0064,209,0
SNAXW.US,D,20250107,000000,0.0057,0.0076,0.004,0.0058,115980,0
SNAXW.US,D,20250108,000000,0.0059,0.0059,0.0055,0.0055,43242,0
SNAXW.US,D,20250110,000000,0.006,0.0095,0.0059,0.0084,696631,0
SNAXW.US,D,20250113,000000,0.008,0.008,0.0056,0.0056,4100,0
SNAXW.US,D,20250114,000000,0.008,0.0094,0.0055,0.0079,74401,0
SNAXW.US,D,20250115,000000,0.0085,0.0094,0.0078,0.0079,21100,0
SNAXW.US,D,20250116,000000,0.0092,0.0092,0.0058,0.0058,4502,0
SNAXW.US,D,20250117,000000,0.0085,0.0085,0.0083,0.0083,780,0
SNAXW.US,D,20250121,000000,0.0062,0.0091,0.0062,0.0085,2340,0
SNAXW.US,D,20250122,000000,0.0089,0.009,0.00858,0.0089,400,0
SNAXW.US,D,20250123,000000,0.008,0.008,0.0067,0.0067,200,0
SNAXW.US,D,20250124,000000,0.005,0.0083,0.0049,0.0082,259909,0
SNAXW.US,D,20250128,000000,0.0051,0.0075,0.005,0.0051,19740,0
SNAXW.US,D,20250129,000000,0.0074,0.0074,0.0074,0.0074,200,0
SNAXW.US,D,20250130,000000,0.0075,0.0075,0.005,0.005,200,0
SNAXW.US,D,20250131,000000,0.0074,0.0074,0.005,0.005,200,0
SNAXW.US,D,20250203,000000,0.0021,0.0089,0.0021,0.008,196911,0
SNAXW.US,D,20250204,000000,0.0079,0.0079,0.0056,0.006,17524,0
