<TICKER>,<PER>,<DATE>,<TIME>,<OPEN>,<HIGH>,<LOW>,<CLOSE>,<VOL>,<OPENINT>
SOXM.US,D,20240905,000000,21.09,21.34,20.84,20.9625,9403,0
SOXM.US,D,20240906,000000,20.48,20.59,18.924,19.0672,4637,0
SOXM.US,D,20240909,000000,19.77,19.9357,19.27,19.9357,1866,0
SOXM.US,D,20240910,000000,19.93,20.43,19.54,20.3867,1132,0
SOXM.US,D,20240911,000000,20.81,22.5615,20.81,22.5615,349,0
SOXM.US,D,20240912,000000,22.508,22.508,22.2539,22.2539,1047,0
SOXM.US,D,20240913,000000,22.89,23.44,22.89,23.1526,4659,0
SOXM.US,D,20240916,000000,22.09,22.5,22.08,22.4841,2532,0
SOXM.US,D,20240917,000000,23.12,23.12,22.36,22.483,1624,0
SOXM.US,D,20240918,000000,23.04,23.04,21.9928,21.9928,539,0
SOXM.US,D,20240919,000000,23.62,23.9992,23.62,23.9992,1274,0
SOXM.US,D,20240920,000000,23.51,23.51,21.8,23.2478,3896,0
SOXM.US,D,20240923,000000,23.42,23.5,23.2,23.49,7284,0
SOXM.US,D,20240924,000000,24.08,24.13,23.5,24,3628,0
SOXM.US,D,20240925,000000,24.26,24.5855,24.17,24.3052,4267,0
SOXM.US,D,20240926,000000,26.38,26.57,25.3,26.223,13143,0
SOXM.US,D,20240927,000000,26.13,26.16,25.14,25.29,8483,0
SOXM.US,D,20240930,000000,25,25.44,24.229,24.84,4077,0
SOXM.US,D,20241001,000000,24.16,24.16,23.15,23.41,29823,0
SOXM.US,D,20241002,000000,23.67,25.24,23.6699,24.1,12315,0
SOXM.US,D,20241003,000000,24.17,24.335,23.48,24.25,4253,0
SOXM.US,D,20241004,000000,25.18,25.18,24.54,24.88,6951,0
SOXM.US,D,20241007,000000,24.58,25.83,24.45,24.78,61524,0
SOXM.US,D,20241008,000000,24.78,25.5,24.45,25.21,11573,0
SOXM.US,D,20241009,000000,25.07,25.73,24.97,25.73,7262,0
SOXM.US,D,20241010,000000,25.22,26.31,24.8,25.41,8798,0
SOXM.US,D,20241011,000000,25,25.91,25,25.77,10029,0
SOXM.US,D,20241014,000000,26.14,26.82,26.14,26.71,13438,0
SOXM.US,D,20241015,000000,26.83,26.85,23.8,24.08,25929,0
SOXM.US,D,20241016,000000,24.61,24.61,24.095,24.095,5476,0
SOXM.US,D,20241017,000000,25.2,25.4999,24.42,24.45,10480,0
SOXM.US,D,20241018,000000,24.44,24.49,24.3328,24.49,4232,0
SOXM.US,D,20241021,000000,24.21,24.49,23.9,24.38,5541,0
SOXM.US,D,20241022,000000,23.94,24.23,23.8,24.17,4623,0
SOXM.US,D,20241023,000000,24.07,24.1777,23,23.73,6686,0
SOXM.US,D,20241024,000000,23.75,23.995,23.7,23.92,2857,0
SOXM.US,D,20241025,000000,24.6717,25.15,24.45,24.45,16756,0
SOXM.US,D,20241028,000000,24.5949,24.6458,24.42,24.53,4496,0
SOXM.US,D,20241029,000000,24.34,25.68,24.34,25.68,11923,0
SOXM.US,D,20241030,000000,24.3,24.49,23.89,23.89,14866,0
SOXM.US,D,20241031,000000,23.4,23.4,21.7,21.98,14371,0
SOXM.US,D,20241101,000000,22.26,22.89,22.26,22.45,4724,0
SOXM.US,D,20241104,000000,22.34,22.78,22.02,22.19,6170,0
SOXM.US,D,20241105,000000,22.15,22.75,22.15,22.6652,8906,0
SOXM.US,D,20241106,000000,23.61,24.13,23.141,24,14707,0
SOXM.US,D,20241107,000000,24.72,24.95,24.68,24.93,13040,0
SOXM.US,D,20241108,000000,24.67,24.89,24.35,24.59,5962,0
SOXM.US,D,20241111,000000,24.08,24.08,22.9198,23.41,10482,0
SOXM.US,D,20241112,000000,23.19,23.2,22.36,22.86,8586,0
SOXM.US,D,20241113,000000,22.59,22.59,21.93,21.93,5113,0
SOXM.US,D,20241114,000000,22.34,22.4798,21.93,21.93,4294,0
SOXM.US,D,20241115,000000,20.9178,21.31,20.42,20.46,5293,0
SOXM.US,D,20241118,000000,20.54,21.05,20.32,21.05,9311,0
SOXM.US,D,20241119,000000,20.83,21.07,20.83,21.07,1425,0
SOXM.US,D,20241120,000000,20.5,20.74,20.01,20.74,7594,0
SOXM.US,D,20241121,000000,21.23,21.6204,20.52,21.42,4223,0
SOXM.US,D,20241122,000000,21.36,21.42,21.28,21.42,1470,0
SOXM.US,D,20241125,000000,21.94,22.1995,21.87,21.87,1702,0
SOXM.US,D,20241126,000000,21.215,21.27,21,21.27,2064,0
SOXM.US,D,20241127,000000,20.94,20.94,20.06,20.69,2376,0
SOXM.US,D,20241129,000000,21.57,21.6699,21.32,21.32,1589,0
SOXM.US,D,20241202,000000,22.3,22.601,22.3,22.43,10236,0
SOXM.US,D,20241203,000000,22.51,22.51,22,22.13,19034,0
SOXM.US,D,20241204,000000,22.3524,22.69,22.3524,22.64,4281,0
SOXM.US,D,20241205,000000,22.48,22.58,21.7,21.83,11746,0
SOXM.US,D,20241206,000000,22.1,22.11,21.8601,22.06,1270,0
SOXM.US,D,20241209,000000,22.179,22.25,21.799,21.89,1177,0
SOXM.US,D,20241210,000000,21.51,21.51,20.77,20.83,6535,0
SOXM.US,D,20241211,000000,21.48,21.9,21.38,21.9,3299,0
SOXM.US,D,20241212,000000,21.49,21.6001,21.41,21.54,4663,0
SOXM.US,D,20241213,000000,22.74,22.92,22.11,22.7,11570,0
SOXM.US,D,20241216,000000,23.27,23.61,23.17,23.52,4111,0
SOXM.US,D,20241217,000000,22.99,23.07,22.745,22.93,4718,0
SOXM.US,D,20241218,000000,23.33,23.38,21.12,21.22,6372,0
SOXM.US,D,20241219,000000,21.13,21.13,20.525,20.525,3916,0
SOXM.US,D,20241220,000000,20.6,21.53,20.5,21.15,5997,0
SOXM.US,D,20241223,000000,21.47,22.41,21.47,22.41,1283,0
SOXM.US,D,20241224,000000,22.611,22.8,22.601,22.78,2146,0
SOXM.US,D,20241227,000000,22.37,22.42,22.37,22.42,570,0
SOXM.US,D,20241230,000000,21.59,21.77,21.39,21.55,2444,0
SOXM.US,D,20241231,000000,21.62,21.62,21.19,21.19,1984,0
SOXM.US,D,20250102,000000,21.85,22.0177,21.2,21.38,3305,0
SOXM.US,D,20250103,000000,22.27,22.59,22.2101,22.57,6405,0
SOXM.US,D,20250106,000000,23.54,24.35,23.54,23.83,10349,0
SOXM.US,D,20250107,000000,23.99,24.32,23.18,23.18,7605,0
SOXM.US,D,20250108,000000,23.04,23.04,22.25,22.73,4133,0
SOXM.US,D,20250110,000000,22.001,22.001,21.4924,21.67,3306,0
SOXM.US,D,20250113,000000,20.89,21.552,20.8,21.54,3451,0
SOXM.US,D,20250114,000000,21.689,21.8,21.365,21.8,4750,0
SOXM.US,D,20250115,000000,22.565,22.919,22.565,22.67,1539,0
SOXM.US,D,20250116,000000,22.8,23.092,22.71,22.71,1225,0
SOXM.US,D,20250117,000000,23.471,23.99,23.471,23.85,6240,0
SOXM.US,D,20250121,000000,24.1,24.77,24.1,24.43,9341,0
SOXM.US,D,20250122,000000,24.93,25.51,24.93,25.07,17409,0
SOXM.US,D,20250123,000000,24.1986,24.97,24.1986,24.97,2543,0
SOXM.US,D,20250124,000000,24.57,24.699,23.88,24.03,6131,0
SOXM.US,D,20250127,000000,21.69,21.73,20.03,20.49,18566,0
SOXM.US,D,20250128,000000,20.41,20.74,19.79,20.68,4401,0
SOXM.US,D,20250129,000000,20.89,20.89,20.4717,20.84,7615,0
SOXM.US,D,20250130,000000,21.285,21.69,21.261,21.69,2359,0
SOXM.US,D,20250131,000000,22,22.379,21.42,21.57,2166,0
SOXM.US,D,20250203,000000,19.96,21.2,19.96,20.76,6333,0
SOXM.US,D,20250204,000000,21.0394,21.19,21.0394,21.19,598,0
SOXM.US,D,20250205,000000,21.6001,22.03,21.6001,21.96,1948,0
SOXM.US,D,20250206,000000,21.73,21.95,21.73,21.95,2364,0
SOXM.US,D,20250207,000000,22.24,22.24,21.18,21.25,5140,0
SOXM.US,D,20250210,000000,21.67,21.76,21.67,21.76,1295,0
SOXM.US,D,20250211,000000,22,22,21.8,21.84,998,0
SOXM.US,D,20250212,000000,21.84,21.8538,21.84,21.8538,668,0
SOXM.US,D,20250213,000000,21.941,22.34,21.941,22.34,3577,0
