<TICKER>,<PER>,<DATE>,<TIME>,<OPEN>,<HIGH>,<LOW>,<CLOSE>,<VOL>,<OPENINT>
STBX.US,D,20220823,000000,432,739.36,161.6,246.4,1381505.4375,0
STBX.US,D,20220824,000000,209.76,246.24,148.96,157.28,1197266.0625,0
STBX.US,D,20220825,000000,136.48,150.398,111.68,113.44,574652,0
STBX.US,D,20220826,000000,102.08,105.931,78.56,85.12,352949.25,0
STBX.US,D,20220829,000000,92.8,116.8,92.48,103.04,1451524.375,0
STBX.US,D,20220830,000000,98.72,98.88,78.4,81.12,188602.6875,0
STBX.US,D,20220831,000000,81.76,90.24,72.8112,83.52,229319.0625,0
STBX.US,D,20220901,000000,79.52,81.76,72.8,76,80539.75,0
STBX.US,D,20220902,000000,74.72,76.6384,66.4,66.4,61870.625,0
STBX.US,D,20220906,000000,65.92,66.416,57.6,57.76,57231.125,0
STBX.US,D,20220907,000000,57.12,63.9984,54.24,54.4,82841.375,0
STBX.US,D,20220908,000000,52.8,73.6,52.8,58.72,628770.375,0
STBX.US,D,20220909,000000,56.16,59.5088,52.8,52.8,90090.875,0
STBX.US,D,20220912,000000,53.6,55.84,50.88,52.48,56930.75,0
STBX.US,D,20220913,000000,51.52,51.68,47.2,48,48726,0
STBX.US,D,20220914,000000,47.2,54.4,46.72,50.08,109039.1875,0
STBX.US,D,20220915,000000,48.96,55.2,48.64,50.24,82038.1875,0
STBX.US,D,20220916,000000,48.8,49.76,45.44,45.44,29717,0
STBX.US,D,20220919,000000,44.8,45.92,41.12,41.6,26745.25,0
STBX.US,D,20220920,000000,40.96,44.64,40.32,40.96,30397.1875,0
STBX.US,D,20220921,000000,41.12,41.4208,36.96,36.96,22134.625,0
STBX.US,D,20220922,000000,36.96,37.6,32.96,33.12,29656.375,0
STBX.US,D,20220923,000000,33.12,34.4,29.76,34.08,44039.5,0
STBX.US,D,20220926,000000,32.32,33.92,31.8416,33.76,9810.6875,0
STBX.US,D,20220927,000000,33.76,35.4704,31.68,31.68,10669.0625,0
STBX.US,D,20220928,000000,32,33.6112,30.7392,32.64,11395.5625,0
STBX.US,D,20220929,000000,32.64,33.28,30.72,31.68,12766.25,0
STBX.US,D,20220930,000000,31.52,32.8,30.32,30.4,13265.0625,0
STBX.US,D,20221003,000000,30.72,31.84,26.72,27.52,20585.75,0
STBX.US,D,20221004,000000,27.52,29.6,27.52,29.28,11191,0
STBX.US,D,20221005,000000,28.96,29.44,27.68,29.44,4671.1875,0
STBX.US,D,20221006,000000,28.96,31.3584,28,28.64,17732.875,0
STBX.US,D,20221007,000000,28.5584,28.5584,27.2,27.6048,9126.75,0
STBX.US,D,20221010,000000,27.84,27.84,25.28,25.6,6252.75,0
STBX.US,D,20221011,000000,24.8,26.744,24.48,25.28,14663.6875,0
STBX.US,D,20221012,000000,24.96,26.2336,23.36,23.52,7164.3125,0
STBX.US,D,20221013,000000,23.04,24.96,21.92,24.32,6345.8125,0
STBX.US,D,20221014,000000,24.48,24.632,22.56,22.88,13470.0625,0
STBX.US,D,20221017,000000,22.72,25.6,22.56,24.32,9948.5625,0
STBX.US,D,20221018,000000,25.28,25.6,24,24.8,3983.5625,0
STBX.US,D,20221019,000000,24.8,25.6,24.1664,24.96,5870.125,0
STBX.US,D,20221020,000000,25.12,27.68,24.48,27.68,13899.5,0
STBX.US,D,20221021,000000,28,31.52,26.72,27.2,30023.875,0
STBX.US,D,20221024,000000,26.88,26.88,25.0224,25.6,9406.1875,0
STBX.US,D,20221025,000000,25.76,28,25.44,26.4,7570.5625,0
STBX.US,D,20221026,000000,26.56,27.52,26.24,26.88,5008.875,0
STBX.US,D,20221027,000000,26.72,26.88,25.44,25.92,4703.0625,0
STBX.US,D,20221028,000000,26.4,27.72,25.92,26.72,6505.75,0
STBX.US,D,20221031,000000,27.2,28,26.24,27.2,4183.75,0
STBX.US,D,20221101,000000,27.36,27.68,26.8,26.88,3363.5,0
STBX.US,D,20221102,000000,26.88,28.8,26.72,27.04,10422.1875,0
STBX.US,D,20221103,000000,26.56,28,26.56,27.3408,9669.9375,0
STBX.US,D,20221104,000000,27.2,27.84,26.88,27.1744,6126.375,0
STBX.US,D,20221107,000000,28.96,29.12,26.88,27.32,9339,0
STBX.US,D,20221108,000000,27.2,28,27.1952,27.36,9199.6875,0
STBX.US,D,20221109,000000,26.88,27.36,24.48,24.64,11260.9375,0
STBX.US,D,20221110,000000,25.76,25.92,24.8,25.28,4090.25,0
STBX.US,D,20221111,000000,27.36,28.6032,25.6,27.84,9155.9375,0
STBX.US,D,20221114,000000,28.32,36.8,27.36,33.76,39015.75,0
STBX.US,D,20221115,000000,33.76,38.08,32.32,34.56,22764.1875,0
STBX.US,D,20221116,000000,34.4,35.68,32,32.32,9467.75,0
STBX.US,D,20221117,000000,31.52,34.0656,31.52,33.28,4369.125,0
STBX.US,D,20221118,000000,33.6,34.3552,32.48,33.12,3165.125,0
STBX.US,D,20221121,000000,33.12,35.12,32.16,33.76,3120.375,0
STBX.US,D,20221122,000000,33.76,40.4032,33.76,39.84,25226.1875,0
STBX.US,D,20221123,000000,39.68,41.28,36.8016,41.12,9360.9375,0
STBX.US,D,20221125,000000,41.28,41.28,38.4,38.4,1966,0
STBX.US,D,20221128,000000,40.96,42.88,38.72,40.96,19385,0
STBX.US,D,20221129,000000,41.6,42.4,37.12,37.44,15807.3125,0
STBX.US,D,20221130,000000,38.4,38.4,33.6,35.84,17254.25,0
STBX.US,D,20221201,000000,36.48,38.08,35.68,37.1216,8584.8125,0
STBX.US,D,20221202,000000,36.48,40.8,36.48,39.36,6816,0
STBX.US,D,20221205,000000,40.496,40.8192,37.44,38.08,13312.5625,0
STBX.US,D,20221206,000000,39.04,39.04,35.2,35.36,8114.0625,0
STBX.US,D,20221207,000000,35.52,35.84,35.04,35.52,5115.4375,0
STBX.US,D,20221208,000000,36.4688,38.0768,36,36.64,6336.6875,0
STBX.US,D,20221209,000000,36.48,37.28,35.36,35.52,7258.8125,0
STBX.US,D,20221212,000000,34.88,35.36,33.6,34.08,6364.5,0
STBX.US,D,20221213,000000,35.04,35.52,34.24,35.04,2329.5,0
STBX.US,D,20221214,000000,34.4,39.04,34.4,37.6,10386.1875,0
STBX.US,D,20221215,000000,36.8,39.1776,36.8,37.76,5583.8125,0
STBX.US,D,20221216,000000,36.8,38.4144,36.8,37.6,4618.5,0
STBX.US,D,20221219,000000,37.6,43.7328,37.6,37.76,24021.5,0
STBX.US,D,20221220,000000,39.2,41.28,37.6,38.88,21455.625,0
STBX.US,D,20221221,000000,39.04,40,36.8,39.36,8486.375,0
STBX.US,D,20221222,000000,38.72,39.84,36.8,39.68,7448.4375,0
STBX.US,D,20221223,000000,39.36,39.6864,38.4,39.2,5009.6875,0
STBX.US,D,20221227,000000,38.08,41.1776,38.08,39.2,8347.1875,0
STBX.US,D,20221228,000000,39.2,43.52,39.2,43.2,14568.125,0
STBX.US,D,20221229,000000,41.9648,46.88,41.9648,45.44,14643.9375,0
STBX.US,D,20221230,000000,45.44,46.08,43.1488,43.68,14389.4375,0
STBX.US,D,20230103,000000,43.04,44.48,41.92,44.48,7183.75,0
STBX.US,D,20230104,000000,43.52,44.8,42.88,43.04,7225.75,0
STBX.US,D,20230105,000000,43.2,45.76,42.24,44.8,27442.4375,0
STBX.US,D,20230106,000000,44.48,49.56,44.16,48.48,11658.1875,0
STBX.US,D,20230109,000000,49.12,49.12,44.8,46.24,9873.1875,0
STBX.US,D,20230110,000000,45.6,48,45.3248,47.5264,3471.3125,0
STBX.US,D,20230111,000000,47.5136,50.4,46.56,47.84,6656.375,0
STBX.US,D,20230112,000000,46.8816,47.04,45.7232,46.6336,3552.8125,0
STBX.US,D,20230113,000000,46.6912,48.16,46.4,47.36,3154.8125,0
STBX.US,D,20230117,000000,46.88,48.4672,46.4,46.88,2003.75,0
STBX.US,D,20230118,000000,46.72,48.9904,46.56,48.48,73412.6875,0
STBX.US,D,20230119,000000,60.32,61.6,47.52,47.52,224953.4375,0
STBX.US,D,20230120,000000,44.64,47.68,42.88,46.08,27598.8125,0
STBX.US,D,20230123,000000,46.984,47.5888,43.36,45.28,14856.125,0
STBX.US,D,20230124,000000,44.16,48.8,44.16,48.64,22320.5,0
STBX.US,D,20230125,000000,48.48,48.64,45.696,45.76,5929.75,0
STBX.US,D,20230126,000000,48,48,44.8,46.88,8690.0625,0
STBX.US,D,20230127,000000,47.2,48,45.6016,47.1136,3905.25,0
STBX.US,D,20230130,000000,46.72,46.912,45.44,46.4,2151.1875,0
STBX.US,D,20230131,000000,46.4,48.8432,46.08,47.84,5332,0
STBX.US,D,20230201,000000,48.8,56,48.64,54.88,11591.375,0
STBX.US,D,20230202,000000,53.12,53.92,49.1216,50.5616,8520.3125,0
STBX.US,D,20230203,000000,49.44,53.28,49.44,51.84,8398.3125,0
STBX.US,D,20230206,000000,52.8,54.08,51.52,54.08,5368.25,0
STBX.US,D,20230207,000000,52.64,52.96,49.76,51.84,6458.125,0
STBX.US,D,20230208,000000,52.48,54.4,51.04,52.8,3505.75,0
STBX.US,D,20230209,000000,55.36,55.52,49.92,50.56,9563.5,0
STBX.US,D,20230210,000000,51.36,51.672,48.32,49.28,4177.1875,0
STBX.US,D,20230213,000000,49.36,52.9024,49.36,52,3758.75,0
STBX.US,D,20230214,000000,51.36,54.4048,49.76,53.44,7848,0
STBX.US,D,20230215,000000,53.44,53.6864,51.2,52.8,3488.875,0
STBX.US,D,20230216,000000,51.04,52,47.5808,48,15253.125,0
STBX.US,D,20230217,000000,48.96,51.04,44.8,46.72,18082.625,0
STBX.US,D,20230221,000000,47.84,49.2,46.4,46.4,9981.25,0
STBX.US,D,20230222,000000,45.6,47.76,45.44,46.4,8968.5,0
STBX.US,D,20230223,000000,46.56,47.2,45.6,46.72,3490.875,0
STBX.US,D,20230224,000000,45.76,48.96,45.76,48.16,4080.6875,0
STBX.US,D,20230227,000000,48.32,52.16,46.4,47.52,17177.875,0
STBX.US,D,20230228,000000,46.88,51.52,46.88,48.48,7719.3125,0
STBX.US,D,20230301,000000,48,49.28,47.2,47.52,1366.1875,0
STBX.US,D,20230302,000000,46.08,49.12,46.08,47.36,6535.5,0
STBX.US,D,20230303,000000,47.2,51.84,47.2,50.56,5384.6875,0
STBX.US,D,20230306,000000,49.6,55.2,48.8,55.2,23587.375,0
STBX.US,D,20230307,000000,53.92,60,53.44,56,32959.4375,0
STBX.US,D,20230308,000000,56,57.12,51.2,55.36,42809.125,0
STBX.US,D,20230309,000000,53.44,56.792,52.16,54.24,36444.125,0
STBX.US,D,20230310,000000,53.7088,54.72,44.96,48.8,55524.25,0
STBX.US,D,20230313,000000,47.84,49.76,45.6,47.84,38417.3125,0
STBX.US,D,20230314,000000,47.68,49.28,33.92,36.16,57025.5,0
STBX.US,D,20230315,000000,39.68,40.8,30.56,35.04,42398.375,0
STBX.US,D,20230316,000000,33.6,35.68,30.24,30.4,67630.0625,0
STBX.US,D,20230317,000000,32,39.04,30.8816,34.72,49224.375,0
STBX.US,D,20230320,000000,34.72,39.1984,30.56,31.84,57013.5,0
STBX.US,D,20230321,000000,33.92,44.96,32.96,39.52,57335.9375,0
STBX.US,D,20230322,000000,38.4,48.32,36.8,46.72,21256.9375,0
STBX.US,D,20230323,000000,48.32,56.6384,43.52,54.88,44486.0625,0
STBX.US,D,20230324,000000,57.28,62.4,51.52,53.44,59697.125,0
STBX.US,D,20230327,000000,54.88,54.88,47.2,49.76,21059.1875,0
STBX.US,D,20230328,000000,50.56,53.6,48.8,52.64,23204.3125,0
STBX.US,D,20230329,000000,52.32,57.44,51.3616,56,12331.3125,0
STBX.US,D,20230330,000000,56,58.24,54.72,57.12,7691.5,0
STBX.US,D,20230331,000000,57.76,59.04,55.36,56.64,30172.9375,0
STBX.US,D,20230403,000000,56.64,57.6,53.9216,56.64,17681.5,0
STBX.US,D,20230404,000000,57.28,59.36,54.576,58.56,17900.4375,0
STBX.US,D,20230405,000000,57.12,58.88,54.48,55.04,19010.875,0
STBX.US,D,20230406,000000,54.72,57.28,54.4,56.32,25093.9375,0
STBX.US,D,20230410,000000,55.2,57.12,52.48,52.48,23299.9375,0
STBX.US,D,20230411,000000,51.84,60.96,51.84,60.96,25682,0
STBX.US,D,20230412,000000,60.64,60.8,57.12,59.04,21929.4375,0
STBX.US,D,20230413,000000,60.16,62.08,57.6,58.08,12171,0
STBX.US,D,20230414,000000,57.92,60,54.752,56.48,22536.375,0
STBX.US,D,20230417,000000,56.64,58.32,52.48,53.44,25092.8125,0
STBX.US,D,20230418,000000,53.44,56.64,52.88,53.76,18751.0625,0
STBX.US,D,20230419,000000,52.96,56.96,50.88,53.12,31358.1875,0
STBX.US,D,20230420,000000,52.32,55.68,52.32,54.56,30691.125,0
STBX.US,D,20230421,000000,53.2352,59.0672,52.9872,55.52,33283.6875,0
STBX.US,D,20230424,000000,55.68,57.28,53.2848,54.4,31823.5625,0
STBX.US,D,20230425,000000,54.08,56.48,52.8,52.8,31440.75,0
STBX.US,D,20230426,000000,54.32,55.68,48.48,50.4,38523.4375,0
STBX.US,D,20230427,000000,49.92,51.36,48,49.44,26075.9375,0
STBX.US,D,20230428,000000,51.2,53.6,49.6,51.2,26196.375,0
STBX.US,D,20230501,000000,51.36,52.64,48.64,49.92,25047.875,0
STBX.US,D,20230502,000000,49.12,51.2,46.24,48.48,30862.9375,0
STBX.US,D,20230503,000000,48.64,50.24,44,44.96,27927.1875,0
STBX.US,D,20230504,000000,45.12,47.2,44,46.24,23847.5625,0
STBX.US,D,20230505,000000,45.44,49.6,45.44,49.6,24401.5625,0
STBX.US,D,20230508,000000,49.6,54.88,48.392,53.28,25555.125,0
STBX.US,D,20230509,000000,53.44,54.4,50.72,52.48,25391,0
STBX.US,D,20230510,000000,52.32,55.52,52.16,54.72,25434.0625,0
STBX.US,D,20230511,000000,55.04,58.4,52.6512,56,24025.375,0
STBX.US,D,20230512,000000,56.48,58.72,52.16,52.96,23734.875,0
STBX.US,D,20230515,000000,52.8,54.4,51.36,54.4,27693.6875,0
STBX.US,D,20230516,000000,54.24,54.4,49.76,50.56,30472.3125,0
STBX.US,D,20230517,000000,50.56,53.6,49.92,50.4,19002.125,0
STBX.US,D,20230518,000000,50.4,52,48.48,51.84,21732.875,0
STBX.US,D,20230519,000000,52,53.28,48.96,49.44,22553.625,0
STBX.US,D,20230522,000000,49.44,50.4,48.48,49.12,21997.25,0
STBX.US,D,20230523,000000,48.64,49.6,44.24,44.768,21784,0
STBX.US,D,20230524,000000,44.8,46.16,44.8,45.6,22159.8125,0
STBX.US,D,20230525,000000,45.28,45.6,41.12,41.92,18754.625,0
STBX.US,D,20230526,000000,41.92,44,41.92,43.2,20108.375,0
STBX.US,D,20230530,000000,43.52,46.4,43.52,46.24,18517.5625,0
STBX.US,D,20230531,000000,46.24,46.4,44.96,46.4,18048.6875,0
STBX.US,D,20230601,000000,45.92,47.52,44.96,46.24,19684.8125,0
STBX.US,D,20230602,000000,46.72,47.04,45.6112,46.56,18727.8125,0
STBX.US,D,20230605,000000,46.56,48.128,46.08,46.4,19085.3125,0
STBX.US,D,20230606,000000,46.24,48.48,45.76,48.16,19180.875,0
STBX.US,D,20230607,000000,48.16,50.08,47.6,48.32,17835,0
STBX.US,D,20230608,000000,47.7744,48.64,45.28,45.92,18774.0625,0
STBX.US,D,20230609,000000,46.4,46.88,44.96,46.24,18831.4375,0
STBX.US,D,20230612,000000,46.08,46.56,44.48,45.28,18304.875,0
STBX.US,D,20230613,000000,45.6,46.2416,44.64,46.08,17062.5,0
STBX.US,D,20230614,000000,45.92,48.16,45.6,48,17638.25,0
STBX.US,D,20230615,000000,47.84,49.6,47.68,49.12,16886.75,0
STBX.US,D,20230616,000000,49.12,50.4,48.16,50.4,17981.5,0
STBX.US,D,20230620,000000,50.4,51.0064,48.48,48.48,17960.25,0
STBX.US,D,20230621,000000,48.96,49.9488,47.52,48,18196.3125,0
STBX.US,D,20230622,000000,47.36,48.32,46.4,47.52,17464.875,0
STBX.US,D,20230623,000000,47.52,49.28,46.4,48.64,19386,0
STBX.US,D,20230626,000000,49.0944,49.8288,47.68,48.48,19659.25,0
STBX.US,D,20230627,000000,48.48,49.92,47.68,49.28,17802.375,0
STBX.US,D,20230628,000000,49.92,55.28,49.6,54.72,26180.1875,0
STBX.US,D,20230629,000000,53.92,54.32,50.72,51.2,15508.6875,0
STBX.US,D,20230630,000000,51.84,53.68,51.2,53.6,21395.4375,0
STBX.US,D,20230703,000000,53.76,56.48,52.96,56,7841.875,0
STBX.US,D,20230705,000000,56.96,60,55.52,59.68,18074.3125,0
STBX.US,D,20230706,000000,57.9216,58.56,55.36,56.32,18429.1875,0
STBX.US,D,20230707,000000,56.32,62.7184,56.32,61.6,20593.3125,0
STBX.US,D,20230710,000000,61.6,62.4,57.6672,58.24,17370.125,0
STBX.US,D,20230711,000000,59.52,59.52,55.04,55.2,17506.9375,0
STBX.US,D,20230712,000000,55.04,55.2,51.3856,52.8,17519.75,0
STBX.US,D,20230713,000000,53.28,58.72,53.28,58.08,17236.0625,0
STBX.US,D,20230714,000000,57.92,60.96,57.3312,60.32,13781.1875,0
STBX.US,D,20230717,000000,58.72,63.52,58.72,60.96,17261.125,0
STBX.US,D,20230718,000000,62.88,62.88,60.3504,61.44,14270.6875,0
STBX.US,D,20230719,000000,60.96,69.6848,60.48,68.8,17523.875,0
STBX.US,D,20230720,000000,68.8,68.8,65.92,66.88,14299.875,0
STBX.US,D,20230721,000000,67.36,67.68,58.4,62.4,12580.5,0
STBX.US,D,20230724,000000,61.12,70.24,60.96,69.28,16938.25,0
STBX.US,D,20230725,000000,69.6,71.36,62.4,62.72,14396.5625,0
STBX.US,D,20230726,000000,62.72,66.88,62.72,66.4,9436.5,0
STBX.US,D,20230727,000000,66.72,69.28,62.4,64,12559.25,0
STBX.US,D,20230728,000000,64.64,65.6,62.72,64.96,9404.375,0
STBX.US,D,20230731,000000,64.32,65.44,60.64,61.92,13390.5625,0
STBX.US,D,20230801,000000,61.92,62.24,57.6,60.16,8765.4375,0
STBX.US,D,20230802,000000,62.88,62.88,53.2816,60.32,14997.3125,0
STBX.US,D,20230803,000000,61.44,62.4,58.72,62.08,6268.4375,0
STBX.US,D,20230804,000000,61.6,61.6,56.16,56.64,6892.25,0
STBX.US,D,20230807,000000,56.96,57.6,54.4,56.16,8776,0
STBX.US,D,20230808,000000,55.2,58.48,54.4,58.24,4388.875,0
STBX.US,D,20230809,000000,58.72,59.4592,54.4,54.56,5704.4375,0
STBX.US,D,20230810,000000,55.68,59.04,54.72,57.92,4519.1875,0
STBX.US,D,20230811,000000,56.48,59.9968,56,58.88,5564.0625,0
STBX.US,D,20230814,000000,58.56,58.88,53.6,56.48,5875.875,0
STBX.US,D,20230815,000000,56.16,56.16,51.68,52.8,7940.25,0
STBX.US,D,20230816,000000,53.6,55.68,52.16,54.4,5571.8125,0
STBX.US,D,20230817,000000,55.52,56.32,52.48,52.8,7209.75,0
STBX.US,D,20230818,000000,53.6,54.88,52,53.12,2975.125,0
STBX.US,D,20230821,000000,53.6,55.6,51.68,53.76,3487.5625,0
STBX.US,D,20230822,000000,54.24,55.52,51.52,54.96,2836.375,0
STBX.US,D,20230823,000000,54.08,60,52.8,56,11133.625,0
STBX.US,D,20230824,000000,55.36,56.64,50.56,51.2,5166.3125,0
STBX.US,D,20230825,000000,51.84,53.8576,51.2,53.44,2435.5,0
STBX.US,D,20230828,000000,53.28,56.32,52.16,52.8,5305.375,0
STBX.US,D,20230829,000000,54.88,62.72,45.6,46.88,21894.5625,0
STBX.US,D,20230830,000000,48.64,48.8976,44.8,46.24,6936.6875,0
STBX.US,D,20230831,000000,46.88,46.88,32.32,37.44,30236.875,0
STBX.US,D,20230901,000000,37.44,39.1984,33.7616,36.1088,10839.625,0
STBX.US,D,20230905,000000,36,38.3984,31.68,32.16,15831.875,0
STBX.US,D,20230906,000000,32.16,32.16,27.2,27.2,19709.125,0
STBX.US,D,20230907,000000,26.72,29.7872,24.8,24.8,17051.8125,0
STBX.US,D,20230908,000000,24.8,27.04,23.2,23.52,15286.625,0
STBX.US,D,20230911,000000,25.12,25.12,21.5632,22.56,15497.8125,0
STBX.US,D,20230912,000000,22.08,22.8496,21.12,21.44,7264.0625,0
STBX.US,D,20230913,000000,21.6,22.3984,18.56,18.88,18265.125,0
STBX.US,D,20230914,000000,20.48,20.48,17.28,17.9152,8159.1875,0
STBX.US,D,20230915,000000,18.24,20,17.6,19.36,8376,0
STBX.US,D,20230918,000000,20.48,20.48,17.576,18.4,13102.25,0
STBX.US,D,20230919,000000,18.56,18.8784,17.28,17.6,8514.375,0
STBX.US,D,20230920,000000,17.44,18.24,16.8,16.8,8154.625,0
STBX.US,D,20230921,000000,16.64,17.92,16.64,17.12,5771.75,0
STBX.US,D,20230922,000000,17.6,17.76,16.8,17.12,2889.875,0
STBX.US,D,20230925,000000,17.12,18.08,15.5984,16.64,5865.9375,0
STBX.US,D,20230926,000000,16.16,16.16,14.7264,14.88,3627.1875,0
STBX.US,D,20230927,000000,14.56,14.56,13.12,13.36,9098,0
STBX.US,D,20230928,000000,13.648,13.9984,12.96,13.12,4828.625,0
STBX.US,D,20230929,000000,13.1312,18.08,13.1312,16.64,32571.75,0
STBX.US,D,20231002,000000,16.96,17.44,16.32,16.88,13183.5,0
STBX.US,D,20231003,000000,17.44,17.44,16.3216,17.44,2926.125,0
STBX.US,D,20231004,000000,16.96,17.6,16.32,16.96,2933.125,0
STBX.US,D,20231005,000000,17.76,18.08,16.48,17.92,6703.75,0
STBX.US,D,20231006,000000,16.96,17.76,16.9136,17.28,4908.6875,0
STBX.US,D,20231009,000000,16.8,17.6,16.8,16.96,4432.5,0
STBX.US,D,20231010,000000,16.8,17.12,16.48,17.12,5522.1875,0
STBX.US,D,20231011,000000,17.08,17.44,16.64,17.12,3424.5625,0
STBX.US,D,20231012,000000,16.96,17.12,16.32,16.96,5550.8125,0
STBX.US,D,20231013,000000,16.96,16.9968,15.6832,16,11293.375,0
STBX.US,D,20231016,000000,16,16.8,14.8816,16.32,5205.125,0
STBX.US,D,20231017,000000,16.48,16.48,15.36,16.16,5909.5625,0
STBX.US,D,20231018,000000,15.84,16.48,14.72,16,26223.5625,0
STBX.US,D,20231019,000000,16.48,16.48,13.92,14.3024,27376.25,0
STBX.US,D,20231020,000000,13.92,15.168,13.6896,15.168,11103.1875,0
STBX.US,D,20231023,000000,14.56,15.304,10.08,12.72,18450.375,0
STBX.US,D,20231024,000000,12.32,12.6624,11.6,12,6652.625,0
STBX.US,D,20231025,000000,10.96,11.984,9.9168,10.08,14844.625,0
STBX.US,D,20231026,000000,9.6,10.864,9.6,10.864,2933.6875,0
STBX.US,D,20231027,000000,11,11.9952,9.7888,10.1536,3716.4375,0
STBX.US,D,20231030,000000,10.316,10.72,9.808,10.56,4077.9375,0
STBX.US,D,20231031,000000,10.232,10.56,9.6,10.3984,4921.875,0
STBX.US,D,20231101,000000,10.4,10.4,7.84,8,29872.75,0
STBX.US,D,20231102,000000,8.08,8.6312,7.4832,7.9712,10420.75,0
STBX.US,D,20231103,000000,8.1424,8.4784,7.84,8.12,3865.125,0
STBX.US,D,20231106,000000,8.304,8.96,6.7216,7.6784,20169.5,0
STBX.US,D,20231107,000000,7.6784,7.92,6.2416,7.0192,26284.875,0
STBX.US,D,20231108,000000,6.7024,6.96,5.28,5.2816,32785.3125,0
STBX.US,D,20231109,000000,5.44,5.7536,5.36,5.456,15739.5,0
STBX.US,D,20231110,000000,5.4416,5.52,4.912,5.04,6499.125,0
STBX.US,D,20231113,000000,5.08,5.4384,4.8,5.04,5062.1875,0
STBX.US,D,20231114,000000,5.4384,5.4384,4.8,5.0448,6441.8125,0
STBX.US,D,20231115,000000,5.12,5.12,4.8,5.0256,13842.625,0
STBX.US,D,20231116,000000,5.12,5.28,4.512,4.74322,23626.75,0
STBX.US,D,20231117,000000,4.9568,5.1184,4.72,5.1184,5849.6875,0
STBX.US,D,20231120,000000,5.1456,5.1456,4.56,4.96,7347.3125,0
STBX.US,D,20231121,000000,4.78802,4.928,4.528,4.688,5020.625,0
STBX.US,D,20231122,000000,4.832,4.832,4,4.1712,16052,0
STBX.US,D,20231124,000000,4.64,5.76,4.16,5.672,27323.5,0
STBX.US,D,20231127,000000,5.04,5.6,4.4816,4.8176,32564.625,0
STBX.US,D,20231128,000000,4.5472,5.11838,4,4.0624,36062.0625,0
STBX.US,D,20231129,000000,4.16,4.32,3.664,4,31730.1875,0
STBX.US,D,20231130,000000,3.7696,4.16,3.3376,3.51838,25850.5,0
STBX.US,D,20231201,000000,3.2,3.8208,3.2,3.68,12600.375,0
STBX.US,D,20231204,000000,3.8352,4.0992,3.4848,3.6224,8818.5625,0
STBX.US,D,20231205,000000,3.8064,3.888,3.2,3.344,33758.625,0
STBX.US,D,20231206,000000,3.264,3.264,1.5488,2.192,1013770.9375,0
STBX.US,D,20231207,000000,1.984,2.192,1.8176,1.84,194508.9375,0
STBX.US,D,20231208,000000,1.912,2.1568,1.792,2.1008,124793.3125,0
STBX.US,D,20231211,000000,2.08,2.16,1.936,2.0064,57144.8125,0
STBX.US,D,20231212,000000,1.9792,2.368,1.92,2.2512,72101.25,0
STBX.US,D,20231213,000000,2.2576,2.7088,2.24,2.48,86294.5,0
STBX.US,D,20231214,000000,2.1168,3.28,2.1168,2.99998,83646.3125,0
STBX.US,D,20231215,000000,3.1936,3.99998,3.12,3.36,97513,0
STBX.US,D,20231218,000000,3.2128,4.48,3.2128,3.7296,102468.25,0
STBX.US,D,20231219,000000,4.16,7.184,4.032,4.96,554160.3125,0
STBX.US,D,20231220,000000,4.9664,7.2,4.82152,5.28,317912.875,0
STBX.US,D,20231221,000000,5.592,6,4.96,5.296,105827.875,0
STBX.US,D,20231222,000000,5.44,5.5168,4.8,4.96,52601.0625,0
STBX.US,D,20231226,000000,4.8016,4.98722,4.0176,4.0176,72074.875,0
STBX.US,D,20231227,000000,4,4.8,4,4.8,33282.1875,0
STBX.US,D,20231228,000000,5.088,5.088,4.32,4.5744,48277.75,0
STBX.US,D,20231229,000000,4.432,4.5616,3.84,4.224,21602.6875,0
STBX.US,D,20240102,000000,4.48,4.48,4.032,4.168,19267.1875,0
STBX.US,D,20240103,000000,4.1632,4.32,3.808,4.048,29100.5625,0
STBX.US,D,20240104,000000,4.112,4.3072,3.99584,4.1616,18865.25,0
STBX.US,D,20240105,000000,4.2368,4.24,3.984,4.24,9676.25,0
STBX.US,D,20240108,000000,4.64,4.64,4.08,4.544,11422.875,0
STBX.US,D,20240109,000000,4.48,4.48,4.176,4.176,7764.875,0
STBX.US,D,20240110,000000,4.384,4.384,4.096,4.0976,9739.5,0
STBX.US,D,20240111,000000,4.16,4.16,3.9024,3.9608,6492.1875,0
STBX.US,D,20240112,000000,3.68,4.2688,3.68,3.9552,23556.4375,0
STBX.US,D,20240116,000000,3.8368,4.32,3.8096,3.8288,19559.25,0
STBX.US,D,20240117,000000,3.76,4.16,3.68,3.7968,11678.3125,0
STBX.US,D,20240118,000000,3.8416,4,3.68,3.6816,10777.375,0
STBX.US,D,20240119,000000,3.6,3.76,3.2,3.4096,21000.625,0
STBX.US,D,20240122,000000,3.392,3.392,3.2,3.2096,8527.4375,0
STBX.US,D,20240123,000000,3.3744,3.3744,3.04,3.152,15657.125,0
STBX.US,D,20240124,000000,3.168,3.4416,3.088,3.2,1638.8125,0
STBX.US,D,20240125,000000,3.2016,3.7107,3.2,3.2176,18375.6875,0
STBX.US,D,20240126,000000,3.456,3.456,3.2336,3.3168,4109.6875,0
STBX.US,D,20240129,000000,3.328,4,3.328,3.8432,34981,0
STBX.US,D,20240130,000000,3.9808,4.32,3.8736,4.16,11513.75,0
STBX.US,D,20240131,000000,3.872,6.32,3.872,5.44,180736.5,0
STBX.US,D,20240201,000000,5.152,6.08,4.64,4.8416,51160.5625,0
STBX.US,D,20240202,000000,4.848,5.1184,4.352,5.072,21416.375,0
STBX.US,D,20240205,000000,4.64,4.9056,4.416,4.592,14662.3125,0
STBX.US,D,20240206,000000,4.784,4.7912,4.64,4.64,6964.8125,0
STBX.US,D,20240207,000000,4.64,5.1024,4.64,4.7696,8847.1875,0
STBX.US,D,20240208,000000,4.8,5.152,4.8,4.992,25966.5,0
STBX.US,D,20240209,000000,5.12,5.264,4.88,5.0592,5386.875,0
STBX.US,D,20240212,000000,5.1568,5.2,4.62416,4.7216,17723.25,0
STBX.US,D,20240213,000000,4.64,5.584,4.6384,5.44,42714.625,0
STBX.US,D,20240214,000000,5.44,5.92,5.008,5.2,48433.5625,0
STBX.US,D,20240215,000000,5.76,5.808,5.2032,5.5456,25352.375,0
STBX.US,D,20240216,000000,5.59838,5.76,5.3056,5.456,15986.625,0
STBX.US,D,20240220,000000,5.456,5.7232,4.992,5.0528,15907.8125,0
STBX.US,D,20240221,000000,5.0592,5.44,4.848,4.8704,9408.875,0
STBX.US,D,20240222,000000,5.1184,5.42238,4.4,4.6864,14549.375,0
STBX.US,D,20240223,000000,4.7984,4.85118,4.5296,4.624,5077.9375,0
STBX.US,D,20240226,000000,4.672,5.0176,4.672,4.8,7470.6875,0
STBX.US,D,20240227,000000,4.6592,4.9584,4.64,4.9104,5166,0
STBX.US,D,20240228,000000,4.68,4.944,4.64,4.7056,9691.1875,0
STBX.US,D,20240229,000000,4.7968,4.856,4.688,4.688,3864.4375,0
STBX.US,D,20240301,000000,4.76,4.96,4.688,4.944,3526.25,0
STBX.US,D,20240304,000000,5.04,5.04,4.64,4.9552,16658.9375,0
STBX.US,D,20240305,000000,4.8,4.848,4.4816,4.64,15290.8125,0
STBX.US,D,20240306,000000,4.64,4.856,4.224,4.6032,13844.5,0
STBX.US,D,20240307,000000,4.656,4.784,4.272,4.4,4769.0625,0
STBX.US,D,20240308,000000,4.416,4.792,4.416,4.4816,2939.3125,0
STBX.US,D,20240311,000000,4.64,4.72,4.56,4.5632,1712.4375,0
STBX.US,D,20240312,000000,4.64,4.7904,4.32,4.4176,4799.0625,0
STBX.US,D,20240313,000000,4.72,4.72,4.464,4.496,688.6875,0
STBX.US,D,20240314,000000,4.6976,4.72,4.48,4.6176,6975.875,0
STBX.US,D,20240315,000000,4.64,5.28,4.64,4.88,16502.4375,0
STBX.US,D,20240318,000000,5.12,5.12,4.8,4.944,5383.3125,0
STBX.US,D,20240319,000000,4.9056,4.96322,4.8032,4.93904,5634.0625,0
STBX.US,D,20240320,000000,4.96,4.9888,4.7216,4.816,4580.3125,0
STBX.US,D,20240321,000000,4.72,4.96,4.72,4.77936,1952.4375,0
STBX.US,D,20240322,000000,4.5696,4.8688,4.48,4.592,12525.0625,0
STBX.US,D,20240325,000000,4.64,4.64,4,4.208,14773.6875,0
STBX.US,D,20240326,000000,4.3712,4.3904,3.84,4,8245.0625,0
STBX.US,D,20240327,000000,4.224,4.2256,3.84,3.8432,8240.9375,0
STBX.US,D,20240328,000000,3.984,4.2016,3.3776,3.3952,22034.5625,0
STBX.US,D,20240401,000000,3.616,3.904,3.52,3.696,6109.4375,0
STBX.US,D,20240402,000000,3.744,3.8808,3.5232,3.568,5058.0625,0
STBX.US,D,20240403,000000,3.5744,3.84,3.2,3.384,13525.875,0
STBX.US,D,20240404,000000,3.44,3.744,3.36,3.36,26145.5625,0
STBX.US,D,20240405,000000,3.584,3.584,3.3688,3.5136,10864.5,0
STBX.US,D,20240408,000000,3.6,3.84,3.52,3.6992,10430.75,0
STBX.US,D,20240409,000000,3.824,3.984,3.768,3.9584,23510.875,0
STBX.US,D,20240410,000000,4,4,3.872,3.976,14260.5,0
STBX.US,D,20240411,000000,3.92,4.08,3.5504,3.8512,10678.125,0
STBX.US,D,20240412,000000,4.128,4.128,3.84,3.8436,7980.875,0
STBX.US,D,20240415,000000,3.744,3.904,3.568,3.6496,8346.375,0
STBX.US,D,20240416,000000,3.84,3.84,3.2,3.7328,7801,0
STBX.US,D,20240417,000000,3.84,3.84,3.36,3.68,9310.1875,0
STBX.US,D,20240418,000000,3.616,3.68,3.2256,3.34821,2853.25,0
STBX.US,D,20240419,000000,3.4288,3.4288,3.04,3.0624,11930.625,0
STBX.US,D,20240422,000000,3.0608,3.1936,3.04,3.0576,7544.75,0
STBX.US,D,20240423,000000,3.184,3.3584,3.0448,3.248,4720.75,0
STBX.US,D,20240424,000000,3.2032,3.344,3.0544,3.12,6925.3125,0
STBX.US,D,20240425,000000,3.184,3.2,2.96,3.0112,4487,0
STBX.US,D,20240426,000000,3.04,3.1968,3.04,3.1328,1847.25,0
STBX.US,D,20240429,000000,3.2016,3.2768,2.992,3.0416,3654.875,0
STBX.US,D,20240430,000000,3.168,3.1904,2.912,2.9744,7364.8125,0
STBX.US,D,20240501,000000,3.136,3.136,2.96,2.96,1640.375,0
STBX.US,D,20240502,000000,3.0384,3.0384,2.5664,2.7664,16908.125,0
STBX.US,D,20240503,000000,2.6336,2.864,2.6336,2.7232,4801.1875,0
STBX.US,D,20240506,000000,2.91805,2.91805,2.736,2.824,6213,0
STBX.US,D,20240507,000000,3.088,3.088,2.8,2.8704,8623.9375,0
STBX.US,D,20240508,000000,2.976,3.2,2.8816,3.1216,8608.625,0
STBX.US,D,20240509,000000,3.2016,3.52,3.056,3.1568,11791.4375,0
STBX.US,D,20240510,000000,3.144,3.144,3.0416,3.0576,3249.625,0
STBX.US,D,20240513,000000,3.04,3.152,3.04,3.0448,1963.625,0
STBX.US,D,20240514,000000,3.056,3.488,3.048,3.2448,16122.4375,0
STBX.US,D,20240515,000000,3.4608,3.4672,3.232,3.28,2528.25,0
STBX.US,D,20240516,000000,3.424,3.424,3.0608,3.2,7914.75,0
STBX.US,D,20240517,000000,3.52,3.52,3.2,3.2688,15628.3125,0
STBX.US,D,20240520,000000,3.2,3.3936,3.148,3.3408,6032.875,0
STBX.US,D,20240521,000000,3.152,3.35998,3.12,3.12,3662.0625,0
STBX.US,D,20240522,000000,3.128,3.192,3.04,3.168,5573.125,0
STBX.US,D,20240523,000000,3.1984,3.1984,3.072,3.12,2982.1875,0
STBX.US,D,20240524,000000,3.1712,3.2,3.136,3.1984,7065.9375,0
STBX.US,D,20240528,000000,3.344,3.344,2.912,3.0448,11033.375,0
STBX.US,D,20240529,000000,3.2,3.2784,3.056,3.088,2093.125,0
STBX.US,D,20240530,000000,3.36,3.36,2.8896,3.04,8832.625,0
STBX.US,D,20240531,000000,2.9648,3.2128,2.96,2.992,9740.875,0
STBX.US,D,20240603,000000,3.024,3.2,2.8912,2.976,8346.6875,0
STBX.US,D,20240604,000000,2.976,3.04,2.912,2.9296,1354.5,0
STBX.US,D,20240605,000000,3.04,3.0832,2.96,2.96,7986.9375,0
STBX.US,D,20240606,000000,3.06558,3.0784,2.96,3.00955,2175.875,0
STBX.US,D,20240607,000000,2.928,3.0368,2.92,2.9408,1545.25,0
STBX.US,D,20240610,000000,3.0576,3.0576,2.72,2.8688,3129.6875,0
STBX.US,D,20240611,000000,2.752,2.8784,2.752,2.832,2293.3125,0
STBX.US,D,20240612,000000,2.928,2.928,2.6016,2.8,11898.125,0
STBX.US,D,20240613,000000,2.8784,2.944,2.736,2.8,1274.0625,0
STBX.US,D,20240614,000000,2.752,2.912,2.64,2.7792,5887.25,0
STBX.US,D,20240617,000000,2.688,3.0064,2.688,2.72,1880.5625,0
STBX.US,D,20240618,000000,2.88,2.896,2.8,2.848,2927.4375,0
STBX.US,D,20240620,000000,2.944,3.008,2.7536,2.85104,4768.625,0
STBX.US,D,20240621,000000,2.872,2.9904,2.872,2.96,2629.625,0
STBX.US,D,20240624,000000,2.96,2.96,2.8096,2.8384,2994.4375,0
STBX.US,D,20240625,000000,2.9536,2.96,2.736,2.744,1244.9375,0
STBX.US,D,20240626,000000,2.7376,3,2.7376,2.7616,2573.625,0
STBX.US,D,20240627,000000,2.8992,3.008,2.7552,2.784,1111.5625,0
STBX.US,D,20240628,000000,2.8816,3.0064,2.7888,2.976,6051.375,0
STBX.US,D,20240701,000000,2.992,3.144,2.8992,2.96,5876.8125,0
STBX.US,D,20240702,000000,2.9184,2.96,2.9008,2.96,2692.0625,0
STBX.US,D,20240703,000000,2.88,3.1424,2.88,2.9312,5117.625,0
STBX.US,D,20240705,000000,2.96,2.96,2.88,2.9584,3292.8125,0
STBX.US,D,20240708,000000,2.88,3.0128,2.88,2.9248,2981.9375,0
STBX.US,D,20240709,000000,2.9984,3.04,2.88,2.88,2918.9375,0
STBX.US,D,20240710,000000,2.88,3.0064,2.88,2.896,2698.875,0
STBX.US,D,20240711,000000,2.8976,2.96,2.8976,2.9072,2962.375,0
STBX.US,D,20240712,000000,3.04,3.0672,2.9056,2.912,1201.0625,0
STBX.US,D,20240715,000000,2.88,2.96,2.6096,2.9264,5929.625,0
STBX.US,D,20240716,000000,2.9264,2.928,2.752,2.7808,3705,0
STBX.US,D,20240717,000000,2.8,2.8352,2.688,2.7456,3057.25,0
STBX.US,D,20240718,000000,2.752,2.87838,2.7216,2.7632,2183.9375,0
STBX.US,D,20240719,000000,2.76,2.816,2.6416,2.672,2373.3125,0
STBX.US,D,20240722,000000,2.6944,2.7184,2.672,2.7184,2534.125,0
STBX.US,D,20240723,000000,2.6992,2.752,2.432,2.752,127688.25,0
STBX.US,D,20240724,000000,2.6688,2.88,2.56,2.72,16087.8125,0
STBX.US,D,20240725,000000,2.656,2.7904,2.576,2.7904,3853.4375,0
STBX.US,D,20240726,000000,2.7088,2.8,2.5936,2.7888,1917.8125,0
STBX.US,D,20240729,000000,2.72,2.784,2.5776,2.72,3276.8125,0
STBX.US,D,20240730,000000,2.72,2.72,2.5776,2.5776,1750.6875,0
STBX.US,D,20240731,000000,2.5632,2.7504,2.56,2.624,2813.875,0
STBX.US,D,20240801,000000,2.7152,2.7152,2.592,2.6608,1042.0625,0
STBX.US,D,20240802,000000,2.7152,2.7152,2.4144,2.4896,3205.25,0
STBX.US,D,20240805,000000,2.56,2.56,1.936,2.28,2083.5,0
STBX.US,D,20240806,000000,2.256,2.71038,2.256,2.4064,1915.5,0
STBX.US,D,20240807,000000,2.24162,2.56,2.24,2.4032,2755.5625,0
STBX.US,D,20240808,000000,2.4288,2.55358,2.28,2.4672,456.9375,0
STBX.US,D,20240809,000000,2.5536,2.624,2.4,2.52,485.375,0
STBX.US,D,20240812,000000,2.5584,2.688,2.44,2.5296,2658.75,0
STBX.US,D,20240813,000000,2.56,2.56,2.4016,2.4416,1378.6875,0
STBX.US,D,20240814,000000,2.4016,2.56,2.4016,2.56,216.3125,0
STBX.US,D,20240815,000000,2.4208,2.64,2.4192,2.50398,1554.5625,0
STBX.US,D,20240816,000000,2.4032,2.56,2.4,2.512,4492.6875,0
STBX.US,D,20240819,000000,2.5616,2.5616,2.4032,2.41256,681.125,0
STBX.US,D,20240820,000000,2.5136,2.76,2.512,2.6928,69686,0
STBX.US,D,20240821,000000,2.6528,2.736,2.456,2.56,17575,0
STBX.US,D,20240822,000000,2.496,2.712,2.472,2.5584,9129.4375,0
STBX.US,D,20240823,000000,2.5152,2.64,2.5152,2.5968,3449.0625,0
STBX.US,D,20240826,000000,2.5824,2.97584,2.5824,2.7376,34313.75,0
STBX.US,D,20240827,000000,2.72,2.8384,2.72,2.76346,2302.4375,0
STBX.US,D,20240828,000000,2.72,2.7632,2.576,2.64,2748.9375,0
STBX.US,D,20240829,000000,2.64,2.72,2.544,2.5696,3167.25,0
STBX.US,D,20240830,000000,2.592,2.7184,2.544,2.6416,1215.0625,0
STBX.US,D,20240903,000000,2.576,2.72,2.5376,2.64,5503.5,0
STBX.US,D,20240904,000000,2.688,2.688,2.456,2.4976,4841.5625,0
STBX.US,D,20240905,000000,2.56,2.56,2.424,2.42504,3157.375,0
STBX.US,D,20240906,000000,2.424,2.4992,1.9696,2.49771,13785.9375,0
STBX.US,D,20240909,000000,2.43918,2.4784,2.3184,2.4352,1169.5625,0
STBX.US,D,20240910,000000,2.52,2.52,2.128,2.256,894.625,0
STBX.US,D,20240911,000000,2.128,2.51998,2.08,2.2576,4390.4375,0
STBX.US,D,20240912,000000,2.304,2.4784,2.24,2.2768,1391.625,0
STBX.US,D,20240913,000000,2.2784,2.4944,2.0888,2.3024,5263.75,0
STBX.US,D,20240916,000000,2.496,2.496,2.1168,2.4464,3910.8125,0
STBX.US,D,20240917,000000,2.352,2.4112,2.1456,2.2384,2450.4375,0
STBX.US,D,20240918,000000,2.24,2.24,2.08,2.224,9084.9375,0
STBX.US,D,20240919,000000,2.2368,2.352,2.0896,2.336,9772.1875,0
STBX.US,D,20240920,000000,2.192,2.352,2.16,2.256,5009.125,0
STBX.US,D,20240923,000000,2.264,2.32,2.0416,2.224,11716.375,0
STBX.US,D,20240924,000000,2.24,2.2464,2.1152,2.24,2664.0625,0
STBX.US,D,20240925,000000,2.24,2.24,2.0608,2.0608,8057,0
STBX.US,D,20240926,000000,2.064,2.19038,2.0608,2.1488,2987.8125,0
STBX.US,D,20240927,000000,2.04,2.232,2.04,2.1328,2690.4375,0
STBX.US,D,20240930,000000,2.2064,2.2064,1.92,1.9936,13941.625,0
STBX.US,D,20241001,000000,2.08,2.176,1.9392,1.992,8282.9375,0
STBX.US,D,20241002,000000,1.9376,2,1.9216,2,2862.25,0
STBX.US,D,20241003,000000,2,2.0128,1.936,2.0128,4022.25,0
STBX.US,D,20241004,000000,2.0976,2.176,2.024,2.128,6216.3125,0
STBX.US,D,20241007,000000,2.08,2.1712,1.9152,1.9968,6674.25,0
STBX.US,D,20241008,000000,1.984,2.152,1.768,2.064,8194.8125,0
STBX.US,D,20241009,000000,2.032,2.032,1.8576,2.0304,2047.5,0
STBX.US,D,20241010,000000,2.0304,2.0512,1.9584,2.0384,4587.1875,0
STBX.US,D,20241011,000000,2.0368,2.0384,1.9264,1.968,1948.1875,0
STBX.US,D,20241014,000000,1.968,2.0368,1.9072,2,11799.625,0
STBX.US,D,20241015,000000,2,2.0208,1.9216,2,1661.5,0
STBX.US,D,20241016,000000,2,2.224,2,2.16,14832.375,0
STBX.US,D,20241017,000000,2.208,2.232,1.984,2.08,8187.8125,0
STBX.US,D,20241018,000000,1.92,2.24,1.92,2.112,12944.25,0
STBX.US,D,20241021,000000,2.1344,2.2,2,2.112,7323.5,0
STBX.US,D,20241022,000000,2.1344,2.352,2.016,2.16,31580.5625,0
STBX.US,D,20241023,000000,2.1824,2.288,2.088,2.208,15903.75,0
STBX.US,D,20241024,000000,2.16,2.2304,2.0016,2.16,15660.9375,0
STBX.US,D,20241025,000000,2.0832,2.1872,2.0272,2.096,4951.875,0
STBX.US,D,20241028,000000,2.0352,2.1888,2,2.16,4712.8125,0
STBX.US,D,20241029,000000,2.24,2.32,2,2.16,888875.4375,0
STBX.US,D,20241030,000000,3.504,3.504,1.84,2.0528,3019429.625,0
STBX.US,D,20241031,000000,1.81,1.84,1.4,1.56,470590,0
STBX.US,D,20241101,000000,1.41,1.425,1.11,1.13,505434,0
STBX.US,D,20241104,000000,1.1,1.22,1.05,1.2,329905,0
STBX.US,D,20241105,000000,1.15,1.25,1.079,1.23,182641,0
STBX.US,D,20241106,000000,1.18,1.2299,1.1556,1.19,63061,0
STBX.US,D,20241107,000000,1.2,1.37,1.1401,1.34,346927,0
STBX.US,D,20241108,000000,1.33,1.45,1.32,1.4,264731,0
STBX.US,D,20241111,000000,1.32,1.3753,1.2,1.25,70545,0
STBX.US,D,20241112,000000,1.2,1.83,1.17,1.78,829027,0
STBX.US,D,20241113,000000,1.62,2,1.19,1.87,519931,0
STBX.US,D,20241114,000000,1.81,1.8739,1.5,1.58,241263,0
STBX.US,D,20241115,000000,1.47,1.5999,1.361,1.41,38935,0
STBX.US,D,20241118,000000,1.39,1.4699,1.23,1.29,35004,0
STBX.US,D,20241119,000000,1.24,1.3699,1.24,1.28,20422,0
STBX.US,D,20241120,000000,1.27,1.31,1.17,1.2,27380,0
STBX.US,D,20241121,000000,1.18,1.2767,1.18,1.24,20778,0
STBX.US,D,20241122,000000,1.24,1.24,1.16,1.21,25346,0
STBX.US,D,20241125,000000,1.21,1.2499,1.1701,1.19,19354,0
STBX.US,D,20241126,000000,1.16,1.29,1.1,1.1,31317,0
STBX.US,D,20241127,000000,1.1,1.2,1.05,1.185,40242,0
STBX.US,D,20241129,000000,1.18,1.2382,1.18,1.219,2855,0
STBX.US,D,20241202,000000,1.2,1.2899,1.2,1.25,26499,0
STBX.US,D,20241203,000000,1.22,1.3914,1.153,1.3,34319,0
STBX.US,D,20241204,000000,1.36,1.45,1.28,1.3,32910,0
STBX.US,D,20241205,000000,1.3,1.311,1.2258,1.3,16140,0
STBX.US,D,20241206,000000,1.21,1.3854,1.182,1.35,37418,0
STBX.US,D,20241209,000000,1.31,1.3877,1.264,1.28,37249,0
STBX.US,D,20241210,000000,1.26,1.6893,1.26,1.46,242419,0
STBX.US,D,20241211,000000,1.39,1.84,1.37,1.5799,207846,0
STBX.US,D,20241212,000000,1.55,1.74,1.4101,1.4312,114283,0
STBX.US,D,20241213,000000,1.43,1.6195,1.29,1.53,62789,0
STBX.US,D,20241216,000000,1.55,1.9001,1.31,1.76,249093,0
STBX.US,D,20241217,000000,1.72,1.93,1.65,1.91,64629,0
STBX.US,D,20241218,000000,1.9,2.0369,1.65,1.89,126758,0
STBX.US,D,20241219,000000,1.85,2,1.74,1.94,84109,0
STBX.US,D,20241220,000000,1.93,2.105,1.86,1.95,203040,0
STBX.US,D,20241223,000000,1.99,2.07,1.6,1.71,203505,0
STBX.US,D,20241224,000000,1.68,2.07,1.68,2.05,357911,0
STBX.US,D,20241226,000000,2.05,2.05,1.88,1.93,82458,0
STBX.US,D,20241227,000000,1.9,1.9754,1.76,1.84,257483,0
STBX.US,D,20241230,000000,1.85,2.03,1.61,1.64,399379,0
STBX.US,D,20241231,000000,1.63,1.78,1.19,1.59,167914,0
STBX.US,D,20250102,000000,1.51,1.7,1.51,1.63,265376,0
STBX.US,D,20250103,000000,1.7,1.75,1.5501,1.652,430527,0
STBX.US,D,20250106,000000,1.63,1.78,1.52,1.652,661364,0
STBX.US,D,20250107,000000,1.63,1.7603,1.46,1.56,712521,0
STBX.US,D,20250108,000000,1.6,1.79,1.3902,1.53,1016188,0
STBX.US,D,20250110,000000,1.55,1.57,1.25,1.46,488836,0
STBX.US,D,20250113,000000,1.4,1.53,1.25,1.48,675957,0
STBX.US,D,20250114,000000,1.5097,1.51,1.25,1.42,674307,0
STBX.US,D,20250115,000000,1.4,1.42,1.23,1.3,509918,0
STBX.US,D,20250116,000000,1.29,1.37,1.025,1.025,1066530,0
STBX.US,D,20250117,000000,1.05,1.45,1.02,1.02,3836716,0
STBX.US,D,20250121,000000,1.05,1.18,0.96,0.9766,2101074,0
STBX.US,D,20250122,000000,1,1.0797,0.6,0.6201,1684954,0
STBX.US,D,20250123,000000,0.63,0.64399,0.4421,0.5101,9137677,0
STBX.US,D,20250124,000000,0.8992,0.9095,0.5506,0.5842,43808392,0
STBX.US,D,20250127,000000,0.5442,0.56,0.464,0.5212,2280331,0
STBX.US,D,20250128,000000,0.4524,0.4798,0.39,0.406,1743010,0
STBX.US,D,20250129,000000,0.38,0.49,0.38,0.4802,1636369,0
STBX.US,D,20250130,000000,0.4847,0.485,0.431,0.4715,442766,0
STBX.US,D,20250131,000000,0.4585,0.4686,0.403,0.4144,315386,0
STBX.US,D,20250203,000000,0.4175,0.4175,0.38,0.3906,264787,0
STBX.US,D,20250204,000000,0.3925,0.3998,0.3563,0.388,381469,0
STBX.US,D,20250205,000000,0.3914,0.3914,0.358,0.3717,304333,0
STBX.US,D,20250206,000000,0.3605,0.377,0.3312,0.3502,383304,0
STBX.US,D,20250207,000000,0.3699,0.3699,0.3312,0.3325,6147148,0
STBX.US,D,20250210,000000,0.4222,0.45,0.265,0.2687,55154185,0
STBX.US,D,20250211,000000,0.2521,0.2544,0.23,0.2433,3860062,0
STBX.US,D,20250212,000000,0.2455,0.2506,0.23,0.24,1362651,0
STBX.US,D,20250213,000000,0.2357,0.2476,0.19,0.2288,1501941,0
